0.001 0.43011201812001965 0.002019799044084486
0.0012067926406393288 0.4835102593557308 0.002179390238628552
0.0014563484775012444 0.5416954034018948 0.0023270608311403733
0.0017575106248547913 0.5990917177839337 0.0024239733653489367
0.0021209508879201904 0.6489431972898807 0.002455690329411218
0.002559547922699536 0.7034953861364831 0.002449557872396852
0.0030888435964774815 0.748373887786872 0.0023813025471183607
0.003727593720314938 0.7911958285841078 0.002232973005430489
0.004498432668969444 0.831786093608728 0.0020302647171470552
0.005428675439323859 0.8638556834535098 0.0018481060220405638
0.006551285568595509 0.8889805091192462 0.001635058927525192
0.0079060432109077 0.9148532791133884 0.001396255028050185
0.009540954763499945 0.93347492522393 0.0012111227469224994
0.01151395399326447 0.9516605538757286 0.0010074416161198858
0.013894954943731374 0.9638899661631399 0.0008423749389209475
0.016768329368110076 0.9763425773573791 0.0006306961406462604
0.020235896477251564 0.9836267272016322 0.000491235674293009
0.02442053094548651 0.9893611951918647 0.000391951421850615
0.029470517025518096 0.993230405234555 0.000298640868069977
0.03556480306223128 0.996320613442406 0.0002090344418829913
0.04291934260128776 0.9976170171374351 0.00016661141987740573
0.0517947467923121 0.9985727587007052 0.00015045807707918712
0.0625055192527397 0.9993254161438095 9.001585875296102e-05
0.07543120063354615 0.9995581008557552 6.312773567021155e-05
0.09102981779915217 0.9997468248650629 5.091049544285731e-05
0.10985411419875583 0.9998907411638862 2.6353111502664256e-05
0.13257113655901082 0.9998918942339298 3.958810961102648e-05
0.15998587196060574 0.9999622248599369 1.3100800846431913e-05
0.19306977288832497 0.9999794664149328 1.0495979710778492e-05
0.2329951810515372 0.9999678784278969 2.6832640792877876e-05
0.2811768697974228 0.9999993414499541 3.1584158361300693e-07
0.3393221771895326 0.9999682203945406 2.9931788824670624e-05
0.4094915062380423 0.9999999497185685 2.3161731478429328e-08
0.49417133613238334 0.9999998200373986 1.71976974595465e-07
0.5963623316594643 0.9999996521599506 2.586659385706446e-07
0.7196856730011514 0.9999999975006227 2.3758689852447846e-09
0.868511373751352 0.9999999999501852 4.9472155099271556e-11
1.0481131341546852 0.9999999972575008 2.720560806148646e-09
1.2648552168552958 0.9999952094168777 4.785757720952082e-06
1.5264179671752318 0.9999999997292256 2.4878933873249505e-10
1.8420699693267144 0.9999999999999998 1.5223463210009156e-16
2.2229964825261934 0.9999999999993148 6.85183998088877e-13
2.6826957952797246 0.999999999999986 1.4044840223610345e-14
3.2374575428176433 1.0 0.0
3.906939937054613 1.0 0.0
4.714866363457389 1.0 0.0
5.689866029018293 1.0 0.0
6.866488450042998 1.0 0.0
8.286427728546842 1.0 0.0
10.0 1.0 0.0
