0.001 0.43141132689191336 0.00203245751218911
0.0012067926406393288 0.481403081996406 0.0021849008954017085
0.0014563484775012444 0.5423347644177917 0.0023245008053016185
0.0017575106248547913 0.5967236052389675 0.0024179804438417773
0.0021209508879201904 0.6532425135468547 0.0024515541060199765
0.002559547922699536 0.7043459686372273 0.002445581942152007
0.0030888435964774815 0.7474684594169948 0.002380727864533429
0.003727593720314938 0.7913957313751938 0.0022427393470821405
0.004498432668969444 0.8258505149959364 0.002084996010503433
0.005428675439323859 0.8624977972325145 0.001857111053080852
0.006551285568595509 0.8907489842390541 0.0016250728545529882
0.0079060432109077 0.9124897747309209 0.0014190063107316106
0.009540954763499945 0.9348902456691259 0.0011949121333710633
0.01151395399326447 0.9515812692242466 0.0009935322408571494
0.013894954943731374 0.9652596098901107 0.0008037543091780159
0.016768329368110076 0.9749744948830165 0.0006539311686026672
0.020235896477251564 0.9834215627767803 0.0005028063391890521
0.02442053094548651 0.9891737323538704 0.0003927704843246691
0.029470517025518096 0.9931739884036355 0.00030182690565281055
0.03556480306223128 0.9960661063785817 0.0002234868925014953
0.04291934260128776 0.9979788109382949 0.00013905860124909078
0.0517947467923121 0.998644896699841 0.00013033322895458077
0.0625055192527397 0.9989766901709605 0.00013325762798342363
0.07543120063354615 0.9995366977736496 7.962700900331998e-05
0.09102981779915217 0.9997433189685032 5.384262157581636e-05
0.10985411419875583 0.9998590452956995 3.188441390906285e-05
0.13257113655901082 0.9999072349854398 2.5897637575718186e-05
0.15998587196060574 0.9999560373862935 1.9035089824631416e-05
0.19306977288832497 0.9999863319721568 5.1732980374473415e-06
0.2329951810515372 0.9999853471677812 7.83008473077035e-06
0.2811768697974228 0.9999676542160599 1.6955779590406322e-05
0.3393221771895326 0.9999986002636392 1.3392912729157675e-06
0.4094915062380423 0.9999877913989993 1.172288804180813e-05
0.49417133613238334 0.9999988831466972 8.358872353853333e-07
0.5963623316594643 0.9999999996482049 1.7922396115702045e-10
0.7196856730011514 0.999999987926784 8.93620981748625e-09
0.868511373751352 0.9999999972036134 2.7796272234948533e-09
1.0481131341546852 0.999999999999706 2.077628510314182e-13
1.2648552168552958 0.9999999066546892 9.061197352021888e-08
1.5264179671752318 0.9999999967224994 3.2747591552060987e-09
1.8420699693267144 0.9999999999987423 1.2572900375163413e-12
2.2229964825261934 1.0 2.6456661266076695e-17
2.6826957952797246 1.0 1.4432899320127036e-18
3.2374575428176433 1.0 0.0
3.906939937054613 1.0 0.0
4.714866363457389 1.0 0.0
5.689866029018293 1.0 2.042810365310288e-18
6.866488450042998 1.0 0.0
8.286427728546842 1.0 0.0
10.0 1.0 0.0
