0.001 0.4280847643249969 0.002022221845667012
0.0012067926406393288 0.48415524643017277 0.002179681002791217
0.0014563484775012444 0.5393516643941408 0.002347430560824442
0.0017575106248547913 0.5972311650257771 0.0024249980390239003
0.0021209508879201904 0.655591925504679 0.0024461198241238465
0.002559547922699536 0.7017275502022774 0.00247000441455421
0.0030888435964774815 0.7528399395885477 0.0023606357868744586
0.003727593720314938 0.7930497669405864 0.0022478302132356662
0.004498432668969444 0.8254467421238516 0.0020777697955850936
0.005428675439323859 0.8621608706505578 0.001845318000091128
0.006551285568595509 0.8892020111047617 0.0016300984681424128
0.0079060432109077 0.9133562661528831 0.001431860757004727
0.009540954763499945 0.9321507496028401 0.0012267548973112618
0.01151395399326447 0.9496108579444701 0.0010283274231551857
0.013894954943731374 0.9657197714209244 0.0007974501759556731
0.016768329368110076 0.9757249446679416 0.0006511736497949935
0.020235896477251564 0.9837760119597504 0.0004888131901960779
0.02442053094548651 0.9895539074636779 0.0003885111437582239
0.029470517025518096 0.9935940128471209 0.0002883123063019495
0.03556480306223128 0.9961408533512617 0.00022737022468832007
0.04291934260128776 0.9975842636419331 0.0001780610116361861
0.0517947467923121 0.9984904472971259 0.0001323238746084569
0.0625055192527397 0.9992455179212009 8.531763356379816e-05
0.07543120063354615 0.9996251955248883 7.043278826202041e-05
0.09102981779915217 0.9997070837248794 6.96587217814896e-05
0.10985411419875583 0.9998226162238474 4.3751744155133864e-05
0.13257113655901082 0.9999352480369614 1.9781246956071555e-05
0.15998587196060574 0.9999516386379782 1.3588731586626404e-05
0.19306977288832497 0.9999244942779878 3.150082292541773e-05
0.2329951810515372 0.9999887488190847 5.984807344846472e-06
0.2811768697974228 0.9999912877052606 4.779427613714577e-06
0.3393221771895326 0.9999980794447969 1.3643274670170518e-06
0.4094915062380423 0.9999935408194349 4.903280552108307e-06
0.49417133613238334 0.9999998551580389 6.803630687363472e-08
0.5963623316594643 0.9999998684212172 1.3023038305532502e-07
0.7196856730011514 0.9999998934971908 1.0082308559871323e-07
0.868511373751352 0.9999987240046015 1.2758077854470042e-06
1.0481131341546852 0.9999999999995566 4.294167167429996e-13
1.2648552168552958 0.9999999999879872 1.0629993523334083e-11
1.5264179671752318 0.9999999999995592 3.839318534374175e-13
1.8420699693267144 0.999999999999594 2.1550056060969352e-13
2.2229964825261934 0.9999999999999442 5.536672924725072e-14
2.6826957952797246 1.0 0.0
3.2374575428176433 1.0 0.0
3.906939937054613 1.0 0.0
4.714866363457389 1.0 0.0
5.689866029018293 1.0 0.0
6.866488450042998 1.0 0.0
8.286427728546842 1.0 0.0
10.0 1.0 0.0
