0.001 0.12783283899512798 0.0011056548375892538
0.0012067926406393288 0.17715332294033886 0.0014849799085168854
0.0014563484775012444 0.23784254312964612 0.001934685490357506
0.0017575106248547913 0.3108923931836552 0.002374776826143518
0.0021209508879201904 0.3833720830517218 0.002798892990885462
0.002559547922699536 0.4582669413734492 0.003156122033750649
0.0030888435964774815 0.5425075842155574 0.0033647288236582085
0.003727593720314938 0.6062297270988357 0.0034783020348395036
0.004498432668969444 0.6616623296941517 0.0034175965248276472
0.005428675439323859 0.7183478039507974 0.003242300028237737
0.006551285568595509 0.7643546227313167 0.0030002178915508222
0.0079060432109077 0.809374043536307 0.002705863561515167
0.009540954763499945 0.8529437686568093 0.002365132968905692
0.01151395399326447 0.8859416627087121 0.0020672485618671087
0.013894954943731374 0.9155605826102332 0.0017396528131503886
0.016768329368110076 0.9403003758048905 0.001401202843035714
0.020235896477251564 0.9574259014558364 0.0011265010665979665
0.02442053094548651 0.9714794421804807 0.0008925677612672674
0.029470517025518096 0.9824274438718872 0.0006596239418115822
0.03556480306223128 0.9873097157806929 0.0005754317273211504
0.04291934260128776 0.9931932681507899 0.0004265572679129678
0.0517947467923121 0.9962969321818242 0.00029942265537659905
0.0625055192527397 0.9977375629203563 0.0002430405139797401
0.07543120063354615 0.9987023577871025 0.00019393665482577024
0.09102981779915217 0.9990403303861906 0.0001601662078221239
0.10985411419875583 0.9996821946863067 7.460939005957592e-05
0.13257113655901082 0.999733796456074 8.730730560858539e-05
0.15998587196060574 0.9997652767651325 0.00010302353333173742
0.19306977288832497 0.9998562751137507 4.9202809686545466e-05
0.2329951810515372 0.999967769294302 2.197703085476566e-05
0.2811768697974228 0.9999741312920855 1.9976515604568484e-05
0.3393221771895326 0.9999836520890815 1.1846245896155422e-05
0.4094915062380423 0.9999977842085991 1.7673706842104817e-06
0.49417133613238334 0.9999989240887651 9.675679335038335e-07
0.5963623316594643 0.9999999922146257 6.005782186304383e-09
0.7196856730011514 0.9999995957109848 3.3994688624239643e-07
0.868511373751352 0.9999999045649703 8.248706885243373e-08
1.0481131341546852 0.9999999993795762 5.829602105064096e-10
1.2648552168552958 0.9999999999992473 7.326506975904833e-13
1.5264179671752318 0.9999999998362123 1.6233289924297373e-10
1.8420699693267144 0.9999999977724686 2.227267030383222e-09
2.2229964825261934 1.0 7.16093850883226e-18
2.6826957952797246 0.9999999999999971 2.9063291307352055e-15
3.2374575428176433 1.0 0.0
3.906939937054613 1.0 0.0
4.714866363457389 1.0 0.0
5.689866029018293 1.0 0.0
6.866488450042998 1.0 0.0
8.286427728546842 1.0 0.0
10.0 1.0 0.0
