0.001 0.12822534060518265 0.0011049622422449551
0.0012067926406393288 0.17847857532174338 0.0014820738671117743
0.0014563484775012444 0.24032321423633984 0.0019327868055695452
0.0017575106248547913 0.31114617524956567 0.0023837362087438456
0.0021209508879201904 0.3905383232862371 0.002802363400761279
0.002559547922699536 0.4637317743628018 0.0031795284151551993
0.0030888435964774815 0.5414579819618531 0.0033695444243486737
0.003727593720314938 0.6078885150370233 0.003473794066272259
0.004498432668969444 0.6592467301233416 0.003426428611519757
0.005428675439323859 0.7200766857990145 0.0032183271443213244
0.006551285568595509 0.76677468567522 0.00298111753851021
0.0079060432109077 0.8121032798466249 0.002701056905506594
0.009540954763499945 0.8476835192443476 0.002416137511489146
0.01151395399326447 0.8832418992419101 0.0020843254579121285
0.013894954943731374 0.9172585845135395 0.0017065526561141644
0.016768329368110076 0.9401581561981173 0.0014274561715839121
0.020235896477251564 0.95854920517053 0.001113821430389971
0.02442053094548651 0.9730442875372753 0.0008758741537366545
0.029470517025518096 0.9831381130314614 0.0006521270331618569
0.03556480306223128 0.9898451694880185 0.0005018736147496359
0.04291934260128776 0.9936194472598737 0.00039751256585015627
0.0517947467923121 0.9959631209740714 0.0003169806226751141
0.0625055192527397 0.9979427379750457 0.00021253187332100431
0.07543120063354615 0.9990062541371468 0.00014941243295823673
0.09102981779915217 0.9992498827014827 0.00014773303391822553
0.10985411419875583 0.9995223815434245 0.0001121280409877279
0.13257113655901082 0.9998170983891062 5.3598456273738726e-05
0.15998587196060574 0.9998603575363136 3.850907778140346e-05
0.19306977288832497 0.9998015319319333 7.907471504017617e-05
0.2329951810515372 0.9999673056609075 1.7181413754282054e-05
0.2811768697974228 0.9999745413459096 1.388656423116623e-05
0.3393221771895326 0.9999942939439105 4.039754396671125e-06
0.4094915062380423 0.9999813329374698 1.4053457582896222e-05
0.49417133613238334 0.9999995656130312 2.0403499100693054e-07
0.5963623316594643 0.9999996057722815 3.9018260832780874e-07
0.7196856730011514 0.9999996807964627 3.021652309835112e-07
0.868511373751352 0.9999962206415619 3.7787980311838395e-06
1.0481131341546852 0.9999999999986696 1.288250150228358e-12
1.2648552168552958 0.9999999999639616 3.188997726142024e-11
1.5264179671752318 0.9999999999986776 1.1517955603112618e-12
1.8420699693267144 0.9999999999987819 6.465016818290021e-13
2.2229964825261934 0.9999999999998327 1.6610018774171804e-13
2.6826957952797246 1.0 0.0
3.2374575428176433 1.0 0.0
3.906939937054613 1.0 0.0
4.714866363457389 1.0 0.0
5.689866029018293 1.0 0.0
6.866488450042998 1.0 0.0
8.286427728546842 1.0 0.0
10.0 1.0 0.0
