0.001 0.15550981371419115 0.00022873363340107696
0.0012067926406393288 0.18422580204787978 0.00026979222141659007
0.0014563484775012444 0.21815251497607566 0.0003158623211744061
0.0017575106248547913 0.2565961587516008 0.0003650171806978486
0.0021209508879201904 0.30035886563744957 0.00040452272114266716
0.002559547922699536 0.34976605290049323 0.00047554256980571733
0.0030888435964774815 0.40553888997457704 0.0005094707516101029
0.003727593720314938 0.46598025695257467 0.0005608863862728639
0.004498432668969444 0.5294575985397854 0.0006046332071265501
0.005428675439323859 0.5971614958583552 0.0006367369921214835
0.006551285568595509 0.665063758185522 0.0006608033299794738
0.0079060432109077 0.7325675399395156 0.0006338767385447347
0.009540954763499945 0.7944559457518553 0.0006663911125849916
0.01151395399326447 0.8492157119961439 0.0006403754273409993
0.013894954943731374 0.8980123513878226 0.000554201366705778
0.016768329368110076 0.9338834738614301 0.0005904950850775079
0.020235896477251564 0.961710740533712 0.0004556063406182358
0.02442053094548651 0.9783158356796113 0.0005164836856509014
0.029470517025518096 0.9894558584561466 0.0004156569483375974
0.03556480306223128 0.9940501244104853 0.000482478952479929
0.04291934260128776 0.9965903822263313 0.0004481254183374181
0.0517947467923121 0.9966916095650685 0.0005112291435542577
0.0625055192527397 0.9971956285051691 0.000483037558598058
0.07543120063354615 0.9986641910432239 0.00033098496959056283
0.09102981779915217 0.9980871845885706 0.0003897164698889649
0.10985411419875583 0.9974924051747723 0.00043577925995574374
0.13257113655901082 0.9981334609176967 0.00036558138227542385
0.15998587196060574 0.9977878656027691 0.0003844472383774701
0.19306977288832497 0.9979634686604318 0.00035392916915960983
0.2329951810515372 0.9986595829662912 0.00027328295024428367
0.2811768697974228 0.9982670575636399 0.0002924076740506811
0.3393221771895326 0.9987155805251872 0.00023414982291374196
0.4094915062380423 0.9990300172513936 0.00018642108775920969
0.49417133613238334 0.9993022954893132 0.0001422473321997403
0.5963623316594643 0.9992344267639001 0.00013107133573444452
0.7196856730011514 0.9995037134979089 9.047308831568609e-05
0.868511373751352 0.9996921142977176 5.917258591189852e-05
1.0481131341546852 0.9997889314039116 3.913758110740216e-05
1.2648552168552958 0.9998560605581426 2.4643409695492786e-05
1.5264179671752318 0.99995156766247 1.0314444412221595e-05
1.8420699693267144 0.9999630001752808 6.07147022857001e-06
2.2229964825261934 0.9999884246670825 2.110184566618496e-06
2.6826957952797246 0.9999962098033577 6.796834475925955e-07
3.2374575428176433 0.9999989919337513 1.7519202536707825e-07
3.906939937054613 0.9999998567700404 2.8610162007360142e-08
4.714866363457389 0.9999999749150739 4.359514110275535e-09
5.689866029018293 0.9999999978081018 3.809304161613633e-10
6.866488450042998 0.9999999999158574 1.715492133561343e-11
8.286427728546842 0.9999999999969783 5.508503594773518e-13
10.0 0.9999999999999818 5.004094651173829e-15
