0.001 0.14680556330472855 0.00023486997963800756
0.0012067926406393288 0.17397770609661262 0.0002700808960827285
0.0014563484775012444 0.20636337833733678 0.00031362964993377
0.0017575106248547913 0.24233619789422586 0.0003638613500156054
0.0021209508879201904 0.2856270777236828 0.00040481924085266957
0.002559547922699536 0.33266095473069 0.0004669415834265883
0.0030888435964774815 0.3854091002453883 0.0005311332251115925
0.003727593720314938 0.4443530944768614 0.0005974704038782611
0.004498432668969444 0.5070182806719369 0.0006215113674548394
0.005428675439323859 0.5737848258383227 0.0006326352598235589
0.006551285568595509 0.6409746114842931 0.0006867835971296149
0.0079060432109077 0.7085508459285322 0.0006741012304533801
0.009540954763499945 0.7732647491419529 0.0006747351426945737
0.01151395399326447 0.8317851834932494 0.0006137099460140925
0.013894954943731374 0.8810828011179039 0.0006168070728101128
0.016768329368110076 0.9212687223527373 0.0006069897252898621
0.020235896477251564 0.9524770025955409 0.0005203036472310059
0.02442053094548651 0.973157571238869 0.0004967834975912532
0.029470517025518096 0.9861014754898232 0.000437637665551221
0.03556480306223128 0.9924367831583437 0.00048255690116242976
0.04291934260128776 0.995667547660699 0.00047400474524177236
0.0517947467923121 0.9966496393107497 0.0004959150804222331
0.0625055192527397 0.9967051059485326 0.0005192389080353929
0.07543120063354615 0.9977402835050106 0.0004297185002295894
0.09102981779915217 0.9978462679452483 0.0004132935538719424
0.10985411419875583 0.9979481132319179 0.0003942956938905446
0.13257113655901082 0.9979898681956402 0.0003793436837794195
0.15998587196060574 0.9971845557771117 0.00043351911592364974
0.19306977288832497 0.9983337470774167 0.0003202373248166862
0.2329951810515372 0.9984361801272751 0.00029512013914673223
0.2811768697974228 0.9989107218971449 0.0002319792728232608
0.3393221771895326 0.998587138577706 0.0002455414556858583
0.4094915062380423 0.9992455689733062 0.00016445739426147556
0.49417133613238334 0.9996220767233779 0.00010474890460555632
0.5963623316594643 0.9992794604836707 0.0001271706318752391
0.7196856730011514 0.9995533421481179 8.584322012290525e-05
0.868511373751352 0.9995894857302903 6.829577963188601e-05
1.0481131341546852 0.999774374949009 4.046059531775284e-05
1.2648552168552958 0.999889928662109 2.15586843171009e-05
1.5264179671752318 0.9999317544334805 1.223825207817266e-05
1.8420699693267144 0.9999680001515943 5.6477692749084865e-06
2.2229964825261934 0.9999899680448049 1.9648689593587542e-06
2.6826957952797246 0.9999968211253967 6.226176166160231e-07
3.2374575428176433 0.9999989308388271 1.8040468349335208e-07
3.906939937054613 0.9999998281240485 3.1333006373368347e-08
4.714866363457389 0.9999999771955216 4.1572591237584895e-09
5.689866029018293 0.9999999978081018 3.809304161613633e-10
6.866488450042998 0.9999999998878099 1.9800852728154814e-11
8.286427728546842 0.9999999999978849 4.610824470207527e-13
10.0 0.9999999999999376 9.295295181832455e-15
