0.001 0.005969398762057994 2.1155249128131796e-05
0.0012067926406393288 0.009829999162730835 3.4083600415413364e-05
0.0014563484775012444 0.01609137098218953 5.416776668722853e-05
0.0017575106248547913 0.025699916440431923 8.48501010461507e-05
0.0021209508879201904 0.04102643135355212 0.00012980966256225906
0.002559547922699536 0.06384022048933344 0.0001917830732685689
0.0030888435964774815 0.09566409527152969 0.0002784632894762975
0.003727593720314938 0.14295595851308557 0.00037946364680138976
0.004498432668969444 0.20484425172605583 0.0005084723219487865
0.005428675439323859 0.28294728468278635 0.0006308985638237072
0.006551285568595509 0.3808594614335894 0.0007538317994068071
0.0079060432109077 0.4868038658309087 0.0008438473025423102
0.009540954763499945 0.6020189297563632 0.0008695381681769614
0.01151395399326447 0.7117604793616822 0.000823858150338417
0.013894954943731374 0.8081394177454603 0.0007709470264648178
0.016768329368110076 0.8827923524281915 0.0007016689534489359
0.020235896477251564 0.9373319180299421 0.00046454568788409085
0.02442053094548651 0.9678960799664074 0.0005823891258997454
0.029470517025518096 0.9859909698272576 0.0005001636936331236
0.03556480306223128 0.9934204822687319 0.000507974412185259
0.04291934260128776 0.99534998862242 0.0005977460952946524
0.0517947467923121 0.9968671092217887 0.0005366500000799786
0.0625055192527397 0.9975697557340667 0.0004878101174766817
0.07543120063354615 0.9965135660647727 0.0005875712944554876
0.09102981779915217 0.9971241411532322 0.0005332007230793942
0.10985411419875583 0.9968443052877497 0.0005569573549865242
0.13257113655901082 0.9969695950035129 0.0005434324536909782
0.15998587196060574 0.9960468817693898 0.0006161064292985375
0.19306977288832497 0.9978290860880316 0.00045214597577826276
0.2329951810515372 0.9981721080462643 0.00040832013277219715
0.2811768697974228 0.9978217273394474 0.00043510962316414906
0.3393221771895326 0.9981301276830292 0.00038944669278936255
0.4094915062380423 0.99837873892052 0.0003452735947676958
0.49417133613238334 0.9985207274442104 0.000308094728906231
0.5963623316594643 0.9984490238763768 0.00028759111946952706
0.7196856730011514 0.998450759510417 0.0002542219478273434
0.868511373751352 0.9993299497567725 0.0001426979646167557
1.0481131341546852 0.9992900579291071 0.00011979192459304367
1.2648552168552958 0.99967139791511 6.315406969159249e-05
1.5264179671752318 0.9998384979372776 3.2260011762489074e-05
1.8420699693267144 0.9999316880203701 1.422764233862514e-05
2.2229964825261934 0.9999584893807006 6.905972135995561e-06
2.6826957952797246 0.9999926731010269 1.6367052524203235e-06
3.2374575428176433 0.999996885110581 5.332902164640436e-07
3.906939937054613 0.9999993469088029 1.0574389430204467e-07
4.714866363457389 0.9999999452696678 1.1158368074250815e-08
5.689866029018293 0.9999999932250463 1.1599180808909848e-09
6.866488450042998 0.9999999996634295 5.940255611526106e-11
8.286427728546842 0.9999999999918414 1.567983459293443e-12
10.0 0.9999999999999 2.0386439845790535e-14
