0.001 0.0014898025896942946 1.969705164881363e-05
0.0012067926406393288 0.0021650423902323987 2.8265481859738215e-05
0.0014563484775012444 0.0031386482219132625 4.127751410057386e-05
0.0017575106248547913 0.004432486193814455 5.7269448383025204e-05
0.0021209508879201904 0.006221279492090477 8.09563642423006e-05
0.002559547922699536 0.008812574858063457 0.00011188009982456666
0.0030888435964774815 0.012599341605608019 0.00016034155879333733
0.003727593720314938 0.017748024723829563 0.00022015487000994136
0.004498432668969444 0.025436650926877347 0.0003100493157862525
0.005428675439323859 0.03433838634219071 0.00041810603260191163
0.006551285568595509 0.04635033784441057 0.0005487524427537999
0.0079060432109077 0.06307026127659203 0.0007269114818030323
0.009540954763499945 0.0832916278051848 0.0009416729087211169
0.01151395399326447 0.10884565095798097 0.001183418886013035
0.013894954943731374 0.14164755181982577 0.0014962410908434841
0.016768329368110076 0.1859267514935474 0.001844193414977941
0.020235896477251564 0.22679969078775225 0.0021480391429662573
0.02442053094548651 0.2792542756027614 0.0024966510755763424
0.029470517025518096 0.339275439183803 0.0028138905449900282
0.03556480306223128 0.40070318615187434 0.003082039683772445
0.04291934260128776 0.4645146750572163 0.003298018168102147
0.0517947467923121 0.5172859790623981 0.003450858395565658
0.0625055192527397 0.5716790137219147 0.003528483455695009
0.07543120063354615 0.6331414770560871 0.0035047885888371956
0.09102981779915217 0.6697501845642628 0.003506496207604987
0.10985411419875583 0.7156676681095412 0.003429223506312057
0.13257113655901082 0.753598545589009 0.00332220030603913
0.15998587196060574 0.7823746747032719 0.0032467800356150173
0.19306977288832497 0.8163601166992785 0.003059256121868214
0.2329951810515372 0.8370641297624913 0.002947850811135407
0.2811768697974228 0.8608852419394775 0.002811756981091273
0.3393221771895326 0.8812654399403574 0.0026286146416165633
0.4094915062380423 0.895180700298487 0.002512552518650414
0.49417133613238334 0.9056187112110198 0.0024255165643683467
0.5963623316594643 0.9198999739320202 0.0022370466107408233
0.7196856730011514 0.9307127310122659 0.002125203225113576
0.868511373751352 0.9399172468386836 0.001988506003636674
1.0481131341546852 0.9474586297139497 0.0018862729487367322
1.2648552168552958 0.951855428797015 0.001808862818484847
1.5264179671752318 0.9611744459270894 0.0016443595562011777
1.8420699693267144 0.9605894035024521 0.0016801585477276837
2.2229964825261934 0.9701717864943015 0.0014408584419647872
2.6826957952797246 0.9720845740578284 0.0014120031083563844
3.2374575428176433 0.9754930599095262 0.0013348842023288845
3.906939937054613 0.9770069444032992 0.001298194258158798
4.714866363457389 0.9829495382037098 0.0011041612964423212
5.689866029018293 0.9816710769414498 0.00117348161550129
6.866488450042998 0.982132841733296 0.0011561358490655357
8.286427728546842 0.9871238942351447 0.0009851708515842374
10.0 0.9866630457299798 0.0010291590618593301
