0.001 0.0020900612454666716 3.20626236541072e-05
0.0012067926406393288 0.00300110053842742 4.519714622691189e-05
0.0014563484775012444 0.0042237494908258615 6.431241408767005e-05
0.0017575106248547913 0.006113640100743709 9.162922341604868e-05
0.0021209508879201904 0.008644953913882127 0.00012921292595400224
0.002559547922699536 0.011987877014432808 0.00017426806477936643
0.0030888435964774815 0.01737398587256328 0.00024612178495654114
0.003727593720314938 0.023558045721901504 0.0003334262066138984
0.004498432668969444 0.032693271139767256 0.00045663820803413824
0.005428675439323859 0.04453959174163346 0.0005986650724014234
0.006551285568595509 0.060113188668938985 0.0007858961266294233
0.0079060432109077 0.08103287267002418 0.0010213478195185894
0.009540954763499945 0.10585880125344409 0.0012970612657731
0.01151395399326447 0.13524073653061772 0.0015785399853909937
0.013894954943731374 0.1717497263363902 0.001913400132688813
0.016768329368110076 0.21192896950096532 0.002253579753187515
0.020235896477251564 0.25695683917752116 0.0025922013568528187
0.02442053094548651 0.3093925383493866 0.0029313360538075046
0.029470517025518096 0.356185647637799 0.0032450093751013017
0.03556480306223128 0.4092447164276981 0.003589057614431827
0.04291934260128776 0.45298143387329765 0.0038622979573605725
0.0517947467923121 0.5026496898635864 0.004114973216816
0.0625055192527397 0.5304928175294208 0.004346443128858969
0.07543120063354615 0.5723273848446087 0.0044966424545573366
0.09102981779915217 0.5878140307031282 0.0046244586030538
0.10985411419875583 0.6023975175669377 0.004713346150643141
0.13257113655901082 0.6062709652497482 0.00477322360407414
0.15998587196060574 0.6125627664888246 0.0048005470862418345
0.19306977288832497 0.6233682950783804 0.00479100177237857
0.2329951810515372 0.6329176161577119 0.004776199806389762
0.2811768697974228 0.6267824365794153 0.004797539532417426
0.3393221771895326 0.6205582357704599 0.004821669831954787
0.4094915062380423 0.628910954664892 0.004806582956558128
0.49417133613238334 0.6295638075520794 0.0048117073267314
0.5963623316594643 0.626630279310205 0.0048204926913497
0.7196856730011514 0.6267453616489754 0.004822239511175836
0.868511373751352 0.6282371250326423 0.00481806184749668
1.0481131341546852 0.6398850383286485 0.004788968175788488
1.2648552168552958 0.6253110709810944 0.004832951033417867
1.5264179671752318 0.63581458624817 0.004803434437114048
1.8420699693267144 0.6431380790497296 0.0047851258142615994
2.2229964825261934 0.6241703885779987 0.004838628538910016
2.6826957952797246 0.6419165152618557 0.00478916514054216
3.2374575428176433 0.6341252911495955 0.004811658061214913
3.906939937054613 0.6366675111204422 0.004806263493359301
4.714866363457389 0.6422768188503561 0.004790283781740801
5.689866029018293 0.6405108512849528 0.004797214852723071
6.866488450042998 0.633307572839487 0.004817500104189204
8.286427728546842 0.6430742208311873 0.004789897476580282
10.0 0.6310641601298193 0.004824831740560712
