0.001 0.0021319773031471642 3.250629334763972e-05
0.0012067926406393288 0.0029456608801854303 4.5288746729558623e-05
0.0014563484775012444 0.004398693903415966 6.577816731805375e-05
0.0017575106248547913 0.006182481862836496 9.23499743790609e-05
0.0021209508879201904 0.008830187192451374 0.0001295603069594008
0.002559547922699536 0.012456603155902914 0.0001803176051357025
0.0030888435964774815 0.016795849873947975 0.00024357785297515088
0.003727593720314938 0.023897863140880014 0.000338240698705072
0.004498432668969444 0.03218380798917968 0.0004468330654332439
0.005428675439323859 0.0449432423579836 0.0006066354760318356
0.006551285568595509 0.06077459743783543 0.000791700701510819
0.0079060432109077 0.08067488848528072 0.001022664191843621
0.009540954763499945 0.10542575332130726 0.0012840447419638448
0.01151395399326447 0.13714500494148185 0.001603982969933174
0.013894954943731374 0.1716196755416809 0.0019179937101922889
0.016768329368110076 0.2165340992775085 0.002305997755002888
0.020235896477251564 0.25586686223404065 0.0025984912591835527
0.02442053094548651 0.30785609953821236 0.002924498167016212
0.029470517025518096 0.3628907843335553 0.0032753678569442325
0.03556480306223128 0.4100300595245597 0.0035801110965694876
0.04291934260128776 0.4662837012548665 0.0038493537008132523
0.0517947467923121 0.5034178995686237 0.0041108383844754145
0.0625055192527397 0.537576848156681 0.004343094519749316
0.07543120063354615 0.5678579637342985 0.004510906095497955
0.09102981779915217 0.5898841622048029 0.0046332156007518575
0.10985411419875583 0.6020309013654198 0.004717036191151572
0.13257113655901082 0.6120083275676905 0.00475875260062921
0.15998587196060574 0.6189565905415055 0.004790005154387219
0.19306977288832497 0.6340244773330885 0.004767020994963857
0.2329951810515372 0.6290723611244065 0.004785910288502044
0.2811768697974228 0.6237611780368001 0.004811655029588222
0.3393221771895326 0.6318935034364701 0.004792602371876831
0.4094915062380423 0.6408534562497689 0.0047730078164785195
0.49417133613238334 0.6339563262890131 0.004793978306672566
0.5963623316594643 0.6202730131309344 0.004838610843757295
0.7196856730011514 0.6303739856192948 0.004810828459379937
0.868511373751352 0.6331464469994316 0.004805328594988349
1.0481131341546852 0.6418822745052563 0.004784126493490248
1.2648552168552958 0.6349729979692583 0.004807139401145873
1.5264179671752318 0.6422826237561594 0.004785598700798599
1.8420699693267144 0.6354065729185758 0.004805267343871027
2.2229964825261934 0.6281814637246452 0.004827209954203129
2.6826957952797246 0.6221384781526028 0.004841714127839027
3.2374575428176433 0.6399484704744245 0.004797272922353605
3.906939937054613 0.6287098936569144 0.004828258278113632
4.714866363457389 0.6329997722694264 0.004817769655743296
5.689866029018293 0.6391550019207378 0.0048007558436399325
6.866488450042998 0.6424624370629933 0.004791643285332398
8.286427728546842 0.6318688080770636 0.004822670810261579
10.0 0.6334574067429118 0.004818219959129708
