0.001 0.01928879438969832 0.00019649625033780934
0.0012067926406393288 0.023365515285487033 0.0002327774184755574
0.0014563484775012444 0.028226433289359584 0.0002794265309958307
0.0017575106248547913 0.03435551596964301 0.00033852231949862326
0.0021209508879201904 0.04048047230803891 0.0003994710303124857
0.002559547922699536 0.049239034054562376 0.0004802739735442993
0.0030888435964774815 0.057421845881011895 0.0005677725620227817
0.003727593720314938 0.06872946739697251 0.0006797840695955161
0.004498432668969444 0.0822551013344096 0.0008011049937976369
0.005428675439323859 0.09572837999529514 0.0009303459936859306
0.006551285568595509 0.11525386896714479 0.0010983278446065946
0.0079060432109077 0.13582513995148132 0.0012847275217677035
0.009540954763499945 0.1580648144717388 0.001478092207569699
0.01151395399326447 0.1858206028548709 0.0017085486147954804
0.013894954943731374 0.21455324572046075 0.0019556947232525585
0.016768329368110076 0.25084915290972787 0.0022374756724427404
0.020235896477251564 0.27890072351861234 0.0024845090437427254
0.02442053094548651 0.3214880278001256 0.002764597206413297
0.029470517025518096 0.36129378017860725 0.0030344988398921607
0.03556480306223128 0.3964198740612357 0.0033032211785969335
0.04291934260128776 0.4351228251643716 0.003580978155203243
0.0517947467923121 0.47327097014730835 0.003782772837999905
0.0625055192527397 0.5031764897601816 0.004028864718000366
0.07543120063354615 0.5290134588215523 0.004221020794515895
0.09102981779915217 0.5595778912588801 0.004383750295130476
0.10985411419875583 0.579795584433738 0.004526829249441098
0.13257113655901082 0.600260580765739 0.004615330749185297
0.15998587196060574 0.6092559264206588 0.004684884506049748
0.19306977288832497 0.6166291577577497 0.004725676676425295
0.2329951810515372 0.6205951098008858 0.00476491918596541
0.2811768697974228 0.6310502165194237 0.004761114267527742
0.3393221771895326 0.6288032163102253 0.004783984106306021
0.4094915062380423 0.6310117028738328 0.004787257297464569
0.49417133613238334 0.6249997747009054 0.00480679121004215
0.5963623316594643 0.6369293490216679 0.004776589162437598
0.7196856730011514 0.6325655359423359 0.004797513215812618
0.868511373751352 0.6325381725511606 0.004802819333066311
1.0481131341546852 0.6271225333056402 0.004821336409889619
1.2648552168552958 0.6313513829750141 0.004805519671800928
1.5264179671752318 0.6360833339258788 0.004800223436932927
1.8420699693267144 0.6360299774357226 0.00480056938853705
2.2229964825261934 0.6288720722139737 0.004820615312997441
2.6826957952797246 0.6335764269429885 0.004811140917353632
3.2374575428176433 0.6385536810465988 0.00479892792553235
3.906939937054613 0.6311620316675063 0.0048202600275446
4.714866363457389 0.6301880927577614 0.004825194070637088
5.689866029018293 0.6349946235754563 0.004811214409868278
6.866488450042998 0.6265686580133902 0.004836003175771032
8.286427728546842 0.6421605110312243 0.00479162602414477
10.0 0.6370649508393121 0.004807313947429783
