0.001 3.3245855514792754e-05 7.093047086454906e-07
0.0012067926406393288 5.7054082684695116e-05 1.2061085534723837e-06
0.0014563484775012444 9.726392670510169e-05 2.079985202230459e-06
0.0017575106248547913 0.0001703325513891818 3.6017856584754208e-06
0.0021209508879201904 0.0002917898243876046 6.131753748308688e-06
0.002559547922699536 0.0004761310929384604 9.977239417757119e-06
0.0030888435964774815 0.0008416845407425194 1.7038806882116588e-05
0.003727593720314938 0.0013695686060184187 2.797105844532443e-05
0.004498432668969444 0.0023098877659890244 4.6745121082967885e-05
0.005428675439323859 0.0037341080040303085 7.287737048442691e-05
0.006551285568595509 0.006049775622188958 0.0001163823399796652
0.0079060432109077 0.009828565522061595 0.00018321948469863885
0.009540954763499945 0.01543269949220694 0.0002793466581551833
0.01151395399326447 0.023202187167868545 0.00040917680453023424
0.013894954943731374 0.03507841568968423 0.0005911858293729919
0.016768329368110076 0.050945057506653076 0.0008137269988045628
0.020235896477251564 0.07229434905469012 0.0010958305577783427
0.02442053094548651 0.10141561676601123 0.001424917428703049
0.029470517025518096 0.1345167106179666 0.001775534355521413
0.03556480306223128 0.17992858396119915 0.002179970632925889
0.04291934260128776 0.2255980878056659 0.002540571071308966
0.0517947467923121 0.2831935709892637 0.002897651824574146
0.0625055192527397 0.33401635437269145 0.0032322417243511275
0.07543120063354615 0.4025382210190455 0.0035875161802119792
0.09102981779915217 0.4486376667299517 0.0038489036746103566
0.10985411419875583 0.4968340925978635 0.004116197634355294
0.13257113655901082 0.5333824586472322 0.0043728441389751715
0.15998587196060574 0.5646908656385161 0.004551252344556838
0.19306977288832497 0.5915981524310631 0.0046521691781081795
0.2329951810515372 0.6121167643461461 0.004709250135101801
0.2811768697974228 0.6128684437699535 0.004772860631829309
0.3393221771895326 0.6109320840802418 0.00481219256540569
0.4094915062380423 0.6216825876076673 0.004803729450389805
0.49417133613238334 0.6243163560738679 0.0048095951298976905
0.5963623316594643 0.6216552436192992 0.004818110104615613
0.7196856730011514 0.622469989747248 0.004820982192583692
0.868511373751352 0.6242516702457857 0.0048193615113801
1.0481131341546852 0.6368135401915799 0.00479046471433194
1.2648552168552958 0.623208702973927 0.00483302018595611
1.5264179671752318 0.6336020760741827 0.004805278782337709
1.8420699693267144 0.6413152479390303 0.004784113571074177
2.2229964825261934 0.6227667541367249 0.004838040717448633
2.6826957952797246 0.6404854353277349 0.004789802401207149
3.2374575428176433 0.6325993090072659 0.004811370505428395
3.906939937054613 0.6356904958084195 0.004806295422652856
4.714866363457389 0.641600140123168 0.0047916956202722445
5.689866029018293 0.6400193670446986 0.004796458007369417
6.866488450042998 0.6327292196697096 0.00481661261863797
8.286427728546842 0.6426696305762056 0.00478926806112196
10.0 0.6308379661585043 0.004823934684640403
