0.001 3.4093674083978584e-05 7.271189590079406e-07
0.0012067926406393288 5.624543762710187e-05 1.2159164527206362e-06
0.0014563484775012444 0.00010230489187368068 2.1413655885176016e-06
0.0017575106248547913 0.00017307902879037782 3.632331792893787e-06
0.0021209508879201904 0.00029762020088190406 6.1483986788012575e-06
0.002559547922699536 0.0005054710108867629 1.036736799836976e-05
0.0030888435964774815 0.0008119917227566466 1.6892332187167842e-05
0.003727593720314938 0.0014020404739173583 2.8565955361615175e-05
0.004498432668969444 0.0022392011259305127 4.543927450305634e-05
0.005428675439323859 0.0038014729762449093 7.531016730437402e-05
0.006551285568595509 0.0061455585731577745 0.00011788329275828288
0.0079060432109077 0.009802707579212191 0.0001831635035445006
0.009540954763499945 0.01524252831618506 0.00027733620592532593
0.01151395399326447 0.02386294644212616 0.0004196423218616305
0.013894954943731374 0.035125603495290286 0.0005910267608027357
0.016768329368110076 0.053380403902212194 0.0008521929539249348
0.020235896477251564 0.07216983704298373 0.00109761947928193
0.02442053094548651 0.10050096817055433 0.0014134357295735268
0.029470517025518096 0.13894954374034166 0.001811366217928432
0.03556480306223128 0.180174156774716 0.0021888096660853387
0.04291934260128776 0.23259262517594378 0.002545279098143327
0.0517947467923121 0.28386376248477807 0.0029069135657721784
0.0625055192527397 0.34103199874897483 0.0032625348098348547
0.07543120063354615 0.3994696431751043 0.003586978936819408
0.09102981779915217 0.4536984553322355 0.003875268535234925
0.10985411419875583 0.4994222851039681 0.004144006583561664
0.13257113655901082 0.5380761336938705 0.004358222155790431
0.15998587196060574 0.5717514146293033 0.004542041717295276
0.19306977288832497 0.6031105599472553 0.004631686472259465
0.2329951810515372 0.6093602847496464 0.004726536075342361
0.2811768697974228 0.6107848281878653 0.004780806078969536
0.3393221771895326 0.6220231051896391 0.0047829567054077475
0.4094915062380423 0.6334522461321989 0.004770962689904179
0.49417133613238334 0.6276949910103337 0.004796573658060128
0.5963623316594643 0.6157227802051577 0.004834955498496165
0.7196856730011514 0.6255315766423846 0.004809261584374135
0.868511373751352 0.6290046596604633 0.004804838485906932
1.0481131341546852 0.6387041160054907 0.004783098928988831
1.2648552168552958 0.632781924563721 0.004806393246059727
1.5264179671752318 0.639904242418413 0.004784916523356856
1.8420699693267144 0.6331228232705993 0.004805377943065366
2.2229964825261934 0.6264458770419846 0.004826488408675785
2.6826957952797246 0.6204056673512272 0.004843030664375591
3.2374575428176433 0.6389293538370354 0.004796096286757016
3.906939937054613 0.6276699382364869 0.004827565585961974
4.714866363457389 0.632225918973098 0.004816658251394772
5.689866029018293 0.638644257626306 0.0048007057879584005
6.866488450042998 0.6420104450978371 0.0047908552774906955
8.286427728546842 0.6316406038586112 0.004821698203414931
10.0 0.6332314420167166 0.004817425755100083
