0.001 3.468040816409818e-05 7.430200500154672e-07
0.0012067926406393288 5.9530562867051275e-05 1.2528567296414843e-06
0.0014563484775012444 9.957745326148395e-05 2.1277502268982715e-06
0.0017575106248547913 0.00017745228693306222 3.7044856623157702e-06
0.0021209508879201904 0.00030461860758084543 6.325149341104987e-06
0.002559547922699536 0.0005103017452931002 1.0527370944388254e-05
0.0030888435964774815 0.0008534476193980547 1.7602324983888198e-05
0.003727593720314938 0.001430278756962846 2.8800704728236605e-05
0.004498432668969444 0.002321837598283341 4.707596201733025e-05
0.005428675439323859 0.003833966004177676 7.640283199593022e-05
0.006551285568595509 0.006287746162822225 0.00011984276990700009
0.0079060432109077 0.010207636481741443 0.00019040596681627834
0.009540954763499945 0.015699305291418667 0.0002844886841668361
0.01151395399326447 0.024057046626594254 0.0004190796114191398
0.013894954943731374 0.03711318296702272 0.0006183986870362368
0.016768329368110076 0.05302106744153913 0.0008369189421956668
0.020235896477251564 0.07499237737643302 0.0011304407164719837
0.02442053094548651 0.10186663078552652 0.00144404162910698
0.029470517025518096 0.1429453193523792 0.0018498542568618503
0.03556480306223128 0.18234570685340043 0.002184031824853977
0.04291934260128776 0.2348304631533588 0.002586568286010417
0.0517947467923121 0.2824735127285845 0.002923390456969878
0.0625055192527397 0.3461519262919945 0.0032420842681834877
0.07543120063354615 0.4046503754408987 0.003596068327925313
0.09102981779915217 0.4603453643713312 0.0038805570788045967
0.10985411419875583 0.5082686958269336 0.004165466776765242
0.13257113655901082 0.5403130028398402 0.004378593756483366
0.15998587196060574 0.5782697799572878 0.004540131120675832
0.19306977288832497 0.5984407736034167 0.004650749297790244
0.2329951810515372 0.599337903536948 0.004757839973205771
0.2811768697974228 0.6185560398476698 0.004766819403027392
0.3393221771895326 0.6173783295164443 0.004798654085791723
0.4094915062380423 0.626318858019236 0.004789371040066635
0.49417133613238334 0.6283901986018373 0.004794926360212012
0.5963623316594643 0.6272216215260938 0.004801649736107665
0.7196856730011514 0.6306625494520733 0.004796562999725018
0.868511373751352 0.6293660458711613 0.004810253662443802
1.0481131341546852 0.6236346631459244 0.004826602696715387
1.2648552168552958 0.6337193033949011 0.004801040984825653
1.5264179671752318 0.6398825742391141 0.004787079446618634
1.8420699693267144 0.6332270098100912 0.0048062769785464
2.2229964825261934 0.636046423538379 0.004802960585348438
2.6826957952797246 0.6417040073057456 0.0047870640391620084
3.2374575428176433 0.631162894685377 0.004816735412207092
3.906939937054613 0.6313473973667925 0.004817842142768146
4.714866363457389 0.6276796167916432 0.004829591213814753
5.689866029018293 0.6353859535513452 0.004807612754749457
6.866488450042998 0.6306685061377343 0.004823761326117355
8.286427728546842 0.6388726060301021 0.004800908638803883
10.0 0.6335001621966928 0.004817248864212562
