0.001 0.2703529253250099 0.0016946255702761765
0.0012067926406393288 0.33733865894475146 0.0020514146798389123
0.0014563484775012444 0.40849910506433723 0.002438058642250573
0.0017575106248547913 0.48701977041279576 0.0027538893765812465
0.0021209508879201904 0.556423945420649 0.003041497908816962
0.002559547922699536 0.6241957702856596 0.0032597839873546868
0.0030888435964774815 0.6827442787646902 0.0033683705547256915
0.003727593720314938 0.7251002395225126 0.0033979521390574696
0.004498432668969444 0.7659050025782429 0.00329518565053353
0.005428675439323859 0.7984955712341465 0.00311520849415441
0.006551285568595509 0.8340158815031021 0.0028622435382904886
0.0079060432109077 0.8501497431040752 0.0026840653116915604
0.009540954763499945 0.8726790917639919 0.0024090633600605386
0.01151395399326447 0.8987926478922882 0.0021022240599364163
0.013894954943731374 0.9194807235617173 0.0018746242368070615
0.016768329368110076 0.9309254263489042 0.0016929244112807846
0.020235896477251564 0.9510680226635104 0.0014135474024479758
0.02442053094548651 0.9633658412419074 0.0011885600454356177
0.029470517025518096 0.9712587358878645 0.0010817889617760167
0.03556480306223128 0.9813756507295238 0.0008180803937382619
0.04291934260128776 0.9874443249083122 0.0006767320517691224
0.0517947467923121 0.9897726401015394 0.0006064454333869246
0.0625055192527397 0.9928410855972594 0.000484390980993815
0.07543120063354615 0.9947519276993371 0.0004449742890632649
0.09102981779915217 0.9964673117870829 0.0003797190658827307
0.10985411419875583 0.998027876172699 0.0002578683360566882
0.13257113655901082 0.9987438547574454 0.0002024358059731747
0.15998587196060574 0.9991861208573473 0.0001266465465890901
0.19306977288832497 0.9992690468211735 0.0001539891882252049
0.2329951810515372 0.9995906979058491 0.00011530327198052703
0.2811768697974228 0.9997321199261844 9.469290855555942e-05
0.3393221771895326 0.9998141502317625 6.394243871099001e-05
0.4094915062380423 0.9996837778801125 0.0001254768902335858
0.49417133613238334 0.9999652034097991 1.462666520596672e-05
0.5963623316594643 0.999867031568892 7.985353784045845e-05
0.7196856730011514 0.999980657588147 1.242326553475306e-05
0.868511373751352 0.9999936305425839 5.961683413690752e-06
1.0481131341546852 0.9999968337501935 2.8192351184521574e-06
1.2648552168552958 0.9999998758258384 7.991447858110823e-08
1.5264179671752318 0.9999998283193013 1.591208442442811e-07
1.8420699693267144 0.9999961063442923 3.8035255622502816e-06
2.2229964825261934 0.9999998221409097 1.773971329498606e-07
2.6826957952797246 0.9999999999985235 1.3824541227592554e-12
3.2374575428176433 0.9999999999999992 6.496930584538741e-16
3.906939937054613 0.9999997831203414 2.167840344232494e-07
4.714866363457389 0.9999828280404468 1.717105673001047e-05
5.689866029018293 0.9999999999981992 1.711373162059295e-12
6.866488450042998 0.9999999999655316 3.4466558504775707e-11
8.286427728546842 1.0 0.0
10.0 0.9999999997175266 2.824592481822734e-10
