0.001 0.31955789941378837 0.0015511454996645106
0.0012067926406393288 0.36596670236016593 0.0017542549360553949
0.0014563484775012444 0.4156735980341182 0.001979534108812669
0.0017575106248547913 0.4744639344716731 0.0021618308409355274
0.0021209508879201904 0.5289610984488932 0.0023367381503572866
0.002559547922699536 0.5830709810801492 0.0025104723508241594
0.0030888435964774815 0.6419760268429967 0.002611252972610287
0.003727593720314938 0.688436262887351 0.0027105901642824454
0.004498432668969444 0.7363348824968493 0.0027204145766298606
0.005428675439323859 0.7759735200021146 0.0026597961837166654
0.006551285568595509 0.8108886042389982 0.0025596571391509277
0.0079060432109077 0.8401939681161577 0.002424792208780092
0.009540954763499945 0.8617940660252061 0.0022676848327897914
0.01151395399326447 0.8886145369738729 0.0020044875672939996
0.013894954943731374 0.9024399383299538 0.0018612814800785464
0.016768329368110076 0.9209952702321567 0.0016208779898417907
0.020235896477251564 0.9352808781163784 0.0014572957023134174
0.02442053094548651 0.9461972036749238 0.0012941747796715126
0.029470517025518096 0.9596827626265664 0.0010824319626469656
0.03556480306223128 0.9702163408772194 0.0009077309377828239
0.04291934260128776 0.9767385673959221 0.0007993696168309807
0.0517947467923121 0.9832176068271951 0.0006836837191836727
0.0625055192527397 0.9888788815228028 0.0005106883874790623
0.07543120063354615 0.9915014192392014 0.0004629216512161498
0.09102981779915217 0.9944697631009378 0.00036131127309607327
0.10985411419875583 0.9954371654654275 0.00033322931990597556
0.13257113655901082 0.9974490476627937 0.00024937576406080316
0.15998587196060574 0.998001700437598 0.00020372002903157788
0.19306977288832497 0.9987019747829485 0.00018850354380793805
0.2329951810515372 0.9991412605456753 0.00013032688742598824
0.2811768697974228 0.9995264439716768 0.00010537322880379733
0.3393221771895326 0.9997306536724553 6.121704810044169e-05
0.4094915062380423 0.9998328204226218 3.8959651406887785e-05
0.49417133613238334 0.9998399422982788 5.389160049784071e-05
0.5963623316594643 0.9998107228709965 8.632233125182253e-05
0.7196856730011514 0.9999405589724787 2.1549597090888502e-05
0.868511373751352 0.9999743087451876 1.244140247956329e-05
1.0481131341546852 0.9999408124067982 2.7429735056091225e-05
1.2648552168552958 0.9999910904083423 5.890844491183903e-06
1.5264179671752318 0.9999987107194819 1.2117816417387438e-06
1.8420699693267144 0.9999998539576259 1.0475941048681131e-07
2.2229964825261934 0.9999812563970792 1.863375181990306e-05
2.6826957952797246 0.9999930138896002 4.914370808253049e-06
3.2374575428176433 0.9999996773024886 3.1408797571284137e-07
3.906939937054613 0.9999999670907422 3.290701659006688e-08
4.714866363457389 0.9999999999999507 3.367004177448117e-14
5.689866029018293 0.9999999998230216 1.7555171093346835e-10
6.866488450042998 0.9999999964223816 3.112359081612467e-09
8.286427728546842 0.9999666190767491 3.337921496653759e-05
10.0 1.0 2.7689104684213156e-17
