0.001 0.05240151249360915 0.0004177553615548399
0.0012067926406393288 0.07913252780065724 0.0006130774192940082
0.0014563484775012444 0.11596275945873713 0.0008745823656630803
0.0017575106248547913 0.1655400629840855 0.0011828875316606774
0.0021209508879201904 0.22398056095838337 0.0015516442472686004
0.002559547922699536 0.29707642355962316 0.0019872290867110043
0.0030888435964774815 0.3774650287334788 0.002425572603697485
0.003727593720314938 0.4557972506268256 0.0028651963176689354
0.004498432668969444 0.537509842004713 0.0032259542565880157
0.005428675439323859 0.6080406257485916 0.0034731343111882797
0.006551285568595509 0.6802321307875542 0.003562262114310948
0.0079060432109077 0.7175718143653558 0.0036312042466113354
0.009540954763499945 0.7515616716015494 0.0035468436218081224
0.01151395399326447 0.7881901588495966 0.003328626487771263
0.013894954943731374 0.821391124661731 0.003080408476495958
0.016768329368110076 0.8361685376580834 0.002919891019390293
0.020235896477251564 0.869986494415517 0.002550144560237382
0.02442053094548651 0.8934501302334483 0.0022781184866577844
0.029470517025518096 0.9120990357320564 0.002040499927629811
0.03556480306223128 0.9345629501918516 0.0017144423565152035
0.04291934260128776 0.9525671060875873 0.0014351084970742464
0.0517947467923121 0.9609832532994005 0.00131090334945826
0.0625055192527397 0.970798439705563 0.0011232539053486245
0.07543120063354615 0.9794387396266228 0.0009544380674661146
0.09102981779915217 0.9855281695492504 0.0007822104654474692
0.10985411419875583 0.9907738636699969 0.0006035730095072749
0.13257113655901082 0.9937976305218421 0.00048625285213435
0.15998587196060574 0.9953324252304314 0.0004123623529031805
0.19306977288832497 0.9968056302847897 0.00036952097217320617
0.2329951810515372 0.9980437801934375 0.0002781852633853673
0.2811768697974228 0.9987118888834146 0.00022358811785858158
0.3393221771895326 0.9989295586996355 0.00019615979565816653
0.4094915062380423 0.9990901243592891 0.00022440329828906375
0.49417133613238334 0.999643157476779 9.290813181102313e-05
0.5963623316594643 0.9995613962909365 0.0001470777816439046
0.7196856730011514 0.9998516244465507 6.808921906713207e-05
0.868511373751352 0.9999323788487708 3.978939144368624e-05
1.0481131341546852 0.9999536142971752 2.8981610488435316e-05
1.2648552168552958 0.9999864161709731 6.0511747206273e-06
1.5264179671752318 0.9999906036345694 7.071882666701031e-06
1.8420699693267144 0.9999632217841911 3.163701887070821e-05
2.2229964825261934 0.9999924091314886 7.18586084074156e-06
2.6826957952797246 0.9999999691145731 2.1043289190414682e-08
3.2374575428176433 0.9999999993151117 4.762134525114721e-10
3.906939937054613 0.999991920272019 7.920975536376522e-06
4.714866363457389 0.9999398327654171 6.004880550770161e-05
5.689866029018293 0.9999999708813871 2.323974545702058e-08
6.866488450042998 0.9999998983327248 1.0166011020950681e-07
8.286427728546842 0.9999999999995923 3.9923810819221477e-13
10.0 0.9999997090835182 2.909019351490426e-07
