0.001 0.0008881557013007091 1.0353339663820898e-05
0.0012067926406393288 0.001286805874152402 1.5140521994095398e-05
0.0014563484775012444 0.001861827664340694 2.1814317333566168e-05
0.0017575106248547913 0.002679980194475161 3.1544732257568066e-05
0.0021209508879201904 0.003794079039758588 4.4029960665666436e-05
0.002559547922699536 0.005468334006069284 6.309765236467759e-05
0.0030888435964774815 0.007616200259545053 8.753307253399459e-05
0.003727593720314938 0.01097733473065919 0.00012456514460980185
0.004498432668969444 0.015566265206802212 0.00017531227625012312
0.005428675439323859 0.02172535080824251 0.0002408927671976904
0.006551285568595509 0.03086015917625885 0.0003366201404862669
0.0079060432109077 0.04266124193162035 0.00045133736360511255
0.009540954763499945 0.057223552111120034 0.0005992734490518007
0.01151395399326447 0.07760318923300759 0.0007833638612929252
0.013894954943731374 0.10400848058407904 0.0010182721284553563
0.016768329368110076 0.1356443050378039 0.0012963909080952792
0.020235896477251564 0.17623166154352016 0.0015832470505301947
0.02442053094548651 0.2214268138159403 0.001916803712911414
0.029470517025518096 0.27546553833479603 0.0022723093282729047
0.03556480306223128 0.3345825514642325 0.002579519351009481
0.04291934260128776 0.3989788878791542 0.002866574180207932
0.0517947467923121 0.46619738157644786 0.0030733929746669586
0.0625055192527397 0.5286309944286777 0.003216230474772787
0.07543120063354615 0.5861371067113652 0.0033272276744022063
0.09102981779915217 0.6494915452014848 0.003326553091036842
0.10985411419875583 0.6939022051818594 0.003317310316222194
0.13257113655901082 0.7437776942954283 0.003186262102576889
0.15998587196060574 0.7821859571244734 0.0030719838827562977
0.19306977288832497 0.8175589824129963 0.00293531711955989
0.2329951810515372 0.8412868958404152 0.0028424630205532157
0.2811768697974228 0.8650199678797673 0.0026682098865401897
0.3393221771895326 0.8853547637749424 0.002512573408629977
0.4094915062380423 0.9044826656453923 0.002337677709878858
0.49417133613238334 0.9177915411229831 0.0021877927074618786
0.5963623316594643 0.9299174012947842 0.002067676215477608
0.7196856730011514 0.9408761044336885 0.0019227332097808995
0.868511373751352 0.945868758476466 0.0018671133952856557
1.0481131341546852 0.9546070012540938 0.001744577451189883
1.2648552168552958 0.961769025558979 0.001596673754883096
1.5264179671752318 0.9671769895305133 0.00147560543408081
1.8420699693267144 0.9710258229072563 0.001398063287333841
2.2229964825261934 0.9746086802791964 0.0013157468603525308
2.6826957952797246 0.978023666260752 0.0012232539408661687
3.2374575428176433 0.9787388156408011 0.0012404788772492807
3.906939937054613 0.9819131256934328 0.001147333645291919
4.714866363457389 0.9843717594750271 0.0010625303897159562
5.689866029018293 0.9882459334337703 0.0008970754053897641
6.866488450042998 0.9893751832643153 0.0008712790320810487
8.286427728546842 0.9887078401615711 0.0009135456935798048
10.0 0.9903475925822646 0.0008458857550958278
