0.001 0.0009071341232345067 1.0798078706274019e-05
0.0012067926406393288 0.0013218184997421704 1.5652582423158494e-05
0.0014563484775012444 0.0018667621209648097 2.1998911712304453e-05
0.0017575106248547913 0.0027535674200951975 3.211701965718169e-05
0.0021209508879201904 0.003867749979520579 4.5304508904181855e-05
0.002559547922699536 0.005491836038691346 6.309740418417212e-05
0.0030888435964774815 0.007948163828240163 9.018169556395169e-05
0.003727593720314938 0.011201605412512703 0.00012754519836353457
0.004498432668969444 0.015999996874005912 0.00018090211554478542
0.005428675439323859 0.022469617600447987 0.00024654762444717345
0.006551285568595509 0.030683622083048125 0.00033355055550719705
0.0079060432109077 0.04273836632542959 0.0004549492462413565
0.009540954763499945 0.058403308215010885 0.0006036990112979663
0.01151395399326447 0.07937852826458687 0.000799906763811272
0.013894954943731374 0.10801032240497539 0.001049426652679967
0.016768329368110076 0.13954285309698802 0.0013075845240825854
0.020235896477251564 0.177535267520104 0.00160278711347495
0.02442053094548651 0.2218420867664131 0.0019215025911664444
0.029470517025518096 0.27682585883905864 0.0022629547509070715
0.03556480306223128 0.3395990072517316 0.0025778906681928233
0.04291934260128776 0.3977759765735648 0.002842080737817231
0.0517947467923121 0.4673426579336911 0.0030618699436063598
0.0625055192527397 0.533296912860746 0.0032114513452468907
0.07543120063354615 0.5964374128376421 0.0033112760194501313
0.09102981779915217 0.653181344545359 0.003336590596019347
0.10985411419875583 0.7061380409735135 0.003274782067175824
0.13257113655901082 0.7449948131182355 0.0031808800681563036
0.15998587196060574 0.7860448609389509 0.003071307386755221
0.19306977288832497 0.8200577406452759 0.002921886211902892
0.2329951810515372 0.844975031152697 0.0027819084709541663
0.2811768697974228 0.8737384926782835 0.002596650908656587
0.3393221771895326 0.8894894222281844 0.0024664067222901743
0.4094915062380423 0.9041322394892424 0.002331662470573238
0.49417133613238334 0.9147413700386747 0.00227060429980888
0.5963623316594643 0.93354708918144 0.002017315828421586
0.7196856730011514 0.9425830721113211 0.001905487318413946
0.868511373751352 0.9474694855362031 0.0018360101158372238
1.0481131341546852 0.9569755454907639 0.0016731894482751735
1.2648552168552958 0.9625854334586744 0.0015629103631287498
1.5264179671752318 0.9671446368526984 0.0014967047076899504
1.8420699693267144 0.9726818573118613 0.001359494924441272
2.2229964825261934 0.9755227566036833 0.0012963076172379858
2.6826957952797246 0.9794968622088811 0.0011942209530563803
3.2374575428176433 0.9817134396226045 0.001147644675534004
3.906939937054613 0.9824010181125395 0.0011321589105699195
4.714866363457389 0.9864710777579425 0.0009753973427714707
5.689866029018293 0.9893429833899816 0.0008590664999558639
6.866488450042998 0.9879988199922309 0.0009259925937210488
8.286427728546842 0.9913791588066885 0.0007949971954517624
10.0 0.991952746047374 0.0007806705476865809
