0.001 0.0008614667873191585 1.0416119597745966e-05
0.0012067926406393288 0.0012508349918948776 1.493004040748008e-05
0.0014563484775012444 0.0018147600909205223 2.171942576942497e-05
0.0017575106248547913 0.0025620470693633423 3.0713133811867506e-05
0.0021209508879201904 0.0036999848315464184 4.3629726378350554e-05
0.002559547922699536 0.00535432110941214 6.18670579991717e-05
0.0030888435964774815 0.007491445271691994 8.674903877620115e-05
0.003727593720314938 0.010800698964170331 0.00012147701069178765
0.004498432668969444 0.015330337134306449 0.00017589655194182206
0.005428675439323859 0.021228012440774997 0.0002384864353430941
0.006551285568595509 0.02921560198823439 0.00032462501104132106
0.0079060432109077 0.04101535151404948 0.0004431592625700517
0.009540954763499945 0.055682143385031996 0.0005866978374192095
0.01151395399326447 0.0743289768031439 0.0007736161136919196
0.013894954943731374 0.09998921354641173 0.0009962476205884047
0.016768329368110076 0.13424052586451352 0.0012853893945966044
0.020235896477251564 0.17159825722536415 0.0015862849089134238
0.02442053094548651 0.21565693523864438 0.0019045745664960532
0.029470517025518096 0.2703431897600628 0.00222683591995134
0.03556480306223128 0.32525309362452554 0.002546154805985916
0.04291934260128776 0.39656357508209894 0.0028518703863118413
0.0517947467923121 0.453998615762414 0.003084356925708611
0.0625055192527397 0.5259010442270377 0.003236471456566134
0.07543120063354615 0.5840382812394833 0.003329956957982799
0.09102981779915217 0.6434720763435413 0.0033339288109943887
0.10985411419875583 0.6822619302488725 0.0033566972796963425
0.13257113655901082 0.732128812732933 0.003236078153863673
0.15998587196060574 0.7755502911599417 0.0031298819159139672
0.19306977288832497 0.8130998925795988 0.0029484564123025097
0.2329951810515372 0.837428282788013 0.0028676197010606163
0.2811768697974228 0.8612600977406301 0.0027099901725182755
0.3393221771895326 0.8813334740468403 0.0025582380862780897
0.4094915062380423 0.896229345871244 0.0024191758810921753
0.49417133613238334 0.914515158009691 0.00225920093147931
0.5963623316594643 0.9279858404873897 0.0020954924281517233
0.7196856730011514 0.938268987045203 0.0019519323084773946
0.868511373751352 0.9452771680867882 0.0018919431929309163
1.0481131341546852 0.9557545830687757 0.0017000184978171603
1.2648552168552958 0.9558575890919799 0.0017244256914683374
1.5264179671752318 0.9639552765564471 0.001560108611569595
1.8420699693267144 0.968242306557237 0.0014875627694488013
2.2229964825261934 0.9742511106947288 0.001323026386552304
2.6826957952797246 0.9762105079101168 0.0012935274568252656
3.2374575428176433 0.9794326995894332 0.0012243365646697091
3.906939937054613 0.9815763338236254 0.0011524907123809222
4.714866363457389 0.9847823587740979 0.0010214623451894188
5.689866029018293 0.9847005781309021 0.0010705702570564524
6.866488450042998 0.9878703286220533 0.0009476446914965421
8.286427728546842 0.9893368457896095 0.0008880570246132228
10.0 0.9912985157985662 0.0007866336223057685
