0.001 0.013962083915377054 9.936113970199447e-05
0.0012067926406393288 0.016975279036977327 0.00012081497872153974
0.0014563484775012444 0.020152055597811108 0.00014336121446782775
0.0017575106248547913 0.024676482965422082 0.0001720919768738267
0.0021209508879201904 0.029309216945936294 0.00020684584424112416
0.002559547922699536 0.03556118758390751 0.00024815131928820666
0.0030888435964774815 0.0425923163831086 0.0002944822850302287
0.003727593720314938 0.0508604976137489 0.0003548109475771133
0.004498432668969444 0.06109989977348641 0.0004211601925154019
0.005428675439323859 0.07368295038762737 0.0005004708223577744
0.006551285568595509 0.08810276342572224 0.0005992804607139351
0.0079060432109077 0.10327016699652225 0.0007014871624802361
0.009540954763499945 0.12231552664613896 0.0008188501247898884
0.01151395399326447 0.14547872987039112 0.0009611547359552629
0.013894954943731374 0.17186479460515292 0.0011208556199187594
0.016768329368110076 0.20030232158350664 0.0012900520775403447
0.020235896477251564 0.23539091692979514 0.001465144552601015
0.02442053094548651 0.2747354196121299 0.0016733682402898195
0.029470517025518096 0.31433039705588456 0.0018731945505459872
0.03556480306223128 0.3584586903240214 0.002086986929710807
0.04291934260128776 0.4076550118410629 0.0022720896541678303
0.0517947467923121 0.4567355821747133 0.002476139028961683
0.0625055192527397 0.5142655159378579 0.0025972241252315686
0.07543120063354615 0.5655819853668312 0.002707581150969662
0.09102981779915217 0.6168342621797102 0.0027774802596126423
0.10985411419875583 0.6596879200520329 0.002844705730495584
0.13257113655901082 0.7043309293986797 0.002822132408344698
0.15998587196060574 0.7440444846859229 0.002813223388418008
0.19306977288832497 0.7880743257953754 0.002661337185846767
0.2329951810515372 0.8161934983040618 0.002601808354714275
0.2811768697974228 0.8433119301044142 0.002484358075729079
0.3393221771895326 0.8656140956796112 0.002388896688382047
0.4094915062380423 0.887371059533306 0.0022395348030519527
0.49417133613238334 0.9042189832640919 0.002117700307517388
0.5963623316594643 0.9164452094391451 0.002000753485008938
0.7196856730011514 0.9331414241303397 0.0018324254007204596
0.868511373751352 0.9405014921092566 0.0017583165515654075
1.0481131341546852 0.9496332761841697 0.0016277650156962177
1.2648552168552958 0.9558381348776884 0.001569549258461874
1.5264179671752318 0.9588111289676544 0.00150880515496986
1.8420699693267144 0.9651549786980781 0.0014181993009708483
2.2229964825261934 0.9696762553754678 0.0013344464025623398
2.6826957952797246 0.9759660116243678 0.0012002946748780436
3.2374575428176433 0.9757642380609095 0.0012154016476427663
3.906939937054613 0.9828870427149341 0.0010228875770950986
4.714866363457389 0.9818527235563465 0.0010727547347101482
5.689866029018293 0.9835981186785963 0.001028282398507811
6.866488450042998 0.9866426037908246 0.0009120235289018513
8.286427728546842 0.9884623676726995 0.0008725000298792656
10.0 0.9896423039323464 0.000852272906832731
