0.001 0.01425281176642828 9.89900453101773e-05
0.0012067926406393288 0.01714514949328695 0.00011997396871109554
0.0014563484775012444 0.020663973616337518 0.00014466614326343535
0.0017575106248547913 0.024811856156472863 0.00017466617408109296
0.0021209508879201904 0.02974066601889909 0.00020648982474898145
0.002559547922699536 0.035815307058879725 0.00024915505762813223
0.0030888435964774815 0.04234230128873731 0.0002967012246694598
0.003727593720314938 0.051357344589512764 0.0003544942476025994
0.004498432668969444 0.06156538457541164 0.00042457931968236393
0.005428675439323859 0.0734987963267507 0.0005017153170792586
0.006551285568595509 0.08865431387907877 0.0006000808413049407
0.0079060432109077 0.10575946350078858 0.0007056750321820996
0.009540954763499945 0.12401199274399327 0.000826083897623327
0.01151395399326447 0.14726405000719092 0.0009626058544696085
0.013894954943731374 0.17411947088051666 0.0011215593726754372
0.016768329368110076 0.20301034691877354 0.0013011054253609534
0.020235896477251564 0.23853569973155786 0.001475277276961459
0.02442053094548651 0.2751604501460185 0.0016737333866360113
0.029470517025518096 0.3168255579651651 0.0018971662624685493
0.03556480306223128 0.3625639416291943 0.0020896562192372187
0.04291934260128776 0.41224461589606154 0.0022875161644463405
0.0517947467923121 0.4648679698159542 0.0024444567567359506
0.0625055192527397 0.5156436112969586 0.0025774733354193757
0.07543120063354615 0.5644186188584724 0.0027128654068387732
0.09102981779915217 0.6210462739839157 0.0027666722125099753
0.10985411419875583 0.6638210174910429 0.0028263485551204438
0.13257113655901082 0.7118428362498335 0.002772732570368398
0.15998587196060574 0.7529197616119262 0.0027300469669721173
0.19306977288832497 0.7895639753295239 0.0026605129967220346
0.2329951810515372 0.8173474389340003 0.0026050915161477894
0.2811768697974228 0.8442499331232508 0.0024785374882870304
0.3393221771895326 0.8679293709510691 0.0023543449719415667
0.4094915062380423 0.8894637541224544 0.0022046311935076043
0.49417133613238334 0.9052028128714493 0.0020805546143483956
0.5963623316594643 0.9191555700575101 0.001978439610451068
0.7196856730011514 0.9322094967911664 0.0018398266149325557
0.868511373751352 0.9389101323544555 0.0017883029204553242
1.0481131341546852 0.9490376151485791 0.001671886441178728
1.2648552168552958 0.956824077019168 0.0015365821197650038
1.5264179671752318 0.9627296892098708 0.001429297108631958
1.8420699693267144 0.9673986914563577 0.0013564142686735838
2.2229964825261934 0.9715091737450177 0.0012768612094980548
2.6826957952797246 0.975616803539465 0.0011867643685403641
3.2374575428176433 0.9767731641946639 0.0012016343387417868
3.906939937054613 0.9801547064072218 0.0011191168936097722
4.714866363457389 0.9828943438571985 0.001036005325367986
5.689866029018293 0.9869364948868026 0.0008843672794058783
6.866488450042998 0.9879710503037471 0.0008711474772928772
8.286427728546842 0.987624905610671 0.0009125688038305563
10.0 0.9894831479021362 0.0008474967968741407
