0.001 8.32027928053643e-06 1.3621310535270744e-07
0.0012067926406393288 1.417329961761791e-05 2.311639501508658e-07
0.0014563484775012444 2.506630524517029e-05 4.0579825828732154e-07
0.0017575106248547913 4.315306937793623e-05 7.027400796829775e-07
0.0021209508879201904 7.469745535943247e-05 1.2026817894705222e-06
0.002559547922699536 0.00012941017754849543 2.0856762878957186e-06
0.0030888435964774815 0.0002204217810670905 3.517630839739911e-06
0.003727593720314938 0.0003805232004607734 5.944773547811324e-06
0.004498432668969444 0.0006359971198045254 1.011399044786895e-05
0.005428675439323859 0.0010779125694826749 1.6796387184017384e-05
0.006551285568595509 0.0017980828190491543 2.7370566036308632e-05
0.0079060432109077 0.002981294487020045 4.4971939277340314e-05
0.009540954763499945 0.004959926104553271 7.351736011657262e-05
0.01151395399326447 0.007948019127752884 0.0001143764970833158
0.013894954943731374 0.012621756670593183 0.00018096442233786464
0.016768329368110076 0.019933157841816724 0.00027449095174907344
0.020235896477251564 0.03126858828735526 0.00041684915109284885
0.02442053094548651 0.047746029266645826 0.0006051332520632332
0.029470517025518096 0.06917187069706701 0.00084889173311696
0.03556480306223128 0.09926259904871579 0.001142955788186199
0.04291934260128776 0.13752637490261593 0.0015082244120251727
0.0517947467923121 0.18310016322058353 0.0018643526190780621
0.0625055192527397 0.24455456383269011 0.002319506099131322
0.07543120063354615 0.30440326030799764 0.0026691161822058845
0.09102981779915217 0.37365872687875834 0.003000353292987951
0.10985411419875583 0.4465624407838329 0.003245373023708506
0.13257113655901082 0.517590123733436 0.003426731534230206
0.15998587196060574 0.5784621769739073 0.0035298541886943347
0.19306977288832497 0.6387122219559662 0.0035366200819244736
0.2329951810515372 0.6944305826066384 0.0034561368608390054
0.2811768697974228 0.7383072502843528 0.0033605295268620424
0.3393221771895326 0.7806483351175163 0.0031950692915590374
0.4094915062380423 0.8133025168796993 0.0030584995840135863
0.49417133613238334 0.8399800673380314 0.002937535733144423
0.5963623316594643 0.8627643278820906 0.002788895094460193
0.7196856730011514 0.8873733743230198 0.0025807873518340716
0.868511373751352 0.9086079853705614 0.0023625603621612893
1.0481131341546852 0.9252021596141318 0.0021742409087947266
1.2648552168552958 0.9353092345361241 0.0020415635290753935
1.5264179671752318 0.9389581676803181 0.002011693165520385
1.8420699693267144 0.9480226783278688 0.0018824350616290495
2.2229964825261934 0.9597807085462504 0.001643179099831693
2.6826957952797246 0.9626245736833254 0.001623475160117952
3.2374575428176433 0.9667808277103759 0.0015156103327294843
3.906939937054613 0.9741772893434986 0.0013661260585052881
4.714866363457389 0.9741792114527023 0.0013939919546794954
5.689866029018293 0.9797448013167105 0.001212746707563102
6.866488450042998 0.9814090707418518 0.0011659940477366667
8.286427728546842 0.9829965294450865 0.0011326035944464567
10.0 0.9872729623050023 0.0009706310842447869
