0.001 0.06290921327446267 0.0011163499805598182
0.0012067926406393288 0.07876263089568294 0.0013519969863382295
0.0014563484775012444 0.10065387297450692 0.0016503304508340708
0.0017575106248547913 0.12252105526715591 0.0018835197225148548
0.0021209508879201904 0.15561431635472014 0.0022007688936715175
0.002559547922699536 0.1873545938430008 0.0024104180925221454
0.0030888435964774815 0.22482508616035057 0.002622870549845066
0.003727593720314938 0.27520179067444245 0.0028055686762437104
0.004498432668969444 0.32180157111127994 0.002889477675206335
0.005428675439323859 0.37191964004506406 0.0029343479419314923
0.006551285568595509 0.4291418790900145 0.0029661261742872625
0.0079060432109077 0.49501057370265306 0.002993908457088152
0.009540954763499945 0.5617269430918419 0.002985334703297423
0.01151395399326447 0.6212578891476119 0.002889164757852844
0.013894954943731374 0.6879913420364172 0.002816533754802911
0.016768329368110076 0.7457030174449216 0.002698316987834107
0.020235896477251564 0.794504329744754 0.002547785898119675
0.02442053094548651 0.8397839168572695 0.0023121411963935253
0.029470517025518096 0.876531348123574 0.0020952400028884845
0.03556480306223128 0.9053468812577318 0.0018966427280208268
0.04291934260128776 0.9300840969787436 0.0016467477707713047
0.0517947467923121 0.9455161290207305 0.0014719152253588501
0.0625055192527397 0.9627864608326192 0.0012176573511630561
0.07543120063354615 0.9698169283057072 0.0011159470219919358
0.09102981779915217 0.9771186001762919 0.0009914242282429324
0.10985411419875583 0.9862532529886401 0.0007361495038855038
0.13257113655901082 0.9887514016160756 0.0006801271570294158
0.15998587196060574 0.9919451530818851 0.0005260419839868541
0.19306977288832497 0.9943846893043956 0.00047971260846754396
0.2329951810515372 0.9959063885775858 0.00039447056083504004
0.2811768697974228 0.9972817845139956 0.0003381514001226561
0.3393221771895326 0.998108785327631 0.0002559882302148651
0.4094915062380423 0.998552667623464 0.0002435089810085218
0.49417133613238334 0.9991081738710523 0.00018153481850867494
0.5963623316594643 0.9993887471853401 0.00013692323899983536
0.7196856730011514 0.9994951540888102 0.00014497754314001313
0.868511373751352 0.9995414221098401 0.00014845960996509393
1.0481131341546852 0.9997613654189529 0.00011130584465239248
1.2648552168552958 0.9997060077693967 0.00011733476042303171
1.5264179671752318 0.9998722619629774 4.555244742800079e-05
1.8420699693267144 0.9999115823507727 6.033457487033315e-05
2.2229964825261934 0.9999960891429479 3.282272751460236e-06
2.6826957952797246 0.9999968898870476 1.5256880363703451e-06
3.2374575428176433 0.9999244147664882 4.3155266552907306e-05
3.906939937054613 0.9999908818822896 6.381917248703272e-06
4.714866363457389 0.9999996907618713 2.400233372386739e-07
5.689866029018293 0.9999999347381435 5.500697029529791e-08
6.866488450042998 0.9999962708644121 3.700768727859942e-06
8.286427728546842 0.9999984359087288 1.5617989814849323e-06
10.0 0.9999999918752037 8.12438587729113e-09
