0.001 0.060794357034749315 0.001097416395684798
0.0012067926406393288 0.0793781645538617 0.0013687683681267953
0.0014563484775012444 0.10021076945919477 0.0016481915168641348
0.0017575106248547913 0.12464416214141129 0.0019222179642553675
0.0021209508879201904 0.1589666329937609 0.0022364402680350604
0.002559547922699536 0.18971018977396933 0.002481381128301601
0.0030888435964774815 0.22683769869786033 0.0026605943934273606
0.003727593720314938 0.2664198202979645 0.002773665991322769
0.004498432668969444 0.3165693399273096 0.0028740779278775917
0.005428675439323859 0.3685292652285705 0.0029421556354093836
0.006551285568595509 0.4295724838665819 0.0029899434199729008
0.0079060432109077 0.4962523302548496 0.0029972350921047826
0.009540954763499945 0.5564454703189162 0.0029908046843129896
0.01151395399326447 0.6233952659645307 0.0029409617160190728
0.013894954943731374 0.6858035492536462 0.0028440570631848797
0.016768329368110076 0.7440193002639262 0.0027152138298807303
0.020235896477251564 0.7951556363481165 0.00250943677680858
0.02442053094548651 0.8398567821960682 0.002311603725285545
0.029470517025518096 0.8749166191616657 0.002092170943942892
0.03556480306223128 0.9051040222190851 0.0019049841717280903
0.04291934260128776 0.9282674746673029 0.0016636054992657712
0.0517947467923121 0.9493148269712463 0.001430973029318255
0.0625055192527397 0.9623514037985343 0.0012467645805568344
0.07543120063354615 0.970016126043569 0.001148310592173785
0.09102981779915217 0.9790015330877255 0.0009046988419437235
0.10985411419875583 0.9846642134947441 0.0008063371245674026
0.13257113655901082 0.9899073931777993 0.0006492665608644879
0.15998587196060574 0.991410206842504 0.0006021127077814664
0.19306977288832497 0.9939436395626219 0.0005025135329404755
0.2329951810515372 0.9954986156411673 0.0004330230219472923
0.2811768697974228 0.9966257919040769 0.0003687417295245586
0.3393221771895326 0.9979359870782407 0.00030576705443785844
0.4094915062380423 0.9987106362419942 0.00025350070062158357
0.49417133613238334 0.9988858956739887 0.0002139268048663872
0.5963623316594643 0.99920268751314 0.00016951331032351028
0.7196856730011514 0.9996088081716975 0.00013699027020411806
0.868511373751352 0.9996352986257753 0.0001274548839996879
1.0481131341546852 0.9995126909105225 0.00016715212460330044
1.2648552168552958 0.9996977794465838 0.00014490639131652938
1.5264179671752318 0.9998254783576714 0.0001039301004061741
1.8420699693267144 0.9997734955104348 0.0001310011250428787
2.2229964825261934 0.9999933990450743 4.155971812246339e-06
2.6826957952797246 0.9999098638281595 6.0178739565880154e-05
3.2374575428176433 0.9999869506798302 5.321984545746925e-06
3.906939937054613 0.9999984357750121 1.0507484319870115e-06
4.714866363457389 0.9999998876779765 6.083197314193126e-08
5.689866029018293 0.9999492361113276 4.884866267731983e-05
6.866488450042998 0.9999993802797784 4.277528716537621e-07
8.286427728546842 0.999997959296792 2.038552453442957e-06
10.0 0.9999999996860379 2.2099825524230273e-10
