0.001 0.06020155448682765 0.0010914526070519614
0.0012067926406393288 0.07780794055120219 0.0013551887097425018
0.0014563484775012444 0.10011016398973818 0.0016514630500505856
0.0017575106248547913 0.1233515326622514 0.0019072670672827339
0.0021209508879201904 0.15975339873724054 0.002248948123549489
0.002559547922699536 0.18722520131918868 0.002436688164946592
0.0030888435964774815 0.22443234386119124 0.0026340462901461737
0.003727593720314938 0.26597450519999405 0.0027508695147807826
0.004498432668969444 0.31407029818174725 0.002861126015561702
0.005428675439323859 0.3705302875034305 0.002943208372549353
0.006551285568595509 0.4240992062112952 0.0029772235759964096
0.0079060432109077 0.4905364798229626 0.002994055199188968
0.009540954763499945 0.5576625828660212 0.0029856041766372437
0.01151395399326447 0.6170722407163607 0.002934232964980255
0.013894954943731374 0.6828984746768031 0.0028776760490698606
0.016768329368110076 0.7424550440516754 0.002704264208494635
0.020235896477251564 0.7913788530945369 0.002544265006205354
0.02442053094548651 0.8379104625758431 0.0023502554673590515
0.029470517025518096 0.8752988163477603 0.0021222070118186638
0.03556480306223128 0.905486989871878 0.0018960292354193858
0.04291934260128776 0.9256584423181048 0.0017317374208397499
0.0517947467923121 0.945145380205715 0.0015010116066658885
0.0625055192527397 0.9600652495714003 0.0012706450797692493
0.07543120063354615 0.9691383842755255 0.0011535024094212031
0.09102981779915217 0.977430820147248 0.0009737339484124065
0.10985411419875583 0.9835922568202458 0.0008329976976232222
0.13257113655901082 0.9871913403571463 0.0007479964212919669
0.15998587196060574 0.9914267464142619 0.0006039323460449906
0.19306977288832497 0.9933575519153246 0.0005261464499813853
0.2329951810515372 0.9958561120565972 0.00038360899140546815
0.2811768697974228 0.9964016770989065 0.0003768747069169209
0.3393221771895326 0.9971866528113609 0.00036384062711614524
0.4094915062380423 0.9982439919930304 0.0002710112756223313
0.49417133613238334 0.9988249420062648 0.00024046023579851863
0.5963623316594643 0.9993246409383897 0.00015438724452080638
0.7196856730011514 0.9994085542369472 0.00016632592951494046
0.868511373751352 0.9996683995707952 0.0001206387885993629
1.0481131341546852 0.9997181547064904 8.445845204660731e-05
1.2648552168552958 0.999740703052804 0.00011319436261130309
1.5264179671752318 0.9997718966631455 8.52107335884095e-05
1.8420699693267144 0.9999635365984683 2.3355746231079946e-05
2.2229964825261934 0.9998944766905239 8.812702995229481e-05
2.6826957952797246 0.9998745367886044 7.107035139123335e-05
3.2374575428176433 0.9999216610234948 7.800266689476434e-05
3.906939937054613 0.9999617837226581 2.903954822415086e-05
4.714866363457389 0.9999962109792814 3.6875272957243325e-06
5.689866029018293 0.9999333579698632 5.580131768758266e-05
6.866488450042998 0.999999393433963 5.423463871743059e-07
8.286427728546842 0.9999966461841697 3.202709132511101e-06
10.0 0.9999986602302837 1.3067999672497603e-06
