0.001 0.11429044376134626 0.0011236452819900495
0.0012067926406393288 0.13448638073179545 0.0012762765241941271
0.0014563484775012444 0.15833174680295264 0.0014455616261634585
0.0017575106248547913 0.18225883409096935 0.0016140213638378845
0.0021209508879201904 0.21357133162858563 0.0018022719435077238
0.002559547922699536 0.2443790656463389 0.001984977913486157
0.0030888435964774815 0.28325530754175204 0.0021447503988106823
0.003727593720314938 0.32315251770805264 0.0022646131973353984
0.004498432668969444 0.3601892289532443 0.002341878357726798
0.005428675439323859 0.4038369992328443 0.0024273148026858443
0.006551285568595509 0.45754850537096 0.0025123257227317873
0.0079060432109077 0.5019227254674443 0.002485866588777736
0.009540954763499945 0.5497992231047246 0.002483655835521063
0.01151395399326447 0.6068961050272522 0.0024708701783506272
0.013894954943731374 0.6613426147617867 0.0024039243676360015
0.016768329368110076 0.7079643855580736 0.0023395954680231245
0.020235896477251564 0.753818045300266 0.002218780284189044
0.02442053094548651 0.7929319409172226 0.002111946162238893
0.029470517025518096 0.8350692625709355 0.001951839597957115
0.03556480306223128 0.8699786462570867 0.0017872209660912458
0.04291934260128776 0.896461242936604 0.0016463700618763238
0.0517947467923121 0.9232417797179238 0.0014435975210325238
0.0625055192527397 0.9402548616398749 0.0013000365027466341
0.07543120063354615 0.9552339661459106 0.0011305482390167314
0.09102981779915217 0.9647518961226836 0.0010203783195123818
0.10985411419875583 0.9751651634719306 0.0008520375854475654
0.13257113655901082 0.9831917520830726 0.0006989855640482534
0.15998587196060574 0.9862741720345073 0.0006375527954711766
0.19306977288832497 0.9903370076953811 0.0005426745074603355
0.2329951810515372 0.9931862052413774 0.00044408293332642124
0.2811768697974228 0.9937960195550273 0.0004596915885801061
0.3393221771895326 0.9966615571760707 0.0003028160302139617
0.4094915062380423 0.997308032437222 0.000300961998602849
0.49417133613238334 0.99817169633464 0.00022097935511600274
0.5963623316594643 0.9989634880070214 0.0001528703073220635
0.7196856730011514 0.9989452486093976 0.0001804932387828564
0.868511373751352 0.9989894245782943 0.00019442669736564937
1.0481131341546852 0.9995775838402844 8.517748524840855e-05
1.2648552168552958 0.9995528298114338 0.00012947453816913578
1.5264179671752318 0.9997515191391727 8.192054505928966e-05
1.8420699693267144 0.9997838029215341 7.12111525978048e-05
2.2229964825261934 0.9997991689370971 8.151295889052947e-05
2.6826957952797246 0.9999302164061983 3.3421360030794596e-05
3.2374575428176433 0.9999597560672926 2.3999756571573252e-05
3.906939937054613 0.9999700693028694 1.8073900523159746e-05
4.714866363457389 0.9999615429065314 2.838572779358198e-05
5.689866029018293 0.9999911170507516 6.852896513055908e-06
6.866488450042998 0.9999961727030406 3.743689231186826e-06
8.286427728546842 0.9999996722066357 3.1873363878969036e-07
10.0 0.9999974776910654 1.4478106686037086e-06
