0.001 0.11544746647778502 0.0011239755152363626
0.0012067926406393288 0.1363415848589412 0.0012926869806649643
0.0014563484775012444 0.15855476400426285 0.0014608997976084195
0.0017575106248547913 0.18407700697213428 0.0016264260223073329
0.0021209508879201904 0.21773444507957773 0.001830411230992874
0.002559547922699536 0.2470298290374749 0.0020058072820731197
0.0030888435964774815 0.282307129780407 0.002149102435683431
0.003727593720314938 0.3189198962558102 0.002258008166541734
0.004498432668969444 0.36243364729435346 0.0023606446079371436
0.005428675439323859 0.40562084786984126 0.0024432562131823455
0.006551285568595509 0.45536537424997986 0.00249212961792376
0.0079060432109077 0.5073273409942982 0.0024996766292535956
0.009540954763499945 0.5545100658506268 0.0024981777796708486
0.01151395399326447 0.6069551338203186 0.002459274357148272
0.013894954943731374 0.6575780835898327 0.00240036039521888
0.016768329368110076 0.7073374601382698 0.0023249937395122323
0.020235896477251564 0.7536011120497587 0.0021920593818161023
0.02442053094548651 0.797475839629869 0.002074901535578375
0.029470517025518096 0.8348783699726823 0.0019346566100985714
0.03556480306223128 0.8701392123228782 0.0018017130557348886
0.04291934260128776 0.898134376917639 0.0016215953628135565
0.0517947467923121 0.9246094075986857 0.001420298127840812
0.0625055192527397 0.9433426193309077 0.001257632584645052
0.07543120063354615 0.9551038313718163 0.001162370616915784
0.09102981779915217 0.9668260573897367 0.0009587199957585882
0.10985411419875583 0.9762179315998212 0.0008433323775035664
0.13257113655901082 0.9835085027156681 0.0006915257310094542
0.15998587196060574 0.986313397746402 0.0006412796501769169
0.19306977288832497 0.9902655250817693 0.0005388728520145578
0.2329951810515372 0.9928314156966946 0.00046562834501801226
0.2811768697974228 0.9943148759914396 0.00040449167632044815
0.3393221771895326 0.996598816279203 0.00032446721774334234
0.4094915062380423 0.9977375428204889 0.00026082132649394343
0.49417133613238334 0.9981058010767556 0.00023437638896190737
0.5963623316594643 0.9986557764678419 0.00019226014826855854
0.7196856730011514 0.999260236068616 0.0001431422275327748
0.868511373751352 0.9993851646756411 0.00013392611517946338
1.0481131341546852 0.999327242054827 0.00016604209456971375
1.2648552168552958 0.9995655892836283 0.00013682749985058322
1.5264179671752318 0.9997494318067617 0.00010206540146924712
1.8420699693267144 0.9997417917513878 0.00012125889212511121
2.2229964825261934 0.9999600949146954 1.529931601976874e-05
2.6826957952797246 0.9998722942923172 6.500008534561855e-05
3.2374575428176433 0.9999342787325204 2.1465429313997047e-05
3.906939937054613 0.9999835849634923 7.332914184631026e-06
4.714866363457389 0.9999958524561166 1.9412287077828857e-06
5.689866029018293 0.9999388294024273 4.989332951118233e-05
6.866488450042998 0.9999927200071794 4.592920845852358e-06
8.286427728546842 0.9999910777188917 8.49064905949426e-06
10.0 0.9999998480931196 1.0231381768649357e-07
