0.001 0.008544812139596994 0.00021841273497644857
0.0012067926406393288 0.013260053815551485 0.00033361391595953296
0.0014563484775012444 0.019617458332858658 0.0004813322191015953
0.0017575106248547913 0.028183359763599914 0.000677285592895717
0.0021209508879201904 0.04188519548245978 0.000953269223676275
0.002559547922699536 0.05702945255670478 0.001257549263551813
0.0030888435964774815 0.07540674312425406 0.0015840172256407332
0.003727593720314938 0.09583395339528027 0.001907231160653788
0.004498432668969444 0.1223421975477175 0.002224146276421716
0.005428675439323859 0.15207028957449994 0.0025098712868502153
0.006551285568595509 0.18941084465343777 0.00276531081819812
0.0079060432109077 0.2316711300156418 0.00292190812946032
0.009540954763499945 0.276612767817659 0.003053204193143931
0.01151395399326447 0.3316146241799019 0.003122140759258655
0.013894954943731374 0.39213757980372266 0.0031736305424168686
0.016768329368110076 0.4595637119718907 0.00320021080854541
0.020235896477251564 0.5263710009510111 0.0031835453226557956
0.02442053094548651 0.5986014268271951 0.003143631967502477
0.029470517025518096 0.6642179723765029 0.0030676751975217153
0.03556480306223128 0.7318539111513587 0.0029231337507303395
0.04291934260128776 0.7852778739786788 0.002737333207195478
0.0517947467923121 0.8379551230235873 0.002447826419061101
0.0625055192527397 0.8773918400392944 0.002215760150478513
0.07543120063354615 0.9035935117959377 0.0020268203820185916
0.09102981779915217 0.9264153317818212 0.0017763956986099102
0.10985411419875583 0.947838210702365 0.0015378804674338789
0.13257113655901082 0.963152883331846 0.0012764226644347925
0.15998587196060574 0.9696846682857917 0.001183036836155821
0.19306977288832497 0.9783226547264722 0.001005942083514487
0.2329951810515372 0.9840741685061339 0.0008725796958735303
0.2811768697974228 0.9871344157179576 0.0007652626869668548
0.3393221771895326 0.9924249920053942 0.0005895306074970101
0.4094915062380423 0.9948854048745139 0.00046022188179699704
0.49417133613238334 0.9957038217531561 0.0004428455976672449
0.5963623316594643 0.9969231555214959 0.00038080621605349386
0.7196856730011514 0.9982844704555559 0.0002585757649068555
0.868511373751352 0.9986074548126559 0.0002496062683979268
1.0481131341546852 0.9986396092716353 0.00027316152229376483
1.2648552168552958 0.9991289876673287 0.00020538344201847408
1.5264179671752318 0.9994919106107342 0.00016133414144206199
1.8420699693267144 0.9995592832899861 0.00017067905275888978
2.2229964825261934 0.999887098646233 4.190000193613833e-05
2.6826957952797246 0.999725350592418 0.00012368510449129312
3.2374575428176433 0.9998162788064079 5.908664082509047e-05
3.906939937054613 0.9999523439816074 2.100343501527466e-05
4.714866363457389 0.9999876700806981 5.763614053219845e-06
5.689866029018293 0.999879215929327 8.993146802614661e-05
6.866488450042998 0.9999787863849746 1.3349667852136878e-05
8.286427728546842 0.9999753349945116 2.3373291000296577e-05
10.0 0.9999995445933962 3.0672080647747e-07
