0.001 0.06764775274845868 2.0191902833069712e-05
0.0012067926406393288 0.09317611056763357 2.9345037358971078e-05
0.0014563484775012444 0.12675040728421608 3.7690029917417434e-05
0.0017575106248547913 0.17026347270569545 4.753355660039994e-05
0.0021209508879201904 0.22509444053732722 5.66138263763106e-05
0.002559547922699536 0.2924054115645371 6.915931349546711e-05
0.0030888435964774815 0.37218759525635065 7.966262546540134e-05
0.003727593720314938 0.46292884138513607 8.923594370333027e-05
0.004498432668969444 0.5610539219234923 9.330629154344206e-05
0.005428675439323859 0.6610050547788134 9.303199551834266e-05
0.006551285568595509 0.755939889308685 8.601248689739282e-05
0.0079060432109077 0.8384184626237619 6.789157604366208e-05
0.009540954763499945 0.9035145367078994 4.804606676567171e-05
0.01151395399326447 0.9491937038880885 3.110421370543552e-05
0.013894954943731374 0.9769353734675403 1.712850542882432e-05
0.016768329368110076 0.9912443267201417 7.894962684764673e-06
0.020235896477251564 0.9973091311559754 2.8032245354571202e-06
0.02442053094548651 0.9993604535313352 7.979822739033282e-07
0.029470517025518096 0.999886884660077 1.5556146466862805e-07
0.03556480306223128 0.9999861515583299 2.2257275164756343e-08
0.04291934260128776 0.9999989106974888 2.105112278375999e-09
0.0517947467923121 0.9999999488065139 1.1027979182477952e-10
0.0625055192527397 0.9999999987201028 3.0790584702553125e-12
0.07543120063354615 0.9999999999851589 4.072583566636996e-14
0.09102981779915217 0.9999999999999307 2.0835408050660924e-16
0.10985411419875583 1.0 2.083673008682059e-18
0.13257113655901082 1.0 6.705600017716362e-19
0.15998587196060574 1.0 2.126301733773437e-18
0.19306977288832497 1.0 2.1095406091322426e-18
0.2329951810515372 1.0 0.0
0.2811768697974228 1.0 0.0
0.3393221771895326 1.0 0.0
0.4094915062380423 1.0 0.0
0.49417133613238334 1.0 0.0
0.5963623316594643 1.0 0.0
0.7196856730011514 1.0 0.0
0.868511373751352 1.0 0.0
1.0481131341546852 1.0 0.0
1.2648552168552958 1.0 0.0
1.5264179671752318 1.0 0.0
1.8420699693267144 1.0 0.0
2.2229964825261934 1.0 0.0
2.6826957952797246 1.0 0.0
3.2374575428176433 1.0 0.0
3.906939937054613 1.0 0.0
4.714866363457389 1.0 0.0
5.689866029018293 1.0 0.0
6.866488450042998 1.0 0.0
8.286427728546842 1.0 0.0
10.0 1.0 0.0
