0.001 0.13428128912376247 2.6346991642457715e-05
0.0012067926406393288 0.1597365980622418 3.239429245595693e-05
0.0014563484775012444 0.1894200305846286 3.774478693372873e-05
0.0017575106248547913 0.22385178000027886 4.2761096244432826e-05
0.0021209508879201904 0.26351917617283954 4.853529168955988e-05
0.002559547922699536 0.3086008255806268 5.541215913735317e-05
0.0030888435964774815 0.3594007642795722 5.913320372167956e-05
0.003727593720314938 0.41583825535177493 6.742072031215731e-05
0.004498432668969444 0.477353749952869 7.423201296398815e-05
0.005428675439323859 0.5428564559160016 7.719750397245552e-05
0.006551285568595509 0.6111740968264775 7.643370658207329e-05
0.0079060432109077 0.6801961451481324 7.579866984231956e-05
0.009540954763499945 0.7472820279500301 7.119230595504737e-05
0.01151395399326447 0.8098547804506739 6.326545001548315e-05
0.013894954943731374 0.865086749706154 5.525567791391977e-05
0.016768329368110076 0.9106425971791395 4.007859531426716e-05
0.020235896477251564 0.945889438681878 3.122400628242366e-05
0.02442053094548651 0.9703823202673442 2.0828457178059947e-05
0.029470517025518096 0.9856767808092595 1.1417895470975614e-05
0.03556480306223128 0.9940379628048172 5.5519018274086325e-06
0.04291934260128776 0.9979333475432092 2.295172420344797e-06
0.0517947467923121 0.9994210399951658 7.116175221083956e-07
0.0625055192527397 0.9998766026310719 1.873651247720013e-07
0.07543120063354615 0.9999806323087612 3.2490047600306054e-08
0.09102981779915217 0.9999979510067338 4.125411920265623e-09
0.10985411419875583 0.999999861897964 3.029747544891839e-10
0.13257113655901082 0.9999999947158426 1.327446956344216e-11
0.15998587196060574 0.9999999998962279 2.8893829907779616e-13
0.19306977288832497 0.9999999999990916 2.7494050940546495e-15
0.2329951810515372 0.9999999999999971 1.0123079046105619e-17
0.2811768697974228 1.0 0.0
0.3393221771895326 1.0 0.0
0.4094915062380423 1.0 0.0
0.49417133613238334 1.0 0.0
0.5963623316594643 1.0 0.0
0.7196856730011514 1.0 0.0
0.868511373751352 1.0 0.0
1.0481131341546852 1.0 0.0
1.2648552168552958 1.0 0.0
1.5264179671752318 1.0 0.0
1.8420699693267144 1.0 0.0
2.2229964825261934 1.0 0.0
2.6826957952797246 1.0 0.0
3.2374575428176433 1.0 0.0
3.906939937054613 1.0 0.0
4.714866363457389 1.0 0.0
5.689866029018293 1.0 0.0
6.866488450042998 1.0 0.0
8.286427728546842 1.0 0.0
10.0 1.0 0.0
