0.001 0.12463710644748371 2.68230787790718e-05
0.0012067926406393288 0.14840619651923115 3.207507302038504e-05
0.0014563484775012444 0.17625366337622717 3.7511297323573396e-05
0.0017575106248547913 0.20864022490525913 4.32657361438491e-05
0.0021209508879201904 0.24603756619446207 5.058876381026694e-05
0.002559547922699536 0.2886774300946239 5.596703484301993e-05
0.0030888435964774815 0.3371552858719247 6.400700186898936e-05
0.003727593720314938 0.3912410288219413 7.134000741754958e-05
0.004498432668969444 0.45050874223957016 7.425230353378011e-05
0.005428675439323859 0.514538735033034 7.829123003967989e-05
0.006551285568595509 0.5818128778554589 8.211020812663906e-05
0.0079060432109077 0.6507831416535788 8.012920376494474e-05
0.009540954763499945 0.7191516753254289 7.992073432478878e-05
0.01151395399326447 0.7839138441668676 7.214203053358128e-05
0.013894954943731374 0.8425635890750495 6.27488367672802e-05
0.016768329368110076 0.8926387709657045 5.206558352912846e-05
0.020235896477251564 0.9323153104425377 3.880876547994314e-05
0.02442053094548651 0.9611592502503158 2.588527217262981e-05
0.029470517025518096 0.980116774256071 1.5154041860761269e-05
0.03556480306223128 0.9911660419586104 8.18628319596985e-06
0.04291934260128776 0.996673758000951 3.6287116076295186e-06
0.0517947467923121 0.9989765504457362 1.3168234431402427e-06
0.0625055192527397 0.99975276803628 3.63109612610581e-07
0.07543120063354615 0.9999554502527349 7.56540701530956e-08
0.09102981779915217 0.9999943779776266 1.1074818512857353e-08
0.10985411419875583 0.9999995357049832 1.0385508059458542e-09
0.13257113655901082 0.999999977165569 5.830704685883613e-11
0.15998587196060574 0.999999999390257 1.6980717399250339e-12
0.19306977288832497 0.9999999999923331 2.348911557236156e-14
0.2329951810515372 0.999999999999961 1.310743559089233e-16
0.2811768697974228 1.0 1.0177784514167813e-18
0.3393221771895326 1.0 0.0
0.4094915062380423 1.0 0.0
0.49417133613238334 1.0 0.0
0.5963623316594643 1.0 0.0
0.7196856730011514 1.0 0.0
0.868511373751352 1.0 0.0
1.0481131341546852 1.0 0.0
1.2648552168552958 1.0 0.0
1.5264179671752318 1.0 0.0
1.8420699693267144 1.0 0.0
2.2229964825261934 1.0 0.0
2.6826957952797246 1.0 0.0
3.2374575428176433 1.0 0.0
3.906939937054613 1.0 0.0
4.714866363457389 1.0 0.0
5.689866029018293 1.0 0.0
6.866488450042998 1.0 0.0
8.286427728546842 1.0 0.0
10.0 1.0 0.0
