0.001 0.1587901891637191 2.466753307012538e-05
0.0012067926406393288 0.18845324722688264 3.1180497955491805e-05
0.0014563484775012444 0.2227322982314674 3.557474658470622e-05
0.0017575106248547913 0.26223968895025973 4.03242095075586e-05
0.0021209508879201904 0.30715241924264436 4.3839197060933975e-05
0.002559547922699536 0.35775235847969306 4.97023045977019e-05
0.0030888435964774815 0.4139321271686096 5.4436131815446245e-05
0.003727593720314938 0.4752631448925127 5.957621935204078e-05
0.004498432668969444 0.5408007118613909 6.289673455240525e-05
0.005428675439323859 0.6090877773584331 6.585863484091983e-05
0.006551285568595509 0.6782058729101902 6.707792372211385e-05
0.0079060432109077 0.7453399703267425 6.121824420706998e-05
0.009540954763499945 0.8080044999186698 5.331614181653206e-05
0.01151395399326447 0.8635708069248543 4.576772882308698e-05
0.013894954943731374 0.9096157611510501 3.672657402677159e-05
0.016768329368110076 0.9450201373409319 2.7086045789862354e-05
0.020235896477251564 0.9697917595726392 1.7221632707420422e-05
0.02442053094548651 0.985361496582236 1.007758839074839e-05
0.029470517025518096 0.9938648695429146 4.709332520291045e-06
0.03556480306223128 0.9978589070174468 1.963764517453418e-06
0.04291934260128776 0.9994011033289336 6.761507533698161e-07
0.0517947467923121 0.9998704211526858 1.6593143101267498e-07
0.0625055192527397 0.9999795664497818 3.0180086934291427e-08
0.07543120063354615 0.9999978089056487 3.822824081117155e-09
0.09102981779915217 0.9999998512037986 2.95955352154849e-10
0.10985411419875583 0.9999999942084543 1.3104437030543231e-11
0.13257113655901082 0.9999999998840458 2.8988721215314394e-13
0.15998587196060574 0.9999999999989736 2.9189080064988676e-15
0.19306977288832497 0.9999999999999968 1.0963507176514854e-17
0.2329951810515372 1.0 0.0
0.2811768697974228 1.0 0.0
0.3393221771895326 1.0 0.0
0.4094915062380423 1.0 0.0
0.49417133613238334 1.0 0.0
0.5963623316594643 1.0 0.0
0.7196856730011514 1.0 0.0
0.868511373751352 1.0 0.0
1.0481131341546852 1.0 0.0
1.2648552168552958 1.0 0.0
1.5264179671752318 1.0 0.0
1.8420699693267144 1.0 0.0
2.2229964825261934 1.0 0.0
2.6826957952797246 1.0 0.0
3.2374575428176433 1.0 0.0
3.906939937054613 1.0 0.0
4.714866363457389 1.0 0.0
5.689866029018293 1.0 0.0
6.866488450042998 1.0 0.0
8.286427728546842 1.0 0.0
10.0 1.0 0.0
