0.001 0.0019389195804982123 1.3485818675073205e-06
0.0012067926406393288 0.003273275301315236 2.3356747874752957e-06
0.0014563484775012444 0.0054830117332368075 3.7837692469937722e-06
0.0017575106248547913 0.009094257777489487 6.0800925553251495e-06
0.0021209508879201904 0.014913155660986124 1.0013155000914246e-05
0.002559547922699536 0.02408463209787028 1.5110015101420935e-05
0.0030888435964774815 0.03836805234602289 2.3396912809559958e-05
0.003727593720314938 0.05994808517759135 3.49734879270338e-05
0.004498432668969444 0.0915102464962737 4.7744700291812e-05
0.005428675439323859 0.13632029545718882 6.527366267804145e-05
0.006551285568595509 0.1970668529925645 8.759912205253075e-05
0.0079060432109077 0.2757457454770606 0.00010575435539256757
0.009540954763499945 0.37206962986320086 0.0001284281012928935
0.01151395399326447 0.4818550208464771 0.00013692166032211418
0.013894954943731374 0.5982474682977117 0.00013676104586905446
0.016768329368110076 0.7113311275505684 0.00012661268848557442
0.020235896477251564 0.8104217896917544 0.00010236099945139936
0.02442053094548651 0.8879643337177993 7.225672519520767e-05
0.029470517025518096 0.9415352514686983 4.384779911428324e-05
0.03556480306223128 0.9737335469805577 2.4176170751932894e-05
0.04291934260128776 0.9900548226885759 1.0823472782704262e-05
0.0517947467923121 0.9969328445851529 3.94364166337038e-06
0.0625055192527397 0.9992584914192499 1.0888809348600653e-06
0.07543120063354615 0.9998663568838554 2.2694585410867748e-07
0.09102981779915217 0.9999831340313811 3.322416158299733e-08
0.10985411419875583 0.9999986071156288 3.1156502162995474e-09
0.13257113655901082 0.9999999314967081 1.7492113486153125e-10
0.15998587196060574 0.9999999981707706 5.09421521977472e-12
0.19306977288832497 0.9999999999769987 7.046734652924458e-14
0.2329951810515372 0.9999999999998831 3.9322306772676985e-16
0.2811768697974228 1.0 3.0533353542503436e-18
0.3393221771895326 1.0 0.0
0.4094915062380423 1.0 0.0
0.49417133613238334 1.0 0.0
0.5963623316594643 1.0 0.0
0.7196856730011514 1.0 0.0
0.868511373751352 1.0 0.0
1.0481131341546852 1.0 0.0
1.2648552168552958 1.0 0.0
1.5264179671752318 1.0 0.0
1.8420699693267144 1.0 0.0
2.2229964825261934 1.0 0.0
2.6826957952797246 1.0 0.0
3.2374575428176433 1.0 0.0
3.906939937054613 1.0 0.0
4.714866363457389 1.0 0.0
5.689866029018293 1.0 0.0
6.866488450042998 1.0 0.0
8.286427728546842 1.0 0.0
10.0 1.0 0.0
