0.001 0.0024241427130308317 1.519661007311218e-06
0.0012067926406393288 0.004080958080431437 2.679193474619696e-06
0.0014563484775012444 0.00680468444797816 4.399528986673412e-06
0.0017575106248547913 0.011229711226248528 6.953122834803688e-06
0.0021209508879201904 0.01831839664536761 1.0772162527626461e-05
0.002559547922699536 0.029418475645660778 1.6921170665982312e-05
0.0030888435964774815 0.046461738095628966 2.412181384376942e-05
0.003727593720314938 0.0719650543518323 3.6908574124994893e-05
0.004498432668969444 0.1088532554438731 5.351719560526926e-05
0.005428675439323859 0.1600747335848191 7.181144486366107e-05
0.006551285568595509 0.22840263902522184 8.901983123741905e-05
0.0079060432109077 0.31482273314788606 0.00010888548918953297
0.009540954763499945 0.41741973845921665 0.00012279674268772457
0.01151395399326447 0.5312531484471883 0.00012717814179847005
0.013894954943731374 0.6474891132363786 0.00012647278206070922
0.016768329368110076 0.7552125907716428 0.00010092055478417407
0.020235896477251564 0.8463214893423591 8.456333599385917e-05
0.02442053094548651 0.9137652569462165 5.921615482934967e-05
0.029470517025518096 0.9576467267081201 3.338068486350457e-05
0.03556480306223128 0.98222123379105 1.6481604292096726e-05
0.04291934260128776 0.9938130046973325 6.860931408917388e-06
0.0517947467923121 0.9982641405595448 2.132743862187902e-06
0.0625055192527397 0.9996298546251231 5.619800006289815e-07
0.07543120063354615 0.9999418980832652 9.746709923970855e-08
0.09102981779915217 0.9999938530333071 1.2376196011256974e-08
0.10985411419875583 0.9999995856939516 9.089240722954773e-10
0.13257113655901082 0.9999999841475272 3.9823408295136105e-11
0.15998587196060574 0.9999999996886838 8.668148972360439e-13
0.19306977288832497 0.999999999997275 8.248214886198594e-15
0.2329951810515372 0.9999999999999907 3.0255347614766834e-17
0.2811768697974228 1.0 0.0
0.3393221771895326 1.0 0.0
0.4094915062380423 1.0 0.0
0.49417133613238334 1.0 0.0
0.5963623316594643 1.0 0.0
0.7196856730011514 1.0 0.0
0.868511373751352 1.0 0.0
1.0481131341546852 1.0 0.0
1.2648552168552958 1.0 0.0
1.5264179671752318 1.0 0.0
1.8420699693267144 1.0 0.0
2.2229964825261934 1.0 0.0
2.6826957952797246 1.0 0.0
3.2374575428176433 1.0 0.0
3.906939937054613 1.0 0.0
4.714866363457389 1.0 0.0
5.689866029018293 1.0 0.0
6.866488450042998 1.0 0.0
8.286427728546842 1.0 0.0
10.0 1.0 0.0
