0.001 0.01884057424660065 0.0001907573714321627
0.0012067926406393288 0.022861082352066978 0.00022710654216856352
0.0014563484775012444 0.027043343394111203 0.0002722896789842643
0.0017575106248547913 0.03287925174386392 0.00032716813301486314
0.0021209508879201904 0.039129506674005644 0.00039307245663720326
0.002559547922699536 0.047074361219390626 0.00045797207875840075
0.0030888435964774815 0.05737816442517408 0.000553190554741052
0.003727593720314938 0.06708006197109471 0.0006531456905316152
0.004498432668969444 0.07969485385068734 0.0007801546317001963
0.005428675439323859 0.09494067688110003 0.0009122611353073883
0.006551285568595509 0.11238339794836384 0.001069620735121504
0.0079060432109077 0.1333574320119242 0.0012561500666149511
0.009540954763499945 0.15542035132901627 0.0014635316124151357
0.01151395399326447 0.1809513814455937 0.001667482169071567
0.013894954943731374 0.20960415638679938 0.0019157666054079858
0.016768329368110076 0.23960279787668182 0.0021724838492937783
0.020235896477251564 0.2732604422178618 0.0024326373167380664
0.02442053094548651 0.3125465394927678 0.0027028858271280864
0.029470517025518096 0.3466039317982625 0.0029710616074600242
0.03556480306223128 0.386251216856877 0.003273794316385
0.04291934260128776 0.4209221874963994 0.0035244439074572104
0.0517947467923121 0.46337399366694426 0.0037633781713665797
0.0625055192527397 0.48927541519561274 0.004001475688335851
0.07543120063354615 0.5325889996613171 0.004189075869456859
0.09102981779915217 0.5530400427189119 0.004349442483857074
0.10985411419875583 0.5744642462291777 0.004494582636076803
0.13257113655901082 0.5870083327176667 0.004616273874400896
0.15998587196060574 0.6000966225140708 0.004696085705874171
0.19306977288832497 0.6156123553763444 0.004724506618559851
0.2329951810515372 0.628172427126013 0.004737613148150471
0.2811768697974228 0.6241692429854653 0.004774088368307175
0.3393221771895326 0.6190185154514409 0.0048057973203060565
0.4094915062380423 0.6277804345493267 0.004795662303482881
0.49417133613238334 0.6287290207778883 0.004803803961427682
0.5963623316594643 0.6258948444099385 0.004812164093115072
0.7196856730011514 0.6260352778623596 0.004816377732137387
0.868511373751352 0.6276234177979493 0.004813200604653403
1.0481131341546852 0.6394554163329771 0.004784706296381784
1.2648552168552958 0.6249774713651939 0.004830244844680418
1.5264179671752318 0.6355089368248279 0.004800707975718672
1.8420699693267144 0.642771214243033 0.004782970044332292
2.2229964825261934 0.6239791947373112 0.004836161668294318
2.6826957952797246 0.6416820417487277 0.0047875528119241265
3.2374575428176433 0.6338397232105019 0.004809939448702136
3.906939937054613 0.6364820683458251 0.004805275686714698
4.714866363457389 0.6421858404153535 0.004789812585779567
5.689866029018293 0.6403987650330063 0.00479658854675887
6.866488450042998 0.6331703420428761 0.0048168176425617635
8.286427728546842 0.6429761141325653 0.004789428051965277
10.0 0.6309998394161223 0.004824443665395737
