0.001 0.019453845336381913 0.0001921443357469882
0.0012067926406393288 0.02353790847260732 0.00023141881092839393
0.0014563484775012444 0.02833745083340488 0.0002838428906840096
0.0017575106248547913 0.033843214172327364 0.00033451148263919186
0.0021209508879201904 0.04077185935558984 0.0004013031069027836
0.002559547922699536 0.047961493608351495 0.0004706479180167123
0.0030888435964774815 0.05770725039921947 0.000563391396004679
0.003727593720314938 0.06826771782092765 0.0006698006053260767
0.004498432668969444 0.08242350426146998 0.0007947237500673729
0.005428675439323859 0.09690134398965879 0.0009359783517745756
0.006551285568595509 0.11475665997221622 0.0011026833895244894
0.0079060432109077 0.13289400354952846 0.001257985766578994
0.009540954763499945 0.1583849616038541 0.0014835702239935746
0.01151395399326447 0.18464311774068332 0.001700793217782594
0.013894954943731374 0.208424134958919 0.0019396999943667391
0.016768329368110076 0.24163284985703434 0.0021937229636451307
0.020235896477251564 0.279793907491144 0.0024750254832250655
0.02442053094548651 0.3117507465553504 0.002754393947684245
0.029470517025518096 0.36009050402556525 0.0030224177291708117
0.03556480306223128 0.39158443064670173 0.0032927719091423364
0.04291934260128776 0.43353272331566406 0.0035460210916386996
0.0517947467923121 0.46506428177020115 0.0037917068579468873
0.0625055192527397 0.5005224285826031 0.004029495829275504
0.07543120063354615 0.5300998755362066 0.004222299449318126
0.09102981779915217 0.5588372256077995 0.004369774556233121
0.10985411419875583 0.5774085117986392 0.00452582280876108
0.13257113655901082 0.5972294294548525 0.004605881472987846
0.15998587196060574 0.6144696765847284 0.004673310752489639
0.19306977288832497 0.6236571518258585 0.004712507444111327
0.2329951810515372 0.6227880570807418 0.00475584064832003
0.2811768697974228 0.6169425711159799 0.004794162378441007
0.3393221771895326 0.6265804879757888 0.004784059486156893
0.4094915062380423 0.634320798535797 0.004778424961590776
0.49417133613238334 0.6283030947919186 0.004797631222375292
0.5963623316594643 0.631241517360922 0.004800049718547202
0.7196856730011514 0.6337675094789913 0.004795577093956319
0.868511373751352 0.6300139669395658 0.004806916817605027
1.0481131341546852 0.6333143127591738 0.004803111351784804
1.2648552168552958 0.6339580729578261 0.004801573700123619
1.5264179671752318 0.6328368208234799 0.004809153311861581
1.8420699693267144 0.6470576295150844 0.004767887152243008
2.2229964825261934 0.630945015637977 0.004816263344729565
2.6826957952797246 0.6302742571431528 0.004820357916015869
3.2374575428176433 0.6354203297889667 0.0048074911036818544
3.906939937054613 0.6340158967221002 0.004812171941255592
4.714866363457389 0.6384514666490144 0.004799700703840673
5.689866029018293 0.6329082037803295 0.004817442286062176
6.866488450042998 0.6288117801614007 0.004829632515040424
8.286427728546842 0.6364619219743185 0.004809001993448728
10.0 0.6427763891424189 0.004789929709631143
