0.001 0.019210079831012934 0.00019281740155356042
0.0012067926406393288 0.023361830758952165 0.000229402553858611
0.0014563484775012444 0.027380162490058483 0.00027435361631520354
0.0017575106248547913 0.0335876250920357 0.0003311266444875816
0.0021209508879201904 0.04048790966630854 0.00039545059014208135
0.002559547922699536 0.04812841654242107 0.00046998397230987773
0.0030888435964774815 0.057044627277454275 0.0005585952937851989
0.003727593720314938 0.06853434918072157 0.0006621182208967322
0.004498432668969444 0.07976072399277552 0.0007822813895544535
0.005428675439323859 0.09495876414635893 0.0009235798989244945
0.006551285568595509 0.11398579282705484 0.0010837004603079512
0.0079060432109077 0.1349613617276063 0.0012725939777155745
0.009540954763499945 0.15745635691603482 0.0014666067101199662
0.01151395399326447 0.18390331826073394 0.0016862888020792817
0.013894954943731374 0.2149599173598026 0.0019441819040558084
0.016768329368110076 0.245420486315985 0.0021868049242796516
0.020235896477251564 0.2785409745179324 0.002450872423943363
0.02442053094548651 0.31109030042962965 0.0027195527771602473
0.029470517025518096 0.35776221783459167 0.0030068054519331883
0.03556480306223128 0.3913499284771704 0.003266587734616466
0.04291934260128776 0.4313179242730101 0.003542710531982592
0.0517947467923121 0.45927685300656484 0.003787031557259254
0.0625055192527397 0.5024970369136589 0.004000123543311724
0.07543120063354615 0.5337807122086884 0.004194137283351956
0.09102981779915217 0.5623393637401437 0.004353987977473971
0.10985411419875583 0.5818041502227379 0.004505553821926836
0.13257113655901082 0.591912866853991 0.004620036971665118
0.15998587196060574 0.6127669933754816 0.004672418091969941
0.19306977288832497 0.6213083056257895 0.004716838782352131
0.2329951810515372 0.6135473722238791 0.004785234138451929
0.2811768697974228 0.6285715556405655 0.004770976421721789
0.3393221771895326 0.6252073695024083 0.00479199149554906
0.4094915062380423 0.6329572532008597 0.004777931448512828
0.49417133613238334 0.6335207001886207 0.00478602398660403
0.5963623316594643 0.6315936919559665 0.004796820393909888
0.7196856730011514 0.6344158819919606 0.004792692238360748
0.868511373751352 0.6321419325241167 0.004804495533467723
1.0481131341546852 0.6260471937986144 0.00482342141070938
1.2648552168552958 0.6357069939218696 0.0048003026990500386
1.5264179671752318 0.6415245999033811 0.004785362298754136
1.8420699693267144 0.6349282942151202 0.004803987056733778
2.2229964825261934 0.6372344554637058 0.004800403794128935
2.6826957952797246 0.642769140909965 0.0047852082014141935
3.2374575428176433 0.632180872095924 0.0048159404104521596
3.906939937054613 0.6320547622948703 0.004818325811941082
4.714866363457389 0.6281961360892341 0.004829835208404943
5.689866029018293 0.635931716016939 0.0048085764502587384
6.866488450042998 0.6309219856093526 0.004824097569373991
8.286427728546842 0.6390762782406157 0.0048015568490183775
10.0 0.6336196829434874 0.004817472303380984
