0.001 0.019141013008222147 0.000191575008318964
0.0012067926406393288 0.022425960815196606 0.00022725760713233442
0.0014563484775012444 0.027769388038524166 0.00027627805746270313
0.0017575106248547913 0.032954879969821146 0.00033018013159189804
0.0021209508879201904 0.03980890758869764 0.0003945960053860478
0.002559547922699536 0.047720332593446976 0.0004703138933800435
0.0030888435964774815 0.055580709789744186 0.0005523340600658859
0.003727593720314938 0.0674620322387663 0.0006595090777075955
0.004498432668969444 0.07933236842455332 0.000769877397198054
0.005428675439323859 0.09549714596072906 0.0009162800454471523
0.006551285568595509 0.11323550520358493 0.001073916130617558
0.0079060432109077 0.13267038959689473 0.0012579879015890097
0.009540954763499945 0.15539915721620903 0.0014544657182066689
0.01151395399326447 0.18210207802210096 0.001687082267958819
0.013894954943731374 0.20894688074649567 0.0019226239501541518
0.016768329368110076 0.2431052439678423 0.002206010185439923
0.020235896477251564 0.2715684488429131 0.0024423913766304967
0.02442053094548651 0.3105512099436093 0.0027051301502084377
0.029470517025518096 0.35166332436442793 0.0029988252739204173
0.03556480306223128 0.387415916633612 0.0032665225938848497
0.04291934260128776 0.43273527554487784 0.0035104106858697224
0.0517947467923121 0.4641226318453292 0.0037634911645309465
0.0625055192527397 0.4963481382146753 0.004002317756530198
0.07543120063354615 0.5286613565631004 0.004196620705262328
0.09102981779915217 0.555600628663522 0.004363503550876562
0.10985411419875583 0.5751927702657538 0.004503092650891456
0.13257113655901082 0.5925373321160886 0.004600214216394985
0.15998587196060574 0.6063458633082336 0.004688615651934983
0.19306977288832497 0.6262591153271443 0.004703346888605273
0.2329951810515372 0.6248803027708767 0.004748216339674763
0.2811768697974228 0.6211701639055449 0.004788088403643657
0.3393221771895326 0.6300398564871373 0.004778734321724217
0.4094915062380423 0.6395488991213917 0.004763365635808414
0.49417133613238334 0.633065142718184 0.0047855054889227614
0.5963623316594643 0.6195511333939682 0.004831106680916904
0.7196856730011514 0.6295865444895523 0.004803816149330928
0.868511373751352 0.6324515911598266 0.004799898335168392
1.0481131341546852 0.6413473884470541 0.004779508651568933
1.2648552168552958 0.6346285163743175 0.004803737384267581
1.5264179671752318 0.641836052578988 0.004782713851021033
1.8420699693267144 0.6350068325170551 0.004802607581407364
2.2229964825261934 0.6278584729726912 0.004825123250784433
2.6826957952797246 0.6218604102886673 0.004840174594653544
3.2374575428176433 0.639728332203223 0.004796005841940921
3.906939937054613 0.6284952234153094 0.004827114502344401
4.714866363457389 0.6328244735225244 0.004816814878971518
5.689866029018293 0.6390521287861513 0.004800280017023362
6.866488450042998 0.6423517203761753 0.004791089400292908
8.286427728546842 0.631802542617552 0.004822263152021312
10.0 0.6333950145658811 0.004817857605982171
