0.001 3.6125783041584804e-05 7.797451604806082e-07
0.0012067926406393288 6.130568746808148e-05 1.3120611414724585e-06
0.0014563484775012444 0.00010648054642472147 2.2450647804654718e-06
0.0017575106248547913 0.00018960390445556615 3.935444276499267e-06
0.0021209508879201904 0.00031076699892769 6.4844558359196875e-06
0.002559547922699536 0.0005428827498774837 1.0992684117217305e-05
0.0030888435964774815 0.0008873483628607305 1.846417234370706e-05
0.003727593720314938 0.0015134959655190914 3.074160751628505e-05
0.004498432668969444 0.002502004196103582 4.98761258136224e-05
0.005428675439323859 0.00390285551524578 7.693961765738793e-05
0.006551285568595509 0.006517545311230577 0.00012443642211839404
0.0079060432109077 0.010451187628995136 0.00019478361971094111
0.009540954763499945 0.01597786760042171 0.00028960298823800317
0.01151395399326447 0.024916646600544278 0.00043418808633850043
0.013894954943731374 0.03730964805297074 0.0006189923021042002
0.016768329368110076 0.05664611468963954 0.0008868327844951461
0.020235896477251564 0.07671396842771946 0.0011509039397238534
0.02442053094548651 0.1089327933843939 0.0014984863939021165
0.029470517025518096 0.14669194057850818 0.0018755326170369244
0.03556480306223128 0.18864085522980475 0.002234582453855018
0.04291934260128776 0.24160858050131337 0.002639287447632318
0.0517947467923121 0.2938869933445186 0.002944909177474841
0.0625055192527397 0.35093766392472214 0.003310418054266409
0.07543120063354615 0.40311348050474 0.0036132787765138525
0.09102981779915217 0.46140316510248347 0.003908084326467744
0.10985411419875583 0.5089928317104755 0.004190747382958343
0.13257113655901082 0.5510055632796838 0.004402536718973562
0.15998587196060574 0.5755417173449797 0.004556985236819265
0.19306977288832497 0.5935455150127181 0.004672582923523649
0.2329951810515372 0.6059841741010272 0.004743830329082951
0.2811768697974228 0.6207273046435433 0.0047639131410564224
0.3393221771895326 0.6212851552925458 0.004792563638876261
0.4094915062380423 0.6248916963701961 0.004793483776003405
0.49417133613238334 0.6194862605391611 0.0048144296245489614
0.5963623316594643 0.6319014316688052 0.004788715006875114
0.7196856730011514 0.6288707455636829 0.004805430171646811
0.868511373751352 0.6295959952725653 0.00480646550859933
1.0481131341546852 0.6248113184114649 0.004823477389175396
1.2648552168552958 0.6284082306234914 0.004813477780993398
1.5264179671752318 0.6342988455054337 0.00480193435443767
1.8420699693267144 0.6342835689564719 0.004802894803979451
2.2229964825261934 0.6272198916862285 0.0048242802450583575
2.6826957952797246 0.6324153684844392 0.004812488475416591
3.2374575428176433 0.6376823986171617 0.004799585954933024
3.906939937054613 0.6304175741471492 0.004821593807063004
4.714866363457389 0.6297894214812572 0.004825006560699893
5.689866029018293 0.6344681847779536 0.00481117970961333
6.866488450042998 0.6263624974362034 0.004835440260412171
8.286427728546842 0.6418080569608999 0.004791152339173934
10.0 0.6368626499220378 0.004806950927867524
