0.001 0.004872659209911175 6.767435699119331e-05
0.0012067926406393288 0.007037918374320227 9.533649240687763e-05
0.0014563484775012444 0.009669010256887009 0.00013024936062302944
0.0017575106248547913 0.013896983255234932 0.00018440553471306677
0.0021209508879201904 0.019902093292717447 0.0002613763562730884
0.002559547922699536 0.02690695996834749 0.0003462916013388505
0.0030888435964774815 0.03683996443493622 0.0004527846809137772
0.003727593720314938 0.05098393487877923 0.0006128277701903164
0.004498432668969444 0.06855072448272223 0.0007981008139076873
0.005428675439323859 0.093468673886236 0.0010321883887145264
0.006551285568595509 0.12044755022002082 0.0012819341284208263
0.0079060432109077 0.15719776773109648 0.001554775605130068
0.009540954763499945 0.19968194484314072 0.001854381219343758
0.01151395399326447 0.244569819098427 0.0021461014439022414
0.013894954943731374 0.3050763598908124 0.0024296244170471607
0.016768329368110076 0.36309830117231157 0.0026485248987753993
0.020235896477251564 0.432358875234284 0.0028596723048735424
0.02442053094548651 0.4990894344334567 0.002987199700336714
0.029470517025518096 0.5641658595076811 0.003023649651146073
0.03556480306223128 0.6259505940202954 0.003006767470405571
0.04291934260128776 0.6907721738209829 0.0029185551129705663
0.0517947467923121 0.746275729486791 0.002791048628834711
0.0625055192527397 0.7951366884991309 0.0025950918332105066
0.07543120063354615 0.8351243421097173 0.0023850609591025175
0.09102981779915217 0.8740656717369848 0.0021605995924061615
0.10985411419875583 0.9032180463584402 0.0019021159491192441
0.13257113655901082 0.9247560845234691 0.0016932008905062616
0.15998587196060574 0.9442091806259959 0.0014578230405299178
0.19306977288832497 0.9604184680116353 0.0012195991228918597
0.2329951810515372 0.9685695606517678 0.0011561513572349062
0.2811768697974228 0.9786448492614027 0.0009546541432100353
0.3393221771895326 0.9829053517165975 0.0009373849744857134
0.4094915062380423 0.9885702892108018 0.0007851373116615861
0.49417133613238334 0.9904403812063234 0.0007721141609493855
0.5963623316594643 0.9924209493786975 0.0007102177721484464
0.7196856730011514 0.9941304242423444 0.0006183802796124149
0.868511373751352 0.9942723709157619 0.0006185750710785939
1.0481131341546852 0.9942147106922553 0.0006666364953174104
1.2648552168552958 0.995698517568058 0.000544955170166276
1.5264179671752318 0.9957548313726075 0.0005769740096364022
1.8420699693267144 0.9961367704151204 0.0005341025856392106
2.2229964825261934 0.9971117995994746 0.0004557000707403345
2.6826957952797246 0.9981776401622791 0.00037731557631844417
3.2374575428176433 0.99751775122332 0.0004416550495570091
3.906939937054613 0.9982555061393162 0.00035050457914379164
4.714866363457389 0.9978564296094663 0.000400206497933498
5.689866029018293 0.9980727679382393 0.0003858817314996444
6.866488450042998 0.9988426752786014 0.00029076098120353925
8.286427728546842 0.9987670978493938 0.0002933583507694298
10.0 0.9989214007735497 0.00030863772828795106
