0.001 0.005221033694860784 7.066399358105415e-05
0.0012067926406393288 0.007096644263842465 9.39719202110059e-05
0.0014563484775012444 0.010585649743640181 0.00014061807334213278
0.0017575106248547913 0.014244939373419495 0.00018602410225315204
0.0021209508879201904 0.02053815461213451 0.00026426144620334484
0.002559547922699536 0.02803144949307477 0.0003541898072203011
0.0030888435964774815 0.03896091611137526 0.000482300307365541
0.003727593720314938 0.053705632539539985 0.0006315246982657155
0.004498432668969444 0.0721331261826802 0.0008071967506614156
0.005428675439323859 0.0951390921248667 0.0010350411888329792
0.006551285568595509 0.12588224027601003 0.0013031313486392751
0.0079060432109077 0.16354353604348465 0.001592381852024844
0.009540954763499945 0.2070349592817635 0.0018936378865001505
0.01151395399326447 0.25692780767168977 0.0021749282167047726
0.013894954943731374 0.31372422518014154 0.0024321817515427003
0.016768329368110076 0.37846485606424934 0.0026851181970527944
0.020235896477251564 0.44357958254061314 0.0028331664429207533
0.02442053094548651 0.5088502355901794 0.002942285922331358
0.029470517025518096 0.5787352114467118 0.003008479900334702
0.03556480306223128 0.6424493853635942 0.0029618935885487286
0.04291934260128776 0.7077175097758465 0.0028388176327868884
0.0517947467923121 0.7559877962802353 0.0027118538738837307
0.0625055192527397 0.804516226509234 0.0025145846317798574
0.07543120063354615 0.8476117630222505 0.0022786805133998616
0.09102981779915217 0.8818371508621627 0.0020756648011754342
0.10985411419875583 0.9109531390039075 0.0018089260474773994
0.13257113655901082 0.9332506594113731 0.0015619280074083
0.15998587196060574 0.950804359683204 0.001328222414313021
0.19306977288832497 0.9633362445771859 0.0012111997325262068
0.2329951810515372 0.9744788339733019 0.001065973235981339
0.2811768697974228 0.9804127827308392 0.0009744162370167707
0.3393221771895326 0.9859604586306688 0.0008473616661418644
0.4094915062380423 0.9886594446154059 0.0008198813760184124
0.49417133613238334 0.9913212249323078 0.0007415015985234143
0.5963623316594643 0.9920724340799476 0.0007133584614737666
0.7196856730011514 0.9934602667742877 0.0006729745697742444
0.868511373751352 0.9945124680346314 0.0006312296911606346
1.0481131341546852 0.9945199268211571 0.0006297151719135817
1.2648552168552958 0.9960643073513443 0.0005097546904566393
1.5264179671752318 0.9963429727947898 0.0005247173832927518
1.8420699693267144 0.9971704455251688 0.0004534840274411211
2.2229964825261934 0.9972572047879213 0.000440339644546211
2.6826957952797246 0.9979456911940775 0.0003974322000793446
3.2374575428176433 0.9982575186213908 0.000371783758233144
3.906939937054613 0.9983051928583936 0.0003606915162387177
4.714866363457389 0.9976417118613621 0.0004578596944601796
5.689866029018293 0.9987910981005461 0.00030540294020549617
6.866488450042998 0.998675942216214 0.0003249708622894939
8.286427728546842 0.9986700743742969 0.0003315340192575013
10.0 0.9984421375830721 0.00035916055909025334
