0.001 0.033945722195975955 0.0002445551815300867
0.0012067926406393288 0.04061743837158513 0.0002894354089287272
0.0014563484775012444 0.04853305037862864 0.00034622426983570305
0.0017575106248547913 0.0582179167022818 0.0004078521111907014
0.0021209508879201904 0.06976555664979844 0.00048765837741790343
0.002559547922699536 0.0827770321323555 0.0005725645879118309
0.0030888435964774815 0.09745903155792719 0.0006752370127100813
0.003727593720314938 0.1162799178807935 0.0007849415441317236
0.004498432668969444 0.1412521707764359 0.0009363852997888145
0.005428675439323859 0.1646912490253846 0.001058309920958844
0.006551285568595509 0.19038858109533327 0.0012118314938801373
0.0079060432109077 0.225794484243517 0.0013978394430725063
0.009540954763499945 0.26340639502170476 0.0015748306602284563
0.01151395399326447 0.30145500230390626 0.001749767498289726
0.013894954943731374 0.3498030948018446 0.001928801397086171
0.016768329368110076 0.3975075482130699 0.0020778696834794974
0.020235896477251564 0.4474864247165654 0.002200880311983325
0.02442053094548651 0.5030453533720702 0.0023082798868481226
0.029470517025518096 0.5582160310898138 0.002380437106721763
0.03556480306223128 0.6120631088590195 0.0024288014658084525
0.04291934260128776 0.6615088925932218 0.002412487909781508
0.0517947467923121 0.7120484240978245 0.0023452820216798165
0.0625055192527397 0.7603614484737679 0.0022642253397317795
0.07543120063354615 0.8049548316052747 0.002108442637667046
0.09102981779915217 0.8360924536731796 0.0020158774249508086
0.10985411419875583 0.8744930571014747 0.0017593762415206798
0.13257113655901082 0.9013971764393839 0.0016302607977475925
0.15998587196060574 0.9214622180120253 0.0014783475897171057
0.19306977288832497 0.9398304793818506 0.0012988108176499454
0.2329951810515372 0.9571883230583542 0.0010932288267760592
0.2811768697974228 0.9682076521706349 0.0009737239773536969
0.3393221771895326 0.9741779609612442 0.0009090306813965063
0.4094915062380423 0.9811542388066921 0.0008327151321905087
0.49417133613238334 0.9847527705733644 0.0007978767093325139
0.5963623316594643 0.9884130560590902 0.0007593455405630962
0.7196856730011514 0.9910598930283331 0.0006739943012938877
0.868511373751352 0.9930241526756441 0.0006073760908984322
1.0481131341546852 0.9945165837230022 0.0005412051999006285
1.2648552168552958 0.9948196380729496 0.0005600612601900124
1.5264179671752318 0.9954102417218519 0.0005381974796418157
1.8420699693267144 0.9966364406075569 0.0004636515587208173
2.2229964825261934 0.9969689531770962 0.0004447616247423025
2.6826957952797246 0.9971969152790087 0.0004101360711385395
3.2374575428176433 0.9973699745722899 0.00042394506213480935
3.906939937054613 0.9977869774777486 0.0003855421275584176
4.714866363457389 0.9978175031028126 0.0003885823217685619
5.689866029018293 0.998176140413535 0.0003447878810869664
6.866488450042998 0.9982399622501181 0.0003557854855291442
8.286427728546842 0.9984653265990319 0.00034079704744742684
10.0 0.9987522350954737 0.0003050324693684559
