0.001 0.00012251700217627172 2.545737473404297e-06
0.0012067926406393288 0.00019422459687703692 3.9746642834994356e-06
0.0014563484775012444 0.00036277365869452166 7.506787675559706e-06
0.0017575106248547913 0.0005718622228454838 1.168464133509144e-05
0.0021209508879201904 0.0010114079542220353 2.047682989511164e-05
0.002559547922699536 0.0016471093119492424 3.282852580405228e-05
0.0030888435964774815 0.0027755244102140677 5.4609721809586885e-05
0.003727593720314938 0.0045520066062479155 8.611173945132575e-05
0.004498432668969444 0.007228091994755693 0.00013210001588381402
0.005428675439323859 0.01143744454974763 0.00020298855943111927
0.006551285568595509 0.018140500138522135 0.00030853794578448144
0.0079060432109077 0.028055186143867376 0.0004572437364182535
0.009540954763499945 0.04197524171222142 0.0006484692774413458
0.01151395399326447 0.06071638595741542 0.000877223497579871
0.013894954943731374 0.08608197040880594 0.001162477818223783
0.016768329368110076 0.12137112385662083 0.0015104398326997689
0.020235896477251564 0.16164316941680276 0.001837304911922656
0.02442053094548651 0.21065568844254912 0.002193082101745727
0.029470517025518096 0.2732086391363392 0.002559284747682034
0.03556480306223128 0.33637750931381677 0.0028255645671285963
0.04291934260128776 0.4109511056242971 0.0030461350609190287
0.0517947467923121 0.4759666308134336 0.0031756979394859676
0.0625055192527397 0.5503389231541985 0.003257465305990948
0.07543120063354615 0.6203880959413343 0.0031995592937175197
0.09102981779915217 0.6893552610151786 0.0031142684330588456
0.10985411419875583 0.7483109278288071 0.0029345974028739926
0.13257113655901082 0.7969606202736784 0.0027124614693543963
0.15998587196060574 0.8380704195605236 0.0024622094596475686
0.19306977288832497 0.8777739966623509 0.0022093634338774936
0.2329951810515372 0.9101883879732657 0.001890432143292381
0.2811768697974228 0.9320227423017259 0.0016774628531648723
0.3393221771895326 0.9494210874113729 0.0014364445742878584
0.4094915062380423 0.9630981663340415 0.0012661101205734635
0.49417133613238334 0.9742707654575276 0.0010968204014888273
0.5963623316594643 0.9798010455487495 0.0010442078667695193
0.7196856730011514 0.9851821139846321 0.0009329488776396464
0.868511373751352 0.9890450541013838 0.0008436743543425382
1.0481131341546852 0.9901486111307312 0.0008428046951063937
1.2648552168552958 0.9922628523456813 0.0007373272711222386
1.5264179671752318 0.9936316219375325 0.0006829676053948535
1.8420699693267144 0.9949126590905999 0.000610399744741625
2.2229964825261934 0.9950579099484159 0.0006057388430559447
2.6826957952797246 0.9964633013607709 0.0005097448428381924
3.2374575428176433 0.9971653218953276 0.0004650920062437087
3.906939937054613 0.9971713743092389 0.0004642814912500173
4.714866363457389 0.9967622672021945 0.0005164159116405569
5.689866029018293 0.9980360763922659 0.0003910504899218954
6.866488450042998 0.9978151725358446 0.00040586020960130535
8.286427728546842 0.9978988834754259 0.00040149529841080836
10.0 0.997696005642855 0.0004339173252511134
