0.001 0.25355532088719873 0.0019085038795144888
0.0012067926406393288 0.31343771874566945 0.002278248901233315
0.0014563484775012444 0.3820561300259279 0.0026556093870216705
0.0017575106248547913 0.449174816505575 0.003010623601019143
0.0021209508879201904 0.51440502268971 0.0032736782752328768
0.002559547922699536 0.5788208251191654 0.003420442039185194
0.0030888435964774815 0.6393589209441979 0.003468432015705667
0.003727593720314938 0.6794726788781015 0.003425407909849364
0.004498432668969444 0.724727057283704 0.0032733108237714115
0.005428675439323859 0.7709512335572009 0.0029968407296535105
0.006551285568595509 0.8012171310433398 0.0028094830054916
0.0079060432109077 0.8336917423625863 0.0025315515065145937
0.009540954763499945 0.8676686654589623 0.002213300465603841
0.01151395399326447 0.8921961889429094 0.0020274012391240633
0.013894954943731374 0.9197496060300969 0.0017486551907612343
0.016768329368110076 0.9417746281886713 0.0014735381472778864
0.020235896477251564 0.9579657736787031 0.0012387517275706107
0.02442053094548651 0.966932257497212 0.0010925757067593766
0.029470517025518096 0.9775005948499437 0.000920010452346271
0.03556480306223128 0.9826084138763926 0.0008111717744383783
0.04291934260128776 0.9890558048239536 0.0005986931864056272
0.0517947467923121 0.9916913403202132 0.0005618579719533063
0.0625055192527397 0.9946738804692422 0.0004054752454611782
0.07543120063354615 0.996426970450419 0.00035065620088621237
0.09102981779915217 0.9972737331218001 0.00029471693463777303
0.10985411419875583 0.9986483706721099 0.00017694210164380397
0.13257113655901082 0.999349388538657 0.00010231664523007248
0.15998587196060574 0.9994227153042069 0.00012391084358259587
0.19306977288832497 0.9995310619768581 0.00011604273987004351
0.2329951810515372 0.9997383388675275 8.695674818255558e-05
0.2811768697974228 0.9997407032453582 7.803781960063755e-05
0.3393221771895326 0.9999273481920374 2.7828071386459666e-05
0.4094915062380423 0.9999577938068687 3.631141155306122e-05
0.49417133613238334 0.9999501451962031 2.9254158876859817e-05
0.5963623316594643 0.999998305451322 1.4392756091787274e-06
0.7196856730011514 0.9999870981747221 1.1003952547393276e-05
0.868511373751352 0.999998645370898 1.0092307080349772e-06
1.0481131341546852 0.9999962658750615 2.952174834985828e-06
1.2648552168552958 0.9999997645437244 1.245048570251749e-07
1.5264179671752318 0.9999999866690561 1.2780020110634081e-08
1.8420699693267144 0.9999999999968219 2.784959754758137e-12
2.2229964825261934 0.9999999999970832 2.911780433717996e-12
2.6826957952797246 0.9999999998694464 1.241157346793133e-10
3.2374575428176433 0.9999998420715052 1.579146639092754e-07
3.906939937054613 0.9999987318888718 1.2680477190254588e-06
4.714866363457389 0.9999999999999982 1.8103968628599207e-15
5.689866029018293 1.0 8.660024259967755e-18
6.866488450042998 1.0 2.2204460492503132e-20
8.286427728546842 1.0 0.0
10.0 1.0 0.0
