0.001 0.25338920442941854 0.0019015172175923466
0.0012067926406393288 0.3123458436288309 0.00228253941041398
0.0014563484775012444 0.38014768711902297 0.002649002391831715
0.0017575106248547913 0.4466739735091718 0.0029837981610405847
0.0021209508879201904 0.5166751374976392 0.0032465163464134067
0.002559547922699536 0.5794770051730378 0.003409589665541412
0.0030888435964774815 0.634557164939737 0.003460870643321419
0.003727593720314938 0.6849018390187359 0.0033859298293422275
0.004498432668969444 0.7260324107769033 0.003256309030563541
0.005428675439323859 0.7693084641757358 0.0030170340778468458
0.006551285568595509 0.8034302948869637 0.0027901854750018427
0.0079060432109077 0.8385481444183218 0.0025067604594946006
0.009540954763499945 0.8700965679353215 0.0022016666866229487
0.01151395399326447 0.8978482188804643 0.0019311423214944934
0.013894954943731374 0.9185584928079086 0.001748361511445913
0.016768329368110076 0.941268551140195 0.00148090934231332
0.020235896477251564 0.9574872853912791 0.0012344570526310592
0.02442053094548651 0.9708599744777603 0.0010229629073146918
0.029470517025518096 0.9776174978804849 0.0008899065791719468
0.03556480306223128 0.9843238209122493 0.0007394761233511364
0.04291934260128776 0.9895638403376817 0.0005928189387506662
0.0517947467923121 0.9925958523061595 0.0004906545602069306
0.0625055192527397 0.9942941045956146 0.0004398387753482847
0.07543120063354615 0.9971362784812614 0.0003139140415303765
0.09102981779915217 0.9977728262432934 0.00026482447445965156
0.10985411419875583 0.9989755845414467 0.00014953365229443101
0.13257113655901082 0.9991888093786653 0.00015924200354160923
0.15998587196060574 0.9996249423020023 7.96567130606577e-05
0.19306977288832497 0.9996078010472542 0.00010261226715069103
0.2329951810515372 0.9997193742687086 7.961924429069627e-05
0.2811768697974228 0.9999123853656049 3.660841502550068e-05
0.3393221771895326 0.9998956875227429 4.2182472370661504e-05
0.4094915062380423 0.9999885200971484 8.968499420934393e-06
0.49417133613238334 0.9999913536312186 5.7041709774289845e-06
0.5963623316594643 0.9999576644172524 2.7444870728795794e-05
0.7196856730011514 0.9999311813880131 6.037291372847411e-05
0.868511373751352 0.9999967412186794 2.294241993330726e-06
1.0481131341546852 0.9999950271173262 3.408558746303309e-06
1.2648552168552958 0.9999999897312362 8.459091763624821e-09
1.5264179671752318 0.9999998078064991 1.9215240712792268e-07
1.8420699693267144 0.999970321509532 2.967692983929085e-05
2.2229964825261934 0.9999999180542564 8.194164423092008e-08
2.6826957952797246 0.9999999999634667 3.5025603819690475e-11
3.2374575428176433 1.0 1.948560018178009e-18
3.906939937054613 1.0 3.845925372767128e-20
4.714866363457389 0.9999999999999998 1.9599086130956183e-16
5.689866029018293 1.0 5.773159728050814e-19
6.866488450042998 1.0 0.0
8.286427728546842 1.0 2.2204460492503132e-20
10.0 1.0 2.2204460492503132e-20
