0.001 0.30084267411321597 0.0016832804804924094
0.0012067926406393288 0.34756520582145906 0.001886928562028136
0.0014563484775012444 0.39663367570798397 0.0021012494605640226
0.0017575106248547913 0.4440171370604182 0.0023173369490046255
0.0021209508879201904 0.49630459009807426 0.0024975862818331705
0.002559547922699536 0.5522583254032236 0.0026199990419859954
0.0030888435964774815 0.6034875919835525 0.0027373552057490588
0.003727593720314938 0.6598232204760625 0.0027649541325755855
0.004498432668969444 0.7031481024277048 0.0027529682420111296
0.005428675439323859 0.7444812378196233 0.002653921739328082
0.006551285568595509 0.7815275463128373 0.00252638166473863
0.0079060432109077 0.8153512942639967 0.002355864642716106
0.009540954763499945 0.8441994528661251 0.002160104985124073
0.01151395399326447 0.8724202057052346 0.001934665523436179
0.013894954943731374 0.8946595076123319 0.0017345442947461277
0.016768329368110076 0.9156159818885818 0.001522962467189147
0.020235896477251564 0.9321353546245016 0.0013778223347327351
0.02442053094548651 0.9512142292872421 0.0011181445964124235
0.029470517025518096 0.9630307657421792 0.0009832916389845667
0.03556480306223128 0.972278656684294 0.0008617871442871113
0.04291934260128776 0.980478916419963 0.000696580287585192
0.0517947467923121 0.9871314330624913 0.0005306152822055774
0.0625055192527397 0.9898331280689032 0.0004868638969494885
0.07543120063354615 0.9933066348880715 0.0003997822644441368
0.09102981779915217 0.9953441238528249 0.00030982781888555077
0.10985411419875583 0.996719542127657 0.00028540944525332805
0.13257113655901082 0.998315033070304 0.00018043483178572964
0.15998587196060574 0.9982107764976942 0.00020876255386738065
0.19306977288832497 0.9990736280244393 0.0001481560420363174
0.2329951810515372 0.9992572796629509 0.0001372457617510556
0.2811768697974228 0.9996294987948874 9.338205630680604e-05
0.3393221771895326 0.999790152328053 4.181882208276278e-05
0.4094915062380423 0.9997592425932673 8.599318513769523e-05
0.49417133613238334 0.9999323436229354 2.6082331391389406e-05
0.5963623316594643 0.9998929990000114 3.199603457977973e-05
0.7196856730011514 0.9999202677138812 4.655100208962226e-05
0.868511373751352 0.9999912776810054 6.285976934364525e-06
1.0481131341546852 0.9999870292292397 1.0723022366409994e-05
1.2648552168552958 0.999922594648222 4.982244671218337e-05
1.5264179671752318 0.9999979795018656 1.7258732096435254e-06
1.8420699693267144 0.9999996008221748 2.849728489424204e-07
2.2229964825261934 0.9999997092542908 2.651642456279767e-07
2.6826957952797246 0.9999987658721747 7.52243180482464e-07
3.2374575428176433 0.9999999575034341 4.200649561670386e-08
3.906939937054613 0.9999999989024636 1.0188625593711748e-09
4.714866363457389 0.9999999999998654 1.2617121459360034e-13
5.689866029018293 0.9999999998584972 1.1895028270737703e-10
6.866488450042998 0.9999999555608905 4.443686199200276e-08
8.286427728546842 0.9999999999997724 2.276023910614302e-13
10.0 1.0 0.0
