0.001 0.3027537478802564 0.0016743776354155668
0.0012067926406393288 0.3492154672945399 0.0018770578129375232
0.0014563484775012444 0.3947527190482674 0.0021044439263749244
0.0017575106248547913 0.44649070271096336 0.0023040307438548604
0.0021209508879201904 0.5012397035077992 0.0024830754180141306
0.002559547922699536 0.5532422233133606 0.0026223502655103956
0.0030888435964774815 0.6042179946952896 0.0027328629013588773
0.003727593720314938 0.6603131321920737 0.0027376049527554442
0.004498432668969444 0.7016436967210553 0.0027436682383922156
0.005428675439323859 0.7458192085224599 0.002656269854553377
0.006551285568595509 0.7812885559827413 0.0025220207625266124
0.0079060432109077 0.8162207866900072 0.002316875739618029
0.009540954763499945 0.8486199968431625 0.0021324371125518975
0.01151395399326447 0.8702280662249255 0.0019362070786667302
0.013894954943731374 0.8953961691364606 0.0017505403527497965
0.016768329368110076 0.9174347414261905 0.0015100536169145628
0.020235896477251564 0.9331081250769645 0.0013612280554546178
0.02442053094548651 0.9495262812665107 0.0011713676722615856
0.029470517025518096 0.9625427124280741 0.000994855986853332
0.03556480306223128 0.9729794799531959 0.0008249343400859585
0.04291934260128776 0.9806278325245894 0.0006812162988917695
0.0517947467923121 0.9855737659146507 0.0005962170156915487
0.0625055192527397 0.9907570101756792 0.0004416519630205923
0.07543120063354615 0.9928111317121414 0.0004306769830490511
0.09102981779915217 0.9955080311066314 0.00031835466932589573
0.10985411419875583 0.9970499118534364 0.0002453624925378211
0.13257113655901082 0.9978206380617382 0.00021244444762779754
0.15998587196060574 0.9986744448486164 0.0001615394010455684
0.19306977288832497 0.9990581652629297 0.00013211777915708527
0.2329951810515372 0.9995480998649233 9.465467055684245e-05
0.2811768697974228 0.9997549476896246 4.6729573801719504e-05
0.3393221771895326 0.9998569164510429 3.0492734722762534e-05
0.4094915062380423 0.9998000420924181 6.194896129919674e-05
0.49417133613238334 0.9999195845497252 2.2959728863563388e-05
0.5963623316594643 0.9999353162511294 3.105202884804728e-05
0.7196856730011514 0.9999668195423239 1.5897692632688075e-05
0.868511373751352 0.9999408653742868 2.846731081726709e-05
1.0481131341546852 0.9999968579747747 2.9031863337256344e-06
1.2648552168552958 0.999990653978852 5.196631759351831e-06
1.5264179671752318 0.9999503318231254 3.502972843507687e-05
1.8420699693267144 0.9999966673284669 2.2073695891753883e-06
2.2229964825261934 0.9999993425152454 6.571369617696985e-07
2.6826957952797246 0.9999997673584059 2.3247041097224434e-07
3.2374575428176433 0.9999999996810982 2.7997111877184084e-10
3.906939937054613 0.9999998786663402 1.1965334684518213e-07
4.714866363457389 0.9999999999999997 2.662687406160135e-16
5.689866029018293 1.0 6.997928685112697e-19
6.866488450042998 0.9999999999999917 8.482390437988767e-15
8.286427728546842 0.9999999954347691 4.564994900599644e-09
10.0 1.0 6.065185065689036e-17
