0.001 0.051960983904265734 0.0004859412761602005
0.0012067926406393288 0.07726442832726509 0.000707845511300241
0.0014563484775012444 0.11239003851226484 0.0010003192008019148
0.0017575106248547913 0.15790388963070662 0.0013522866950454778
0.0021209508879201904 0.21238720722445897 0.0017856681546256081
0.002559547922699536 0.2770941011379612 0.0022444260809740095
0.0030888435964774815 0.344195544631425 0.0027346566863031673
0.003727593720314938 0.4204505300561512 0.003162889718207708
0.004498432668969444 0.4918225566165818 0.0034669771058737442
0.005428675439323859 0.5562632545884544 0.003704039781985235
0.006551285568595509 0.6139005111989397 0.0037287891482496015
0.0079060432109077 0.6681464221016988 0.003665027379326703
0.009540954763499945 0.7130012290219875 0.0035037501621438556
0.01151395399326447 0.7477473128503849 0.0032706887195282615
0.013894954943731374 0.791215078681289 0.0029985296924795114
0.016768329368110076 0.8253738133916447 0.0027236930200307302
0.020235896477251564 0.8597094506241792 0.0024306866515330485
0.02442053094548651 0.8923669475542918 0.002124361222849422
0.029470517025518096 0.9209827814322853 0.0017784112652088314
0.03556480306223128 0.9390540444165018 0.0015998917522514926
0.04291934260128776 0.9549136678081747 0.0013638639884954063
0.0517947467923121 0.9678631603312026 0.0011496851136157912
0.0625055192527397 0.9795261158307056 0.000907125445873041
0.07543120063354615 0.9838602842750657 0.0008148001945586617
0.09102981779915217 0.9885644354190203 0.0006608936950554891
0.10985411419875583 0.9920533397011437 0.0005629823355212778
0.13257113655901082 0.9948717870632572 0.0004320562876068283
0.15998587196060574 0.9966059241341787 0.0003481964289677478
0.19306977288832497 0.9984955501484782 0.00018292129433619738
0.2329951810515372 0.9984071554262542 0.00023518505291668084
0.2811768697974228 0.9991673515828899 0.00016143404816335515
0.3393221771895326 0.9993275164672029 0.0001568184943344635
0.4094915062380423 0.9995769056683442 0.00013421573501199354
0.49417133613238334 0.9997398745138133 8.292956251605211e-05
0.5963623316594643 0.9999007643364144 4.791291902383936e-05
0.7196856730011514 0.9999293360224241 4.311909576604153e-05
0.868511373751352 0.9999267953588176 4.027117906016355e-05
1.0481131341546852 0.9999783522771384 1.5009623371081244e-05
1.2648552168552958 0.9999198226513121 4.306826009184681e-05
1.5264179671752318 0.9999992754783249 3.844634671620925e-07
1.8420699693267144 0.9999992407826923 5.387649860728244e-07
2.2229964825261934 0.9999995119274337 4.840035333504071e-07
2.6826957952797246 0.9999994190666514 5.788661491173405e-07
3.2374575428176433 0.9999999959340236 4.035342647480916e-09
3.906939937054613 0.9999999996031925 3.9677967685104647e-10
4.714866363457389 0.9999999948716435 5.102362358608298e-09
5.689866029018293 0.9999999879915648 1.1964059709704856e-08
6.866488450042998 1.0 6.661338147750939e-20
8.286427728546842 0.9999999999987543 1.2443982605866608e-12
10.0 1.0 0.0
