0.001 0.051898286073621805 0.00048581795567511444
0.0012067926406393288 0.077326115206431 0.000698964650645843
0.0014563484775012444 0.11081305688812494 0.0009866486009269535
0.0017575106248547913 0.1556782584409443 0.0013573489643845394
0.0021209508879201904 0.21241096818576202 0.001795559126366125
0.002559547922699536 0.2753210515867695 0.002253501982628759
0.0030888435964774815 0.3457219193647494 0.0027309406010537075
0.003727593720314938 0.42362552526718483 0.00313522764731152
0.004498432668969444 0.4898014873960185 0.003487843996587733
0.005428675439323859 0.5576994363599951 0.0036995516382991823
0.006551285568595509 0.6108369122796354 0.0037568405417062367
0.0079060432109077 0.6615411975640523 0.0036846210223056607
0.009540954763499945 0.7133931089692755 0.003502042008337086
0.01151395399326447 0.7451282675706616 0.0032850704826751912
0.013894954943731374 0.7893696063965201 0.003017803903930519
0.016768329368110076 0.8267119935491203 0.002699876326118116
0.020235896477251564 0.8572401920006972 0.002467269456105976
0.02442053094548651 0.8897139270016596 0.002163726241023541
0.029470517025518096 0.9162641012908652 0.0018655254183823045
0.03556480306223128 0.9382554433596204 0.0016026823721793588
0.04291934260128776 0.9548583841464399 0.0013564385152685854
0.0517947467923121 0.9663403015945121 0.0011671150334162774
0.0625055192527397 0.9776013571402702 0.0009156945959956463
0.07543120063354615 0.9832822630352163 0.000832560289814691
0.09102981779915217 0.9891895959608337 0.0006397327979565438
0.10985411419875583 0.9927554288294772 0.0005201353691758038
0.13257113655901082 0.9946490974531338 0.00043984420313880547
0.15998587196060574 0.9967180702712274 0.0003420046227238989
0.19306977288832497 0.9976501405268258 0.0002974328571271408
0.2329951810515372 0.9988810355894447 0.0001994190259511013
0.2811768697974228 0.999327066399677 0.00011972585975176258
0.3393221771895326 0.9995976609211424 8.181668575666695e-05
0.4094915062380423 0.9995042209372342 0.00013903673568887252
0.49417133613238334 0.9997741317399886 6.313405262844558e-05
0.5963623316594643 0.9998327308687178 7.415552004368872e-05
0.7196856730011514 0.9999077690294825 4.27463200883135e-05
0.868511373751352 0.9998454397318636 7.100969496496295e-05
1.0481131341546852 0.9999908243650638 8.45952307459923e-06
1.2648552168552958 0.9999727630945825 1.506297294920396e-05
1.5264179671752318 0.9998840446879869 7.65587689716319e-05
1.8420699693267144 0.9999901474408447 6.52042235902211e-06
2.2229964825261934 0.9999980404735216 1.9584837505123026e-06
2.6826957952797246 0.9999993036953981 6.957911339330623e-07
3.2374575428176433 0.9999999990432968 8.399110753904024e-10
3.906939937054613 0.9999996364284012 3.5853080813844234e-07
4.714866363457389 0.9999999999999988 7.988023623707497e-16
5.689866029018293 1.0 2.099378605533809e-18
6.866488450042998 0.9999999999999746 2.544717088370644e-14
8.286427728546842 0.999999986304933 1.369435950470315e-08
10.0 0.9999999999999998 1.8194681852008206e-16
