0.001 0.1671472406587813 0.0017658461451597477
0.0012067926406393288 0.21161616352418777 0.002075025535913656
0.0014563484775012444 0.257440081363088 0.002324082000971919
0.0017575106248547913 0.31232685225058265 0.0025713572512492595
0.0021209508879201904 0.37265030209866634 0.0027109980643791943
0.002559547922699536 0.43891493802436726 0.002825263055222143
0.0030888435964774815 0.5043914322432517 0.002892280141139092
0.003727593720314938 0.5736068728788206 0.0028957318346965744
0.004498432668969444 0.6449181486484343 0.0027937199966294674
0.005428675439323859 0.7045266802251997 0.002693540408707633
0.006551285568595509 0.7671026487080318 0.0025100406512361933
0.0079060432109077 0.8156033610462735 0.0023533537416096486
0.009540954763499945 0.862019264110107 0.002135318761457994
0.01151395399326447 0.8924947047926446 0.0019597385487724046
0.013894954943731374 0.917671774466983 0.0017488624819731867
0.016768329368110076 0.9418567096488561 0.0014881151902784863
0.020235896477251564 0.9581606397325553 0.0012711979914576809
0.02442053094548651 0.9683681729541574 0.0011004291168605082
0.029470517025518096 0.9764888876199717 0.0009713084493254891
0.03556480306223128 0.9834371214705401 0.0008187734848627429
0.04291934260128776 0.9879178565475446 0.0006960365083201193
0.0517947467923121 0.9910114245838164 0.0006007825392543455
0.0625055192527397 0.993503721755701 0.00052655517650715
0.07543120063354615 0.9956872916160584 0.00041175896394298064
0.09102981779915217 0.9962495756697523 0.00039649262698418763
0.10985411419875583 0.9981767526256701 0.00024531868881235244
0.13257113655901082 0.9987441468303252 0.00020531699380966353
0.15998587196060574 0.9992721226673823 0.00012580596015357955
0.19306977288832497 0.9989702052297113 0.00021883651270501064
0.2329951810515372 0.9995793527183501 9.417159214657082e-05
0.2811768697974228 0.999619999286502 0.00012034471763740402
0.3393221771895326 0.9998120962546616 6.081441909847464e-05
0.4094915062380423 0.9998611825277433 5.9585805191237734e-05
0.49417133613238334 0.9999124212887575 3.7319414815741685e-05
0.5963623316594643 0.9998802987669174 6.567360958335515e-05
0.7196856730011514 0.9999782599947712 1.2874881589693458e-05
0.868511373751352 0.9999524999666748 2.6545271331694692e-05
1.0481131341546852 0.9999860759291965 6.551544041972843e-06
1.2648552168552958 0.9999804332664973 1.3706450597906946e-05
1.5264179671752318 0.9999552421120353 3.986614018220874e-05
1.8420699693267144 0.9999953346206073 3.2839149952476588e-06
2.2229964825261934 0.9999784724072537 2.0661656307752368e-05
2.6826957952797246 0.9999999998597064 6.997395621410317e-11
3.2374575428176433 0.9999999993453231 4.6014712460840517e-10
3.906939937054613 0.9999999999809539 1.9021035116627208e-11
4.714866363457389 0.999999999998764 8.736476792362712e-13
5.689866029018293 0.9999999997809318 1.5487516276247037e-10
6.866488450042998 0.9999999999948898 5.1098873446208964e-12
8.286427728546842 0.9999999999998735 1.2645716080133425e-13
10.0 0.9999999999999971 2.0593157435775612e-15
