0.001 0.23322954381410654 0.001490461590326539
0.0012067926406393288 0.2718982684554196 0.0016667048249400685
0.0014563484775012444 0.3104591287661154 0.001818389948347377
0.0017575106248547913 0.35483477756099163 0.001991018385391141
0.0021209508879201904 0.4037005900809519 0.002097753522463731
0.002559547922699536 0.45670490169976335 0.002207036699076444
0.0030888435964774815 0.508123863657525 0.002306417056051519
0.003727593720314938 0.5634453641397261 0.0023554290570999906
0.004498432668969444 0.6211539263106741 0.0023133711898602116
0.005428675439323859 0.669938009355934 0.0022686782390135803
0.006551285568595509 0.7239993811007742 0.0021612375147313768
0.0079060432109077 0.7698910192747745 0.002074371071194125
0.009540954763499945 0.8170183237909746 0.0019379994499343154
0.01151395399326447 0.8518689639842639 0.0018216912003780595
0.013894954943731374 0.8821069205684822 0.0016739694213002943
0.016768329368110076 0.9127073149280048 0.0014722806203729987
0.020235896477251564 0.9349548316744647 0.001290345780427826
0.02442053094548651 0.9503380560773278 0.001140132477643757
0.029470517025518096 0.9628262641918481 0.001012576997079532
0.03556480306223128 0.9734925580487678 0.0008656194888200728
0.04291934260128776 0.9802240751081283 0.0007471893836661038
0.0517947467923121 0.9853801821128343 0.0006476525596661323
0.0625055192527397 0.9892460523869581 0.0005589211660633326
0.07543120063354615 0.9927863899277374 0.0004503026881862489
0.09102981779915217 0.9938312685796722 0.00042640881623768874
0.10985411419875583 0.9966312200255539 0.0002861463975037501
0.13257113655901082 0.9976893578931475 0.000238051089571997
0.15998587196060574 0.9983747715747074 0.00017326153394284582
0.19306977288832497 0.9984032561882935 0.0002294040017251944
0.2329951810515372 0.9991204799592664 0.0001317027094154343
0.2811768697974228 0.9993405071429801 0.0001338916137222761
0.3393221771895326 0.9996254189116848 8.773347091939752e-05
0.4094915062380423 0.9997008813268867 7.684729093534278e-05
0.49417133613238334 0.999779141505613 5.904854268852467e-05
0.5963623316594643 0.9998163950467933 7.39838976153954e-05
0.7196856730011514 0.9999168208987735 2.8456987942663153e-05
0.868511373751352 0.9998713951428768 4.3285053645244e-05
1.0481131341546852 0.9999446102701666 2.2324134502574577e-05
1.2648552168552958 0.9999574548674615 2.733630419379614e-05
1.5264179671752318 0.9999393046382753 4.514443459647965e-05
1.8420699693267144 0.9999801579080245 1.2862643883228895e-05
2.2229964825261934 0.9999649242120365 2.975191977802487e-05
2.6826957952797246 0.999999859715485 6.837799666834275e-08
3.2374575428176433 0.9999997715122357 1.477580076188009e-07
3.906939937054613 0.9999999738337653 2.5197347390860378e-08
4.714866363457389 0.9999999907607431 6.418258697354312e-09
5.689866029018293 0.9999998779842101 8.546185193110481e-08
6.866488450042998 0.9999999869003615 1.3051359932808348e-08
8.286427728546842 0.999999997946828 2.053067393718146e-09
10.0 0.9999999995592834 3.1155910905601634e-10
