0.001 0.030934652129839462 0.000521603403861515
0.0012067926406393288 0.04408158960416268 0.0007310893450857087
0.0014563484775012444 0.06590350585131934 0.0010204456844354096
0.0017575106248547913 0.09148523144977508 0.0013446197706491897
0.0021209508879201904 0.12518948588664916 0.0017067035643439938
0.002559547922699536 0.1634252675181641 0.002055743158926306
0.0030888435964774815 0.21414238276183806 0.002453458836288777
0.003727593720314938 0.27032955088281907 0.002759924187916279
0.004498432668969444 0.3321977860696029 0.002941507034883338
0.005428675439323859 0.3918238123285965 0.003033208040402852
0.006551285568595509 0.46491087204098286 0.0031089974173510175
0.0079060432109077 0.5383379797365369 0.0030889071078539043
0.009540954763499945 0.6177317083984026 0.0030333408665128205
0.01151395399326447 0.6804214036557318 0.002915888380568223
0.013894954943731374 0.7475616214405212 0.0028057297296523336
0.016768329368110076 0.8043844166522884 0.002580682799633585
0.020235896477251564 0.8466422252043089 0.0023782379756372442
0.02442053094548651 0.8867066455686833 0.0021088492706331074
0.029470517025518096 0.9161771617936117 0.0018762231611623582
0.03556480306223128 0.9352514665184497 0.0016765012987589403
0.04291934260128776 0.955166049082029 0.0014129912864808316
0.0517947467923121 0.9665654491880047 0.0012397276765276997
0.0625055192527397 0.9725441075818253 0.0011691539013419325
0.07543120063354615 0.9815763128344585 0.0009193595147340551
0.09102981779915217 0.9876329916833614 0.0007574604334755562
0.10985411419875583 0.9892812513186408 0.0007349708022641395
0.13257113655901082 0.9926167062389555 0.0006154915451594494
0.15998587196060574 0.9947125799971712 0.0005024410798746067
0.19306977288832497 0.9961724679920714 0.0004145087749516239
0.2329951810515372 0.9973600801543494 0.00035199974948454976
0.2811768697974228 0.9981535793076156 0.0002901618132855295
0.3393221771895326 0.9985346762006866 0.00028245092577436776
0.4094915062380423 0.9990973585313755 0.00017374540476535375
0.49417133613238334 0.9991105048052153 0.00020366532831433244
0.5963623316594643 0.9996369161233988 0.00010972977682426688
0.7196856730011514 0.9997754586721515 9.432744196847317e-05
0.868511373751352 0.9996219874730526 0.0001340787481619234
1.0481131341546852 0.999895871164374 5.293392842826015e-05
1.2648552168552958 0.9998424684851803 9.884471325899705e-05
1.5264179671752318 0.9999913831210111 5.418345738751471e-06
1.8420699693267144 0.9998061540798492 0.00011635080295783364
2.2229964825261934 0.9999989940812262 8.013966528385546e-07
2.6826957952797246 0.9999975743235007 1.979398765798489e-06
3.2374575428176433 0.9999991478721321 6.990090800564558e-07
3.906939937054613 0.9999999897386186 8.86054679202416e-09
4.714866363457389 0.9999999563569109 4.355664390335885e-08
5.689866029018293 0.9999985011551076 8.651409951128609e-07
6.866488450042998 0.9999999984329202 1.0918538278014716e-09
8.286427728546842 0.9999999999999998 1.3577932817912775e-16
10.0 0.9999999921207873 5.566278765341409e-09
