0.001 0.005701004077397161 2.0554794230375295e-05
0.0012067926406393288 0.008106244216233405 2.8346537807816875e-05
0.0014563484775012444 0.011639250537613973 4.0211788997098956e-05
0.0017575106248547913 0.01647145561905946 5.535863860914172e-05
0.0021209508879201904 0.023518426861442926 7.918251336486601e-05
0.002559547922699536 0.032971291691697234 0.00010673225003362779
0.0030888435964774815 0.046354757778770767 0.0001462508948119039
0.003727593720314938 0.06414845472375365 0.00019665266825120886
0.004498432668969444 0.08808344887733989 0.0002510960429946171
0.005428675439323859 0.11908836857938127 0.00031550196582818516
0.006551285568595509 0.16110329813602944 0.0004081305692308825
0.0079060432109077 0.21322036144058384 0.0004990194465286573
0.009540954763499945 0.2765254618730995 0.0005865742730319383
0.01151395399326447 0.35270102379753143 0.0006636020238661275
0.013894954943731374 0.4397851836920079 0.0007129672676636583
0.016768329368110076 0.5365253474893338 0.0007392050379654802
0.020235896477251564 0.6334298601601601 0.0006908514337105215
0.02442053094548651 0.728175475388845 0.0006012675937097842
0.029470517025518096 0.814332231443083 0.0004836481565302268
0.03556480306223128 0.8836972790201293 0.0003436561101483569
0.04291934260128776 0.9345928600752003 0.00021295082073034921
0.0517947467923121 0.9680474369913844 0.00011626636311326453
0.0625055192527397 0.9866901420330467 5.287067231982771e-05
0.07543120063354615 0.9954008390499024 1.955122119600554e-05
0.09102981779915217 0.9987187279909513 5.690359205835784e-06
0.10985411419875583 0.9997323274447021 1.264054086132962e-06
0.13257113655901082 0.9999598437352444 2.067310156502741e-07
0.15998587196060574 0.9999958435368242 2.246593978004347e-08
0.19306977288832497 0.999999731241168 1.5407632696123555e-09
0.2329951810515372 0.9999999900971008 5.959151177171346e-11
0.2811768697974228 0.9999999998160402 1.1966405631282495e-12
0.3393221771895326 0.9999999999984713 1.0486167161584248e-14
0.4094915062380423 0.9999999999999952 3.4163379115197645e-17
0.49417133613238334 1.0 1.1833123453963013e-18
0.5963623316594643 1.0 1.0336408895301635e-18
0.7196856730011514 1.0 1.2470132555097078e-18
0.868511373751352 1.0 1.8374778024090332e-18
1.0481131341546852 1.0 0.0
1.2648552168552958 1.0 0.0
1.5264179671752318 1.0 0.0
1.8420699693267144 1.0 0.0
2.2229964825261934 1.0 0.0
2.6826957952797246 1.0 0.0
3.2374575428176433 1.0 0.0
3.906939937054613 1.0 0.0
4.714866363457389 1.0 0.0
5.689866029018293 1.0 0.0
6.866488450042998 1.0 0.0
8.286427728546842 1.0 0.0
10.0 1.0 0.0
