0.001 9.004579162809803e-05 5.692547478689464e-07
0.0012067926406393288 0.00015463809049431077 9.338212438931491e-07
0.0014563484775012444 0.00026749470254373853 1.6413070635839697e-06
0.0017575106248547913 0.00045751661104193156 2.7652519494913177e-06
0.0021209508879201904 0.0007849388877395986 4.61901814453308e-06
0.002559547922699536 0.0013303794807632762 7.855911736528994e-06
0.0030888435964774815 0.002281101159982422 1.3199822853443906e-05
0.003727593720314938 0.0038491338440611316 2.211037239092294e-05
0.004498432668969444 0.006318122351180661 3.406640430584968e-05
0.005428675439323859 0.010487051775551887 5.4561172703393593e-05
0.006551285568595509 0.017065433667286356 8.663123710401285e-05
0.0079060432109077 0.02746790273627084 0.00013404802362119246
0.009540954763499945 0.0427978591980153 0.0001871573195283933
0.01151395399326447 0.06686548971392303 0.0002804659090246363
0.013894954943731374 0.10031332218851456 0.0003797848693441223
0.016768329368110076 0.14781368872874331 0.000501450000348165
0.020235896477251564 0.21139908222463563 0.0006364043808445209
0.02442053094548651 0.29232492167918406 0.0007515359654696744
0.029470517025518096 0.3870251969845253 0.0008021712509640133
0.03556480306223128 0.4960231910519442 0.0008223530486416406
0.04291934260128776 0.6113697264696301 0.000786077598959848
0.0517947467923121 0.7194925543875014 0.0006531886280376124
0.0625055192527397 0.8156072846197367 0.0005055219211085555
0.07543120063354615 0.8902169511266962 0.00033325176514461337
0.09102981779915217 0.9420980832685193 0.00019614562346629424
0.10985411419875583 0.9735893935438596 9.800464036492944e-05
0.13257113655901082 0.9897791461741433 4.138053122537999e-05
0.15998587196060574 0.9967142331848867 1.401705993929411e-05
0.19306977288832497 0.9991779437642675 3.7612249274683546e-06
0.2329951810515372 0.9998440979870203 7.640010173183321e-07
0.2811768697974228 0.9999788691718406 1.0921742382634392e-07
0.3393221771895326 0.9999981073693655 1.042334900920522e-08
0.4094915062380423 0.9999998963203998 6.068793142793889e-10
0.49417133613238334 0.9999999968581209 1.9504921370446114e-11
0.5963623316594643 0.999999999954123 3.0699848334023506e-13
0.7196856730011514 0.9999999999997151 2.0409463627729072e-15
0.868511373751352 0.9999999999999991 5.484602874392175e-18
1.0481131341546852 1.0 0.0
1.2648552168552958 1.0 0.0
1.5264179671752318 1.0 0.0
1.8420699693267144 1.0 0.0
2.2229964825261934 1.0 0.0
2.6826957952797246 1.0 0.0
3.2374575428176433 1.0 0.0
3.906939937054613 1.0 0.0
4.714866363457389 1.0 0.0
5.689866029018293 1.0 0.0
6.866488450042998 1.0 0.0
8.286427728546842 1.0 0.0
10.0 1.0 0.0
