0.001 0.0020326959263189163 4.950461265452441e-05
0.0012067926406393288 0.003252316838198266 8.946342840089963e-05
0.0014563484775012444 0.0044418644812493765 0.00010900719419179689
0.0017575106248547913 0.00612779807497814 0.0001435854192246654
0.0021209508879201904 0.008824429029645954 0.00019624484064507353
0.002559547922699536 0.012422881882743203 0.0002661540492325096
0.0030888435964774815 0.016882763776290836 0.00031757548692674736
0.003727593720314938 0.023800818358723275 0.00042622421176879836
0.004498432668969444 0.03257367636196566 0.0004950267058262424
0.005428675439323859 0.04399395291187261 0.00056869321833086
0.006551285568595509 0.06082382452028462 0.0007092858190550774
0.0079060432109077 0.08112592672720177 0.0007802267691496184
0.009540954763499945 0.10844009596796875 0.0008492128489662632
0.01151395399326447 0.1445048873820089 0.0009592112505103447
0.013894954943731374 0.18997534714158246 0.0010402562203194036
0.016768329368110076 0.2471742196228855 0.0011275998026006805
0.020235896477251564 0.3129105747346883 0.001139455368244472
0.02442053094548651 0.39197971340066035 0.001202401015712314
0.029470517025518096 0.478023057665336 0.001215868626486447
0.03556480306223128 0.5734625880818137 0.0012168934638189443
0.04291934260128776 0.6666782056821566 0.0011640741479125704
0.0517947467923121 0.7535220225525358 0.0010827385184405448
0.0625055192527397 0.8327690228435362 0.0009144279685634192
0.07543120063354615 0.8951683493655339 0.0007274518069751614
0.09102981779915217 0.9387987038345116 0.0005982119494547559
0.10985411419875583 0.9687585863431992 0.0004091817485875528
0.13257113655901082 0.9853707286702101 0.0003223288545050866
0.15998587196060574 0.9937926403383203 0.0002778709137287267
0.19306977288832497 0.9966535421384962 0.00038393182711442074
0.2329951810515372 0.9978928104869432 0.00038429796569380094
0.2811768697974228 0.9983187619293258 0.0003851047860507319
0.3393221771895326 0.999119560169878 0.00028595672787802773
0.4094915062380423 0.9991926666978732 0.0002827479725098823
0.49417133613238334 0.9994996741017792 0.00021178425193669386
0.5963623316594643 0.9991024382419604 0.00029794110818296115
0.7196856730011514 0.9988433499480116 0.00033051233602667896
0.868511373751352 0.9989844758318728 0.00031642566213675076
1.0481131341546852 0.9990647020028431 0.0002914486851977338
1.2648552168552958 0.9987125000905378 0.0003552833136841183
1.5264179671752318 0.9990999999977861 0.00029986496961065907
1.8420699693267144 0.9997998349864345 0.000141407244833162
2.2229964825261934 0.9992997559370542 0.0002644825426798248
2.6826957952797246 0.9986992521806413 0.0003603210984931063
3.2374575428176433 0.9994997878521872 0.00022355093430602806
3.906939937054613 0.9995712555381365 0.00020200304805533586
4.714866363457389 0.9987771396427683 0.00034673618777655515
5.689866029018293 0.9990998491857669 0.0002998649618511785
6.866488450042998 0.9996 0.00019995999599919982
8.286427728546842 0.9992 0.0002827295527531566
10.0 0.9991999995140308 0.00028272955261606647
