0.001 0.002215807929571964 5.826655940489361e-05
0.0012067926406393288 0.003056537989532434 7.544103250192991e-05
0.0014563484775012444 0.004439053055831576 0.00010820316227284822
0.0017575106248547913 0.006308132660109155 0.0001474577747211635
0.0021209508879201904 0.008761276552525428 0.00019149431071912614
0.002559547922699536 0.012708195839048898 0.0002619540204348927
0.0030888435964774815 0.01772465638230039 0.0003427434799032023
0.003727593720314938 0.023705856783080428 0.00039143196539159644
0.004498432668969444 0.032953180651034884 0.0005045805074661879
0.005428675439323859 0.04522427081969223 0.0005845259922276562
0.006551285568595509 0.0603218320607867 0.0006548262207796324
0.0079060432109077 0.08346060740452226 0.000814948899264253
0.009540954763499945 0.11139281882030887 0.0009038746406891796
0.01151395399326447 0.14691502653268976 0.0009599459279427218
0.013894954943731374 0.1919063832666483 0.0010063726926183567
0.016768329368110076 0.24724554307603175 0.0010618948450036615
0.020235896477251564 0.3162753353101936 0.0011240556347029019
0.02442053094548651 0.39553338648750075 0.001187506519124582
0.029470517025518096 0.4847582435760524 0.0011972021507487543
0.03556480306223128 0.5773548173703088 0.0012321472321820276
0.04291934260128776 0.6727991504999326 0.0011578125333262432
0.0517947467923121 0.759651979126538 0.001068551492510781
0.0625055192527397 0.8354030336672483 0.0009293452686162624
0.07543120063354615 0.8968312154584029 0.0007499417882115743
0.09102981779915217 0.941105387800128 0.0005654646787988543
0.10985411419875583 0.9700409972491613 0.0003969468163164035
0.13257113655901082 0.9861385698544285 0.0002920433398648172
0.15998587196060574 0.9944231513321942 0.00021556673237130655
0.19306977288832497 0.9974131845641887 0.0003012856127780847
0.2329951810515372 0.9987695781376775 0.00027094240805466795
0.2811768697974228 0.9994206729942411 0.00020855813496670097
0.3393221771895326 0.9993143500722035 0.00024932665056334985
0.4094915062380423 0.9991192241936049 0.00028369568950203797
0.49417133613238334 0.9982290854358449 0.00041162453298040696
0.5963623316594643 0.999516170068501 0.0002131780946438842
0.7196856730011514 0.9991297973691784 0.00029071164204936206
0.868511373751352 0.9990427257442023 0.0003052341760986002
1.0481131341546852 0.9988496629692393 0.00033486012114764625
1.2648552168552958 0.9995208899709279 0.0002068933950498546
1.5264179671752318 0.9994641676466967 0.00022633996678778477
1.8420699693267144 0.9994997977043426 0.00022355088222861263
2.2229964825261934 0.9984332534139999 0.0003910441646432288
2.6826957952797246 0.9994482213212381 0.0002281629388535465
3.2374575428176433 0.999199371715455 0.0002827297999338067
3.906939937054613 0.999274362196501 0.00026571534006538777
4.714866363457389 0.998599999955797 0.0003739037309089401
5.689866029018293 0.9993 0.00026448251359967073
6.866488450042998 0.9988999999655316 0.0003314800144690749
8.286427728546842 0.9995 0.00022355088906108163
10.0 0.9987998962997846 0.00034620223245664745
