0.001 4.747806178605919e-05 3.5552083105794507e-06
0.0012067926406393288 7.763881388582026e-05 5.692428168873574e-06
0.0014563484775012444 0.00012395101152476472 8.665055486216862e-06
0.0017575106248547913 0.00021555011522843924 1.5270909508274735e-05
0.0021209508879201904 0.00030871523619811325 2.0047791721078288e-05
0.002559547922699536 0.0005514138425898188 3.4861565412892996e-05
0.0030888435964774815 0.0011564992208587185 7.140405404050701e-05
0.003727593720314938 0.0016799661449421412 9.573102708555756e-05
0.004498432668969444 0.0022775923586262417 0.00011800975474217149
0.005428675439323859 0.004022682203094752 0.00020198745768660483
0.006551285568595509 0.006159488488911079 0.00026430578057313895
0.0079060432109077 0.008880137876860221 0.00035089260965203193
0.009540954763499945 0.014597960644193253 0.0004943448574916969
0.01151395399326447 0.02043633635956917 0.0005626787055374485
0.013894954943731374 0.030029753644490655 0.000678024482280904
0.016768329368110076 0.04483327651503528 0.0007861151862279272
0.020235896477251564 0.06603304801298983 0.0009229616010544844
0.02442053094548651 0.09517072521430027 0.0009656172912752341
0.029470517025518096 0.136928245327312 0.0010831850849583472
0.03556480306223128 0.19323722328778 0.0011711594063403077
0.04291934260128776 0.2650630157965805 0.001266206377270208
0.0517947467923121 0.3515379312091146 0.001332342429622451
0.0625055192527397 0.4508535004109744 0.0013284169691944153
0.07543120063354615 0.5596237440014941 0.0013304173896019841
0.09102981779915217 0.6666683686928889 0.0012900808663594025
0.10985411419875583 0.7650506021192078 0.001159474404578486
0.13257113655901082 0.8472059031555497 0.0009521327933720945
0.15998587196060574 0.9104657810449406 0.0007187571644762014
0.19306977288832497 0.9510975076195779 0.0005735318603164218
0.2329951810515372 0.9768736028934076 0.0003491042589191474
0.2811768697974228 0.9895409913663918 0.00036098998676418597
0.3393221771895326 0.9958009894347349 0.00030097977554962554
0.4094915062380423 0.9980774087902999 0.00028077461266766846
0.49417133613238334 0.9988149091339977 0.0002893693306473349
0.5963623316594643 0.999416500315162 0.00022122705591780793
0.7196856730011514 0.9981880473918529 0.0004164441172711395
0.868511373751352 0.9992339633624637 0.000263994245572832
1.0481131341546852 0.9989939201797786 0.00030717815502892597
1.2648552168552958 0.9991372261549213 0.00028483668581288755
1.5264179671752318 0.9990796938651356 0.0002990398211714049
1.8420699693267144 0.9992342301837022 0.0002723101512968947
2.2229964825261934 0.9989994801571828 0.000316038306076521
2.6826957952797246 0.9992949889677059 0.000264526915294485
3.2374575428176433 0.9992750645411368 0.0002655449309526568
3.906939937054613 0.999099966410294 0.0002998649614006129
4.714866363457389 0.9988999960795205 0.00033148001319332864
5.689866029018293 0.9995932785489026 0.00020007157561925434
6.866488450042998 0.9993983372631136 0.00024488071563316514
8.286427728546842 0.9989994291623261 0.0003160699469850441
10.0 0.9991999999999771 0.0002827295527531501
