0.001 0.04115569206354447 1.9542350263583373e-05
0.0012067926406393288 0.057380133059564756 2.6493177771147973e-05
0.0014563484775012444 0.0793710166484841 3.577624384279974e-05
0.0017575106248547913 0.10863899706340312 4.7160378112157404e-05
0.0021209508879201904 0.14670465002323718 5.966906725740427e-05
0.002559547922699536 0.19566592568903707 7.595534730636635e-05
0.0030888435964774815 0.25659402216802274 9.337442757210117e-05
0.003727593720314938 0.32992882061361845 0.00010767238502739475
0.004498432668969444 0.41549635637459303 0.00012369509564545106
0.005428675439323859 0.510754817692926 0.0001358104269652001
0.006551285568595509 0.6102288819314081 0.00013562935138912633
0.0079060432109077 0.7085143305717923 0.00012794539575017143
0.009540954763499945 0.7982487374576109 0.00011107953692555836
0.01151395399326447 0.8726219514102193 8.615644616710383e-05
0.013894954943731374 0.9283444257745834 6.004074570297835e-05
0.016768329368110076 0.9646491356185323 3.46429195173611e-05
0.020235896477251564 0.9852456526218977 1.761696265614236e-05
0.02442053094548651 0.9949106764760989 7.1445337143994e-06
0.029470517025518096 0.9986098076290556 2.3192643816381146e-06
0.03556480306223128 0.999711468177375 5.603897505985971e-07
0.04291934260128776 0.9999569884961927 9.757892050329385e-08
0.0517947467923121 0.9999956685914855 1.1175665440020963e-08
0.0625055192527397 0.9999997288317267 7.943824728777054e-10
0.07543120063354615 0.9999999903987886 3.150039800606877e-11
0.09102981779915217 0.9999999998296831 6.260511163068526e-13
0.10985411419875583 0.9999999999986569 5.139294193809826e-15
0.13257113655901082 0.9999999999999958 1.7216505906888896e-17
0.15998587196060574 1.0 2.0481132447969593e-18
0.19306977288832497 1.0 2.138325284396013e-18
0.2329951810515372 1.0 2.19925065082094e-18
0.2811768697974228 1.0 3.6754922121955075e-19
0.3393221771895326 1.0 0.0
0.4094915062380423 1.0 0.0
0.49417133613238334 1.0 0.0
0.5963623316594643 1.0 0.0
0.7196856730011514 1.0 0.0
0.868511373751352 1.0 0.0
1.0481131341546852 1.0 0.0
1.2648552168552958 1.0 0.0
1.5264179671752318 1.0 0.0
1.8420699693267144 1.0 0.0
2.2229964825261934 1.0 0.0
2.6826957952797246 1.0 0.0
3.2374575428176433 1.0 0.0
3.906939937054613 1.0 0.0
4.714866363457389 1.0 0.0
5.689866029018293 1.0 0.0
6.866488450042998 1.0 0.0
8.286427728546842 1.0 0.0
10.0 1.0 0.0
