0.001 0.030467379020261785 1.7478031593622634e-05
0.0012067926406393288 0.04273421635476451 2.3480434524478047e-05
0.0014563484775012444 0.05953388198832523 3.1955959543096314e-05
0.0017575106248547913 0.08219450095609726 4.264389710655005e-05
0.0021209508879201904 0.11231635489597258 5.566778123418724e-05
0.002559547922699536 0.15167296080431636 7.204892066863178e-05
0.0030888435964774815 0.20176804294771888 9.060177892676472e-05
0.003727593720314938 0.2643465280233184 0.00011232812829155448
0.004498432668969444 0.33904186963325783 0.0001308884328144964
0.005428675439323859 0.4255773785025442 0.00014506950376848825
0.006551285568595509 0.5215224937444184 0.00015646909730603756
0.0079060432109077 0.621510193253068 0.00015816433813214002
0.009540954763499945 0.7189214064473742 0.00014546117756855583
0.01151395399326447 0.8070106726433919 0.00012332905054226648
0.013894954943731374 0.8793823979959147 9.290183264405201e-05
0.016768329368110076 0.93314307112073 6.507529675972149e-05
0.020235896477251564 0.9676033476342596 3.739763998662441e-05
0.02442053094548651 0.9866974398480983 1.8317564519568506e-05
0.029470517025518096 0.9955344597171063 7.425840293666641e-06
0.03556480306223128 0.9988072201436935 2.273435431106515e-06
0.04291934260128776 0.9997601400672942 5.304816673685998e-07
0.0517947467923121 0.9999656103542897 8.860752074225057e-08
0.0625055192527397 0.9999966854219027 9.642041635401374e-09
0.07543120063354615 0.9999998025135417 6.400536320718152e-10
0.09102981779915217 0.9999999934892451 2.3952174672808496e-11
0.10985411419875583 0.999999999891906 4.271039380126809e-13
0.13257113655901082 0.9999999999992276 3.222031950913022e-15
0.15998587196060574 0.9999999999999977 9.570096712999272e-18
0.19306977288832497 1.0 2.0989969403644568e-18
0.2329951810515372 1.0 7.850462293418875e-19
0.2811768697974228 1.0 2.1089562326537783e-18
0.3393221771895326 1.0 1.9689485293159673e-18
0.4094915062380423 1.0 0.0
0.49417133613238334 1.0 0.0
0.5963623316594643 1.0 0.0
0.7196856730011514 1.0 0.0
0.868511373751352 1.0 0.0
1.0481131341546852 1.0 0.0
1.2648552168552958 1.0 0.0
1.5264179671752318 1.0 0.0
1.8420699693267144 1.0 0.0
2.2229964825261934 1.0 0.0
2.6826957952797246 1.0 0.0
3.2374575428176433 1.0 0.0
3.906939937054613 1.0 0.0
4.714866363457389 1.0 0.0
5.689866029018293 1.0 0.0
6.866488450042998 1.0 0.0
8.286427728546842 1.0 0.0
10.0 1.0 0.0
