0.001 0.10444133126491403 3.0442933986217862e-05
0.0012067926406393288 0.12459981643355966 3.517642233808911e-05
0.0014563484775012444 0.14835603359991956 4.134894793452915e-05
0.0017575106248547913 0.17614419513946156 4.8085891405194204e-05
0.0021209508879201904 0.20847429829242428 5.533062307619578e-05
0.002559547922699536 0.24585409092701221 6.381138728893282e-05
0.0030888435964774815 0.2885250201284392 7.260188315827582e-05
0.003727593720314938 0.3370892798814384 8.296501500073911e-05
0.004498432668969444 0.3909303701166823 9.096677009676698e-05
0.005428675439323859 0.4502035641795121 9.740525786780323e-05
0.006551285568595509 0.5143610596093019 0.00010456224773576737
0.0079060432109077 0.5817777573465774 0.00010907296519335096
0.009540954763499945 0.6505723534534759 0.00010800106945862411
0.01151395399326447 0.7187217416890358 0.0001037281076991692
0.013894954943731374 0.7833591160055177 9.3967490401134e-05
0.016768329368110076 0.8423722513466589 8.496074480409337e-05
0.020235896477251564 0.8923222416366025 6.806107876471243e-05
0.02442053094548651 0.9320245955857739 5.133243493525315e-05
0.029470517025518096 0.9610630729812807 3.5671106080039085e-05
0.03556480306223128 0.9800356644372121 2.1194989993000105e-05
0.04291934260128776 0.9911009450609934 1.1183298352030464e-05
0.0517947467923121 0.9966477142153268 5.020598674006124e-06
0.0625055192527397 0.9989641399733291 1.8070863986283282e-06
0.07543120063354615 0.999748461954789 5.068719966637286e-07
0.09102981779915217 0.9999546708603982 1.0751368817452754e-07
0.10985411419875583 0.9999942006391355 1.5488143784876428e-08
0.13257113655901082 0.9999995135164441 1.4440328057048191e-09
0.15998587196060574 0.9999999757914471 8.23690522673632e-11
0.19306977288832497 0.9999999993392903 2.420098903851951e-12
0.2329951810515372 0.9999999999915159 3.413468724893524e-14
0.2811768697974228 0.9999999999999555 1.9518661440063846e-16
0.3393221771895326 1.0 9.844742646579837e-19
0.4094915062380423 1.0 0.0
0.49417133613238334 1.0 0.0
0.5963623316594643 1.0 0.0
0.7196856730011514 1.0 0.0
0.868511373751352 1.0 0.0
1.0481131341546852 1.0 0.0
1.2648552168552958 1.0 0.0
1.5264179671752318 1.0 0.0
1.8420699693267144 1.0 0.0
2.2229964825261934 1.0 0.0
2.6826957952797246 1.0 0.0
3.2374575428176433 1.0 0.0
3.906939937054613 1.0 0.0
4.714866363457389 1.0 0.0
5.689866029018293 1.0 0.0
6.866488450042998 1.0 0.0
8.286427728546842 1.0 0.0
10.0 1.0 0.0
