0.001 0.001428870985290583 1.176109995400902e-06
0.0012067926406393288 0.0024248973272082393 2.0039185783463037e-06
0.0014563484775012444 0.00407270604593203 3.22425221623079e-06
0.0017575106248547913 0.006798746712388625 5.333790500464791e-06
0.0021209508879201904 0.011237344641498965 8.695867870758803e-06
0.002559547922699536 0.018311822745122056 1.389136595529892e-05
0.0030888435964774815 0.029423243811767783 2.1316177042918565e-05
0.003727593720314938 0.04646308728481991 3.251377711924882e-05
0.004498432668969444 0.07188592560803864 4.67701416498682e-05
0.005428675439323859 0.10858497290357463 6.553584574266378e-05
0.006551285568595509 0.16006345898642774 9.172997361993893e-05
0.0079060432109077 0.22815868691198635 0.00011636676232061834
0.009540954763499945 0.3146522969910217 0.0001434955186812625
0.01151395399326447 0.4172973373129024 0.000164335098170451
0.013894954943731374 0.5307876654257936 0.00017246682105671095
0.016768329368110076 0.6468507110155611 0.00016452864608052222
0.020235896477251564 0.7553676690940002 0.00014627363869441576
0.02442053094548651 0.8458532269123225 0.00011229996805643848
0.029470517025518096 0.9133468727670448 7.637171048179791e-05
0.03556480306223128 0.9575099122990752 4.565967301103855e-05
0.04291934260128776 0.9821224683296083 2.2811765213949072e-05
0.0517947467923121 0.9937579216849681 9.343143241921039e-06
0.0625055192527397 0.9982469760363251 3.0596258230799104e-06
0.07543120063354615 0.9996223144585421 7.614832924677159e-07
0.09102981779915217 0.9999408048778586 1.391352443582753e-07
0.10985411419875583 0.9999936260001756 1.6819781073887413e-08
0.13257113655901082 0.9999995674757618 1.2891268885603592e-09
0.15998587196060574 0.9999999832293115 5.6988502042105325e-11
0.19306977288832497 0.999999999667603 1.2763769361167082e-12
0.2329951810515372 0.9999999999969977 1.2146739393264586e-14
0.2811768697974228 0.99999999999999 4.4480346643038634e-17
0.3393221771895326 1.0 0.0
0.4094915062380423 1.0 0.0
0.49417133613238334 1.0 0.0
0.5963623316594643 1.0 0.0
0.7196856730011514 1.0 0.0
0.868511373751352 1.0 0.0
1.0481131341546852 1.0 0.0
1.2648552168552958 1.0 0.0
1.5264179671752318 1.0 0.0
1.8420699693267144 1.0 0.0
2.2229964825261934 1.0 0.0
2.6826957952797246 1.0 0.0
3.2374575428176433 1.0 0.0
3.906939937054613 1.0 0.0
4.714866363457389 1.0 0.0
5.689866029018293 1.0 0.0
6.866488450042998 1.0 0.0
8.286427728546842 1.0 0.0
10.0 1.0 0.0
