0.001 0.03517365252214736 1.8055380157723768e-05
0.0012067926406393288 0.0492595826247834 2.5172361191631433e-05
0.0014563484775012444 0.06831277147769894 3.308281480869167e-05
0.0017575106248547913 0.09399769439422694 4.4469413506035664e-05
0.0021209508879201904 0.12793970873091692 5.873503481708785e-05
0.002559547922699536 0.17167238960625336 7.521555155950136e-05
0.0030888435964774815 0.22691770992845123 9.277209711935382e-05
0.003727593720314938 0.29460118989461076 0.00011230377591178487
0.004498432668969444 0.37465633738828963 0.00012760176831847213
0.005428675439323859 0.4653775737771771 0.00013911322515894377
0.006551285568595509 0.5639644258637151 0.00014934360947115906
0.0079060432109077 0.6635286942618143 0.00014281960559303674
0.009540954763499945 0.7582325166948378 0.00012997570924311807
0.01151395399326447 0.8403953590834302 0.0001065425095340564
0.013894954943731374 0.9048860998836499 7.715855236943839e-05
0.016768329368110076 0.9499738405033104 4.8713457522786414e-05
0.020235896477251564 0.9774095888329519 2.6999384300874902e-05
0.02442053094548651 0.9914304989378273 1.2006347583421677e-05
0.029470517025518096 0.9973737116385369 4.3121382117413796e-06
0.03556480306223128 0.9993792040337779 1.21494598499046e-06
0.04291934260128776 0.9998908354243063 2.4595890544576614e-07
0.0517947467923121 0.9999866827667182 3.433904720906238e-08
0.0625055192527397 0.9999989435662912 3.06902714852847e-09
0.07543120063354615 0.9999999505095027 1.608319146948048e-10
0.09102981779915217 0.9999999987674151 4.477937453678393e-12
0.10985411419875583 0.9999999999855141 5.6514116281075976e-14
0.13257113655901082 0.9999999999999324 2.8440309121055363e-16
0.15998587196060574 1.0 2.0435342955315752e-18
0.19306977288832497 1.0 8.076443282810968e-19
0.2329951810515372 1.0 2.160917286904482e-18
0.2811768697974228 1.0 2.0654922858845016e-18
0.3393221771895326 1.0 0.0
0.4094915062380423 1.0 0.0
0.49417133613238334 1.0 0.0
0.5963623316594643 1.0 0.0
0.7196856730011514 1.0 0.0
0.868511373751352 1.0 0.0
1.0481131341546852 1.0 0.0
1.2648552168552958 1.0 0.0
1.5264179671752318 1.0 0.0
1.8420699693267144 1.0 0.0
2.2229964825261934 1.0 0.0
2.6826957952797246 1.0 0.0
3.2374575428176433 1.0 0.0
3.906939937054613 1.0 0.0
4.714866363457389 1.0 0.0
5.689866029018293 1.0 0.0
6.866488450042998 1.0 0.0
8.286427728546842 1.0 0.0
10.0 1.0 0.0
