0.001 0.058752339947230545 2.231497348225227e-05
0.0012067926406393288 0.08116493015052852 3.0064281491325023e-05
0.0014563484775012444 0.11096780986784459 3.896563139851687e-05
0.0017575106248547913 0.14986351783812515 4.982787156942082e-05
0.0021209508879201904 0.19969323645968137 6.445539818494536e-05
0.002559547922699536 0.26149248925467616 7.698966839367692e-05
0.0030888435964774815 0.3359244925672347 9.133302999626319e-05
0.003727593720314938 0.42207122173935 0.00010186943766966747
0.004498432668969444 0.5176206589178226 0.00011101532627203637
0.005428675439323859 0.6173610875573714 0.00010998152914584627
0.006551285568595509 0.7152050519985009 0.0001028092889474982
0.0079060432109077 0.8041037326517378 8.944716194095988e-05
0.009540954763499945 0.877239293515178 6.797132856163455e-05
0.01151395399326447 0.9315367006294694 4.746421029844016e-05
0.013894954943731374 0.9667241416172832 2.8081389993534995e-05
0.016768329368110076 0.9862831745813372 1.3987970567310508e-05
0.020235896477251564 0.9953413685299778 5.545973407644337e-06
0.02442053094548651 0.9987515662660084 1.7731986472405934e-06
0.029470517025518096 0.999747094687238 4.2076814744958246e-07
0.03556480306223128 0.9999633609235387 7.12989894721729e-08
0.04291934260128776 0.9999964318263123 7.923436625216311e-09
0.0517947467923121 0.9999997869180294 5.535182614573324e-10
0.0625055192527397 0.9999999928304922 2.0931635311716538e-11
0.07543120063354615 0.9999999998805397 3.915667814039398e-13
0.09102981779915217 0.9999999999991396 3.1054039523699097e-15
0.10985411419875583 0.9999999999999974 9.661262570596722e-18
0.13257113655901082 1.0 2.090759548837678e-18
0.15998587196060574 1.0 2.1634256072926137e-18
0.19306977288832497 1.0 2.026453564664419e-18
0.2329951810515372 1.0 1.971451006850227e-18
0.2811768697974228 1.0 0.0
0.3393221771895326 1.0 0.0
0.4094915062380423 1.0 0.0
0.49417133613238334 1.0 0.0
0.5963623316594643 1.0 0.0
0.7196856730011514 1.0 0.0
0.868511373751352 1.0 0.0
1.0481131341546852 1.0 0.0
1.2648552168552958 1.0 0.0
1.5264179671752318 1.0 0.0
1.8420699693267144 1.0 0.0
2.2229964825261934 1.0 0.0
2.6826957952797246 1.0 0.0
3.2374575428176433 1.0 0.0
3.906939937054613 1.0 0.0
4.714866363457389 1.0 0.0
5.689866029018293 1.0 0.0
6.866488450042998 1.0 0.0
8.286427728546842 1.0 0.0
10.0 1.0 0.0
