0.001 0.0018271732013738927 1.3939205729640952e-06
0.0012067926406393288 0.003086020192287728 2.309997947082056e-06
0.0014563484775012444 0.005176810392697719 3.833133330890405e-06
0.0017575106248547913 0.008597588835472634 6.222085494220484e-06
0.0021209508879201904 0.014084181375242718 9.761916760552597e-06
0.002559547922699536 0.02283244366208647 1.545168134678532e-05
0.0030888435964774815 0.036410646226027875 2.3835797090961247e-05
0.003727593720314938 0.05692939466426195 3.459508886772805e-05
0.004498432668969444 0.08727218675791558 5.0800470262877306e-05
0.005428675439323859 0.13058455835686972 7.202618390793453e-05
0.006551285568595509 0.18932355180452393 9.445685022209759e-05
0.0079060432109077 0.2659663385030939 0.00011946906818982937
0.009540954763499945 0.36040198980164306 0.00014240877027114457
0.01151395399326447 0.46883456240198274 0.00015680753346345518
0.013894954943731374 0.5852569338710704 0.00016118693969529641
0.016768329368110076 0.6985709031779431 0.0001437956607420686
0.020235896477251564 0.7999288140671168 0.00012098046142421128
0.02442053094548651 0.880189998312686 8.797436880627318e-05
0.029470517025518096 0.9366145681773714 5.701297033262723e-05
0.03556480306223128 0.9709416900487263 3.122485844622163e-05
0.04291934260128776 0.988762367570247 1.4442326836049688e-05
0.0517947467923121 0.9964380910094466 5.344644930284158e-06
0.0625055192527397 0.9991118395979868 1.5600720569863743e-06
0.07543120063354615 0.9998337102143203 3.389796200940132e-07
0.09102981779915217 0.9999780099760466 5.232893116790838e-08
0.10985411419875583 0.9999980573880777 5.046784051707086e-09
0.13257113655901082 0.9999998974550901 3.069911696237976e-10
0.15998587196060574 0.9999999970571918 1.0115313874824869e-11
0.19306977288832497 0.9999999999585881 1.5310438410114536e-13
0.2329951810515372 0.9999999999997599 9.70022152377458e-16
0.2811768697974228 0.9999999999999997 3.286747714672228e-18
0.3393221771895326 1.0 0.0
0.4094915062380423 1.0 0.0
0.49417133613238334 1.0 0.0
0.5963623316594643 1.0 0.0
0.7196856730011514 1.0 0.0
0.868511373751352 1.0 0.0
1.0481131341546852 1.0 0.0
1.2648552168552958 1.0 0.0
1.5264179671752318 1.0 0.0
1.8420699693267144 1.0 0.0
2.2229964825261934 1.0 0.0
2.6826957952797246 1.0 0.0
3.2374575428176433 1.0 0.0
3.906939937054613 1.0 0.0
4.714866363457389 1.0 0.0
5.689866029018293 1.0 0.0
6.866488450042998 1.0 0.0
8.286427728546842 1.0 0.0
10.0 1.0 0.0
