0.001 0.010221291566263188 0.00011679864796011941
0.0012067926406393288 0.014299814529356058 0.0001619518913411427
0.0014563484775012444 0.02014541412646877 0.00022469154894049468
0.0017575106248547913 0.028260972697924422 0.0003059588549718527
0.0021209508879201904 0.039253854995092846 0.0004171795673110259
0.002559547922699536 0.052792042415107224 0.0005498624074784608
0.0030888435964774815 0.07274263738167423 0.0007405299288962549
0.003727593720314938 0.09645312098589136 0.0009521445801746134
0.004498432668969444 0.1278674674253437 0.0012034149145482848
0.005428675439323859 0.1659359030226197 0.0015000772541361761
0.006551285568595509 0.2111840795575623 0.001809840072139324
0.0079060432109077 0.2667989806437942 0.002129598738461977
0.009540954763499945 0.3226459434153351 0.0024638377424755246
0.01151395399326447 0.3887891780270178 0.0027547093440174423
0.013894954943731374 0.4532918300423788 0.002985454456808603
0.016768329368110076 0.5247002798523094 0.0031217291344896605
0.020235896477251564 0.5831722866517616 0.0032125847054214245
0.02442053094548651 0.6489525529550474 0.0032174166645773596
0.029470517025518096 0.7012655586534452 0.0031822562996156874
0.03556480306223128 0.7446731309821333 0.0031291143258545618
0.04291934260128776 0.788242082587133 0.00300620544592717
0.0517947467923121 0.814767774625182 0.0029002145557565817
0.0625055192527397 0.850611884250355 0.002713030861013726
0.07543120063354615 0.8729240914050097 0.0025648580862683416
0.09102981779915217 0.8940433602141895 0.002406156711472181
0.10985411419875583 0.9078396430951665 0.002285447615447144
0.13257113655901082 0.9255732111903999 0.002103367144060976
0.15998587196060574 0.9331547605451673 0.002022914133486192
0.19306977288832497 0.9471057106588385 0.0018206976301930306
0.2329951810515372 0.9560710740146351 0.001672402152468876
0.2811768697974228 0.9619607537537761 0.001548463429863567
0.3393221771895326 0.9659476568125521 0.001492810541184437
0.4094915062380423 0.9725985629253834 0.0013532755146781214
0.49417133613238334 0.9745991149492502 0.0013034317266950477
0.5963623316594643 0.9780606021726902 0.0012308456493412374
0.7196856730011514 0.9819488956448491 0.001103087719220807
0.868511373751352 0.9845039151594581 0.0010367704070729394
1.0481131341546852 0.9852180257189924 0.0010331627116194264
1.2648552168552958 0.9861774753764968 0.000999747920005663
1.5264179671752318 0.9882273443642317 0.0009231075350759699
1.8420699693267144 0.9910363628757101 0.0008120890085896042
2.2229964825261934 0.9898421021413204 0.0008634466455768532
2.6826957952797246 0.9936133108164278 0.0006952241574442206
3.2374575428176433 0.9932845717779067 0.0007059715828537798
3.906939937054613 0.9939560323809721 0.000700518971818421
4.714866363457389 0.9938169892652128 0.0007097256332610162
5.689866029018293 0.9949652205941889 0.0006640322839597192
6.866488450042998 0.9944878998326101 0.0006701677088323111
8.286427728546842 0.9954757584714109 0.0006356900578380683
10.0 0.9962170530492361 0.0005812481966694783
