0.001 0.010007842552947776 0.0001150967850810951
0.0012067926406393288 0.014089216264707743 0.00016052471878980838
0.0014563484775012444 0.020210176724307534 0.00022504076123563467
0.0017575106248547913 0.027845907989855992 0.0003096879457222397
0.0021209508879201904 0.039201360593940526 0.0004197941091810733
0.002559547922699536 0.053145842526083495 0.0005549603373812204
0.0030888435964774815 0.07175379511591902 0.0007259493070105589
0.003727593720314938 0.09535348203434527 0.0009374943006966049
0.004498432668969444 0.12840556036558406 0.0012018555235763376
0.005428675439323859 0.16398632674481484 0.0014814146895717863
0.006551285568595509 0.21064946181847718 0.0018025248060836133
0.0079060432109077 0.2608683310808417 0.0021170846540227235
0.009540954763499945 0.3204370878847579 0.0024511959248141985
0.01151395399326447 0.38391780025163824 0.0027292495549232935
0.013894954943731374 0.4599384894986139 0.0029845312534582556
0.016768329368110076 0.5151380191603961 0.003126750263700942
0.020235896477251564 0.5810210506788414 0.003211622001216739
0.02442053094548651 0.648013877201705 0.003229213358030404
0.029470517025518096 0.6901287783672969 0.0032457752359331326
0.03556480306223128 0.7458796406558322 0.003100524360906062
0.04291934260128776 0.7817774236878807 0.003024634701659665
0.0517947467923121 0.8216319727559783 0.0028456293779414764
0.0625055192527397 0.8511244422843649 0.0027125591079290023
0.07543120063354615 0.8652163255912968 0.002650790709576567
0.09102981779915217 0.8962815531382766 0.002385838890773203
0.10985411419875583 0.9115663622836759 0.0022403726155705603
0.13257113655901082 0.9213932673849946 0.00216555749416328
0.15998587196060574 0.9356934544838974 0.0019470393524282437
0.19306977288832497 0.9443333764014414 0.0018650866235904926
0.2329951810515372 0.9504311835421803 0.001785373766727107
0.2811768697974228 0.9617393580419562 0.0015808316488193231
0.3393221771895326 0.96508207695408 0.001514961494053809
0.4094915062380423 0.9674267600609419 0.0014747244478251751
0.49417133613238334 0.9746528026051905 0.0013006206838440991
0.5963623316594643 0.9769685581108511 0.0012649104407946674
0.7196856730011514 0.9794755449840562 0.0012076072251354887
0.868511373751352 0.9845162014347767 0.0010383111622764042
1.0481131341546852 0.9840168338548289 0.001090120172435726
1.2648552168552958 0.9882768635671844 0.0009036227830868153
1.5264179671752318 0.9887615010979652 0.0009024551946881682
1.8420699693267144 0.990509572432203 0.0008376064570237118
2.2229964825261934 0.9924713174847711 0.0007264723063562354
2.6826957952797246 0.9921470335101605 0.0007674173618064626
3.2374575428176433 0.9941268745941095 0.0006488269070804875
3.906939937054613 0.9939942812273849 0.0006666576461811974
4.714866363457389 0.9942136485602394 0.0006845443222413755
5.689866029018293 0.9951668297582724 0.0006192841794538246
6.866488450042998 0.994663423673919 0.0006712053195525136
8.286427728546842 0.9946228619366108 0.0007018975962425978
10.0 0.9960529555541955 0.0005914192039456015
