0.001 0.04937609939286149 0.00033197967578777924
0.0012067926406393288 0.05881597392301694 0.00039797159423419175
0.0014563484775012444 0.07125506570283222 0.00047572216765219945
0.0017575106248547913 0.08438832377057952 0.0005625313617554683
0.0021209508879201904 0.1017219752659671 0.0006650545207483137
0.002559547922699536 0.12014132909859607 0.0007771981576617926
0.0030888435964774815 0.14175231257875484 0.000910170276923182
0.003727593720314938 0.16644040520682318 0.0010575767903019838
0.004498432668969444 0.19786100207542304 0.001233149598850526
0.005428675439323859 0.22950911324163334 0.0013975916128299458
0.006551285568595509 0.26838139691343105 0.0015870945467741195
0.0079060432109077 0.3080786173520066 0.0017758066878371028
0.009540954763499945 0.35325494702981897 0.001992116167917098
0.01151395399326447 0.4022190384521018 0.002171982130693122
0.013894954943731374 0.4609211258962971 0.002356886457410868
0.016768329368110076 0.505251517134337 0.0024867754612839686
0.020235896477251564 0.5595578110285226 0.002585449936844423
0.02442053094548651 0.6180005037374475 0.0026656415336693538
0.029470517025518096 0.6578337238058705 0.0027367438873852072
0.03556480306223128 0.7108675319729532 0.002682470817116498
0.04291934260128776 0.7495475010294353 0.002671680025092038
0.0517947467923121 0.7918111931124775 0.0025611086953038946
0.0625055192527397 0.8245374074854369 0.002488473853649109
0.07543120063354615 0.8433317732209809 0.0024552791945817794
0.09102981779915217 0.8768311729490542 0.0022426209717963746
0.10985411419875583 0.8952836651172371 0.002122746535812008
0.13257113655901082 0.9084497811573783 0.0020592053391727833
0.15998587196060574 0.9245443792095043 0.001868321952926004
0.19306977288832497 0.9356110265051352 0.0017919345540740952
0.2329951810515372 0.9437489231369113 0.0017094868326321413
0.2811768697974228 0.955957485293763 0.0015247622792220234
0.3393221771895326 0.9600137791919875 0.0014644743058341639
0.4094915062380423 0.9635051044532497 0.0014268857649730024
0.49417133613238334 0.9710382886990828 0.0012705753922821026
0.5963623316594643 0.9742186478304786 0.001227726629260452
0.7196856730011514 0.977370531492796 0.0011721968674290634
0.868511373751352 0.9827508541718828 0.0010087028749489232
1.0481131341546852 0.9821791740211804 0.001067253414471685
1.2648552168552958 0.9868610652815171 0.0008824062532356166
1.5264179671752318 0.9875648816443212 0.0008855271145525098
1.8420699693267144 0.9894845590749352 0.0008274821907749801
2.2229964825261934 0.9914068533351856 0.0007262208835738239
2.6826957952797246 0.9913707842627955 0.000760775485473586
3.2374575428176433 0.9933653087200988 0.0006536224029610595
3.906939937054613 0.9933063424293401 0.0006695737604955323
4.714866363457389 0.9936102686871473 0.0006910052649764395
5.689866029018293 0.9945430076976305 0.0006277936449539276
6.866488450042998 0.9941578512859495 0.0006802700124025317
8.286427728546842 0.9942262026524032 0.0007081576747505421
10.0 0.9956159293291797 0.0006005625018090545
