0.001 0.049850467166473865 0.00033652150577942664
0.0012067926406393288 0.059300999807590855 0.0004004660737781285
0.0014563484775012444 0.0712087460384519 0.0004738567378542075
0.0017575106248547913 0.08533307653405871 0.0005613550968150998
0.0021209508879201904 0.10193126158297301 0.0006628420553230184
0.002559547922699536 0.11953481228898145 0.0007768067170880504
0.0030888435964774815 0.14282142398372458 0.0009182117160157418
0.003727593720314938 0.1676320428229335 0.001063741916109042
0.004498432668969444 0.1976381472770124 0.0012279429014486205
0.005428675439323859 0.2310316237321505 0.001410118725076274
0.006551285568595509 0.2684535544892591 0.0015960784933417014
0.0079060432109077 0.31264844601468456 0.0017859345089515665
0.009540954763499945 0.3555478051284966 0.0019922798171175433
0.01151395399326447 0.40572650156339846 0.002191033116949285
0.013894954943731374 0.45565882349442316 0.0023655553708983473
0.016768329368110076 0.5128244122132616 0.0024876017748401338
0.020235896477251564 0.5615786565233727 0.002594477538304414
0.02442053094548651 0.6187068507652425 0.0026523773227604803
0.029470517025518096 0.6672338216694279 0.002682272858739156
0.03556480306223128 0.7107170149343038 0.0027058572796664006
0.04291934260128776 0.7554871327174846 0.002656223562224679
0.0517947467923121 0.7848440648936028 0.00261189186484983
0.0625055192527397 0.8248321604041113 0.0024887902409963273
0.07543120063354615 0.8508618703172549 0.0023793815581536833
0.09102981779915217 0.8752972205177375 0.0022586974083697153
0.10985411419875583 0.8927282309553098 0.0021585060990461174
0.13257113655901082 0.9132945766816031 0.001997161891897045
0.15998587196060574 0.9230088110759501 0.0019296873369936294
0.19306977288832497 0.9379793908729338 0.0017533363823231277
0.2329951810515372 0.9490789139594559 0.0016101870801377945
0.2811768697974228 0.9557593653213112 0.0014992320422086665
0.3393221771895326 0.9610513298146054 0.0014421285831747307
0.4094915062380423 0.9685511090489425 0.001313579788772381
0.49417133613238334 0.9711637492823313 0.0012661045131288527
0.5963623316594643 0.9752724866799317 0.0011971502946880746
0.7196856730011514 0.9797511551380667 0.0010681427866231572
0.868511373751352 0.9826865115253549 0.0010033969524073563
1.0481131341546852 0.9836779947560228 0.001000593497078172
1.2648552168552958 0.9848050617848315 0.0009732669396762154
1.5264179671752318 0.9870251456702781 0.0009041905556629678
1.8420699693267144 0.9898572510856517 0.0008099203792573227
2.2229964825261934 0.988904909395424 0.0008534752688537146
2.6826957952797246 0.9928470326106613 0.0006890147378395055
3.2374575428176433 0.9926087880700708 0.0007074470649317726
3.906939937054613 0.9933211620205377 0.0007050437493334828
4.714866363457389 0.9933076788596807 0.0007106777172758749
5.689866029018293 0.9944893359455067 0.0006706497746513366
6.866488450042998 0.9939297714157356 0.0006817005874429967
8.286427728546842 0.9950857073132054 0.0006436301521863149
10.0 0.9958800302901158 0.0005899808290397008
