0.001 0.06833732148508129 0.0006733430289070106
0.0012067926406393288 0.0928751443235462 0.0008709841372053756
0.0014563484775012444 0.12252261819334294 0.0010912835336428556
0.0017575106248547913 0.16095760415311433 0.0013585473979534875
0.0021209508879201904 0.20406344300965967 0.0016172794450833923
0.002559547922699536 0.2609159243570319 0.0019187503198324865
0.0030888435964774815 0.32114247913723987 0.002208676960911524
0.003727593720314938 0.3893682437499478 0.0024833072378354928
0.004498432668969444 0.4649742829614668 0.002687124842481706
0.005428675439323859 0.5358436579662537 0.00285199574574147
0.006551285568595509 0.6068576899213672 0.0029449508374612293
0.0079060432109077 0.6713703617905219 0.0029515743676959234
0.009540954763499945 0.7270279748653979 0.0029167197575741127
0.01151395399326447 0.7763531182449896 0.0028140582033574207
0.013894954943731374 0.8178559004778346 0.002679011466217169
0.016768329368110076 0.8573555045112389 0.0024608379925286795
0.020235896477251564 0.884812840218082 0.0022896933828808435
0.02442053094548651 0.9094940312259617 0.0021224798402135346
0.029470517025518096 0.9293564323037555 0.0019048504755850948
0.03556480306223128 0.9367722668985959 0.0018671348188265965
0.04291934260128776 0.9486923877592992 0.0016994232168132417
0.0517947467923121 0.9589914353096297 0.0015531964917721397
0.0625055192527397 0.9652853390957935 0.0014579542176252815
0.07543120063354615 0.9739461236375777 0.0012862792356940925
0.09102981779915217 0.9759842696334774 0.0012263142034076874
0.10985411419875583 0.9816276059341058 0.0010826591065063694
0.13257113655901082 0.9834801355089705 0.0010474915237773529
0.15998587196060574 0.9861748755220157 0.0009431685491084563
0.19306977288832497 0.9883443143329401 0.0008946955150539265
0.2329951810515372 0.9892743771167622 0.0008605478405129599
0.2811768697974228 0.991171999121907 0.0007647050046274389
0.3393221771895326 0.9939798672464323 0.000658720633068811
0.4094915062380423 0.9931547369435252 0.0007012183994519779
0.49417133613238334 0.9952305735375337 0.0005813949693586971
0.5963623316594643 0.9949425097753505 0.0006132492610446957
0.7196856730011514 0.9960946534873457 0.0005305007741440431
0.868511373751352 0.9959814469302464 0.0005506408688511046
1.0481131341546852 0.9970075523087985 0.00044107628265311455
1.2648552168552958 0.9972082775463212 0.0004601774687043324
1.5264179671752318 0.9970748082944901 0.00047672701818008583
1.8420699693267144 0.9975633480752993 0.0004353463549953064
2.2229964825261934 0.9974258592790897 0.0004640187033340704
2.6826957952797246 0.9975376550426593 0.00046548209442032006
3.2374575428176433 0.9981476441731777 0.0004036433270605875
3.906939937054613 0.9987502851663327 0.0003330930049496422
4.714866363457389 0.9977445149606383 0.00046871654324284203
5.689866029018293 0.9985688965970954 0.00037395659756731534
6.866488450042998 0.9979913503563881 0.0004467675096258866
8.286427728546842 0.9981974619499432 0.00042388142748668394
10.0 0.9971994674316275 0.0005284086661073481
