0.001 0.07004819785794072 0.000686068415519403
0.0012067926406393288 0.09287687756094697 0.0008700482371259874
0.0014563484775012444 0.12390082218650061 0.0011061303882674179
0.0017575106248547913 0.16278543315428975 0.0013564085921153846
0.0021209508879201904 0.207796164400639 0.0016248587869512547
0.002559547922699536 0.26296838634869235 0.0019328526542246119
0.0030888435964774815 0.3241103830363775 0.0022280294614047016
0.003727593720314938 0.3902290440980242 0.0024626334604764487
0.004498432668969444 0.4675394313899126 0.00268279716715971
0.005428675439323859 0.5359545784170759 0.0028527937068293123
0.006551285568595509 0.6075948515414473 0.002920911971263394
0.0079060432109077 0.6758665439949465 0.0029380108466933955
0.009540954763499945 0.7320577050607094 0.0028772692336606186
0.01151395399326447 0.7838460994434472 0.0027363981114251353
0.013894954943731374 0.8221501855907234 0.0026581384565781308
0.016768329368110076 0.8567593925164336 0.002483053039065383
0.020235896477251564 0.8884037502169518 0.002252133147288554
0.02442053094548651 0.9093102644934395 0.002117928507682876
0.029470517025518096 0.9237315397126938 0.001991919638185355
0.03556480306223128 0.9364569787863803 0.0018498013849153733
0.04291934260128776 0.9509264367689321 0.001656042584042202
0.0517947467923121 0.9606457345845343 0.0015040230649883456
0.0625055192527397 0.967803312445106 0.0013977592227229605
0.07543120063354615 0.9716800068652459 0.0013207075113919134
0.09102981779915217 0.9766018898100659 0.0012285202582495286
0.10985411419875583 0.9810170519958159 0.0010967184402125897
0.13257113655901082 0.9833039132946929 0.0010567905642659475
0.15998587196060574 0.9877186401277391 0.0008926704904582375
0.19306977288832497 0.9877902404605855 0.0009080529878834194
0.2329951810515372 0.9903882575814105 0.0007926644474173144
0.2811768697974228 0.9909917175729792 0.0007938158228869584
0.3393221771895326 0.9924329833144939 0.0007204620248651929
0.4094915062380423 0.9939810818358097 0.0006569975411425857
0.49417133613238334 0.9936191527980301 0.0006873285499471638
0.5963623316594643 0.9956771048196379 0.0005602884553092936
0.7196856730011514 0.9958474192575486 0.0005663190746450137
0.868511373751352 0.9965487189744908 0.0005209125758170657
1.0481131341546852 0.9965573828140164 0.0005168374105132905
1.2648552168552958 0.9971834214540702 0.0004924469026835464
1.5264179671752318 0.9975652804600915 0.0004385354387695651
1.8420699693267144 0.9974093652805567 0.000438458174128563
2.2229964825261934 0.997810329652627 0.00040838400756529266
2.6826957952797246 0.9977040791419997 0.00045201041359294356
3.2374575428176433 0.9980743250958601 0.00041461414592384034
3.906939937054613 0.9987803476526455 0.0003324136885083529
4.714866363457389 0.9979299780016386 0.0004469299001019063
5.689866029018293 0.997988408911489 0.000446773468662437
6.866488450042998 0.9982933485232272 0.0004119596398710965
8.286427728546842 0.998198673176998 0.00042388161079409854
10.0 0.9984997601326537 0.0003870076630126342
