0.001 0.1435622865536682 0.0008303246231255827
0.0012067926406393288 0.1689650325138397 0.0009474705498382136
0.0014563484775012444 0.19949656228485754 0.0011044310941602119
0.0017575106248547913 0.23399256260762735 0.0012633835076846548
0.0021209508879201904 0.2743038554565092 0.0014258915035999854
0.002559547922699536 0.31782466499703454 0.0015928311890135822
0.0030888435964774815 0.3623157976890384 0.001779791196115236
0.003727593720314938 0.413919718539895 0.0019195151262491068
0.004498432668969444 0.4680638581979381 0.00209544096059765
0.005428675439323859 0.5245902331991716 0.0022242929357643108
0.006551285568595509 0.5776099133616003 0.0023349459121324153
0.0079060432109077 0.6345183209123895 0.0023732953254857053
0.009540954763499945 0.6894494255816371 0.0023874099313492265
0.01151395399326447 0.7409073867079945 0.00232664607779393
0.013894954943731374 0.7815088012951796 0.002332284678021087
0.016768329368110076 0.8230323952036362 0.0022204414788745837
0.020235896477251564 0.85546851663901 0.0020876697937324824
0.02442053094548651 0.8846371262699333 0.001980557408890678
0.029470517025518096 0.9053628912111453 0.0018570267047054452
0.03556480306223128 0.9236502340753794 0.0017242010143557612
0.04291934260128776 0.9388610318174988 0.0016026638198536176
0.0517947467923121 0.9482746717454702 0.0014967443520954788
0.0625055192527397 0.9602144950095569 0.0013440537631719607
0.07543120063354615 0.9654499481062954 0.0012948756314789334
0.09102981779915217 0.9726810401547453 0.001142992492073276
0.10985411419875583 0.9780585107048544 0.0010550575930450047
0.13257113655901082 0.9812293601554839 0.000994785510965906
0.15998587196060574 0.9845159851741828 0.0009147160928661952
0.19306977288832497 0.987573295522686 0.0007878396502734823
0.2329951810515372 0.9876329073846082 0.0008501501440486334
0.2811768697974228 0.9916908494932508 0.0006523856104761327
0.3393221771895326 0.9923253157498763 0.0006450919602176819
0.4094915062380423 0.9921108612080685 0.0006832132137598299
0.49417133613238334 0.9935614449099361 0.0006401835475658721
0.5963623316594643 0.9944096770841699 0.0005981793427867411
0.7196856730011514 0.995356732571348 0.0005516809309015187
0.868511373751352 0.9958416862452117 0.0005271866711254933
1.0481131341546852 0.9954850157892026 0.0005545950130899807
1.2648552168552958 0.9969767191338389 0.00044307347618216834
1.5264179671752318 0.9968160470211395 0.0004691915867676494
1.8420699693267144 0.9968909266418315 0.0004826710184821506
2.2229964825261934 0.9980340631205751 0.0003830786550975069
2.6826957952797246 0.9973217424573955 0.0004630314758224043
3.2374575428176433 0.9970976045710671 0.0005061336620258918
3.906939937054613 0.9985911747271388 0.00034968684263074186
4.714866363457389 0.9989691734374756 0.00030157981896433554
5.689866029018293 0.9985334607261015 0.0003743169359358096
6.866488450042998 0.9979482562995032 0.0004468984732622371
8.286427728546842 0.9987768494944456 0.0003462369550726173
10.0 0.9981885241128624 0.0004238842229595082
