0.001 0.1414900129633113 0.0008241162951599578
0.0012067926406393288 0.1686419099475315 0.0009544683582506716
0.0014563484775012444 0.1974609850876749 0.0011037290692775866
0.0017575106248547913 0.23218037914887674 0.0012658455327549292
0.0021209508879201904 0.26836611265455373 0.0014218689774126328
0.002559547922699536 0.3136469762513986 0.0015992342308989787
0.0030888435964774815 0.359566173017118 0.0017737514021247925
0.003727593720314938 0.41070622314561595 0.0019506589141924185
0.004498432668969444 0.46756182690579334 0.0020950421731277726
0.005428675439323859 0.5219698945695652 0.002224436376035723
0.006551285568595509 0.5792797841843083 0.002328820247041337
0.0079060432109077 0.6339960861407475 0.0023869805548189104
0.009540954763499945 0.6848708595707903 0.0024232914694446773
0.01151395399326447 0.7335035021053438 0.002409920327781835
0.013894954943731374 0.7768352835118216 0.0023589303891363845
0.016768329368110076 0.8200681386690619 0.0022238719004543353
0.020235896477251564 0.8530660458957995 0.0021202097953508794
0.02442053094548651 0.88377614995026 0.0019913735017487717
0.029470517025518096 0.907986594261458 0.00181924152224071
0.03556480306223128 0.9200891073195642 0.00178430229698087
0.04291934260128776 0.9356532073109118 0.0016406899601449296
0.0517947467923121 0.9493365421674118 0.0015020375554900378
0.0625055192527397 0.9571633632755764 0.0014209127673456827
0.07543120063354615 0.9678239574453277 0.001252632826379658
0.09102981779915217 0.9712503009168908 0.0011982643962857194
0.10985411419875583 0.9776082328217107 0.001064308502091768
0.13257113655901082 0.9806167624111573 0.001018269017992463
0.15998587196060574 0.9834941310416984 0.0009269693299191514
0.19306977288832497 0.9864645834037911 0.0008684514432825891
0.2329951810515372 0.9875851909881541 0.0008476273396176857
0.2811768697974228 0.9898086787778572 0.0007513276825103701
0.3393221771895326 0.9929344266984769 0.0006447917271977252
0.4094915062380423 0.9923793073199173 0.0006797801736489987
0.49417133613238334 0.9945575223620156 0.0005763233506153691
0.5963623316594643 0.9944297233398344 0.0005973141528607379
0.7196856730011514 0.9955128732558949 0.0005322600872593241
0.868511373751352 0.9955655552825082 0.0005452909037884175
1.0481131341546852 0.9965398385858265 0.00044247793645987756
1.2648552168552958 0.996833697289796 0.00046209312141563813
1.5264179671752318 0.9967851889266258 0.0004825100655414836
1.8420699693267144 0.9972797279054959 0.0004443788556096121
2.2229964825261934 0.9971625072747667 0.0004733549800455173
2.6826957952797246 0.997314811798745 0.00047350838293009067
3.2374575428176433 0.9979247964175353 0.0004116609632756588
3.906939937054613 0.9985399311529247 0.00033970459187233925
4.714866363457389 0.9976145824757474 0.0004705678835919059
5.689866029018293 0.998450456353499 0.00037530031569253837
6.866488450042998 0.9979303713403523 0.0004470665585581868
8.286427728546842 0.998161626626337 0.0004239668937522068
10.0 0.9971825420088694 0.0005284165662761514
