0.001 0.00628194544796629 0.00011120562996101206
0.0012067926406393288 0.00987128822076268 0.00016084517537580476
0.0014563484775012444 0.015850226572277176 0.00025313846008856997
0.0017575106248547913 0.024702606367809635 0.00035877298546456936
0.0021209508879201904 0.0372443187363346 0.0005036551737668795
0.002559547922699536 0.0563670993870621 0.0007166427426112319
0.0030888435964774815 0.0821393252553808 0.0009619651207379315
0.003727593720314938 0.11496644711982454 0.0012295026246049855
0.004498432668969444 0.162360166473252 0.0015742460035766514
0.005428675439323859 0.21513868730641922 0.001912060532745936
0.006551285568595509 0.2804464829404849 0.0022701583976365096
0.0079060432109077 0.3567541456366379 0.0026003236689671376
0.009540954763499945 0.4314115750526599 0.002850787664604003
0.01151395399326447 0.5114431524498503 0.003044893593776527
0.013894954943731374 0.5876153934977477 0.003171280516364136
0.016768329368110076 0.6564199575213824 0.003171985012707572
0.020235896477251564 0.7223541997684091 0.0030755691587628898
0.02442053094548651 0.775889695146824 0.0029535772115479265
0.029470517025518096 0.8150188103653412 0.002831544420868258
0.03556480306223128 0.8492933431247693 0.002682116319141917
0.04291934260128776 0.8823769709130791 0.002430982620718062
0.0517947467923121 0.9073002016912894 0.0022246992579555854
0.0625055192527397 0.9268303844652108 0.002028641313362786
0.07543120063354615 0.9375711523794679 0.0019165463143243544
0.09102981779915217 0.9497246700251409 0.0017429527014618598
0.10985411419875583 0.9588680617741109 0.0015908062205893922
0.13257113655901082 0.9655263389960357 0.0014800847422089655
0.15998587196060574 0.9731775256061517 0.0012921712347428319
0.19306977288832497 0.9759818995148547 0.0012732366874102852
0.2329951810515372 0.9802329143779324 0.0011459197206820885
0.2811768697974228 0.9832621819606822 0.0010884673027978277
0.3393221771895326 0.9851859556664245 0.0010084912871408573
0.4094915062380423 0.9888541378181198 0.0008882232344671397
0.49417133613238334 0.9889141264253681 0.0009042700214901203
0.5963623316594643 0.9922627600557651 0.0007507163607933982
0.7196856730011514 0.9928251263738513 0.0007229034305801326
0.868511373751352 0.9942061299271978 0.0006553550690792157
1.0481131341546852 0.9941928213576932 0.0006580635894297525
1.2648552168552958 0.9956866910464727 0.0005733407247374326
1.5264179671752318 0.9961223407641755 0.000549688851275576
1.8420699693267144 0.9956837897929448 0.0005796961276206886
2.2229964825261934 0.996465359315446 0.0005309996489567021
2.6826957952797246 0.9967252348570362 0.000511835454212758
3.2374575428176433 0.9971344243594181 0.0004702605554051213
3.906939937054613 0.9980583319870724 0.0003732459625988951
4.714866363457389 0.9972636801041901 0.00046664956020052466
5.689866029018293 0.9977965772570012 0.0004502584864483689
6.866488450042998 0.9980936273035861 0.0004141838131093683
8.286427728546842 0.9981160075791433 0.000424305099706173
10.0 0.9984641352769806 0.00038708582221000224
