0.001 0.006214982424835358 0.0001091681381418343
0.0012067926406393288 0.009972276229941974 0.00016801818618934132
0.0014563484775012444 0.015813718196632676 0.00024038734012998982
0.0017575106248547913 0.024972507448684095 0.00037508236464872587
0.0021209508879201904 0.03739063712317533 0.0005203476152346021
0.002559547922699536 0.05609091974987964 0.000715100466272389
0.0030888435964774815 0.08254367736588326 0.0009590662477977338
0.003727593720314938 0.11512253311513407 0.0012357408530331165
0.004498432668969444 0.16161267569398377 0.0015970493402234084
0.005428675439323859 0.21178369558401774 0.0018925789151677359
0.006551285568595509 0.2826922516156803 0.0022695061757904405
0.0079060432109077 0.348946437849783 0.0025787330080742736
0.009540954763499945 0.42848031344168613 0.0028428978118412458
0.01151395399326447 0.510511921666942 0.003046339425547841
0.013894954943731374 0.5879442644299376 0.003150584141274383
0.016768329368110076 0.658827281869415 0.0031421159138845674
0.020235896477251564 0.7177160057896159 0.0030766913281904756
0.02442053094548651 0.7732985506599068 0.0029593507695768106
0.029470517025518096 0.811238499263181 0.00285664119178863
0.03556480306223128 0.8528345746362039 0.002641105112395844
0.04291934260128776 0.8819818409042233 0.0024233394100084934
0.0517947467923121 0.9055514759584111 0.002248069146982773
0.0625055192527397 0.9245582490581401 0.0020383658057516133
0.07543120063354615 0.9382572799817627 0.0018881737414990069
0.09102981779915217 0.9497844279784126 0.001725002254823835
0.10985411419875583 0.9586325519142361 0.0016075995521413616
0.13257113655901082 0.9672125464132542 0.0014446692857378357
0.15998587196060574 0.9721015104371828 0.0013483886297751817
0.19306977288832497 0.9773392071438189 0.00122980705381304
0.2329951810515372 0.9800964656719492 0.0011532279935980226
0.2811768697974228 0.9848039757257587 0.0010169006473901502
0.3393221771895326 0.9869972471841847 0.0009490201943135639
0.4094915062380423 0.9882238440381623 0.0009175622616333709
0.49417133613238334 0.9884969813526288 0.0009200024650047406
0.5963623316594643 0.9908113096616739 0.0008101452974219329
0.7196856730011514 0.9921412294239773 0.0007482696497738767
0.868511373751352 0.9932722281020245 0.000706364756792216
1.0481131341546852 0.9936992604005683 0.0006819674673824079
1.2648552168552958 0.9959910156011792 0.0005452774315352278
1.5264179671752318 0.9947954900992716 0.0006337226048408429
1.8420699693267144 0.9960502311591843 0.0005493130428591304
2.2229964825261934 0.9963406117393179 0.0005389971206457337
2.6826957952797246 0.9967187151896189 0.0005168970383955128
3.2374575428176433 0.9972378804346976 0.0004556888830528108
3.906939937054613 0.9979386508102818 0.00040397019383550924
4.714866363457389 0.9978792209707146 0.00042516025477380893
5.689866029018293 0.9980994781358037 0.0004063103007527414
6.866488450042998 0.9978354193778827 0.00044864944973530896
8.286427728546842 0.9976878302871177 0.0004691369466885395
10.0 0.998470088496514 0.00038709193339813477
