0.001 0.006279427625022898 0.00011055899553807185
0.0012067926406393288 0.009828397541331128 0.00016291396705392938
0.0014563484775012444 0.015875892632790763 0.0002517804512554731
0.0017575106248547913 0.024726714613553996 0.0003643721722909696
0.0021209508879201904 0.03812241927078132 0.0005206859917343564
0.002559547922699536 0.05666293761800091 0.0006996185941633996
0.0030888435964774815 0.0822048410385061 0.0009670717628797312
0.003727593720314938 0.11587807300779264 0.0012341996244108454
0.004498432668969444 0.1618039527374354 0.001578439522954743
0.005428675439323859 0.2176722929883998 0.001935323245528504
0.006551285568595509 0.2798540728747805 0.002285674876203574
0.0079060432109077 0.35256050932657557 0.0025968915328873476
0.009540954763499945 0.43226267048405315 0.0028627269175284923
0.01151395399326447 0.5118198472696749 0.0030265101869014384
0.013894954943731374 0.5864540230218284 0.0031590134285647744
0.016768329368110076 0.6600493215760328 0.0031558618865665617
0.020235896477251564 0.7195415511002532 0.003089537729384802
0.02442053094548651 0.7774293980397031 0.0029389282308034765
0.029470517025518096 0.8181788335598773 0.0028061850379608017
0.03556480306223128 0.8541441101971196 0.0026105374232697188
0.04291934260128776 0.8848603912024848 0.0024084875180807185
0.0517947467923121 0.9030051146629623 0.0022603682825041217
0.0625055192527397 0.9260584008356902 0.0020245953636954016
0.07543120063354615 0.9375248788031235 0.001915383302747502
0.09102981779915217 0.9499646251337572 0.0017257525006096975
0.10985411419875583 0.9605889504047873 0.001547515516249309
0.13257113655901082 0.9669779103552206 0.0014541301868330721
0.15998587196060574 0.9730230860476462 0.001321239412979896
0.19306977288832497 0.9773161938558995 0.0011910043832737212
0.2329951810515372 0.9792906426703426 0.001177119692222189
0.2811768697974228 0.984979585626577 0.0009824199251945187
0.3393221771895326 0.9865570811677977 0.0009480016297702572
0.4094915062380423 0.9870121933324144 0.0009740929991172093
0.49417133613238334 0.9897799520510574 0.0008627370629807983
0.5963623316594643 0.9911007255549621 0.0007996045014748947
0.7196856730011514 0.992734213579963 0.000726884560412936
0.868511373751352 0.9935782627333473 0.0006899261150200573
1.0481131341546852 0.9931684532856754 0.0007260311550533937
1.2648552168552958 0.9951851010106421 0.0005824798720720271
1.5264179671752318 0.9951689033168044 0.0006005346006922414
1.8420699693267144 0.9955683523992455 0.000584815449216218
2.2229964825261934 0.9971647854699051 0.00046021071444916813
2.6826957952797246 0.9963822537340055 0.0005302959894615416
3.2374575428176433 0.996490484162316 0.0005405524320081979
3.906939937054613 0.9982447394921535 0.00036998144532002106
4.714866363457389 0.9987383345401142 0.0003128337794161734
5.689866029018293 0.9984100645811186 0.0003773815181862443
6.866488450042998 0.9978489075377934 0.00044802217137526507
8.286427728546842 0.9987314338433414 0.00034655309839014715
10.0 0.9981657513957831 0.00042393018913152987
