0.001 0.0061379379662813436 0.00010484107078846073
0.0012067926406393288 0.009998694089599414 0.00016851235347932657
0.0014563484775012444 0.015622171891984575 0.00024006892462241473
0.0017575106248547913 0.024560159261908028 0.0003551642107299188
0.0021209508879201904 0.037433342018067174 0.0005084215173894553
0.002559547922699536 0.05711675132436406 0.0007268075159869007
0.0030888435964774815 0.08218000356192923 0.000963536781511455
0.003727593720314938 0.11694373064547374 0.0012483082599096375
0.004498432668969444 0.16216717465679178 0.001565508107260788
0.005428675439323859 0.21763148132837629 0.0019486382762202634
0.006551285568595509 0.282070990853735 0.0022743904129389754
0.0079060432109077 0.3583582641658442 0.0025888075308252135
0.009540954763499945 0.43535356686872045 0.002870715987957259
0.01151395399326447 0.5094921561157094 0.003060917333792336
0.013894954943731374 0.5940617144788466 0.0031163767934158466
0.016768329368110076 0.6567055533758578 0.003169042642024843
0.020235896477251564 0.7205507318313942 0.003081888954260251
0.02442053094548651 0.7804928883177988 0.002909212701427793
0.029470517025518096 0.8219605027013731 0.0027360260118285467
0.03556480306223128 0.8554638611762495 0.0025825866117094405
0.04291934260128776 0.8847067338172817 0.00239950168575556
0.0517947467923121 0.9121733141636594 0.002132321369548172
0.0625055192527397 0.9231444059108016 0.0020667696359041956
0.07543120063354615 0.9397530842251257 0.0018648434645887738
0.09102981779915217 0.9506435481129459 0.0017370211460604886
0.10985411419875583 0.9587720209105275 0.0015922624837837601
0.13257113655901082 0.9673527610206817 0.0014294310712070829
0.15998587196060574 0.9708085272644825 0.0013740585128601192
0.19306977288832497 0.9774457040007477 0.0012198107410717604
0.2329951810515372 0.9799454526932458 0.0011712732744635114
0.2811768697974228 0.9844866305714566 0.0010150251708677708
0.3393221771895326 0.9880541441755085 0.0008958605203274467
0.4094915062380423 0.9891087324974107 0.0008775543549850448
0.49417133613238334 0.9900299867818009 0.0008508255420164277
0.5963623316594643 0.9910302196865477 0.000806793141826741
0.7196856730011514 0.9924745131263446 0.0007381752948171792
0.868511373751352 0.9935567387082086 0.0006956316133119435
1.0481131341546852 0.9943781990739134 0.000645718015585801
1.2648552168552958 0.9948410543363616 0.0006241388874355711
1.5264179671752318 0.9960553180763051 0.0005547727063020665
1.8420699693267144 0.9951801637193491 0.0006085746313834844
2.2229964825261934 0.9966397460854445 0.000506012902368979
2.6826957952797246 0.9966995845080195 0.0005149510947665001
3.2374575428176433 0.9971655684162503 0.0004693829036535596
3.906939937054613 0.9976625177233517 0.00042569848650031634
4.714866363457389 0.997932426341945 0.0004108982142409413
5.689866029018293 0.9982611666690591 0.0003906297393977047
6.866488450042998 0.9982808957184208 0.00040060171818372375
8.286427728546842 0.998742263632641 0.0003464340429954233
10.0 0.999073970080741 0.00029990834463275136
