0.001 0.006047989929218964 0.00010519815234884317
0.0012067926406393288 0.009887716227879876 0.00016726062163307989
0.0014563484775012444 0.015498219726546506 0.0002419234573098841
0.0017575106248547913 0.02441826430795121 0.00036019463251212204
0.0021209508879201904 0.036324504961071764 0.000496892741525407
0.002559547922699536 0.055466928268137816 0.0007017237928558212
0.0030888435964774815 0.08055342014673912 0.0009419510480445542
0.003727593720314938 0.11541133371360601 0.0012475046987820058
0.004498432668969444 0.16127197709625038 0.0015794825870541645
0.005428675439323859 0.2149787851377819 0.0019097837383829908
0.006551285568595509 0.2812698137316897 0.002283938210691325
0.0079060432109077 0.35270651750367205 0.0025966491360373102
0.009540954763499945 0.42814327718940093 0.002868939400187252
0.01151395399326447 0.5059802620725528 0.0030718729702313746
0.013894954943731374 0.5797499250362881 0.003167332773865207
0.016768329368110076 0.6542739692790457 0.0031548288001122388
0.020235896477251564 0.716605441525928 0.0031010777982928
0.02442053094548651 0.7763269355703832 0.002945016195419415
0.029470517025518096 0.8216258626295752 0.0027483055157709706
0.03556480306223128 0.8492158349680391 0.002658196441092226
0.04291934260128776 0.8792021458269502 0.0024721584229904815
0.0517947467923121 0.9062058400582899 0.0022539677233259976
0.0625055192527397 0.9218847828337122 0.002091701426798149
0.07543120063354615 0.9415880920547727 0.001832429601814537
0.09102981779915217 0.9485361491810771 0.001775876076938623
0.10985411419875583 0.9597542711685019 0.00156566272056193
0.13257113655901082 0.966226861223175 0.0014746805509076688
0.15998587196060574 0.9706927030083516 0.001369640664713381
0.19306977288832497 0.9768095229386463 0.0012399426139682685
0.2329951810515372 0.9791266572332923 0.0011894779851262807
0.2811768697974228 0.982463230612593 0.001095382364537015
0.3393221771895326 0.9881245755332723 0.0008895028583194004
0.4094915062380423 0.9875791821906698 0.0009443342038630573
0.49417133613238334 0.9910839402285077 0.0007958286129988699
0.5963623316594643 0.9912162200630499 0.000805095698235022
0.7196856730011514 0.9927710064909779 0.0007180081535321417
0.868511373751352 0.9931955713786463 0.0007161137468523989
1.0481131341546852 0.9940704995424053 0.0006475777366991977
1.2648552168552958 0.9951149420984008 0.0005966501854137552
1.5264179671752318 0.9953259045982209 0.0006052637118990235
1.8420699693267144 0.9960306980089341 0.0005533572130943956
2.2229964825261934 0.9961476432892125 0.0005544880353835486
2.6826957952797246 0.9965495760589951 0.0005317868148973195
3.2374575428176433 0.9972489981011556 0.0004638472032937465
3.906939937054613 0.9979788367232523 0.0003814403394310856
4.714866363457389 0.9973015372680931 0.00048325189652871165
5.689866029018293 0.998183277294602 0.00038486582629318966
6.866488450042998 0.9977998915037622 0.0004494057813563144
8.286427728546842 0.9980874372339991 0.0004247035489765887
10.0 0.9971481604278181 0.0005285303210672534
