0.001 0.1426946682782329 0.0008894084642987545
0.0012067926406393288 0.16935426535549722 0.0010315969696818974
0.0014563484775012444 0.19943224456467137 0.001197981274986653
0.0017575106248547913 0.23280219987200426 0.001372653146296004
0.0021209508879201904 0.26832995431039147 0.0015573447823546043
0.002559547922699536 0.31121432463183346 0.0017557937052358986
0.0030888435964774815 0.35638181804789854 0.001944024308565934
0.003727593720314938 0.41179528394239867 0.002137678629281424
0.004498432668969444 0.46296822284913997 0.0022951424945910227
0.005428675439323859 0.50980981649001 0.002455043599241161
0.006551285568595509 0.5655971859235995 0.0025654965994905184
0.0079060432109077 0.6183311620176553 0.002627228178397148
0.009540954763499945 0.6649920247153835 0.002663139572811945
0.01151395399326447 0.716597280799724 0.0026232347108449765
0.013894954943731374 0.7621244323043181 0.0025653774805491285
0.016768329368110076 0.7992116228589932 0.002467678502123866
0.020235896477251564 0.8307546988517601 0.0023315631602754566
0.02442053094548651 0.8642066173275849 0.0021811252807986993
0.029470517025518096 0.8803260992994141 0.0020954896461813826
0.03556480306223128 0.9051485586971783 0.0019215458062946317
0.04291934260128776 0.922320103735102 0.0017566948679800006
0.0517947467923121 0.936891769056438 0.0016212801506030566
0.0625055192527397 0.9460357312592756 0.001527882319746107
0.07543120063354615 0.957737274570949 0.0013410410720691315
0.09102981779915217 0.9663557431039153 0.001209361846694658
0.10985411419875583 0.970131001249964 0.0011749212359750754
0.13257113655901082 0.9759241689941677 0.0010942743972702346
0.15998587196060574 0.9817274626114889 0.0009318738540780768
0.19306977288832497 0.9832293801407259 0.0009202416064535625
0.2329951810515372 0.9863403113193295 0.0008540130808729756
0.2811768697974228 0.9872552682494564 0.0008563829427646346
0.3393221771895326 0.9899301513058691 0.0007538711819833853
0.4094915062380423 0.993206866350471 0.0006446840726096102
0.49417133613238334 0.9921781958099809 0.0007186249686926499
0.5963623316594643 0.9926201060631472 0.000718733302231565
0.7196856730011514 0.9935408015036941 0.0006921468144589483
0.868511373751352 0.9950539499537641 0.0006108826101424782
1.0481131341546852 0.9948870733797652 0.0006354689011986357
1.2648552168552958 0.995775587036731 0.000580236380636523
1.5264179671752318 0.9960994461639295 0.0005680215332245791
1.8420699693267144 0.9952291170806148 0.0006482418718862449
2.2229964825261934 0.9955966319439286 0.0006316895142252222
2.6826957952797246 0.9970557007470224 0.0005206880628940583
3.2374575428176433 0.9970610610834354 0.0005289816337369931
3.906939937054613 0.9974152983362088 0.0004995598968908705
4.714866363457389 0.9966638454224063 0.000573527124996976
5.689866029018293 0.9974827262751631 0.0004993749700231083
6.866488450042998 0.9973786017005639 0.0005094307068445191
8.286427728546842 0.9968987630186584 0.0005559121259386541
10.0 0.9972996967854284 0.0005189131326332575
