0.001 0.1422573125974647 0.0008823572883603633
0.0012067926406393288 0.16928749863644843 0.001036698656277784
0.0014563484775012444 0.19596668006559936 0.0011899491742440823
0.0017575106248547913 0.23120832672737393 0.001375109265279774
0.0021209508879201904 0.26926099383835006 0.0015615524290525117
0.002559547922699536 0.31017275935886945 0.0017547274440649799
0.0030888435964774815 0.3583811804912102 0.0019482242666767583
0.003727593720314938 0.4070321065987907 0.0021302119545799007
0.004498432668969444 0.4580833906837318 0.002309668888515735
0.005428675439323859 0.5079946074697617 0.002453491447707887
0.006551285568595509 0.5615336332276928 0.0025732690133927305
0.0079060432109077 0.6143518596963631 0.0026305677746002076
0.009540954763499945 0.6660200921412006 0.0026870268152223847
0.01151395399326447 0.716026425425514 0.002662555591377851
0.013894954943731374 0.7590521863609578 0.0025652837029856985
0.016768329368110076 0.7937250181889128 0.0025210821353830537
0.020235896477251564 0.8287056519342274 0.002346252254153778
0.02442053094548651 0.8581334526701657 0.0022455745104361454
0.029470517025518096 0.8816855120106597 0.0021176906679427833
0.03556480306223128 0.905390734703965 0.0019127301885569958
0.04291934260128776 0.9179543771438348 0.0018131924543052318
0.0517947467923121 0.9343751721319186 0.0016562993755301157
0.0625055192527397 0.9450104177788988 0.0015207697052316612
0.07543120063354615 0.955515253123024 0.0013884671485034023
0.09102981779915217 0.9629210397642548 0.0012827049408398173
0.10985411419875583 0.9704597790550074 0.00116894531775416
0.13257113655901082 0.9740616393901091 0.0011279627750276397
0.15998587196060574 0.9795903960982417 0.0010181032015310293
0.19306977288832497 0.9825661994228242 0.0009712257106119715
0.2329951810515372 0.9859945827686432 0.0009028333492996977
0.2811768697974228 0.9893030181250361 0.0007611492071418624
0.3393221771895326 0.9901183219903849 0.0007661863083228326
0.4094915062380423 0.9912032507583892 0.0007163270550947173
0.49417133613238334 0.9918111515799616 0.0007340838672991681
0.5963623316594643 0.9936677168274926 0.0006461159526405595
0.7196856730011514 0.995202993121992 0.0005876389223101757
0.868511373751352 0.9946465525906993 0.0006455023446643647
1.0481131341546852 0.9954738992062953 0.0005697391583590702
1.2648552168552958 0.9971067490752176 0.00043156747956916037
1.5264179671752318 0.9960401997499961 0.0005588146454192891
1.8420699693267144 0.9963247375943914 0.0005399938918469962
2.2229964825261934 0.9968061492616338 0.0005247165930785318
2.6826957952797246 0.9968362952958217 0.000540265962705408
3.2374575428176433 0.9965168820467522 0.0005746773171673246
3.906939937054613 0.996591719631159 0.0005739601386757876
4.714866363457389 0.9974529971924959 0.0004994213335423555
5.689866029018293 0.9972527432927359 0.0005193560725083438
6.866488450042998 0.9975786881245473 0.0004895527304771711
8.286427728546842 0.9973981165654487 0.0005092378015167935
10.0 0.9977985783056825 0.0004685258062318542
