0.001 0.0064279485420722015 8.918391804233344e-05
0.0012067926406393288 0.01062492759756698 0.00014349153424697783
0.0014563484775012444 0.016289842228902215 0.00021632387580563104
0.0017575106248547913 0.026023436587189166 0.0003356569601659793
0.0021209508879201904 0.039817258655701 0.0004948983949515054
0.002559547922699536 0.058956997101491285 0.0007060996107592667
0.0030888435964774815 0.08688362352257477 0.0009860010141255107
0.003727593720314938 0.12187450937180354 0.0013032135134716449
0.004498432668969444 0.16691933409423845 0.0016837279972592085
0.005428675439323859 0.21849419581437923 0.0020831514700487743
0.006551285568595509 0.2809964125066001 0.0024697030488581143
0.0079060432109077 0.3487284597513503 0.0028289881107978576
0.009540954763499945 0.42500555568051923 0.0031463591655222257
0.01151395399326447 0.5005995165072897 0.003320362918217688
0.013894954943731374 0.5671639115691507 0.0034138038324129385
0.016768329368110076 0.6290531961126726 0.003460781682202967
0.020235896477251564 0.6847655759348488 0.003375685745015394
0.02442053094548651 0.7399334499824644 0.0032856073252051548
0.029470517025518096 0.7828902688282499 0.0031340564060364454
0.03556480306223128 0.8230841252564869 0.002894847850707638
0.04291934260128776 0.8470910445029953 0.002786195993884149
0.0517947467923121 0.8775665292320429 0.002553464353688784
0.0625055192527397 0.8963572439854235 0.002368523393795962
0.07543120063354615 0.916253784083913 0.0021613244317628157
0.09102981779915217 0.9302427767700727 0.001985490064337241
0.10985411419875583 0.9449080094443514 0.0017834772985728577
0.13257113655901082 0.95278973024373 0.0016803925637127349
0.15998587196060574 0.9631730858718953 0.0014934795115729568
0.19306977288832497 0.9693902155578175 0.001369485392962933
0.2329951810515372 0.9763304765394453 0.0012285738468742285
0.2811768697974228 0.9811966703498428 0.0010860439018292205
0.3393221771895326 0.9835575111115746 0.0010485940274721098
0.4094915062380423 0.9851966166885197 0.0010027574691772408
0.49417133613238334 0.9872085796571468 0.000954611963866386
0.5963623316594643 0.9901212033102568 0.0008459708948845196
0.7196856730011514 0.9929643871623021 0.0007257554258862213
0.868511373751352 0.9926711666531808 0.0007591015368752294
1.0481131341546852 0.9933091626688327 0.0007071461442079399
1.2648552168552958 0.9953359255113168 0.0005719301682544086
1.5264179671752318 0.9945759272545133 0.0006438207038702859
1.8420699693267144 0.9949770586767241 0.0006131609588431595
2.2229964825261934 0.9960001349607892 0.0005581320431261237
2.6826957952797246 0.9963911625073386 0.0005550238172349624
3.2374575428176433 0.9961928800866141 0.0005822139944578869
3.906939937054613 0.9963923287784257 0.0005771368914416881
4.714866363457389 0.9973610926977315 0.0004999182819908494
5.689866029018293 0.9971717873501903 0.0005215893746596866
6.866488450042998 0.9975431208844999 0.0004909349764769784
8.286427728546842 0.997394353242635 0.0005092368047101713
10.0 0.997795766514811 0.0004685333016155461
