0.001 0.006528901317792295 9.09806283773673e-05
0.0012067926406393288 0.010584370214571476 0.0001437490831480335
0.0014563484775012444 0.016927654626395037 0.00022152802547009839
0.0017575106248547913 0.02630530022974973 0.00033713305760783933
0.0021209508879201904 0.039473283989998706 0.0004936682068649403
0.002559547922699536 0.0594092907372916 0.0007097513935148374
0.0030888435964774815 0.08578699467219571 0.0009798105847737635
0.003727593720314938 0.1250796701991339 0.0013216920629235097
0.004498432668969444 0.16971604763024836 0.001691492562091334
0.005428675439323859 0.22020447778139052 0.002087455016120992
0.006551285568595509 0.2849234669864908 0.002481989350225142
0.0079060432109077 0.35351916826366847 0.002836426546848892
0.009540954763499945 0.42119498964128477 0.0031190831336328434
0.01151395399326447 0.4978767846000424 0.003292467677695149
0.013894954943731374 0.5725351049789488 0.0034047074795280825
0.016768329368110076 0.6348463723681105 0.003422493935406226
0.020235896477251564 0.6878186220068621 0.0033675163662849955
0.02442053094548651 0.7477148808465774 0.0032092643314761797
0.029470517025518096 0.7780460589234073 0.0031393345741812678
0.03556480306223128 0.8233916121153987 0.002910404766438412
0.04291934260128776 0.8537361345434114 0.0026998331027465097
0.0517947467923121 0.8817341613789187 0.0025049235599619063
0.0625055192527397 0.8991796975548146 0.0023316039114910625
0.07543120063354615 0.9195871342588251 0.002104225529054951
0.09102981779915217 0.9358585269401434 0.0018902541983333166
0.10985411419875583 0.9442852983459172 0.0017936504449507257
0.13257113655901082 0.9562592483274459 0.0016057814614252814
0.15998587196060574 0.9658433317330779 0.0014115828799930118
0.19306977288832497 0.9696472207988543 0.0013690890822086676
0.2329951810515372 0.9757127558385251 0.0012150161376487396
0.2811768697974228 0.9783385523980475 0.0011839006001291119
0.3393221771895326 0.9827249974556451 0.0010713761001042608
0.4094915062380423 0.9888062794199737 0.0008620436824554039
0.49417133613238334 0.9877795994270023 0.0009320320021586662
0.5963623316594643 0.9890450692461703 0.0009153968876309918
0.7196856730011514 0.9908267026702721 0.0008468292921773501
0.868511373751352 0.9930039423667321 0.0007289366462761641
1.0481131341546852 0.9930858980529338 0.0007424939762125476
1.2648552168552958 0.9942954322584563 0.0006666777224588805
1.5264179671752318 0.994922842696929 0.0006328174785815615
1.8420699693267144 0.9942355348165487 0.0006927382549145005
2.2229964825261934 0.9948669867869699 0.0006573878115341806
2.6826957952797246 0.9966249295176393 0.0005328410467272987
3.2374575428176433 0.9968033979587657 0.0005334335976390817
3.906939937054613 0.9972526778809261 0.0005011883232679645
4.714866363457389 0.9965929209780621 0.0005737994094827058
5.689866029018293 0.9974484491749179 0.0004994290331263038
6.866488450042998 0.9973417148745307 0.0005105722037230931
8.286427728546842 0.9968962908211075 0.0005559111692107435
10.0 0.9972990904452121 0.0005189128399176282
