0.8078474518968245 0.005344026512868313 0.8202690885773356 0.003037564367563025
0.8982485989054406 0.0043079221690358665 0.8987588993861262 0.00243003001590044
0.929940729387103 0.0037731488519838403 0.9256036344720676 0.002157989375273294
0.9464133454199566 0.003313709344327576 0.9436834472341028 0.0019002426343112469
0.9555926894426592 0.0030484761270940753 0.9528761750710897 0.001754274218270903
0.9635881565492403 0.0028307395995630317 0.959719992024587 0.0016416799946928418
0.9672053667666862 0.0027887316513300086 0.9611074587614278 0.0016321886270207712
0.9717227607586415 0.0026003039582793044 0.9663156077398714 0.0015206412976340078
0.9725189105699161 0.0025351066012033385 0.9680351957394979 0.0014723194947277132
0.9766362898687628 0.0024097282636470234 0.9712241479476299 0.001409644275373615
0.976665176346918 0.0024449732186993304 0.970385259135908 0.001442291242064479
0.9795478099097414 0.0022287643685569595 0.9754751487670408 0.0013045626476441406
0.9816016697512671 0.0022886948371556703 0.9741811011985585 0.0013734750370896997
0.9818556540259775 0.002200611584670176 0.9761357873491353 0.0013088874396199165
0.9831397778985197 0.0020626250384249384 0.9790776325465493 0.0012176597692772836
0.9836663599196973 0.0020712187824541207 0.9789123078076777 0.0012266234683374648
0.9845087441720666 0.0020013394871022873 0.9803436496483948 0.0011785109358989972
0.9851922122338981 0.0020341578729557303 0.9796831715836062 0.0012187854368035098
0.9862839082364407 0.001962424348354421 0.9811096239993236 0.0011793762761696496
