0.8091743068737176 0.005305517244952172 0.8230523010569161 0.0030020963419695535
0.9002838703594781 0.004239370448597733 0.9019350971125965 0.0024165454285334335
0.931691292827594 0.0037573458325390495 0.9264322615044607 0.0021511927631540366
0.944801781042833 0.0034684640222915736 0.938322472080357 0.0020022080269663503
0.9542492664306071 0.0031945950772040285 0.9482788178705758 0.0018433989128817307
0.9602989522188472 0.002956793139304999 0.9559479985767272 0.0017015229049054863
0.9668723978445031 0.002823870075641844 0.9601238774966884 0.0016508688399855017
0.9677779049089278 0.002763673600886269 0.9618365040788749 0.0016004193694839296
0.9721233833973607 0.002647740253863275 0.9651471456443529 0.0015583820933978317
0.975138504292202 0.0024577443881609994 0.970058901962898 0.0014382217270210158
0.9776310612322548 0.0023772971686317687 0.972037223789768 0.0013989221097849966
0.9784039940356157 0.002492807428067816 0.9692743231464956 0.0014853139981540612
0.9793977662458919 0.002294521918518298 0.9739997685923947 0.001351435812030046
0.981399637803306 0.0021723184996420386 0.976735414746455 0.0012760915450223563
0.9811114458080155 0.00216165431909904 0.9769892834133567 0.0012676734397648248
0.9837349373380122 0.002123045549759867 0.9778246926509829 0.0012711524585475248
0.9841693321411157 0.002086491488322714 0.9785939455420721 0.0012437286072722914
0.9855244637777762 0.0019932465915393615 0.980503209146985 0.0011908174048333893
0.9849455823954313 0.002097739630974651 0.9783741151136852 0.0012683829325044718
