0.8049657257207155 0.005295352537978885 0.8218769172509972 0.0029966210880624363
0.8990181579942539 0.004385544015292254 0.89552949627741 0.0024887433194840185
0.9288942799634025 0.0038016447023570886 0.9243897299205616 0.002182809510754248
0.9459327444947999 0.003468057104907061 0.9384753634255664 0.0020029183833172306
0.9544874215193956 0.003179046102724789 0.9487637969969768 0.0018247888140972936
0.9601053183796033 0.0030703937011843253 0.9525479365902502 0.001783739223514235
0.9670048711177399 0.002785671315384309 0.961203116809129 0.0016263168796029903
0.9687371550147763 0.0026949337439598708 0.9637411775706117 0.0015717560402060023
0.9717835070808584 0.002754046335676161 0.9623042240757735 0.0016311518417283747
0.974872059316888 0.0025148495251536246 0.9686269706294534 0.0014772948490598648
0.9763215895290956 0.0024896600376112564 0.9692940433287995 0.0014728391967309153
0.9785998406742005 0.002376236959612739 0.9720921478870654 0.0014084987343127833
0.9808825770339749 0.002300036796929596 0.9738933897806664 0.001370684167369094
0.9810047784115358 0.002326086196470634 0.9733089434355323 0.0013915051375704983
0.9812031603682277 0.0022248353013794614 0.9756082705659345 0.0013160906687727178
0.9821860838611417 0.002075992985523922 0.9787877935861381 0.0012100993898393737
0.984212283757092 0.002090669539745663 0.9785007421030796 0.0012546996302886457
0.9846641529292433 0.0021244084335157527 0.9778135378641737 0.0012779639261566462
0.9859773687228441 0.0019119825055514698 0.9820675658596681 0.0011366412394843899
