0.001 0.014435212198422693 0.00041748976495531437
0.0012067926406393288 0.02011019994606564 0.0005470492739017908
0.0014563484775012444 0.027418044687872185 0.0007189794378510109
0.0017575106248547913 0.034880144042220625 0.000875134651012343
0.0021209508879201904 0.04549838375697646 0.001095668606748602
0.002559547922699536 0.06083052715465237 0.0013599715999989164
0.0030888435964774815 0.07303158971305297 0.0015240515466015412
0.003727593720314938 0.092670587369236 0.001786733712466985
0.004498432668969444 0.1161456449178072 0.0020272246699678414
0.005428675439323859 0.1344980307083714 0.0021365439619264763
0.006551285568595509 0.17532430898569368 0.0024349261557689655
0.0079060432109077 0.2000244736772873 0.0024928991181189437
0.009540954763499945 0.24163814230937788 0.0026692394244130727
0.01151395399326447 0.28626920094136826 0.0028271903924463352
0.013894954943731374 0.33473314489681927 0.002982140544319603
0.016768329368110076 0.3929473016443846 0.003143817801085426
0.020235896477251564 0.44605353067256764 0.0032522334384942507
0.02442053094548651 0.5076200558198223 0.0033384152607427494
0.029470517025518096 0.5637780895667778 0.003424610138492851
0.03556480306223128 0.6222344521329667 0.003427501485879273
0.04291934260128776 0.6748137253887894 0.0033695108047563714
0.0517947467923121 0.7150380261904946 0.003340517815951998
0.0625055192527397 0.7575671046541733 0.003218629595615552
0.07543120063354615 0.7948784233040446 0.00308441951652397
0.09102981779915217 0.8227630306471823 0.0029537234474123113
0.10985411419875583 0.8457089836924359 0.002824604324816615
0.13257113655901082 0.867190928513067 0.002692598359551327
0.15998587196060574 0.885537937261098 0.0025283045741498265
0.19306977288832497 0.905842023535009 0.0023432076176257825
0.2329951810515372 0.913539715659002 0.0022791844792228286
0.2811768697974228 0.9303241135449274 0.002080072050303007
0.3393221771895326 0.9398782325969139 0.0019476887805126959
0.4094915062380423 0.9458779350138448 0.001858109010613362
0.49417133613238334 0.9529635902031527 0.001764123169222978
0.5963623316594643 0.9615660253965667 0.0015973309333493534
0.7196856730011514 0.967766360754977 0.0014665229455428747
0.868511373751352 0.9673167079686414 0.0015035907404164226
1.0481131341546852 0.9743282437861186 0.001321429833747257
1.2648552168552958 0.9776868657932686 0.0012557020951837184
1.5264179671752318 0.9783252680277703 0.0012659305201019025
1.8420699693267144 0.9823861575487632 0.0011123303391866147
2.2229964825261934 0.9849524239233498 0.0010420261767503764
2.6826957952797246 0.9850261993640476 0.0010533184435157557
3.2374575428176433 0.9875218064041392 0.0009664637597830001
3.906939937054613 0.989030837282249 0.000905955269287803
4.714866363457389 0.9906929977237978 0.0008504939016587227
5.689866029018293 0.9911052560541579 0.0008166916318337513
6.866488450042998 0.991380552122692 0.0008153368314249322
8.286427728546842 0.9911706425299847 0.0008630738982338773
10.0 0.99451910119866 0.0006623313196255063
