0.001 0.014884721092401161 0.00042036733852433394
0.0012067926406393288 0.020542385796474487 0.0005614957152926265
0.0014563484775012444 0.027064610763863312 0.0007162042457345175
0.0017575106248547913 0.036050030937293184 0.0009018781808404018
0.0021209508879201904 0.04615872490068103 0.0010892350698812237
0.002559547922699536 0.05851704680381672 0.001334193276504958
0.0030888435964774815 0.07334811115480089 0.0015469499175592525
0.003727593720314938 0.0918774902826547 0.0017767147496550314
0.004498432668969444 0.11405616135995196 0.002008687069988682
0.005428675439323859 0.14111392659224412 0.0022288835807035353
0.006551285568595509 0.16686000437973933 0.002347528569957683
0.0079060432109077 0.19784295006184074 0.002518109727910484
0.009540954763499945 0.23559243177769512 0.002667508667535323
0.01151395399326447 0.2787010064977923 0.002783118918767264
0.013894954943731374 0.32736289011747394 0.002969473051049123
0.016768329368110076 0.386329167844489 0.0031060507573612856
0.020235896477251564 0.43821755695989234 0.003259801077815188
0.02442053094548651 0.49922018580168753 0.0033796162707600956
0.029470517025518096 0.5546981795975543 0.00343645249488332
0.03556480306223128 0.6076621180051525 0.0034720413690979184
0.04291934260128776 0.6580170331954578 0.003449324583743949
0.0517947467923121 0.7068090918248334 0.003345515050325485
0.0625055192527397 0.7510924890847402 0.0032678382019345176
0.07543120063354615 0.7803440186999051 0.0031936073368093805
0.09102981779915217 0.8194254339880083 0.0029908496087220154
0.10985411419875583 0.842787465359893 0.0028553430638470763
0.13257113655901082 0.8655175225096533 0.002709888723166053
0.15998587196060574 0.8859058491299212 0.0025327734314939633
0.19306977288832497 0.8983741533036332 0.002434469843590631
0.2329951810515372 0.9120172588753364 0.0023010747874316847
0.2811768697974228 0.9224767767841331 0.002203513667619849
0.3393221771895326 0.93241061656966 0.0020574127505622363
0.4094915062380423 0.9452682828735295 0.0018821507898319912
0.49417133613238334 0.9500426978564986 0.001833802922889662
0.5963623316594643 0.9574239346803374 0.0016744730205987565
0.7196856730011514 0.9621729330319333 0.001587608454994453
0.868511373751352 0.9676479617691545 0.0014733657444965344
1.0481131341546852 0.9716891983340032 0.0014021508743480193
1.2648552168552958 0.9755997292178737 0.0013064586849799314
1.5264179671752318 0.9766862797102016 0.0013013674884213644
1.8420699693267144 0.9806199426677383 0.0011809607142915137
2.2229964825261934 0.9829091943655575 0.0011218279066715832
2.6826957952797246 0.9839308384719734 0.0010788803288553838
3.2374575428176433 0.9854832998511923 0.001012681578234994
3.906939937054613 0.9890950762476117 0.0008997132052372002
4.714866363457389 0.9894237840996256 0.000885746237522667
5.689866029018293 0.9920722325579411 0.0007889774180964704
6.866488450042998 0.9915293716310837 0.00083522505205792
8.286427728546842 0.9912350164635855 0.000848866129126218
10.0 0.9938696816616561 0.0007127743061091273
