0.001 0.04606729033438092 0.0006064745583018137
0.0012067926406393288 0.05452565114658213 0.0007135995420479381
0.0014563484775012444 0.06477572766032162 0.0008380638375932581
0.0017575106248547913 0.07770057605967547 0.0009836799335053317
0.0021209508879201904 0.09065149708022319 0.0010838978262757953
0.002559547922699536 0.1084689593283114 0.0012812400426194007
0.0030888435964774815 0.1266135836149011 0.0014378928306179053
0.003727593720314938 0.14960191078591878 0.0016012754660998441
0.004498432668969444 0.1703795985389881 0.0017695442961297215
0.005428675439323859 0.19632527588803386 0.0019335678369249015
0.006551285568595509 0.22484906606081526 0.002076110971374983
0.0079060432109077 0.2548624005030453 0.002195936541104404
0.009540954763499945 0.2921243416880809 0.002351396675155815
0.01151395399326447 0.3290379655170877 0.002441798633042334
0.013894954943731374 0.3617999244726824 0.002550117107041406
0.016768329368110076 0.40953586880955856 0.002665878919010633
0.020235896477251564 0.4566898384422814 0.002748140069342659
0.02442053094548651 0.5017968323356012 0.0028461582819090947
0.029470517025518096 0.5475687406474564 0.002914264425014847
0.03556480306223128 0.5930458646387424 0.002957205976804193
0.04291934260128776 0.6366775308395541 0.0029795908937673534
0.0517947467923121 0.6828483346604945 0.00293724598669506
0.0625055192527397 0.7227200568825741 0.0029154669828353147
0.07543120063354615 0.761759760460665 0.002840553356668278
0.09102981779915217 0.7974794711932119 0.0026992053731577205
0.10985411419875583 0.8243798885802056 0.0026358725426042394
0.13257113655901082 0.8485985568264205 0.0025062587990132192
0.15998587196060574 0.8681243025226606 0.0023954094858250623
0.19306977288832497 0.8951257649280687 0.0021996402312972176
0.2329951810515372 0.9057729238906175 0.0021375155470077607
0.2811768697974228 0.9140965854665725 0.002083524625681283
0.3393221771895326 0.932914247432685 0.0018609309497210505
0.4094915062380423 0.9396346066668558 0.001791143457641177
0.49417133613238334 0.9480356195361032 0.001675437046340846
0.5963623316594643 0.9558341618783881 0.001565969676224508
0.7196856730011514 0.9588568543856625 0.001530004654055896
0.868511373751352 0.9645357204383265 0.0014459675201711226
1.0481131341546852 0.9705239440906266 0.0013164047072838072
1.2648552168552958 0.9721683707740023 0.0013124195902233116
1.5264179671752318 0.9768213206865483 0.0011836677503258516
1.8420699693267144 0.9820250188575359 0.001041973619880967
2.2229964825261934 0.9823276637524229 0.0010559081062478767
2.6826957952797246 0.9844879300588513 0.000998719852816612
3.2374575428176433 0.9852067763973448 0.000985103431187975
3.906939937054613 0.9866266533857524 0.0009498203889013288
4.714866363457389 0.9887184902643282 0.0008878725153331065
5.689866029018293 0.9894246817330546 0.0008552566554284963
6.866488450042998 0.9892855386965448 0.0009065340888213991
8.286427728546842 0.9914374630469187 0.0008100987563239985
10.0 0.9927321447336137 0.0007473143987651465
