0.001 0.045937418956518636 0.0006058146280250676
0.0012067926406393288 0.05606686246719633 0.0007327561364631108
0.0014563484775012444 0.06432808528026038 0.0008154992853213901
0.0017575106248547913 0.07840355962260781 0.0009629343421404816
0.0021209508879201904 0.09373106652490522 0.001126311712578617
0.002559547922699536 0.10816753310514454 0.0012535255647947788
0.0030888435964774815 0.12580333511582506 0.0014103025434037597
0.003727593720314938 0.14675924996423964 0.0015649422274884575
0.004498432668969444 0.17120106496135312 0.0017406132764944415
0.005428675439323859 0.19713692251481194 0.0019241874808038203
0.006551285568595509 0.22543791484886425 0.002073069707162353
0.0079060432109077 0.25963608788240555 0.002241896124876147
0.009540954763499945 0.29103774565431356 0.0023504029733399864
0.01151395399326447 0.3327865145966931 0.002450767102499157
0.013894954943731374 0.37400103594792294 0.002573100555441911
0.016768329368110076 0.41675265460507105 0.0026632710284162377
0.020235896477251564 0.45678526331349667 0.0027662554831943977
0.02442053094548651 0.5094987710041331 0.0028561533995603234
0.029470517025518096 0.5573442968565148 0.0028888119697291804
0.03556480306223128 0.6019964431540278 0.00292786628650222
0.04291934260128776 0.6498487433530937 0.002924958429226124
0.0517947467923121 0.6957601726891063 0.0028763206598073038
0.0625055192527397 0.729032235370116 0.0028721832894438816
0.07543120063354615 0.7679853161221872 0.002782098975471936
0.09102981779915217 0.7953029747107938 0.0027471990084414226
0.10985411419875583 0.826124843078244 0.0026155168729429766
0.13257113655901082 0.8505528616437319 0.0025016905121522204
0.15998587196060574 0.8751130581895593 0.002317052372852656
0.19306977288832497 0.8935521687200415 0.002188715250521861
0.2329951810515372 0.9060981624839427 0.002107137414683202
0.2811768697974228 0.9216670111977338 0.0019493968071852374
0.3393221771895326 0.9316075126194444 0.0018599508161391259
0.4094915062380423 0.9403603825250538 0.0017484895814638252
0.49417133613238334 0.9486769567845719 0.001665808218067221
0.5963623316594643 0.9567260648515006 0.001533449736355684
0.7196856730011514 0.9621446063056984 0.0014638978028191731
0.868511373751352 0.9677293778777064 0.0013441906119861463
1.0481131341546852 0.9720414875980343 0.0012791771252301304
1.2648552168552958 0.973987528569243 0.0012759439695490089
1.5264179671752318 0.977642124218549 0.001159109662149129
1.8420699693267144 0.9788948675412559 0.0011375543241120393
2.2229964825261934 0.9813721231280453 0.0010947423201606177
2.6826957952797246 0.9869496295138815 0.0009016852134476689
3.2374575428176433 0.9870542149379226 0.0009317465855185516
3.906939937054613 0.9869249237362016 0.0009608816178906177
4.714866363457389 0.9885489525739758 0.0008887422485960627
5.689866029018293 0.9906039386526296 0.0008184905335518757
6.866488450042998 0.9928065077034215 0.0007078967664232037
8.286427728546842 0.9915008836440035 0.000812018595884701
10.0 0.9912505871300298 0.000858750996657727
