0.001 0.0012702871086119122 5.268720409211558e-05
0.0012067926406393288 0.002116172824788503 9.027842819981367e-05
0.0014563484775012444 0.0032931569088849814 0.0001328466177004593
0.0017575106248547913 0.0051184422477372395 0.00019381137341349097
0.0021209508879201904 0.007500096046300709 0.00027745861699290334
0.002559547922699536 0.011415085669103738 0.0004189334927489057
0.0030888435964774815 0.016220627956906222 0.0005806267079193916
0.003727593720314938 0.0228513870871099 0.0007674276073409265
0.004498432668969444 0.03197796269205715 0.0010129142985529675
0.005428675439323859 0.04347614186047315 0.001267066057385961
0.006551285568595509 0.05421482414795489 0.0015034499137381407
0.0079060432109077 0.06944981776479421 0.0017794229052217972
0.009540954763499945 0.08674609730324931 0.0020052505242168016
0.01151395399326447 0.10515717872143407 0.002163256848254258
0.013894954943731374 0.13191919561093882 0.002375483775122055
0.016768329368110076 0.16322098427716383 0.0025115310150179994
0.020235896477251564 0.1989669238792806 0.0026873572385527227
0.02442053094548651 0.24566943473841352 0.0028751767242030097
0.029470517025518096 0.29396630860477513 0.0030451279217047315
0.03556480306223128 0.3499469851846194 0.0032424771898331164
0.04291934260128776 0.41012728430424134 0.0034223273789129646
0.0517947467923121 0.4697788212966491 0.0035185092455562177
0.0625055192527397 0.5380062831439405 0.003611714473449155
0.07543120063354615 0.5904265100710805 0.003665064160866823
0.09102981779915217 0.6535159049128179 0.0036098600348936673
0.10985411419875583 0.6970352104674198 0.003550457230162285
0.13257113655901082 0.7396534618182898 0.003436049909215533
0.15998587196060574 0.7782910013258351 0.0033019650005544536
0.19306977288832497 0.8058429645475201 0.0031956202740636395
0.2329951810515372 0.8335245448954063 0.0030443767268210986
0.2811768697974228 0.855846988766004 0.0028990422205279493
0.3393221771895326 0.8730618640068473 0.0027574746769546523
0.4094915062380423 0.8980571247622403 0.002523143184725901
0.49417133613238334 0.9103452156559757 0.002413395867906643
0.5963623316594643 0.9202517826614559 0.0022667865682457784
0.7196856730011514 0.9305581470959489 0.0021513930916564504
0.868511373751352 0.940419870880362 0.0020043070917767293
1.0481131341546852 0.948920497711287 0.001871835274353534
1.2648552168552958 0.9559223048750313 0.001747154711542295
1.5264179671752318 0.9601252744038183 0.0016926318850940846
1.8420699693267144 0.966773963494433 0.0015554627591144827
2.2229964825261934 0.9712337214811483 0.0014565260911857797
2.6826957952797246 0.972765440058841 0.0014210111853816085
3.2374575428176433 0.9742534024033739 0.0013673395748244731
3.906939937054613 0.9814720197337145 0.0011731613159487921
4.714866363457389 0.9821697074837521 0.0011559292804791455
5.689866029018293 0.9869351421250816 0.0009879042232913663
6.866488450042998 0.9869775133270472 0.0010021025577660325
8.286427728546842 0.9866895570619938 0.0010201732901865667
10.0 0.9905190451043263 0.0008560797285449915
