0.001 0.0012382152740808639 5.507630846220897e-05
0.0012067926406393288 0.0020226076344132 8.293449206486283e-05
0.0014563484775012444 0.0033248596719112847 0.00013336715385541182
0.0017575106248547913 0.0048457797146424396 0.00019017175840014205
0.0021209508879201904 0.007549480110246173 0.00028978877370837826
0.002559547922699536 0.011956003907378974 0.00043255804514942824
0.0030888435964774815 0.015731949441577974 0.0005562042333576429
0.003727593720314938 0.02316905875944495 0.0007755831596987426
0.004498432668969444 0.03301413204587426 0.001047262570601869
0.005428675439323859 0.03968579573022341 0.0011990920244738953
0.006551285568595509 0.05924249641395688 0.0015887985956003889
0.0079060432109077 0.06828439803924712 0.0017321507562362939
0.009540954763499945 0.08851503213710084 0.0020152725132456546
0.01151395399326447 0.10983652070031358 0.0022082972033659613
0.013894954943731374 0.13538932666840678 0.0023893647316741025
0.016768329368110076 0.16978369409277352 0.002582018645471453
0.020235896477251564 0.20414698303145376 0.0027242410418802892
0.02442053094548651 0.24911460371917288 0.002870518141283507
0.029470517025518096 0.30002590401644813 0.0030391763912027705
0.03556480306223128 0.36128984158360344 0.0032451006132605364
0.04291934260128776 0.4228776965205966 0.003400013768584988
0.0517947467923121 0.48301735951342006 0.0035480204129386644
0.0625055192527397 0.5428527517015849 0.003584835883575392
0.07543120063354615 0.605876372663292 0.0036153228209904707
0.09102981779915217 0.655015407100095 0.0035816598423800976
0.10985411419875583 0.6994915061970075 0.003530078771874757
0.13257113655901082 0.7422206376931899 0.0034260034127644857
0.15998587196060574 0.7766000417187281 0.0033055106517373856
0.19306977288832497 0.8156657265077776 0.003108238269926927
0.2329951810515372 0.8357122029678259 0.003026436143777317
0.2811768697974228 0.8657117336399275 0.0027834106093755613
0.3393221771895326 0.8850942569585335 0.0026273403398837723
0.4094915062380423 0.8982709397027782 0.002520622496592313
0.49417133613238334 0.9119684201692518 0.002361401800893475
0.5963623316594643 0.9278314219127751 0.002165494415027
0.7196856730011514 0.9392415889576551 0.002002233137048161
0.868511373751352 0.9416077717481949 0.001998587960426035
1.0481131341546852 0.952590970881342 0.0017995941977166743
1.2648552168552958 0.9602043077016442 0.0016713907083062615
1.5264179671752318 0.9634111732030329 0.001625090238092584
1.8420699693267144 0.9688792272621315 0.0014984687567816026
2.2229964825261934 0.9736595888961403 0.0013798140824794615
2.6826957952797246 0.9750471010183813 0.0013648338476320123
3.2374575428176433 0.9790009948954377 0.001248502982432692
3.906939937054613 0.9814771120241749 0.0011731331555398731
4.714866363457389 0.9846444015903644 0.0010712757855716566
5.689866029018293 0.9852163364470489 0.0010589147209677555
6.866488450042998 0.9859143758426963 0.0010354993541950392
8.286427728546842 0.9870236317983058 0.0010152679875674326
10.0 0.9904978802063659 0.0008258628510891708
