0.001 0.04131107580776779 0.0004093181067553191
0.0012067926406393288 0.04806557913914529 0.00047700562348638076
0.0014563484775012444 0.058068804364654565 0.0005707642626910945
0.0017575106248547913 0.06955538983099245 0.0006748463606239185
0.0021209508879201904 0.08276481322690336 0.0007978128181539453
0.002559547922699536 0.09744347625219173 0.0009272511209251832
0.0030888435964774815 0.11326089588733321 0.0010557891235571666
0.003727593720314938 0.134787134179509 0.001230494475936225
0.004498432668969444 0.15766883623059433 0.0014191693547324217
0.005428675439323859 0.18404459939908335 0.0016183451279277897
0.006551285568595509 0.2138619226486296 0.001818774588472308
0.0079060432109077 0.2498671343116588 0.002051962022481901
0.009540954763499945 0.28308571253760473 0.00224290480223413
0.01151395399326447 0.32354599280603336 0.0024461160152884852
0.013894954943731374 0.361182430338598 0.002616234415991887
0.016768329368110076 0.4052510507967719 0.0027564279056439328
0.020235896477251564 0.45216871506453443 0.002919490191767023
0.02442053094548651 0.49747842794688496 0.0029865283390445997
0.029470517025518096 0.5429894009868484 0.0030465901102252626
0.03556480306223128 0.5857984160518193 0.0030386637199296485
0.04291934260128776 0.630297636909112 0.003008027281390917
0.0517947467923121 0.666725878890156 0.0029874226049203196
0.0625055192527397 0.7106066615449139 0.002893752695430456
0.07543120063354615 0.7455011178129157 0.0027960735473817476
0.09102981779915217 0.778642775421825 0.002675415583226703
0.10985411419875583 0.8107544820674789 0.0025659819296991715
0.13257113655901082 0.8377064536743132 0.0023819122319950824
0.15998587196060574 0.8604314397733437 0.002262875309759903
0.19306977288832497 0.8873814193607399 0.0020740955316168254
0.2329951810515372 0.9021704838361387 0.0019454997388624496
0.2811768697974228 0.921201864371018 0.0017612408523285286
0.3393221771895326 0.9360555103793826 0.0015795513979021375
0.4094915062380423 0.9466157705675651 0.0014396748492650432
0.49417133613238334 0.9589211876587882 0.0012573347859511966
0.5963623316594643 0.9656293458216629 0.0011559335209971947
0.7196856730011514 0.9732377065002636 0.0010192777620123476
0.868511373751352 0.9777376003518325 0.0009396537094410696
1.0481131341546852 0.9841848111497886 0.0007726476644501674
1.2648552168552958 0.9852806113514382 0.0007870825533346215
1.5264179671752318 0.988834982045738 0.0007214230528460796
1.8420699693267144 0.9920080740968759 0.0006298639395255888
2.2229964825261934 0.9948480528242093 0.0005089570345553369
2.6826957952797246 0.993742095542178 0.0005953248363246735
3.2374575428176433 0.9955023197472664 0.0005141279748604384
3.906939937054613 0.9956544195779335 0.0005330359782877042
4.714866363457389 0.9971603238246287 0.00042212972071570693
5.689866029018293 0.9974054974345725 0.000425095656194977
6.866488450042998 0.9972484690737198 0.0004476280162738785
8.286427728546842 0.9982907500808913 0.00034477485459827366
10.0 0.9975969170225814 0.00043307167290051443
