0.001 0.04041759553931812 0.00040595403692618627
0.0012067926406393288 0.04858877949882075 0.0004793264141190765
0.0014563484775012444 0.058263718779276136 0.0005694331804672677
0.0017575106248547913 0.06858318625622581 0.0006594543061892951
0.0021209508879201904 0.08240795628324371 0.0007937217653123201
0.002559547922699536 0.09733242132444007 0.0009173242945591084
0.0030888435964774815 0.11570929050617089 0.0010732696091792463
0.003727593720314938 0.13392440977592118 0.0012252003931377481
0.004498432668969444 0.16034984140275801 0.0014257244086910861
0.005428675439323859 0.18319184703369018 0.0016068916482152714
0.006551285568595509 0.21575737213333765 0.0018217073027386396
0.0079060432109077 0.248753022229077 0.0020335355317621247
0.009540954763499945 0.28445952503342725 0.002240862593074797
0.01151395399326447 0.32923110802682604 0.0024586445676375514
0.013894954943731374 0.3666025889522582 0.0026269864012217303
0.016768329368110076 0.4116345571789617 0.00277194935875251
0.020235896477251564 0.4508749323585891 0.0028994086558007987
0.02442053094548651 0.49984036293046663 0.002982511372182456
0.029470517025518096 0.5402312017205994 0.003029430578190229
0.03556480306223128 0.5870896957770244 0.003028509583350069
0.04291934260128776 0.6252948105311062 0.003041321354608123
0.0517947467923121 0.6720039738758673 0.0029555213330478337
0.0625055192527397 0.7144597793885621 0.0028701014115515427
0.07543120063354615 0.7478678886514806 0.0027704969357820073
0.09102981779915217 0.7782199848263212 0.0026898833006251317
0.10985411419875583 0.8129453178645204 0.002516021130236364
0.13257113655901082 0.837015810907974 0.0023912936866425636
0.15998587196060574 0.8633555522228417 0.0022303938880635734
0.19306977288832497 0.8897901008345365 0.002025339560089941
0.2329951810515372 0.904779227349796 0.0018946835210282512
0.2811768697974228 0.92494421860558 0.0017040930168751283
0.3393221771895326 0.9375822080877678 0.001532583089592845
0.4094915062380423 0.9496811028262353 0.0014106681487259562
0.49417133613238334 0.9595033940076974 0.0012437996681283082
0.5963623316594643 0.9669625833726637 0.0011471285723253276
0.7196856730011514 0.974368737460227 0.0009862632843155728
0.868511373751352 0.9793878629305891 0.0008949586689777411
1.0481131341546852 0.9835626341583827 0.0007874987962891923
1.2648552168552958 0.9872622724922773 0.0007426276440620756
1.5264179671752318 0.9886427017205409 0.0007590027290884482
1.8420699693267144 0.9917469592900708 0.0006294408163464115
2.2229964825261934 0.9935152583589953 0.0005969083189332141
2.6826957952797246 0.9951908412356766 0.0005013185162399893
3.2374575428176433 0.9954653679129777 0.0005229121541638682
3.906939937054613 0.9964754128224221 0.00046610847068559355
4.714866363457389 0.9961506471921914 0.0005136085493697071
5.689866029018293 0.9970864361825932 0.00044347202348326285
6.866488450042998 0.9968456599838937 0.0004697308572511308
8.286427728546842 0.9975730734504159 0.00042673595797309595
10.0 0.9977987344664323 0.0004101106376789142
