0.001 0.04117896425485676 0.00040619628520416877
0.0012067926406393288 0.04810078296551827 0.00047711522945216724
0.0014563484775012444 0.05792389330493579 0.0005673167685621731
0.0017575106248547913 0.06948410268765916 0.0006813151992316705
0.0021209508879201904 0.07968534914694533 0.0007702076526933905
0.002559547922699536 0.09643220817343602 0.0009166760860288424
0.0030888435964774815 0.11225842311879942 0.001062863646442259
0.003727593720314938 0.13328174145935115 0.0012311161779654405
0.004498432668969444 0.1587115356869837 0.001420792845280143
0.005428675439323859 0.18258963997842498 0.0016170212778460569
0.006551285568595509 0.20944486662063044 0.001796111612633692
0.0079060432109077 0.2444869735095219 0.0020413256212745133
0.009540954763499945 0.28142548039590026 0.002242389366608775
0.01151395399326447 0.31736618328856314 0.002443610037473431
0.013894954943731374 0.36275382394098 0.0026328766107438194
0.016768329368110076 0.4033989544590047 0.002790495891174362
0.020235896477251564 0.44634744372102503 0.0028910559294567295
0.02442053094548651 0.49318157722703054 0.0029958975541056164
0.029470517025518096 0.5366625959019921 0.003055177505167923
0.03556480306223128 0.581163321345176 0.0030777598643738787
0.04291934260128776 0.6205889865361681 0.003056307290496157
0.0517947467923121 0.6660336038397999 0.0030021908532914406
0.0625055192527397 0.7031217138408377 0.0029264947721413977
0.07543120063354615 0.7388073496802855 0.002831432389081619
0.09102981779915217 0.7737497964524415 0.0026869707815455873
0.10985411419875583 0.8059717239332358 0.002565123810874497
0.13257113655901082 0.834149168431231 0.0024290682944077507
0.15998587196060574 0.8609979602890547 0.0022506610153140687
0.19306977288832497 0.8871476053880957 0.0020800501754903384
0.2329951810515372 0.9020990904108954 0.0019281887885959379
0.2811768697974228 0.9218941838252067 0.00175366353595141
0.3393221771895326 0.9300257720221431 0.0016795644324788983
0.4094915062380423 0.9461411192041811 0.001456686224363076
0.49417133613238334 0.9545581369596868 0.0013359142239778336
0.5963623316594643 0.9663561299272049 0.0011396570853831182
0.7196856730011514 0.9721898075568203 0.0010094239864481686
0.868511373751352 0.9773138282932868 0.0009579722930966598
1.0481131341546852 0.9826517164922548 0.0008179611392860553
1.2648552168552958 0.9864716897136279 0.0007287372146708354
1.5264179671752318 0.9890290629710798 0.0007170772538684896
1.8420699693267144 0.9918813672805737 0.0006089300668250878
2.2229964825261934 0.9923639798143027 0.0006290432614253079
2.6826957952797246 0.9950403988884357 0.0004743337276282301
3.2374575428176433 0.9962116965019199 0.00045394921946049284
3.906939937054613 0.9946246828856884 0.0006265477554700323
4.714866363457389 0.9966365738379179 0.00044963391367566064
5.689866029018293 0.9971963541224035 0.00042537456021254693
6.866488450042998 0.9975402998036182 0.0004403812563676692
8.286427728546842 0.998197888387964 0.0003740104075723801
10.0 0.9981681612580112 0.00034301014938050795
