0.001 0.00034228787246066603 8.84123579331643e-06
0.0012067926406393288 0.0005619689484200437 1.4307752651262899e-05
0.0014563484775012444 0.000963617730332294 2.4071284541133975e-05
0.0017575106248547913 0.0016677107589583948 4.125937029059647e-05
0.0021209508879201904 0.0027458392428343324 6.542966474698023e-05
0.002559547922699536 0.004371065572858606 0.00010312514505623363
0.0030888435964774815 0.006682307993690515 0.00015628161501336692
0.003727593720314938 0.010338981333802873 0.00023397726297379035
0.004498432668969444 0.016486268807683346 0.00035023165305475735
0.005428675439323859 0.02463721528323057 0.000511117515721965
0.006551285568595509 0.03650705933705474 0.0007242229130543629
0.0079060432109077 0.05215155950871032 0.0009915841693943239
0.009540954763499945 0.0731769472845526 0.0012854597265630555
0.01151395399326447 0.10065816276003119 0.0016328082310519106
0.013894954943731374 0.13180832543901488 0.002014479668654249
0.016768329368110076 0.16957611432276853 0.0024108446374702594
0.020235896477251564 0.20081136466972932 0.0026478147064312963
0.02442053094548651 0.25510656568311413 0.0030452943984499103
0.029470517025518096 0.2985866742920315 0.003281764338330345
0.03556480306223128 0.3579067576486336 0.003514495219302317
0.04291934260128776 0.40347987128567236 0.0036778018884111702
0.0517947467923121 0.4574349562646059 0.003783456260447589
0.0625055192527397 0.5030238414554091 0.003830091529587586
0.07543120063354615 0.5648157744743226 0.003795842376000732
0.09102981779915217 0.6096113801603011 0.0037390426754910543
0.10985411419875583 0.6601782146528583 0.003663776366956778
0.13257113655901082 0.6980001815292691 0.0035410529915470513
0.15998587196060574 0.7471674970385179 0.0033567873936709925
0.19306977288832497 0.7854583248701019 0.0031846115298155525
0.2329951810515372 0.818366804337052 0.0030223783374491884
0.2811768697974228 0.8403552581041087 0.0028935453301802312
0.3393221771895326 0.8734775593974741 0.0026162633846367506
0.4094915062380423 0.8973750101102853 0.002383592413737037
0.49417133613238334 0.9165076773977927 0.002150261160140071
0.5963623316594643 0.9281592621987423 0.001986204966812158
0.7196856730011514 0.9393223086156127 0.001835582664590387
0.868511373751352 0.9562583764596758 0.0015367724997928545
1.0481131341546852 0.9630136423946789 0.00139193282465017
1.2648552168552958 0.9724215918990858 0.001178877823342485
1.5264179671752318 0.9759178730032927 0.0011154662732656424
1.8420699693267144 0.9813722090606494 0.001018593620938116
2.2229964825261934 0.9878875135326499 0.0008237594678710135
2.6826957952797246 0.9897093260206365 0.0008085191804841024
3.2374575428176433 0.990758675321662 0.0007848682464840695
3.906939937054613 0.9931934724876433 0.0006761818455808658
4.714866363457389 0.9946930502727657 0.0005963508501860442
5.689866029018293 0.9948288320713248 0.0006288667887800783
6.866488450042998 0.9956610141639636 0.0005819284751745089
8.286427728546842 0.9960101909984289 0.0005588996303904073
10.0 0.9962099913294523 0.0005347550654572027
