0.001 0.07121216340789358 0.0006905637979844978
0.0012067926406393288 0.09696723950646753 0.0009109172835691386
0.0014563484775012444 0.12510850574851975 0.0011478919250093166
0.0017575106248547913 0.16505276261358637 0.001452164815025565
0.0021209508879201904 0.21102331075743996 0.0017719667483205614
0.002559547922699536 0.26307947983054747 0.002095542129016226
0.0030888435964774815 0.3254112983437165 0.0024251455498066447
0.003727593720314938 0.3894104778061945 0.002703854213245986
0.004498432668969444 0.4557196215097616 0.002947681371292624
0.005428675439323859 0.5177757805455858 0.0031174127009719475
0.006551285568595509 0.5826186411830948 0.0032181407008879783
0.0079060432109077 0.6424243075373912 0.0032201787610251402
0.009540954763499945 0.6973405712180059 0.003212986119236079
0.01151395399326447 0.7495585610236615 0.0031004052099405017
0.013894954943731374 0.7915732560238705 0.0029179041086965017
0.016768329368110076 0.8225674752720522 0.0028142680400538756
0.020235896477251564 0.8558750099771514 0.002566756236453563
0.02442053094548651 0.8805903142675463 0.0024173774947295374
0.029470517025518096 0.900865901564756 0.002257113954663028
0.03556480306223128 0.922785000176902 0.0020042908970546013
0.04291934260128776 0.932368632837069 0.001882246078497491
0.0517947467923121 0.9463376570670152 0.0017002273586682523
0.0625055192527397 0.9558017960516112 0.0015409447054598715
0.07543120063354615 0.9643558593586389 0.001401166678316137
0.09102981779915217 0.9705251918795226 0.0012887387300868915
0.10985411419875583 0.9765535240787598 0.0011724712985686173
0.13257113655901082 0.9789777721620229 0.0011390080029427473
0.15998587196060574 0.9835418845089713 0.0010210684574947367
0.19306977288832497 0.9858269590576155 0.000979532367063246
0.2329951810515372 0.9883482403666736 0.0009108599091807421
0.2811768697974228 0.9911484877802104 0.0007808338870493103
0.3393221771895326 0.9914990961718589 0.0007832084167887899
0.4094915062380423 0.9924521530607759 0.0007232690179526435
0.49417133613238334 0.9928172956076824 0.0007348509021931752
0.5963623316594643 0.994408162502671 0.0006451425372353219
0.7196856730011514 0.9957178033227274 0.000583178636063925
0.868511373751352 0.9951231587443418 0.0006382474442057702
1.0481131341546852 0.9960246079223216 0.0005557442340002063
1.2648552168552958 0.9975812708140634 0.00041503872719539077
1.5264179671752318 0.9965045982830634 0.0005461302105501423
1.8420699693267144 0.9967826329711126 0.0005304731075528275
2.2229964825261934 0.9971270527873998 0.0005196836171711538
2.6826957952797246 0.9970220931563586 0.0005382162798734453
3.2374575428176433 0.9966595490053128 0.0005736648838135737
3.906939937054613 0.996683416578982 0.0005735502975389463
4.714866363457389 0.9974979094813335 0.0004993737029285913
5.689866029018293 0.9972874492158217 0.0005190445407248139
6.866488450042998 0.9975933315094085 0.0004893513782884547
8.286427728546842 0.9973999964544539 0.0005092386455844977
10.0 0.9977999685100578 0.00046852533242690183
