0.001 0.07207989235210291 0.0006917641021586059
0.0012067926406393288 0.09717725609185132 0.0009145326002996633
0.0014563484775012444 0.12900463210685797 0.0011729212402016426
0.0017575106248547913 0.16791366062216642 0.0014495970350511455
0.0021209508879201904 0.21186234412598332 0.0017697961240382546
0.002559547922699536 0.26760951693311563 0.00212496869658192
0.0030888435964774815 0.319425895126244 0.002428518620507373
0.003727593720314938 0.3918262921156027 0.002719360086190856
0.004498432668969444 0.45942306071971434 0.002950521668938907
0.005428675439323859 0.5260044041650989 0.0031049485284971885
0.006551285568595509 0.5934646945610297 0.0031857955740971712
0.0079060432109077 0.6519096341785633 0.0031919473502501723
0.009540954763499945 0.7047551347934322 0.003144281641939659
0.01151395399326447 0.7536459765173177 0.0030235875129261264
0.013894954943731374 0.7963765442322037 0.0028851820869186338
0.016768329368110076 0.8335539286873694 0.0027310246025249816
0.020235896477251564 0.8609363249895945 0.0025147475317037083
0.02442053094548651 0.887569535454407 0.0023339580304233406
0.029470517025518096 0.9087261839140156 0.0021297377160961295
0.03556480306223128 0.925092598355018 0.0019285207206831355
0.04291934260128776 0.9383981061218154 0.001798346895441861
0.0517947467923121 0.9445977022511637 0.0017164545502704274
0.0625055192527397 0.9595803792520248 0.0014802244105198022
0.07543120063354615 0.9645669915058952 0.00141842210159644
0.09102981779915217 0.9742507917414468 0.0012078514946859853
0.10985411419875583 0.9772798110970454 0.0011556301927836952
0.13257113655901082 0.9808917074445429 0.0010872906583115855
0.15998587196060574 0.9832596934974477 0.0010298405931589692
0.19306977288832497 0.9865735135098216 0.0009637827831431909
0.2329951810515372 0.989930845485063 0.0008031190721903155
0.2811768697974228 0.9886767416551197 0.0009170173458511907
0.3393221771895326 0.9922920273959966 0.0007359843409647207
0.4094915062380423 0.9939593380619229 0.0006636256501305234
0.49417133613238334 0.9947473382091041 0.0006254299296817952
0.5963623316594643 0.9943975686776172 0.0006512242203273296
0.7196856730011514 0.9946564275867021 0.0006460760472537464
0.868511373751352 0.9958370188409492 0.0005766493884977425
1.0481131341546852 0.9961240169385143 0.0005804556331357116
1.2648552168552958 0.9958058821317324 0.0005994889400955649
1.5264179671752318 0.9963227441555172 0.0005757928670376502
1.8420699693267144 0.9968887044899762 0.0005389328942174299
2.2229964825261934 0.9963913569832039 0.0005883280589776973
2.6826957952797246 0.9963703775257893 0.0005989343675088756
3.2374575428176433 0.9965891266479732 0.0005821009511423788
3.906939937054613 0.997695544188605 0.00047902973274028567
4.714866363457389 0.996799396394058 0.0005647792739020012
5.689866029018293 0.9971998209758772 0.0005284088409206537
6.866488450042998 0.9972999894448747 0.0005189132820652174
8.286427728546842 0.9972999994592378 0.0005189132872725449
10.0 0.9966999999817518 0.0005735076285351017
