0.001 0.07420033904075068 0.0007144067785565925
0.0012067926406393288 0.0977037273086295 0.0009232774981477953
0.0014563484775012444 0.12866103869810144 0.001162873246194199
0.0017575106248547913 0.1684758330272015 0.0014710934473456025
0.0021209508879201904 0.2149672513634167 0.0017890758967247608
0.002559547922699536 0.2665848558784048 0.002106024773824989
0.0030888435964774815 0.3291705780471721 0.0024349651468198365
0.003727593720314938 0.39722109372151515 0.0027120434279448292
0.004498432668969444 0.46190363586610445 0.0029488812442524763
0.005428675439323859 0.5292890868431634 0.0031057217674770408
0.006551285568595509 0.5947923422235257 0.0031724685011478657
0.0079060432109077 0.6535471545900353 0.003204529571907947
0.009540954763499945 0.7040052141727078 0.0031594827529848658
0.01151395399326447 0.7593579233378163 0.003022747568942037
0.013894954943731374 0.7943395215629683 0.002910024841071812
0.016768329368110076 0.8285587122425557 0.002730296450400343
0.020235896477251564 0.8641121869959938 0.002508606024716289
0.02442053094548651 0.8867914762616067 0.00234259559773588
0.029470517025518096 0.9098390672802324 0.0021164698354794835
0.03556480306223128 0.9233243500938948 0.002010995040487364
0.04291934260128776 0.9403651266590792 0.0017491969124308528
0.0517947467923121 0.9512468492297886 0.001611179060483429
0.0625055192527397 0.959701002022635 0.0014723144241720527
0.07543120063354615 0.9690085338630122 0.0013138772546728821
0.09102981779915217 0.9736598879682535 0.00121876585416927
0.10985411419875583 0.9780025499454136 0.0011141524677137202
0.13257113655901082 0.9814705693600703 0.0010630957481147856
0.15998587196060574 0.9860277349998725 0.0009365227716331236
0.19306977288832497 0.9888641614571512 0.000841501515714606
0.2329951810515372 0.9901861973716463 0.0008083507199569243
0.2811768697974228 0.9899281694149648 0.0008479063774730717
0.3393221771895326 0.991948731612109 0.0007478172698830323
0.4094915062380423 0.9935930562344567 0.0006803095963627631
0.49417133613238334 0.9941842543722883 0.0006565769373671294
0.5963623316594643 0.994462426871764 0.0006441070822812657
0.7196856730011514 0.995411045362517 0.000606200170200279
0.868511373751352 0.9960780471382248 0.0005605559498702171
1.0481131341546852 0.9959317663021118 0.000583163722452463
1.2648552168552958 0.9957608429600842 0.0006135841919757286
1.5264179671752318 0.9966478789009013 0.0005532788133108729
1.8420699693267144 0.9969523794053011 0.0005309574854139971
2.2229964825261934 0.9972063446161524 0.0005191070815295868
2.6826957952797246 0.9972654138674898 0.0005189306582731644
3.2374575428176433 0.9983896856712181 0.000399680154708672
3.906939937054613 0.997397935188824 0.0005092377671605475
4.714866363457389 0.9973995017892637 0.0005092384008584521
5.689866029018293 0.9967993969621566 0.0005647795173027012
6.866488450042998 0.9963970986041866 0.000598924280245204
8.286427728546842 0.9971988436425973 0.0005284095843326348
10.0 0.9972999999910015 0.0005189132875492214
