0.001 0.006671960918477676 9.099481535898443e-05
0.0012067926406393288 0.010569257774361377 0.00014358593261397598
0.0014563484775012444 0.016693263529666127 0.0002200217674424126
0.0017575106248547913 0.02607408373480698 0.00033294390389180986
0.0021209508879201904 0.04052935859218539 0.0004972576890001653
0.002559547922699536 0.05951304779910464 0.0007093688678048814
0.0030888435964774815 0.08657632771261571 0.0009753374731888603
0.003727593720314938 0.12587597793365454 0.0013297893265314335
0.004498432668969444 0.16727734752751833 0.0016852357760294868
0.005428675439323859 0.2232373184394719 0.0020898255954391164
0.006551285568595509 0.2835211201194968 0.0024851660669327415
0.0079060432109077 0.35630761340073397 0.0028436852412820923
0.009540954763499945 0.42344915227149815 0.003107840337592246
0.01151395399326447 0.49588470121408357 0.0032861888745276575
0.013894954943731374 0.5657607037249238 0.003397922213223306
0.016768329368110076 0.6339054632300107 0.0034191698106765334
0.020235896477251564 0.6859805847947178 0.0034102895899011205
0.02442053094548651 0.7358297717827634 0.0032954451315082844
0.029470517025518096 0.7886713140099265 0.003079206421625198
0.03556480306223128 0.8237565818817862 0.0029004485300951227
0.04291934260128776 0.853768569372428 0.0027190632424241843
0.0517947467923121 0.8789442875060162 0.002520880020736804
0.0625055192527397 0.9007402784853723 0.002328529844400053
0.07543120063354615 0.9164741692492989 0.0021351796554800744
0.09102981779915217 0.9334984595312393 0.00196610215696822
0.10985411419875583 0.9455324326577773 0.0017665414727190897
0.13257113655901082 0.954942072700562 0.001614918319283696
0.15998587196060574 0.9642154749574482 0.0014825800295977132
0.19306977288832497 0.971888985490955 0.0012938861560084127
0.2329951810515372 0.9766373175369863 0.0011802810140541997
0.2811768697974228 0.9817012476503083 0.0010841596495878552
0.3393221771895326 0.9841599469357263 0.001018176900125412
0.4094915062380423 0.9874536934063052 0.0009302001201046034
0.49417133613238334 0.9885875244003288 0.0008937376847551093
0.5963623316594643 0.9882236171160869 0.0009411683244000031
0.7196856730011514 0.9924277216290995 0.0007565427472013592
0.868511373751352 0.9934252637878075 0.0007229901960043092
1.0481131341546852 0.9946636317305915 0.0006360460120761113
1.2648552168552958 0.9939232807237293 0.0006868821802050111
1.5264179671752318 0.9944706836529266 0.0006626118522036384
1.8420699693267144 0.9956466548712968 0.000592980179042064
2.2229964825261934 0.9960226886960801 0.0005601484410760851
2.6826957952797246 0.9972373658509447 0.0004881116882832197
3.2374575428176433 0.9963797545536827 0.0005685818701545361
3.906939937054613 0.9969881077625181 0.0005298162713189497
4.714866363457389 0.9957570804796746 0.0006397140198847988
5.689866029018293 0.997864390776366 0.00045780906312929
6.866488450042998 0.9977552439335635 0.000469743788820789
8.286427728546842 0.9977971484998086 0.00046852432772032733
10.0 0.9969993266676415 0.0005468999997201364
