0.001 0.006516474490241768 8.981764093965904e-05
0.0012067926406393288 0.010675830008619608 0.00014498659233179385
0.0014563484775012444 0.017090028919986528 0.00022597426372086718
0.0017575106248547913 0.02650041750726017 0.00033799264803434023
0.0021209508879201904 0.03997151721258431 0.0004960553894388361
0.002559547922699536 0.06084771846283455 0.0007249403566040714
0.0030888435964774815 0.08500217507091386 0.000984027234694116
0.003727593720314938 0.12364485328159733 0.001323199576167149
0.004498432668969444 0.16953893376358592 0.0017095646258610839
0.005428675439323859 0.22352217772208127 0.002093927213839866
0.006551285568595509 0.289057727607696 0.0024920397962468295
0.0079060432109077 0.35641983309277225 0.0028289666594642666
0.009540954763499945 0.4278523993953537 0.0031112617110203543
0.01151395399326447 0.5015356573183619 0.0033143440183887518
0.013894954943731374 0.5732549188553471 0.0034062709247375694
0.016768329368110076 0.6437273358879839 0.003417061322452697
0.020235896477251564 0.6933624410240229 0.0033606178469731836
0.02442053094548651 0.7479023621262829 0.003218382322974615
0.029470517025518096 0.7902671323476366 0.0030492177362304172
0.03556480306223128 0.8235600538538418 0.0028793131925440325
0.04291934260128776 0.8566498652674119 0.0026846897527751613
0.0517947467923121 0.8733669855259799 0.00259039385578236
0.0625055192527397 0.9026460388095294 0.0022758592172951947
0.07543120063354615 0.9186209138632218 0.0021441310831814904
0.09102981779915217 0.9361455803842617 0.0018676880736879526
0.10985411419875583 0.9464700149755007 0.0017578250584870897
0.13257113655901082 0.956677777870569 0.0016077595522860958
0.15998587196060574 0.9628998151555545 0.001502755505979693
0.19306977288832497 0.9711137712336076 0.0013251785611764191
0.2329951810515372 0.9769574808347 0.0011809299922255572
0.2811768697974228 0.978657370319459 0.0011938527740642032
0.3393221771895326 0.984680314064535 0.0010095586041052149
0.4094915062380423 0.9882020753873039 0.00088674666992926
0.49417133613238334 0.9899624688312095 0.0008236692593452447
0.5963623316594643 0.9903795266135059 0.000841765298657812
0.7196856730011514 0.9916095985508877 0.0008120413379742134
0.868511373751352 0.993397169051799 0.0007146596748593926
1.0481131341546852 0.9942742611632992 0.000668358429661749
1.2648552168552958 0.9937068265568317 0.0007008567326926346
1.5264179671752318 0.9947538749936257 0.0006434610582513288
1.8420699693267144 0.9957096649753903 0.0005826041624281678
2.2229964825261934 0.9953297777982976 0.0006163370496318879
2.6826957952797246 0.9959596380740521 0.0006053718725916495
3.2374575428176433 0.996321337419543 0.0005845865652525733
3.906939937054613 0.9974792508499635 0.00048027679444733097
4.714866363457389 0.9967330004756799 0.0005648996300726278
5.689866029018293 0.9971594117359793 0.0005284376501826473
6.866488450042998 0.9972898804265443 0.0005189110591490952
8.286427728546842 0.9972978690354805 0.0005189123345988846
10.0 0.996699601565149 0.0005735074040422161
