0.001 0.011773154829376754 0.00031115702250234076
0.0012067926406393288 0.015924514221409485 0.0004006689819067294
0.0014563484775012444 0.02070340451306335 0.0004954788281446901
0.0017575106248547913 0.030122751523644728 0.00068988519716354
0.0021209508879201904 0.038280992926214515 0.000815228777075242
0.002559547922699536 0.049403103870558296 0.0009746264301301838
0.0030888435964774815 0.06619472814076056 0.001217998437853527
0.003727593720314938 0.08515449265833669 0.0014314687572313603
0.004498432668969444 0.10819160273772573 0.001654118587830862
0.005428675439323859 0.13669533907205775 0.0018809238132190822
0.006551285568595509 0.1688481780496279 0.002062938062728243
0.0079060432109077 0.20800181853961713 0.002316897277973049
0.009540954763499945 0.25422126581261656 0.002562570845330558
0.01151395399326447 0.3029971962501818 0.0027890544066882846
0.013894954943731374 0.352748912710526 0.002992815700183957
0.016768329368110076 0.41691701085289695 0.0031954071182611244
0.020235896477251564 0.46492953316914554 0.003333981428404593
0.02442053094548651 0.5312148755233921 0.0034125278974241864
0.029470517025518096 0.5842265906521859 0.003457072562559411
0.03556480306223128 0.6405040817132482 0.003434563270482248
0.04291934260128776 0.6882778868846477 0.0034100552468280467
0.0517947467923121 0.7252168866308562 0.0033453669314414125
0.0625055192527397 0.7649598072657045 0.0032379692329275456
0.07543120063354615 0.7954883721427001 0.0031266552575997786
0.09102981779915217 0.8335846890716064 0.00289254061386232
0.10985411419875583 0.8516558967076242 0.002826828213603751
0.13257113655901082 0.869208661652799 0.0027007986324445237
0.15998587196060574 0.8913226631252983 0.0025033512814978376
0.19306977288832497 0.9108426289179214 0.0022992508937618415
0.2329951810515372 0.917924333079917 0.002227306502003824
0.2811768697974228 0.927774161525488 0.002132162821782027
0.3393221771895326 0.9371208883377449 0.0019963948225283057
0.4094915062380423 0.9471928701557579 0.001852461452390362
0.49417133613238334 0.9555078081823005 0.0017074467736152726
0.5963623316594643 0.9604905231020635 0.0016380118921563434
0.7196856730011514 0.9685384240678286 0.0014489514495989592
0.868511373751352 0.9691717161035823 0.0014471511658656969
1.0481131341546852 0.9771888203647912 0.0012503724787515517
1.2648552168552958 0.978349304427792 0.0012399502319572738
1.5264179671752318 0.9800216216591447 0.0011833450541254556
1.8420699693267144 0.9841167495496187 0.0010595123788263085
2.2229964825261934 0.9862545898137787 0.0009849401516337606
2.6826957952797246 0.9856786861895526 0.0010384406516878264
3.2374575428176433 0.9883974053012685 0.0009348629438774695
3.906939937054613 0.9889703728495597 0.000884080890081655
4.714866363457389 0.9900998037885028 0.0008762990543367687
5.689866029018293 0.9909327690329625 0.0008429524676255572
6.866488450042998 0.992417386544174 0.0007551397148139066
8.286427728546842 0.9919534193728503 0.0008146809419872626
10.0 0.9938265375240702 0.0007196521245941888
