0.001 0.044479683263152006 0.00048727868185947254
0.0012067926406393288 0.052579139127154347 0.0005739160946861437
0.0014563484775012444 0.06275425702832696 0.0006682062334622313
0.0017575106248547913 0.07644142045061465 0.0008026667827307528
0.0021209508879201904 0.08937812876312369 0.0009162709548244625
0.002559547922699536 0.10487468033380692 0.0010409372139194375
0.0030888435964774815 0.12458662426761875 0.0012053366805159665
0.003727593720314938 0.1464655265194704 0.0013587941464839768
0.004498432668969444 0.17066883504069794 0.001508920279968545
0.005428675439323859 0.20177067466905327 0.0017187474881065485
0.006551285568595509 0.2272634251712442 0.0018314005910553808
0.0079060432109077 0.2616926509421428 0.002020788147336541
0.009540954763499945 0.2985584287454839 0.0021980542432912475
0.01151395399326447 0.34381210549512575 0.0023515413600458768
0.013894954943731374 0.3825142464368334 0.002497584220063994
0.016768329368110076 0.42663900396898197 0.0026361837131660755
0.020235896477251564 0.47703992079839536 0.002765589350637984
0.02442053094548651 0.5265069261572914 0.002823587323597548
0.029470517025518096 0.5693640759287837 0.0029129515817390515
0.03556480306223128 0.6196333370321396 0.002950199183385071
0.04291934260128776 0.6673789782721892 0.0029290176977251935
0.0517947467923121 0.7039121180395882 0.0029220941902861268
0.0625055192527397 0.7431384684676022 0.0028565268873090954
0.07543120063354615 0.7764999238795279 0.002774800963288155
0.09102981779915217 0.8110662685117319 0.0026406325803772063
0.10985411419875583 0.8350474592104289 0.0025754113586932896
0.13257113655901082 0.8566937163121613 0.0024849857348482754
0.15998587196060574 0.8834328252655479 0.0022849866520398563
0.19306977288832497 0.8986947020194611 0.002163593460899475
0.2329951810515372 0.9123137014569555 0.00207981767177179
0.2811768697974228 0.9260068041188395 0.0019159577869686199
0.3393221771895326 0.9337142760256757 0.0018582218747184916
0.4094915062380423 0.9450901293866069 0.0016983281326275485
0.49417133613238334 0.9495446203943733 0.0016652410472983695
0.5963623316594643 0.9575675208214023 0.0015499798587514744
0.7196856730011514 0.9657522581571673 0.0013821822156751737
0.868511373751352 0.969112720441139 0.0013302679564756326
1.0481131341546852 0.9735451115735075 0.001247425799479224
1.2648552168552958 0.9766756124929911 0.0011684696887668143
1.5264179671752318 0.9800372416924321 0.0011126014330505465
1.8420699693267144 0.9811256409218834 0.0010930846977651588
2.2229964825261934 0.9836035975276641 0.0010329137352717494
2.6826957952797246 0.985636260761954 0.000944703385639167
3.2374575428176433 0.9867255153735478 0.0009552567158357024
3.906939937054613 0.9892252020310294 0.0008436012255454843
4.714866363457389 0.991392673148886 0.0007767191481487136
5.689866029018293 0.9906636423188433 0.0008034837465896002
6.866488450042998 0.9913920196067832 0.0008109624325197645
8.286427728546842 0.9919390786452743 0.0007997865516946916
10.0 0.9932193073748627 0.0007412498151794119
