0.001 0.0007413572950752866 3.502936920218546e-05
0.0012067926406393288 0.0012060447483053863 5.362469957572332e-05
0.0014563484775012444 0.0018679225771606927 8.050918712487207e-05
0.0017575106248547913 0.0028814619680000977 0.00012754552525500964
0.0021209508879201904 0.004723887360213042 0.00019595818659382262
0.002559547922699536 0.007035572297403096 0.00028023577240769183
0.0030888435964774815 0.010477516989300644 0.000396645833720834
0.003727593720314938 0.015216867682638167 0.0005317195815353718
0.004498432668969444 0.022679491912387245 0.0007309425722252309
0.005428675439323859 0.031055950549685674 0.0009185706722770113
0.006551285568595509 0.04266962301159138 0.0011273186617784222
0.0079060432109077 0.05798134789408693 0.0013526004563405062
0.009540954763499945 0.07850712741897173 0.0015738763245423573
0.01151395399326447 0.10225067951037686 0.0018162238087998425
0.013894954943731374 0.13044478184524763 0.0020104888688580237
0.016768329368110076 0.16837987507573082 0.002269704103422917
0.020235896477251564 0.21102239483270235 0.0025756932181374547
0.02442053094548651 0.26170709830828015 0.002810318445054377
0.029470517025518096 0.32257998454274117 0.00307852888260963
0.03556480306223128 0.37472488564440815 0.003328226927688166
0.04291934260128776 0.43885587610974436 0.003462957965364493
0.0517947467923121 0.4938053081701968 0.003614675999173098
0.0625055192527397 0.5623354894287425 0.0036740270283287923
0.07543120063354615 0.6045120895837485 0.0037062075053350485
0.09102981779915217 0.6700707838071801 0.003592509787960593
0.10985411419875583 0.7143852967159673 0.003524936806318676
0.13257113655901082 0.7525100492818224 0.0034045427461976362
0.15998587196060574 0.7886494488647353 0.003256980994506289
0.19306977288832497 0.8149975731963165 0.003154169351488533
0.2329951810515372 0.8442730904282738 0.0029518041296091742
0.2811768697974228 0.8636580561503236 0.0028210567681060533
0.3393221771895326 0.8884465550176556 0.002604587370912733
0.4094915062380423 0.8983571809491717 0.00252102191424727
0.49417133613238334 0.9171407292299298 0.0023222202278366643
0.5963623316594643 0.9250487040986063 0.0022429896532955348
0.7196856730011514 0.9412053051484945 0.0019772155638625856
0.868511373751352 0.946567405029047 0.0019250545928048057
1.0481131341546852 0.9534660864178868 0.0018001939250928336
1.2648552168552958 0.9612222739969797 0.0016590274896620316
1.5264179671752318 0.9627941146410472 0.0016360791835247459
1.8420699693267144 0.9671262864648841 0.001522306477693531
2.2229964825261934 0.9711858068840383 0.001451108261843176
2.6826957952797246 0.9746253605990132 0.0013569178010062214
3.2374575428176433 0.9786811685784107 0.0012511220047410263
3.906939937054613 0.981298118015394 0.0011635983901898182
4.714866363457389 0.9836670645930954 0.0011054661302067616
5.689866029018293 0.9857977737497832 0.0010557221036157022
6.866488450042998 0.9872759438723894 0.0009830562750820107
8.286427728546842 0.9887241730656491 0.0009335879926618288
10.0 0.989946315168138 0.0008851173697432392
