0.001 0.0007758518292258752 3.5514733311786584e-05
0.0012067926406393288 0.001214541534228001 5.479949604464109e-05
0.0014563484775012444 0.0017934309175493869 8.042364088756749e-05
0.0017575106248547913 0.003287865029777754 0.00013692917954385043
0.0021209508879201904 0.0046453249461143285 0.0001927945616097784
0.002559547922699536 0.006781567223184308 0.0002692740370399784
0.0030888435964774815 0.010877040739860757 0.0004052034570651428
0.003727593720314938 0.01592512155033591 0.0005539528284902055
0.004498432668969444 0.023020202844369595 0.0007510525833404553
0.005428675439323859 0.032455162364865404 0.0009580475029597903
0.006551285568595509 0.04230925696506575 0.0010865432222461942
0.0079060432109077 0.05905644939191612 0.0013733548163815193
0.009540954763499945 0.07991519005770455 0.0016218203226774672
0.01151395399326447 0.10406740605711268 0.0018321544743433852
0.013894954943731374 0.1322545120870677 0.0020438696377486957
0.016768329368110076 0.17415573178362434 0.0023278976503600135
0.020235896477251564 0.21188128829359992 0.0025640082839577345
0.02442053094548651 0.26756667898958986 0.002850871239631915
0.029470517025518096 0.3208599574878354 0.0030844172489316872
0.03556480306223128 0.38123969881362346 0.003267540808784974
0.04291934260128776 0.447188946986938 0.003479122822468781
0.0517947467923121 0.5032315730526581 0.003612581748851758
0.0625055192527397 0.565168154372989 0.0036664172226940307
0.07543120063354615 0.6175669257232399 0.003676033879895003
0.09102981779915217 0.6771419166651723 0.003575637026589755
0.10985411419875583 0.7187871477541865 0.0035272281347596703
0.13257113655901082 0.7516673025123773 0.003430824852007846
0.15998587196060574 0.7909683668731825 0.0032536000321045366
0.19306977288832497 0.8264822067829515 0.0030497132717823092
0.2329951810515372 0.842691086149835 0.002967941561423717
0.2811768697974228 0.8653192876239405 0.002823230169583363
0.3393221771895326 0.8823374637922943 0.0026774318142799873
0.4094915062380423 0.9012749559346532 0.002486113780423286
0.49417133613238334 0.9169739983067542 0.002313232260807354
0.5963623316594643 0.9274557045708538 0.002180978217149615
0.7196856730011514 0.9404836934805364 0.001981642614350427
0.868511373751352 0.9439153554086428 0.0019558852107227206
1.0481131341546852 0.9578288700560442 0.0017013745531838705
1.2648552168552958 0.9616548427247102 0.001644479290238165
1.5264179671752318 0.9644264053953419 0.0015906636518159601
1.8420699693267144 0.9715498772953053 0.001424414621408638
2.2229964825261934 0.9749367857816847 0.0013324245818536744
2.6826957952797246 0.9762889698172167 0.0013296585036164832
3.2374575428176433 0.9809724780908007 0.0012005105989110153
3.906939937054613 0.9809149548563211 0.001193773465514383
4.714866363457389 0.9841071342579857 0.0011031913409246183
5.689866029018293 0.9855797204922615 0.001052505346784643
6.866488450042998 0.9877874874618859 0.0009777905013450068
8.286427728546842 0.9879771719494974 0.0009767988374619748
10.0 0.9906397015134537 0.0008543834124301448
