0.001 0.04741353902796434 1.6292343281254621e-06
0.0012067926406393288 0.06589230864853668 2.182351748649442e-06
0.0014563484775012444 0.09072930261948527 2.9003959420952485e-06
0.0017575106248547913 0.12356779850607513 3.830747804213809e-06
0.0021209508879201904 0.1661315683799059 4.935981359557686e-06
0.002559547922699536 0.22001549780131519 6.100804049589091e-06
0.0030888435964774815 0.2863274853894116 7.441795347010765e-06
0.003727593720314938 0.365131935420989 8.676787270321115e-06
0.004498432668969444 0.4550526205176955 9.498064210409843e-06
0.005428675439323859 0.552719842018807 1.02523028911622e-05
0.006551285568595509 0.6527650336841687 1.0154271268328455e-05
0.0079060432109077 0.7482748310347415 9.325017963122195e-06
0.009540954763499945 0.8321907504346393 7.653462668776237e-06
0.01151395399326447 0.8989455190325054 5.774799750798789e-06
0.013894954943731374 0.94616206136199 3.852992704067696e-06
0.016768329368110076 0.9752530275798527 2.1444747872618286e-06
0.020235896477251564 0.9904614622033471 1.0187554546176904e-06
0.02442053094548651 0.9970200042077446 3.8428335203575123e-07
0.029470517025518096 0.9992758161010504 1.1420068568498586e-07
0.03556480306223128 0.9998695478386369 2.5472953088930764e-08
0.04291934260128776 0.9999835766277735 3.789473113426239e-09
0.0517947467923121 0.9999986584051487 3.7545972623006186e-10
0.0625055192527397 0.9999999347037241 2.2035845807196434e-11
0.07543120063354615 0.9999999982988742 6.931058462071553e-13
0.09102981779915217 0.9999999999791744 1.0114040156133596e-14
0.10985411419875583 0.9999999999998972 6.076943424037341e-17
0.13257113655901082 1.0 2.2170016864207987e-18
0.15998587196060574 1.0 3.845925372767128e-20
0.19306977288832497 1.0 1.041481514324134e-18
0.2329951810515372 1.0 1.9576477939549873e-18
0.2811768697974228 1.0 0.0
0.3393221771895326 1.0 0.0
0.4094915062380423 1.0 0.0
0.49417133613238334 1.0 0.0
0.5963623316594643 1.0 0.0
0.7196856730011514 1.0 0.0
0.868511373751352 1.0 0.0
1.0481131341546852 1.0 0.0
1.2648552168552958 1.0 0.0
1.5264179671752318 1.0 0.0
1.8420699693267144 1.0 0.0
2.2229964825261934 1.0 0.0
2.6826957952797246 1.0 0.0
3.2374575428176433 1.0 0.0
3.906939937054613 1.0 0.0
4.714866363457389 1.0 0.0
5.689866029018293 1.0 0.0
6.866488450042998 1.0 0.0
8.286427728546842 1.0 0.0
10.0 1.0 0.0
