0.001 0.16531086329975486 0.0017604388654543287
0.0012067926406393288 0.20256337148486891 0.0020377682136334023
0.0014563484775012444 0.2575347369895761 0.00233625470046602
0.0017575106248547913 0.3104481046206135 0.0025664774475904935
0.0021209508879201904 0.3711470253129841 0.0027512901219449853
0.002559547922699536 0.43311092437864807 0.002837529754679636
0.0030888435964774815 0.501429903922718 0.002894216849904267
0.003727593720314938 0.568254131886964 0.002917275881524135
0.004498432668969444 0.6391701049100574 0.0028217153676673395
0.005428675439323859 0.6980118555119579 0.0027175367095021007
0.006551285568595509 0.7571093615111396 0.002589511838641633
0.0079060432109077 0.8099073265257323 0.002392821044989537
0.009540954763499945 0.8563565020254167 0.0021770031373135722
0.01151395399326447 0.8899211907329627 0.0019249902683274468
0.013894954943731374 0.9156812490174181 0.0017710343165548783
0.016768329368110076 0.9387911407018688 0.0015296504828352037
0.020235896477251564 0.9533540314982809 0.0013603407187089771
0.02442053094548651 0.9670823767548805 0.0011397294026727518
0.029470517025518096 0.9754036015220657 0.0010154109294233354
0.03556480306223128 0.9812465613802196 0.0008901655120787566
0.04291934260128776 0.9873735915073554 0.0007204504489209321
0.0517947467923121 0.9904721198046434 0.0006362678183390819
0.0625055192527397 0.991492235863582 0.0006154361663094989
0.07543120063354615 0.9950275866662877 0.0004487087064787464
0.09102981779915217 0.9965849157146367 0.00039077309754473826
0.10985411419875583 0.9966723408790314 0.00039896309018986513
0.13257113655901082 0.997723666711672 0.0003213709369296986
0.15998587196060574 0.9985752507262922 0.00023780741344144718
0.19306977288832497 0.9990576188017576 0.0001843256057682514
0.2329951810515372 0.9993184496291615 0.0001564917907159539
0.2811768697974228 0.9995366925624294 0.00013314224552708688
0.3393221771895326 0.999486657677431 0.00016597190825270062
0.4094915062380423 0.9998587652045473 5.332513204472407e-05
0.49417133613238334 0.9997935395511284 6.956057534220974e-05
0.5963623316594643 0.9999450609944113 2.9469229770774813e-05
0.7196856730011514 0.9999593347818317 2.43361930937324e-05
0.868511373751352 0.9998887392365273 7.680933154836736e-05
1.0481131341546852 0.9999888016452203 7.5665468916729205e-06
1.2648552168552958 0.9999357379557143 5.90979964210646e-05
1.5264179671752318 0.9999999001094162 8.600656688620193e-08
1.8420699693267144 0.9999199260929181 5.598056097253298e-05
2.2229964825261934 0.9999999978514915 2.090921351319705e-09
2.6826957952797246 0.9999999868261177 1.2816287529245207e-08
3.2374575428176433 0.9999999983660873 1.6060445063418004e-09
3.906939937054613 0.9999999999997382 2.600933880921847e-13
4.714866363457389 0.9999999999936743 6.325474992726697e-12
5.689866029018293 0.9999999974987975 1.4438533249912341e-09
6.866488450042998 0.999999999999996 2.8100274140864404e-15
8.286427728546842 1.0 0.0
10.0 0.9999999999998966 7.30372587769407e-14
