0.001 0.23057328092280205 0.0014896010662538873
0.0012067926406393288 0.26969260661670846 0.0016594808390650523
0.0014563484775012444 0.30874168433486354 0.0018065123983534146
0.0017575106248547913 0.35489107697584515 0.001997203686865884
0.0021209508879201904 0.40224531826955273 0.0021216041073241296
0.002559547922699536 0.4567521590289305 0.002231593309034302
0.0030888435964774815 0.5086907557454647 0.0022943214024144305
0.003727593720314938 0.558171873540149 0.0023456733829017363
0.004498432668969444 0.6107493677888198 0.0023245683228949004
0.005428675439323859 0.6737478605036497 0.0023004083317974466
0.006551285568595509 0.7189359386391307 0.0021873112094822314
0.0079060432109077 0.7684315592718413 0.0020901004683425307
0.009540954763499945 0.8095219538333751 0.001983668498584138
0.01151395399326447 0.8481808992845016 0.0018366413160311775
0.013894954943731374 0.8796232085009796 0.001705409043860874
0.016768329368110076 0.9117925908119942 0.0014654903234740172
0.020235896477251564 0.9351639482826125 0.0012736515314615308
0.02442053094548651 0.9479266381407971 0.001185540988226938
0.029470517025518096 0.9625244347781965 0.001011133020576675
0.03556480306223128 0.9717760680457548 0.000908635220437162
0.04291934260128776 0.9805935163198998 0.0007083691963486911
0.0517947467923121 0.9854301660236764 0.0006475909776768921
0.0625055192527397 0.9895940091242763 0.0005357005052500051
0.07543120063354615 0.9923598289325946 0.00046270940584697767
0.09102981779915217 0.9936416130137512 0.00043151837371460525
0.10985411419875583 0.9958743338982484 0.0003455350910912142
0.13257113655901082 0.9971723519648729 0.0002816225389012335
0.15998587196060574 0.9979319098387172 0.0002416225655327901
0.19306977288832497 0.9983845256967249 0.00022471398794108013
0.2329951810515372 0.9989598648686422 0.00015831729428933576
0.2811768697974228 0.9990773023257309 0.0001542369583107956
0.3393221771895326 0.9992151054292286 0.00018619797327316958
0.4094915062380423 0.9996057410096726 0.00011543085447397092
0.49417133613238334 0.9997401767500084 7.802616303977454e-05
0.5963623316594643 0.9998282407382081 7.323529825744236e-05
0.7196856730011514 0.9998640072487643 4.690722533093563e-05
0.868511373751352 0.9999269636237587 3.782682471535246e-05
1.0481131341546852 0.9999533026597124 2.93825345895621e-05
1.2648552168552958 0.9999564830651662 2.391430948562433e-05
1.5264179671752318 0.9999810206010776 1.5981935442219076e-05
1.8420699693267144 0.9999189912469733 5.621099553147344e-05
2.2229964825261934 0.9999521956722647 3.425899283198139e-05
2.6826957952797246 0.9999953625669398 3.963925061396783e-06
3.2374575428176433 0.9999995074086692 2.768987757570403e-07
3.906939937054613 0.9999990509249895 8.993986132044804e-07
4.714866363457389 0.9999993133909969 4.795457827025145e-07
5.689866029018293 0.9999997895626471 1.4793139219326152e-07
6.866488450042998 0.9999999999991809 5.774968834485767e-13
8.286427728546842 0.9999999908625932 6.455557626853656e-09
10.0 0.9999993320289344 6.679376661927678e-07
