0.001 0.03157417375145724 0.0005227402896707144
0.0012067926406393288 0.04466624761083279 0.0007301583788518616
0.0014563484775012444 0.06521718913498196 0.0010135727224557369
0.0017575106248547913 0.09368199683008809 0.0013614741282436612
0.0021209508879201904 0.12414831371081272 0.0017145025269058708
0.002559547922699536 0.16665404992751778 0.002088669576173385
0.0030888435964774815 0.2138444998026775 0.0024394778357359893
0.003727593720314938 0.27174385164396947 0.0027423769865376
0.004498432668969444 0.32913515078143457 0.002919392706489971
0.005428675439323859 0.39329854998407454 0.0030306134527853658
0.006551285568595509 0.4678216704137371 0.0031076234140132485
0.0079060432109077 0.541061929057021 0.0030799579981955895
0.009540954763499945 0.6221120625567154 0.0030484396611011357
0.01151395399326447 0.6884512022925874 0.002911007264771984
0.013894954943731374 0.7478896672087528 0.002789764928102008
0.016768329368110076 0.809720278444412 0.0025673155901186047
0.020235896477251564 0.8512554008663239 0.0023577840916896077
0.02442053094548651 0.8903128259949031 0.002055333913533934
0.029470517025518096 0.9154040268408807 0.0018864082305547424
0.03556480306223128 0.9395984063682681 0.0016319935937774976
0.04291934260128776 0.9554614441708525 0.0013904771249765597
0.0517947467923121 0.9642544056637488 0.001304625661878305
0.0625055192527397 0.9729692217440961 0.0011242581299647806
0.07543120063354615 0.9820811444978707 0.0009056702570562906
0.09102981779915217 0.987287706393379 0.0007615393958180987
0.10985411419875583 0.9886369870436736 0.000755907943020927
0.13257113655901082 0.9935301189824702 0.0005604656085602889
0.15998587196060574 0.9953975958599087 0.0004507903450810064
0.19306977288832497 0.9962857063839181 0.0004155141483421522
0.2329951810515372 0.9970964247736674 0.0003789760294059594
0.2811768697974228 0.9981740868146824 0.0002963048616641147
0.3393221771895326 0.9986106977977989 0.00025609642001563234
0.4094915062380423 0.9988784037968359 0.00022610942074997428
0.49417133613238334 0.9994955816661731 0.00014546592334704092
0.5963623316594643 0.9996237228554974 0.00013333674587465835
0.7196856730011514 0.9996492575408609 0.00012202211381240554
0.868511373751352 0.9996997205422584 0.0001220203114660129
1.0481131341546852 0.9998565381765601 9.203052444253408e-05
1.2648552168552958 0.999737262834372 0.0001412211692393594
1.5264179671752318 0.9999377307881565 4.527295766995113e-05
1.8420699693267144 0.9999667553643363 3.122420054933396e-05
2.2229964825261934 0.9999948207226418 4.1175712959994565e-06
2.6826957952797246 0.9999856332949847 1.2763995881293307e-05
3.2374575428176433 0.9999420174266519 5.1603201160238695e-05
3.906939937054613 0.9999999862356972 9.535246197498372e-09
4.714866363457389 0.9999999992056302 7.374868795174264e-10
5.689866029018293 0.9999999948867944 5.11164595005082e-09
6.866488450042998 0.9999998978029188 1.0166142735981929e-07
8.286427728546842 0.9999944139508556 5.585769793339484e-06
10.0 0.9999950258092375 3.5169305068064466e-06
