0.001 0.14293293074841046 1.5788551228707264e-06
0.0012067926406393288 0.19082821784876916 2.0234011104033245e-06
0.0014563484775012444 0.2506537343745547 2.516995565375298e-06
0.0017575106248547913 0.3231076709110595 2.97065475439532e-06
0.0021209508879201904 0.40759696036685683 3.3521642339776323e-06
0.002559547922699536 0.5018404092508003 3.626072518653381e-06
0.0030888435964774815 0.6014434406329606 3.6947279178651657e-06
0.003727593720314938 0.7001986875626593 3.560105755446702e-06
0.004498432668969444 0.7909081616344366 3.1681037819625113e-06
0.005428675439323859 0.8670067140252122 2.525929270360374e-06
0.006551285568595509 0.9243327049644838 1.758358543662281e-06
0.0079060432109077 0.9623547326666397 1.0648920878108788e-06
0.009540954763499945 0.9840510772179354 5.731153149144285e-07
0.01151395399326447 0.9944234140172693 2.434091994243559e-07
0.013894954943731374 0.9984493867694062 8.194294879527434e-08
0.016768329368110076 0.9996720120029038 2.1003202123679153e-08
0.020235896477251564 0.9999499671053885 3.877223854091162e-09
0.02442053094548651 0.9999948448635836 4.719768175871421e-10
0.029470517025518096 0.9999996684633943 3.795197962003952e-11
0.03556480306223128 0.9999999879238772 1.6669480938013038e-12
0.04291934260128776 0.9999999997781961 3.6480035503658266e-14
0.0517947467923121 0.9999999999982181 3.538816997123278e-16
0.0625055192527397 0.9999999999999947 7.070647768654696e-19
0.07543120063354615 1.0 1.948433500629703e-19
0.09102981779915217 1.0 2.219890868331709e-18
0.10985411419875583 1.0 2.42222067173519e-19
0.13257113655901082 1.0 0.0
0.15998587196060574 1.0 0.0
0.19306977288832497 1.0 0.0
0.2329951810515372 1.0 0.0
0.2811768697974228 1.0 0.0
0.3393221771895326 1.0 0.0
0.4094915062380423 1.0 0.0
0.49417133613238334 1.0 0.0
0.5963623316594643 1.0 0.0
0.7196856730011514 1.0 0.0
0.868511373751352 1.0 0.0
1.0481131341546852 1.0 0.0
1.2648552168552958 1.0 0.0
1.5264179671752318 1.0 0.0
1.8420699693267144 1.0 0.0
2.2229964825261934 1.0 0.0
2.6826957952797246 1.0 0.0
3.2374575428176433 1.0 0.0
3.906939937054613 1.0 0.0
4.714866363457389 1.0 0.0
5.689866029018293 1.0 0.0
6.866488450042998 1.0 0.0
8.286427728546842 1.0 0.0
10.0 1.0 0.0
