0.001 0.23796640113153172 1.4512008079255214e-06
0.0012067926406393288 0.27961308122627465 1.6742745725658808e-06
0.0014563484775012444 0.32684719958327785 1.9067384945051152e-06
0.0017575106248547913 0.3797535337157154 2.1020600626234416e-06
0.0021209508879201904 0.4380814407372045 2.269619969653211e-06
0.002559547922699536 0.5012269422454311 2.41739655957207e-06
0.0030888435964774815 0.5680491295833147 2.5095900553716388e-06
0.003727593720314938 0.6368857263561946 2.565604129798237e-06
0.004498432668969444 0.7055119316224718 2.5412399076070354e-06
0.005428675439323859 0.7712944905817448 2.386311742492e-06
0.006551285568595509 0.831430248094074 2.0906709642620176e-06
0.0079060432109077 0.8833530786457875 1.722149256426301e-06
0.009540954763499945 0.925198140351688 1.3798931140210974e-06
0.01151395399326447 0.9562426176477007 9.692522238313467e-07
0.013894954943731374 0.9770896445543577 6.098573054199561e-07
0.016768329368110076 0.9895072225299795 3.3700114978053763e-07
0.020235896477251564 0.9959106268035445 1.5856858625551061e-07
0.02442053094548651 0.9986885708107215 6.001620126018565e-08
0.029470517025518096 0.9996675348318217 1.9013747725997613e-08
0.03556480306223128 0.9999365543293433 4.374751057107295e-09
0.04291934260128776 0.9999914017333231 7.061423583892852e-10
0.0517947467923121 0.9999992293547626 7.641365079658179e-11
0.0625055192527397 0.9999999580447205 5.073859188120647e-12
0.07543120063354615 0.9999999987491992 1.7730551758119035e-13
0.09102981779915217 0.9999999999819629 3.1141404258429406e-15
0.10985411419875583 0.9999999999998916 2.279049372735834e-17
0.13257113655901082 0.9999999999999998 0.0
0.15998587196060574 1.0 0.0
0.19306977288832497 1.0 0.0
0.2329951810515372 1.0 0.0
0.2811768697974228 1.0 0.0
0.3393221771895326 1.0 0.0
0.4094915062380423 1.0 0.0
0.49417133613238334 1.0 0.0
0.5963623316594643 1.0 0.0
0.7196856730011514 1.0 0.0
0.868511373751352 1.0 0.0
1.0481131341546852 1.0 0.0
1.2648552168552958 1.0 0.0
1.5264179671752318 1.0 0.0
1.8420699693267144 1.0 0.0
2.2229964825261934 1.0 0.0
2.6826957952797246 1.0 0.0
3.2374575428176433 1.0 0.0
3.906939937054613 1.0 0.0
4.714866363457389 1.0 0.0
5.689866029018293 1.0 0.0
6.866488450042998 1.0 0.0
8.286427728546842 1.0 0.0
10.0 1.0 0.0
