0.001 0.013468299873711533 2.488312561994327e-07
0.0012067926406393288 0.02184922646099818 3.823298770806407e-07
0.0014563484775012444 0.03489951707269485 5.926873168777889e-07
0.0017575106248547913 0.05473663274701851 9.068896327876319e-07
0.0021209508879201904 0.08403716801993924 1.2957706049789565e-06
0.002559547922699536 0.12586384910022738 1.813192789125079e-06
0.0030888435964774815 0.1832297308825566 2.4576198107509757e-06
0.003727593720314938 0.2582433533624376 3.1959954448900186e-06
0.004498432668969444 0.35105793042992645 3.7615851172869754e-06
0.005428675439323859 0.458708201373738 4.1441076107733675e-06
0.006551285568595509 0.5746343058028898 4.418481592844074e-06
0.0079060432109077 0.6891718835436261 4.156280295846095e-06
0.009540954763499945 0.7918521500593585 3.391353741409245e-06
0.01151395399326447 0.8743106646879593 2.6330430215433324e-06
0.013894954943731374 0.9327815185280292 1.7616080433212047e-06
0.016768329368110076 0.9688223986733565 9.917803013694715e-07
0.020235896477251564 0.9877681701202758 4.6630177979719494e-07
0.02442053094548651 0.9960657728452971 1.8382656844574616e-07
0.029470517025518096 0.9990013651477065 5.537010786709954e-08
0.03556480306223128 0.9998092807781759 1.2776287020200798e-08
0.04291934260128776 0.9999741438984824 2.10428107279882e-09
0.0517947467923121 0.9999976810184866 2.276683551092896e-10
0.0625055192527397 0.9999998737052079 1.4538466345187745e-11
0.07543120063354615 0.9999999962322936 5.488046754671636e-13
0.09102981779915217 0.9999999999456326 9.272129013869492e-15
0.10985411419875583 0.9999999999996733 6.729779026904438e-17
0.13257113655901082 0.9999999999999997 3.3306690738754695e-18
0.15998587196060574 1.0 0.0
0.19306977288832497 1.0 0.0
0.2329951810515372 1.0 0.0
0.2811768697974228 1.0 0.0
0.3393221771895326 1.0 0.0
0.4094915062380423 1.0 0.0
0.49417133613238334 1.0 0.0
0.5963623316594643 1.0 0.0
0.7196856730011514 1.0 0.0
0.868511373751352 1.0 0.0
1.0481131341546852 1.0 0.0
1.2648552168552958 1.0 0.0
1.5264179671752318 1.0 0.0
1.8420699693267144 1.0 0.0
2.2229964825261934 1.0 0.0
2.6826957952797246 1.0 0.0
3.2374575428176433 1.0 0.0
3.906939937054613 1.0 0.0
4.714866363457389 1.0 0.0
5.689866029018293 1.0 0.0
6.866488450042998 1.0 0.0
8.286427728546842 1.0 0.0
10.0 1.0 0.0
