0.001 8.338329792676726e-06 2.4825762320845376e-06
0.0012067926406393288 8.555987383620848e-06 1.3778967291636227e-07
0.0014563484775012444 1.7377433540182358e-05 4.895670222433759e-06
0.0017575106248547913 1.7960579995838145e-05 2.938359160344739e-07
0.0021209508879201904 2.639444512352624e-05 4.2798766404324654e-07
0.002559547922699536 3.9303249104541824e-05 6.211250840264344e-07
0.0030888435964774815 5.5592222936275125e-05 9.197457582867372e-07
0.003727593720314938 8.200131003976234e-05 1.3461127776682059e-06
0.004498432668969444 0.00011552194811100927 1.8653333397371991e-06
0.005428675439323859 0.00020266950345788483 3.7396454295043816e-05
0.006551285568595509 0.00023799665202281085 3.863120941811499e-06
0.0079060432109077 0.00035653391859717616 5.8009460277898125e-06
0.009540954763499945 0.0005221692443097372 8.39683549330019e-06
0.01151395399326447 0.0007398405724778355 1.1926984302115586e-05
0.013894954943731374 0.0011453350820274679 8.554312318762455e-05
0.016768329368110076 0.001625467886485872 9.348717410693829e-05
0.020235896477251564 0.002224952250302777 3.487304118725377e-05
0.02442053094548651 0.003145997235417572 4.948844606228613e-05
0.029470517025518096 0.004589982785216784 0.00012066396760862562
0.03556480306223128 0.006616577879535247 0.00014138300983538088
0.04291934260128776 0.00913303114686205 0.0001403473838255284
0.0517947467923121 0.01321116823730985 0.0001985644594403437
0.0625055192527397 0.018434359166685822 0.00027438929661800825
0.07543120063354615 0.025686036724067367 0.00037107472545224026
0.09102981779915217 0.034673324104513265 0.0004831474041813226
0.10985411419875583 0.04663359575707882 0.0006469590942402986
0.13257113655901082 0.06324558680229174 0.000852606647059605
0.15998587196060574 0.08223309466491686 0.0010772267643289065
0.19306977288832497 0.10754032011585543 0.001358069061523377
0.2329951810515372 0.1355453340397913 0.001647919126518914
0.2811768697974228 0.17256653368682837 0.0019702399756112493
0.3393221771895326 0.2201581065105034 0.0023475999105146876
0.4094915062380423 0.2647505123319082 0.002682922517898143
0.49417133613238334 0.30827426009937725 0.0029605008969051405
0.5963623316594643 0.365962004968319 0.0032536706475987487
0.7196856730011514 0.41407229398662476 0.0034441949204763135
0.868511373751352 0.4656013497998589 0.0036104312889048105
1.0481131341546852 0.5222925296218778 0.0037139122618102902
1.2648552168552958 0.5718588520641403 0.0037599015031290787
1.5264179671752318 0.6110127522946033 0.0037751846053314764
1.8420699693267144 0.6513814853846136 0.003728548388233937
2.2229964825261934 0.6905143293039057 0.0036628375434578963
2.6826957952797246 0.7234366693705188 0.003587700583148745
3.2374575428176433 0.7536189400498318 0.003466773131283891
3.906939937054613 0.7856375228759235 0.0033516232890908543
4.714866363457389 0.8029413257743584 0.0032557829926875086
5.689866029018293 0.832485671264333 0.003058564091845893
6.866488450042998 0.8493894460985459 0.0029333228210544175
8.286427728546842 0.8678971666490892 0.0027629477417179804
10.0 0.8841894118743913 0.002606865147780428
