0.001 6.802105346560586e-06 1.0794164807476958e-07
0.0012067926406393288 1.5648379946543726e-05 5.620610434690103e-06
0.0014563484775012444 1.5005509123409194e-05 2.3422149621025016e-07
0.0017575106248547913 3.1737659760717634e-05 1.064948446114733e-05
0.0021209508879201904 3.0391812777250726e-05 4.865106025746437e-07
0.002559547922699536 6.416653973238385e-05 1.923621222775855e-05
0.0030888435964774815 9.191914020554418e-05 2.525900964143797e-05
0.003727593720314938 9.518395379329607e-05 1.5246448247514607e-06
0.004498432668969444 0.00014115143258113265 2.225677605818286e-06
0.005428675439323859 0.0001985495326254609 3.1477475219576536e-06
0.006551285568595509 0.00029407143459298337 4.646606826013107e-06
0.0079060432109077 0.0004045466249468392 6.4453767785083625e-06
0.009540954763499945 0.0006069024906695717 9.488503894905151e-06
0.01151395399326447 0.0009571095773745515 8.786994095022215e-05
0.013894954943731374 0.0013815954374241225 9.451129293564958e-05
0.016768329368110076 0.0018094983713508016 2.819514152339833e-05
0.020235896477251564 0.002620383444236985 4.031971246557495e-05
0.02442053094548651 0.0037363245521278786 5.747627305100529e-05
0.029470517025518096 0.005139581569120999 7.802188735046255e-05
0.03556480306223128 0.0075720493703027945 0.00014951363317788433
0.04291934260128776 0.010438225259867144 0.0001569426138697717
0.0517947467923121 0.014710068890484217 0.00021664260123809408
0.0625055192527397 0.02075501787530184 0.0002964611712397196
0.07543120063354615 0.028867235092773398 0.00040882982972756924
0.09102981779915217 0.039423016166352895 0.0005496545295008515
0.10985411419875583 0.05252322090124133 0.0007088542167583567
0.13257113655901082 0.07176390160719243 0.0009429417584842676
0.15998587196060574 0.0937305869769478 0.0011758210793264162
0.19306977288832497 0.12257917365279832 0.0014771455200624716
0.2329951810515372 0.15573489843204996 0.0018027870038211096
0.2811768697974228 0.19679542447345547 0.0021343443885373124
0.3393221771895326 0.23812529752304418 0.002453330103405465
0.4094915062380423 0.28938626289596575 0.0027809334682470004
0.49417133613238334 0.34447927090534697 0.0030898058682348995
0.5963623316594643 0.39267567182395685 0.0033080671580802664
0.7196856730011514 0.4519011116092347 0.00353016881609735
0.868511373751352 0.501199106363054 0.0036500007346794484
1.0481131341546852 0.5478947839792134 0.0037105699199398755
1.2648552168552958 0.5976174319848514 0.0037333708030896206
1.5264179671752318 0.6411286499914337 0.0037036169551218777
1.8420699693267144 0.6834210798293092 0.0036577678345621908
2.2229964825261934 0.7166765123204799 0.0035776257563444147
2.6826957952797246 0.750015817143541 0.0034811574694007617
3.2374575428176433 0.78022117627427 0.0033302269162049534
3.906939937054613 0.8043972676063456 0.0032215632206417577
4.714866363457389 0.826508281450181 0.0030809042563099773
5.689866029018293 0.8513821933364927 0.0029007268488033706
6.866488450042998 0.8696223909015119 0.0027345680845700182
8.286427728546842 0.8873627088243916 0.0025914175310939825
10.0 0.8988389237509611 0.0024580110054546146
