0.001 0.0011658471627717419 1.0618162805040193e-05
0.0012067926406393288 0.0013992403001393925 1.2679873302564134e-05
0.0014563484775012444 0.0017364718341169592 3.058017574985674e-05
0.0017575106248547913 0.00207193389322037 1.8667224365339553e-05
0.0021209508879201904 0.002471829133853352 2.2376356898308752e-05
0.002559547922699536 0.0030150280370633015 2.7150591689190698e-05
0.0030888435964774815 0.003595853976476759 4.789245341682873e-05
0.003727593720314938 0.004293566088577448 3.849685297259387e-05
0.004498432668969444 0.0053259778767866155 8.134254576750992e-05
0.005428675439323859 0.00622546872206145 5.6557913644157096e-05
0.006551285568595509 0.00763770562804462 9.167856538554726e-05
0.0079060432109077 0.009173244788192418 8.262606481691723e-05
0.009540954763499945 0.010905773468497134 9.840681394833964e-05
0.01151395399326447 0.013389730463137772 0.00016407803982749017
0.013894954943731374 0.01617068943242819 0.00014454309853788208
0.016768329368110076 0.019261768033193478 0.0001712341459241142
0.020235896477251564 0.02294977296845049 0.0002046951918658243
0.02442053094548651 0.02773180543436747 0.0002803364682437722
0.029470517025518096 0.03250820069260529 0.0002932527696718317
0.03556480306223128 0.040335983940290386 0.0003686756786348246
0.04291934260128776 0.047632515531405566 0.00042453859533062423
0.0517947467923121 0.05727427565643327 0.0005120739404460668
0.0625055192527397 0.06846108211442505 0.0006004176568464044
0.07543120063354615 0.08145120852903592 0.0007125694829642923
0.09102981779915217 0.09723318507185195 0.0008266267216464886
0.10985411419875583 0.11504060174070041 0.0009761595437056067
0.13257113655901082 0.1352992076284026 0.0011227111972618815
0.15998587196060574 0.1573609062739317 0.0013041590798270235
0.19306977288832497 0.18637165748876988 0.0014899471746100705
0.2329951810515372 0.21499782806481985 0.0016916957676026186
0.2811768697974228 0.25250164613245313 0.001917082520310695
0.3393221771895326 0.2850815598267693 0.0021328746562180247
0.4094915062380423 0.3297751173797288 0.0023684995655060674
0.49417133613238334 0.3720061411146427 0.002560927602180338
0.5963623316594643 0.4119340444826089 0.0027481806431209825
0.7196856730011514 0.4639108170747179 0.00291157499694376
0.868511373751352 0.5039795548950375 0.0030545685654392975
1.0481131341546852 0.5499100660579689 0.0031638713734328957
1.2648552168552958 0.5939635140201536 0.0032133763875203908
1.5264179671752318 0.6374878068811275 0.003218251457562031
1.8420699693267144 0.6760828309446926 0.0032163462723627466
2.2229964825261934 0.7099939461593588 0.0031439658672855076
2.6826957952797246 0.7410252282550553 0.0030994733187700908
3.2374575428176433 0.7742622056728405 0.0029844870051207173
3.906939937054613 0.7966630792125309 0.002931664685036815
4.714866363457389 0.8235580664959343 0.002768488143057934
5.689866029018293 0.8445728036681815 0.0026551251013201514
6.866488450042998 0.8645952740187193 0.0025137731491348186
8.286427728546842 0.8843020925659318 0.002360604476992481
10.0 0.8937971079851997 0.002304366365104135
