0.001 5.135918063815178e-09 1.2019361859259814e-10
0.0012067926406393288 1.87193511303684e-07 1.7771089255370038e-07
0.0014563484775012444 1.57896451038112e-08 3.7256961064581093e-10
0.0017575106248547913 2.871058058961419e-08 6.611417990301476e-10
0.0021209508879201904 8.848672493324752e-07 8.367227084446354e-07
0.002559547922699536 9.099563881070614e-08 2.0464733221794226e-09
0.0030888435964774815 2.378521178784713e-06 2.228669867450439e-06
0.003727593720314938 3.826959272316112e-06 3.5573213438863465e-06
0.004498432668969444 4.770322714071684e-07 1.0917186514075938e-08
0.005428675439323859 8.268027783184993e-07 1.8958845783745793e-08
0.006551285568595509 1.419736228733561e-06 3.23226123046339e-08
0.0079060432109077 2.449710545684066e-06 5.664447878200904e-08
0.009540954763499945 3.0601370321378055e-05 2.617519407658066e-05
0.01151395399326447 7.460500552873157e-06 1.6830867205512327e-07
0.013894954943731374 1.3141998612251457e-05 3.019442369751233e-07
0.016768329368110076 8.103990819399952e-05 5.794750928321472e-05
0.020235896477251564 0.00010954205941974404 6.93743148819698e-05
0.02442053094548651 6.753499121184492e-05 1.5481981087927112e-06
0.029470517025518096 0.0001184309856637058 2.676173549458499e-06
0.03556480306223128 0.0001966220218049937 4.392089681297457e-06
0.04291934260128776 0.00034014117880584515 7.460362503588088e-06
0.0517947467923121 0.0006883865995830521 9.958169628156301e-05
0.0625055192527397 0.0009768898814954405 2.08304626306868e-05
0.07543120063354615 0.0017693416854406739 0.00010583480585550265
0.09102981779915217 0.0027594255721466792 5.6332777824126175e-05
0.10985411419875583 0.004467802691120001 9.189432845247336e-05
0.13257113655901082 0.006688316701108105 0.00013362987923958063
0.15998587196060574 0.011480235401728886 0.0002160965106058841
0.19306977288832497 0.01756877209010713 0.00033534026715945547
0.2329951810515372 0.02627642246760085 0.0004706277496754948
0.2811768697974228 0.0383744469651444 0.0006595649531431691
0.3393221771895326 0.05612573358295178 0.0009158418732124206
0.4094915062380423 0.08121761940260278 0.0012247935853860904
0.49417133613238334 0.11116728404251883 0.0015880349194617748
0.5963623316594643 0.14599894503278224 0.0019450790591388342
0.7196856730011514 0.1872246776429754 0.0023399372303854714
0.868511373751352 0.23711645570903334 0.002735572575200064
1.0481131341546852 0.2965074085921116 0.003096478660254408
1.2648552168552958 0.34277709603652284 0.0033773100528939363
1.5264179671752318 0.3972977576894187 0.003591851209821566
1.8420699693267144 0.45491940874443715 0.0037952140176547274
2.2229964825261934 0.510573021865107 0.0038844245211933732
2.6826957952797246 0.559827301285845 0.003911814119557023
3.2374575428176433 0.6127958864386888 0.0038995184763729717
3.906939937054613 0.6413799956451672 0.0039046491547193468
4.714866363457389 0.6830158099240118 0.00383904684168908
5.689866029018293 0.7186508157151726 0.003755899481990803
6.866488450042998 0.7552213423573886 0.0035774710441593633
8.286427728546842 0.785862342817745 0.003435299694447774
10.0 0.810326438690574 0.003298593143311017
