0.001 5.977251692867537e-09 1.346465499064768e-10
0.0012067926406393288 3.0906106435340976e-07 2.9824268345292725e-07
0.0014563484775012444 1.9403138207563643e-08 4.304132947811952e-10
0.0017575106248547913 8.639353640202511e-07 8.310561138305338e-07
0.0021209508879201904 5.6862444304213067e-08 1.3091756973312075e-09
0.002559547922699536 2.3160475648864163e-06 2.2143694027335272e-06
0.0030888435964774815 3.7189071480084413e-06 3.5353048542002368e-06
0.003727593720314938 3.171622956616822e-07 7.26313648099815e-09
0.004498432668969444 5.695900494967288e-07 1.27010931301011e-08
0.005428675439323859 9.543493739876505e-07 2.1617463223650605e-08
0.006551285568595509 1.7241425681376138e-06 3.868794784871054e-08
0.0079060432109077 2.8035264344922815e-06 6.403750710798397e-08
0.009540954763499945 5.132977280809185e-06 1.1292342184984264e-07
0.01151395399326447 5.508698725019281e-05 4.6188674274023116e-05
0.013894954943731374 7.363957251998551e-05 5.778880663044535e-05
0.016768329368110076 2.687526631264718e-05 6.025783275792157e-07
0.020235896477251564 4.6996465150792025e-05 1.0315755636619143e-06
0.02442053094548651 8.105966406793656e-05 1.780308375542521e-06
0.029470517025518096 0.0001312161613812204 2.865240447439273e-06
0.03556480306223128 0.0003292948202761651 9.705652981773606e-05
0.04291934260128776 0.0003930224439691386 8.531084825900446e-06
0.0517947467923121 0.0006647249771734412 1.4213013089593963e-05
0.0625055192527397 0.00112516364727387 2.3266412163021917e-05
0.07543120063354615 0.001905658821269982 3.901142718230944e-05
0.09102981779915217 0.0031922473911265873 0.00011758952962140915
0.10985411419875583 0.004936337429738651 9.8792067395537e-05
0.13257113655901082 0.008238967697991205 0.00016037589395098635
0.15998587196060574 0.0126486662431405 0.0002369758369341684
0.19306977288832497 0.01985383027350063 0.0003586204142804088
0.2329951810515372 0.030016315510848504 0.0005196656022473251
0.2811768697974228 0.04459470901268617 0.0007314170288977896
0.3393221771895326 0.06291315984879939 0.0009923854881344735
0.4094915062380423 0.08889881001668361 0.00129615925440378
0.49417133613238334 0.12363720786989472 0.0016929323577864871
0.5963623316594643 0.1587561092699021 0.0020365474232914974
0.7196856730011514 0.21022899056632874 0.002486051074516549
0.868511373751352 0.25907060709356666 0.0028530179880217675
1.0481131341546852 0.3098805494732627 0.003172675958220382
1.2648552168552958 0.3678685353342705 0.003442166339969365
1.5264179671752318 0.4224187250901724 0.003634509796630705
1.8420699693267144 0.4822778613841635 0.0037936988839630237
2.2229964825261934 0.5321078068560954 0.003887053758393492
2.6826957952797246 0.5820648473836559 0.0039037717411828
3.2374575428176433 0.6252215028338562 0.003870149340017608
3.906939937054613 0.6674588082698684 0.0038379534656455515
4.714866363457389 0.7025008350785236 0.0037589357048828298
5.689866029018293 0.7417748662694479 0.003622555444106678
6.866488450042998 0.7695933962463096 0.00349596005407899
8.286427728546842 0.8022979398353164 0.003340910282309234
10.0 0.8205036162361794 0.0032297483021633587
