0.001 5.940142424420878e-09 1.328793582847471e-10
0.0012067926406393288 1.0030631158773484e-08 2.259261136657023e-10
0.0014563484775012444 1.7788905455744725e-08 4.0396018843311585e-10
0.0017575106248547913 2.9981473222884125e-08 6.938788112938114e-10
0.0021209508879201904 5.4216755792926256e-08 1.2260876122843353e-09
0.002559547922699536 9.281159337155299e-08 2.139356383043498e-09
0.0030888435964774815 1.6463788357033213e-07 3.788549122925211e-09
0.003727593720314938 2.9363743723781434e-07 6.672968804252586e-09
0.004498432668969444 5.005205089495494e-07 1.1387916883736814e-08
0.005428675439323859 8.646437047002218e-07 1.9465184299413453e-08
0.006551285568595509 1.5436953752035128e-06 3.4718494507967054e-08
0.0079060432109077 2.4666659041695844e-05 2.1935357398215697e-05
0.009540954763499945 4.651273475734631e-06 1.0526873541187462e-07
0.01151395399326447 7.990545712114094e-06 1.827401227922658e-07
0.013894954943731374 1.4903091012008745e-05 3.3288909907035e-07
0.016768329368110076 2.5020519566769427e-05 5.643030640374598e-07
0.020235896477251564 0.00011751846481080186 7.438322541888424e-05
0.02442053094548651 7.682901870200733e-05 1.7192331082645877e-06
0.029470517025518096 0.00013013527002519025 2.8755351385660764e-06
0.03556480306223128 0.00021800606745226242 4.749408640890624e-06
0.04291934260128776 0.0003740540090639537 8.028789756787984e-06
0.0517947467923121 0.0006200426212104453 1.3415525566529605e-05
0.0625055192527397 0.0010291521624787767 2.1798427406867047e-05
0.07543120063354615 0.0017389100340540527 3.631732030210362e-05
0.09102981779915217 0.0029440727311780086 6.0547330998326195e-05
0.10985411419875583 0.004660467100941305 9.40615663698855e-05
0.13257113655901082 0.007304870132289848 0.00014215941469540136
0.15998587196060574 0.011821453413772108 0.0002426192818780288
0.19306977288832497 0.01877273741736451 0.00033698419843593855
0.2329951810515372 0.028135274007760763 0.0004935102594336144
0.2811768697974228 0.04206753149860978 0.0007012424717820359
0.3393221771895326 0.060997268861434965 0.0009660605541276106
0.4094915062380423 0.08501917510640773 0.0012743222590576703
0.49417133613238334 0.11477416144218296 0.001628865098599343
0.5963623316594643 0.15347692724764017 0.0020176046758542234
0.7196856730011514 0.19599444447371553 0.0024215351180647982
0.868511373751352 0.2490607352124371 0.0028002456791911094
1.0481131341546852 0.3002439639841069 0.0031095968907916805
1.2648552168552958 0.3591302954605638 0.0034097506315374764
1.5264179671752318 0.40799182917711846 0.0036401746670209055
1.8420699693267144 0.4704330241973413 0.003775774130903574
2.2229964825261934 0.5135346195267939 0.003886286363239157
2.6826957952797246 0.5733132948246596 0.003887940500530872
3.2374575428176433 0.6056700440549359 0.003922667337485757
3.906939937054613 0.654797138254499 0.0038717412335317236
4.714866363457389 0.6996630927715194 0.0037555871205147678
5.689866029018293 0.729813638793364 0.003684919228419512
6.866488450042998 0.7533548554496418 0.0036175386850318884
8.286427728546842 0.7917187934966116 0.0034057319661512835
10.0 0.8174603483488508 0.0032360308926332976
