0.001 0.09192950513324119 0.0007775931149745487
0.0012067926406393288 0.12284713419747825 0.0010045627236489366
0.0014563484775012444 0.1620484002522598 0.0012779179751258591
0.0017575106248547913 0.20587931953089475 0.001578531144687848
0.0021209508879201904 0.26090510527751287 0.0018902579739300653
0.002559547922699536 0.32078765125931813 0.002212259850886897
0.0030888435964774815 0.3885653256822217 0.00252475808169902
0.003727593720314938 0.46239573845743326 0.0027698797483553432
0.004498432668969444 0.5306641451764799 0.0029654823194405575
0.005428675439323859 0.6020866499355855 0.003022512493058075
0.006551285568595509 0.6662551297651544 0.003082885817667689
0.0079060432109077 0.720661296306073 0.0030423972833536913
0.009540954763499945 0.7730698946446888 0.00291724863147453
0.01151395399326447 0.8089431910095618 0.002826324610522159
0.013894954943731374 0.8453846018804565 0.0026347545139344015
0.016768329368110076 0.87318153661707 0.0024706961872078183
0.020235896477251564 0.8940845376605797 0.0023491143633662115
0.02442053094548651 0.9118444527326417 0.002159762733876855
0.029470517025518096 0.9265617849556879 0.002020533585142126
0.03556480306223128 0.9384140506401877 0.0018929690724725915
0.04291934260128776 0.9502305300789907 0.001708063549392255
0.0517947467923121 0.9604438173972619 0.0015247714912459956
0.0625055192527397 0.9641809148393182 0.0014821270366192863
0.07543120063354615 0.9706042398291731 0.0013571927672768888
0.09102981779915217 0.9746310115871291 0.0012690869568588905
0.10985411419875583 0.9795822893389151 0.0011288669562487396
0.13257113655901082 0.9811844994186462 0.001117597969846492
0.15998587196060574 0.9819554838011431 0.001136090643694915
0.19306977288832497 0.9865620045734224 0.0009638025897113569
0.2329951810515372 0.988096441579111 0.0008976401385071314
0.2811768697974228 0.9904707459222111 0.0008292851215046633
0.3393221771895326 0.9917084934161434 0.000781074823229673
0.4094915062380423 0.9938419179409821 0.0006629000499147276
0.49417133613238334 0.9942519966609581 0.0006481808663481553
0.5963623316594643 0.9938246069223187 0.0006933097886731185
0.7196856730011514 0.9957706987314381 0.0005587019370285507
0.868511373751352 0.9953598028403707 0.0006016079071027135
1.0481131341546852 0.9951282007355164 0.0006283182581112809
1.2648552168552958 0.9959519502623205 0.0005908682141007195
1.5264179671752318 0.9956256991680992 0.0006179852870655084
1.8420699693267144 0.9965335116207514 0.0005600865230732042
2.2229964825261934 0.996938590878483 0.0005301933507288177
2.6826957952797246 0.9977454803152214 0.000458366763543411
3.2374575428176433 0.997459334664372 0.0004994228453879495
3.906939937054613 0.9978838166312544 0.00045777928180278197
4.714866363457389 0.9970944155875444 0.0005377329289063187
5.689866029018293 0.9978991248831557 0.0004577757794852657
6.866488450042998 0.9972998805907569 0.0005189132260759611
8.286427728546842 0.9968999765328319 0.0005559127498667586
10.0 0.996499999041153 0.000590571756291177
