0.001 0.16785914681847514 0.0009238234534753075
0.0012067926406393288 0.19685556782690247 0.0010832314407743157
0.0014563484775012444 0.22847581242143333 0.0012377094262638042
0.0017575106248547913 0.269932257761309 0.0014215755104838106
0.0021209508879201904 0.31123149723616117 0.0015937727571463333
0.002559547922699536 0.35540143521948947 0.0018043626226468801
0.0030888435964774815 0.40620685234088166 0.0019897361950249326
0.003727593720314938 0.46649439358764283 0.002139041341651866
0.004498432668969444 0.5173253342820449 0.002291576021469965
0.005428675439323859 0.5732765058067048 0.0024226397039234498
0.006551285568595509 0.6220348388613078 0.002523143311439179
0.0079060432109077 0.6771399882936139 0.002547749555214572
0.009540954763499945 0.7275866919045914 0.002528754277152676
0.01151395399326447 0.7699412146459618 0.002500457873501323
0.013894954943731374 0.8103233929020971 0.002404551522048061
0.016768329368110076 0.838096656479213 0.0023332957425137336
0.020235896477251564 0.8705894681285892 0.0021883780776483295
0.02442053094548651 0.8914536802304428 0.002061329739886529
0.029470517025518096 0.9107218497431253 0.0019246080425074515
0.03556480306223128 0.9236097415457156 0.001838443989739719
0.04291934260128776 0.9360704631074064 0.0017225925487219182
0.0517947467923121 0.9495734026527723 0.0015518594707856564
0.0625055192527397 0.9589623107121744 0.0014246584857021296
0.07543120063354615 0.9635766074451689 0.0013658514343409854
0.09102981779915217 0.9699791261217008 0.0012694721292236593
0.10985411419875583 0.9756011350493649 0.0011392988810937732
0.13257113655901082 0.9777210321884717 0.0011070507489938227
0.15998587196060574 0.9820268762587404 0.0009727917159638831
0.19306977288832497 0.9850030384984231 0.0009141888018772349
0.2329951810515372 0.98619114714349 0.0008975178746906414
0.2811768697974228 0.9867018129828521 0.0009020455389701454
0.3393221771895326 0.9889667365649865 0.0008358072691109423
0.4094915062380423 0.9921050264156768 0.0007072697636737096
0.49417133613238334 0.9932101789206659 0.0006411061716768651
0.5963623316594643 0.9940909885310253 0.000614422359653439
0.7196856730011514 0.992993411573083 0.0007005090210457845
0.868511373751352 0.9945125994577108 0.0006257488606671499
1.0481131341546852 0.9956573770368402 0.0005563582061199812
1.2648552168552958 0.9950197037305805 0.0006317692131865282
1.5264179671752318 0.9963281888614384 0.0005289352531668986
1.8420699693267144 0.9968427715448208 0.0004979011677034278
2.2229964825261934 0.9964039611550066 0.0005557632376562168
2.6826957952797246 0.9962192912022749 0.0005858926830756678
3.2374575428176433 0.9963464057623853 0.0005837521901131589
3.906939937054613 0.997187597621675 0.0005194047252961731
4.714866363457389 0.9975340932680958 0.000489465683321461
5.689866029018293 0.9972619088836323 0.0005189429549419479
6.866488450042998 0.9974866099382327 0.0004993753520963934
8.286427728546842 0.9978965688724919 0.0004577752848407126
10.0 0.9972988518049495 0.0005189127477354044
