0.001 0.009111697042795507 0.00010767033946251768
0.0012067926406393288 0.014668100048189475 0.00016954537926309167
0.0014563484775012444 0.02337417743909181 0.0002629103150628139
0.0017575106248547913 0.03554771411292893 0.0003916125102985014
0.0021209508879201904 0.05380033386066323 0.0005691661005744895
0.002559547922699536 0.0787914806921321 0.0008065663953782412
0.0030888435964774815 0.11382326774012948 0.0011165835212893303
0.003727593720314938 0.15977550888643283 0.0014641808472578984
0.004498432668969444 0.21392848165397432 0.001850474174963695
0.005428675439323859 0.2790462248818321 0.0022362906196809864
0.006551285568595509 0.3547026447782284 0.0026118871917599944
0.0079060432109077 0.43098202070983804 0.0029308952771373757
0.009540954763499945 0.5116226775423112 0.0031298096334244734
0.01151395399326447 0.5840441694034494 0.003296468110510482
0.013894954943731374 0.6520064501157758 0.00329114046355366
0.016768329368110076 0.7122346021026374 0.003235188835533246
0.020235896477251564 0.7635988902195286 0.0031357269449244097
0.02442053094548651 0.8015913323031281 0.002999303963233514
0.029470517025518096 0.8355525921619519 0.0028236683404247493
0.03556480306223128 0.8664199229736272 0.0026534208305763747
0.04291934260128776 0.8912017146129858 0.0024486967039812927
0.0517947467923121 0.9109379896905851 0.002230000778440614
0.0625055192527397 0.92436323922499 0.0021283196144955547
0.07543120063354615 0.937692994185552 0.0019441184497027248
0.09102981779915217 0.9482243436267248 0.0018174060704032229
0.10985411419875583 0.9565339111043552 0.0016534675679098193
0.13257113655901082 0.9627409596082919 0.0015679705111147058
0.15998587196060574 0.9674590732063887 0.0015073133129717843
0.19306977288832497 0.9742139176118672 0.0013250709837993513
0.2329951810515372 0.9767555154603013 0.0012570896064423903
0.2811768697974228 0.9826338156232991 0.0011082418344016986
0.3393221771895326 0.9853287479978775 0.0010300129615934532
0.4094915062380423 0.9883268154728124 0.0008999073928184601
0.49417133613238334 0.9896570855661659 0.0008638307242748218
0.5963623316594643 0.9895183652534071 0.0008763284341674814
0.7196856730011514 0.992351232677859 0.0007408214194285084
0.868511373751352 0.992345857253756 0.0007598628960098186
1.0481131341546852 0.992256897777668 0.0007694554368605321
1.2648552168552958 0.9941382645499467 0.0006849901860614245
1.5264179671752318 0.9937258827618441 0.0007095474268417304
1.8420699693267144 0.9951510631932743 0.0006233594390017348
2.2229964825261934 0.9956532686125332 0.0005834268877891632
2.6826957952797246 0.9965896042680735 0.0004983217739796517
3.2374575428176433 0.9969597816532311 0.0005099791109969952
3.906939937054613 0.9975420413063523 0.00046256336877127283
4.714866363457389 0.9968666308293006 0.00053911111129642
5.689866029018293 0.9978209298591192 0.0004580216718806577
6.866488450042998 0.997272628973932 0.0005189332903022804
8.286427728546842 0.996883442962315 0.0005559098254970102
10.0 0.9964973730553005 0.0005905704428455249
