0.001 0.0008950643299468663 1.0493752868217929e-05
0.0010473708979594498 0.0009752535327611934 1.154424583863136e-05
0.001096985797892384 0.0010570307332828082 1.2603779147791253e-05
0.0011489510001873086 0.0011404661083067947 1.3530143765778773e-05
0.0012033778407775893 0.0012557805747117658 1.5060762251120625e-05
0.0012603829296797275 0.00134021355114537 1.5796018612323423e-05
0.001320088400831418 0.001494283033610354 1.785687494936987e-05
0.0013826221737646563 0.0016600332106137883 1.973295735283246e-05
0.001448118227674533 0.0018159609648112024 2.1403449380636525e-05
0.0015167168884709225 0.0019834254557408045 2.3720288259762502e-05
0.0015885651294280528 0.0021875300783896065 2.6039831293047842e-05
0.001663816886076129 0.0023454538514687774 2.7739652988504434e-05
0.0017426333860096508 0.002613562471715555 3.058445247109062e-05
0.0018251834943190425 0.0028690389017779322 3.36867115428164e-05
0.0019116440753857017 0.003063914797735708 3.5874244593440014e-05
0.0020022003718155844 0.0034264415953639406 3.9901410158272996e-05
0.002097046401323233 0.0037155518548829506 4.32771697498316e-05
0.002196385372416547 0.004026012569765038 4.670221419856067e-05
0.002300430119772917 0.0044119514686234 5.0560627399900875e-05
0.0024094035602395245 0.004845809397255425 5.644087380978166e-05
0.0025235391704347657 0.0053749002493431435 6.176777696097023e-05
0.0026430814869741054 0.005778217249435112 6.695726620434195e-05
0.0027682866303920667 0.006318685843931887 7.233632581406024e-05
0.002899422853882875 0.0068568911992682915 7.942134431545212e-05
0.0030367711180354575 0.0075530460247817755 8.707263315279066e-05
0.0031806256927941192 0.008146791272455057 9.42793549246917e-05
0.0033312947879346735 0.00897459721109766 0.00010259687705489412
0.0034891012134067737 0.009763410412816885 0.00011119211756942584
0.0036543830709572546 0.010635032872297617 0.00012038937510547065
0.003827494478516311 0.011425362158488096 0.0001305449508503012
0.004008806328898464 0.012676468499375978 0.00014417474646810302
0.00419870708444391 0.013120725912337917 0.0001490544171136755
0.004397603609302721 0.015004485758120913 0.0001673311092749907
0.004605922041145104 0.016056299975058808 0.00017907133889920494
0.004824108704165369 0.017639826613897826 0.00019573743047862088
0.00505263106533568 0.019382168014098103 0.0002155879306660427
0.005291978735958442 0.020578608819152203 0.00022814594566342302
0.005542664520663107 0.022638962458737102 0.00024947283418543296
0.005805225516094896 0.023962028590035465 0.0002692342210620186
0.006080224261649427 0.025963245493688118 0.0002889879139603674
0.006368249944718587 0.029093196178913372 0.0003153574170594616
0.006669919663030122 0.030838183578604923 0.0003355643785290223
0.0069858797467852495 0.03325575380453806 0.0003637882688691584
0.007316807143427192 0.03638453205717016 0.000397890295956729
0.007663410868007463 0.03959803114426118 0.00043074028404976877
0.008026433522257174 0.04289482783901967 0.000465078325293129
0.008406652885618326 0.04566032601529256 0.00048573492736165083
0.008804883581643464 0.04984715949558352 0.0005339561657765423
0.009221978823334321 0.05288250249436546 0.0005570159737318316
0.009658832241158708 0.05730912497732323 0.000608331681769072
0.01011637979766207 0.06346767177734695 0.000661823019008214
0.010595601792776159 0.0659984530086783 0.0006883972908332476
0.011097524964120722 0.07239538808985664 0.000736320656869076
0.011623224686798524 0.07735768003366604 0.0007852640405996657
0.012173827277396614 0.08502395858855916 0.0008493830800020173
0.012750512407130135 0.09027726990614861 0.0009067413410576873
0.013354515629298987 0.09589456481022789 0.0009621420428776861
0.013987131026472387 0.1026291167648498 0.0010161598681114924
0.014649713983072856 0.11112709487976977 0.0010834485303723661
0.015343684089300124 0.11734944784361757 0.0011520779033923625
0.01607052818261639 0.1251695794455847 0.0012039917786641969
0.016831803533309566 0.1346989500850686 0.0012860358947435987
0.01762914118095948 0.14554459018009047 0.0013625339071873241
0.018464249428955436 0.15183610849616025 0.0014212696480086573
0.01933891750455231 0.16306337676661983 0.0015079919493110852
0.020255019392306676 0.17603084182062936 0.0016005926598919673
0.021214517849106298 0.18288632003711094 0.0016576114847712763
0.02221946860939524 0.19487386985426905 0.0017284361290501504
0.023272024789604086 0.20564598159149158 0.0018290197799237327
0.024374441501222206 0.21906924442911122 0.0019075567093631495
0.025529080682395178 0.23492899790847413 0.001996785860813908
0.026738416158399468 0.2443344876041545 0.002081347585546817
0.02800503894183631 0.2555968857381504 0.0021386950389388794
0.02933166278390044 0.270209585448597 0.002234576489219773
0.030721129988617576 0.28446654711080255 0.00233741119805902
0.03217641750250737 0.2983208884250718 0.002398085064216897
0.03370064329271928 0.31434171156714286 0.0024911392900812106
0.0352970730273065 0.33092696358829754 0.002553986014438224
0.036969127071950283 0.3431372452620307 0.0026231401477812754
0.03872038781812555 0.3610250539707722 0.0027136215196681465
0.040554607358408296 0.3763618760516719 0.0027580467659750045
0.04247571552536898 0.38531794505222927 0.0028390940779092146
0.04448782831127585 0.40241589556887947 0.0028805652641355093
0.046595256686646824 0.4233824923019531 0.002933115808327298
0.04880251583654431 0.4386217890879082 0.0029997743305343956
0.051114334834401684 0.46064255061326587 0.0030513250674101596
0.053535666774107246 0.4719928750141643 0.003091105841594158
0.05607169938205458 0.48732998309853176 0.00313237135084808
0.05872786613189483 0.4993144738170804 0.003184487505444189
0.061509857885805014 0.5161898960954009 0.0032150770748209313
0.06442363508721373 0.5341233025799663 0.003280427202024172
0.06747544053110693 0.5517849105898546 0.0032745954249257096
0.07067181273927492 0.5630506289686272 0.0033034931032968396
0.07401959996915644 0.5779293768649324 0.0033301523426921176
0.0775259748862946 0.5956401078638383 0.0033263568682929735
0.08119844993184012 0.6026824249564177 0.0033725619274494116
0.08504489341802678 0.6209812366953512 0.0033392533813084864
0.0890735463861044 0.6380121912615594 0.0033384046398947124
0.09329304026284686 0.6483137363982028 0.003351419011628678
0.09771241535346496 0.6622766838033834 0.003358342449367574
0.10234114021054527 0.6733963424469165 0.003345699748074837
0.10718913192051276 0.6813571937680448 0.00334033568794642
0.11226677735108136 0.7010139699977044 0.003306819667532224
0.1175849554052157 0.7093628447630844 0.0032876210188520767
0.12315506032928261 0.7197009586604126 0.0032953593924871173
0.1289890261253308 0.7330449835240437 0.003261911482871778
0.13509935211980265 0.7406998568265961 0.003225800482958138
0.1414991297434576 0.7558797305011669 0.0031730946093760626
0.14820207057988585 0.7671358712560522 0.003135145908790179
0.1552225357427048 0.7760178612571457 0.003106559274979794
0.1625755666443795 0.7822663266298051 0.003059569067114234
0.17027691722258995 0.7870517040074289 0.0030940290847906136
0.17834308769319093 0.7983160869779375 0.003040671570224821
0.1867913599020783 0.8073146101998931 0.0030131310592771566
0.19563983435170648 0.8177270803786792 0.0029191947708943487
0.20490746898158482 0.8200079158528152 0.002952250681753012
0.21461411978584036 0.8308259507352519 0.002871397625195038
0.22478058335487253 0.8350098795572054 0.002853703458645755
0.2354286414322418 0.8399082687752649 0.0028458298385162085
0.2465811075822604 0.8393719231716384 0.002876782764419259
0.2582618760682677 0.8545216594764915 0.0027506192618828983
0.27049597304631345 0.8610228883064243 0.0027218646179178714
0.2833096101839324 0.8666343668391128 0.00264894173551885
0.29673024081888694 0.8672478736684217 0.0027065962062161474
0.3107866187782014 0.8767424536292953 0.0025622341754175547
0.325508859983506 0.8836122659650543 0.0025162770894398795
0.3409285069746811 0.8863664981058901 0.0025050118016793177
0.35707859649004625 0.8892304837006036 0.002493462758219388
0.3739937302478798 0.8943688757305692 0.0024485438400373236
0.39171014908092605 0.8983707998063041 0.002404099710042209
0.41026581058271944 0.899776081719812 0.002398605296459862
0.4297004704320839 0.9070913237493357 0.0023100464701409635
0.4500557675700497 0.9104083698005601 0.0022863596411085672
0.4713753134116724 0.9127840938130747 0.0022714851494377727
0.4937047852839004 0.9122308195002073 0.002294467546280762
0.517092024289676 0.9181215203202635 0.002228370602207145
0.5415871378079471 0.9240021328383773 0.0021476897114719
0.5672426068491978 0.9202084828483005 0.002199165552600892
0.5941133984965034 0.9306975493595255 0.0020525122276001655
0.6222570836730231 0.9269899640992666 0.00213603120069293
0.6517339604882427 0.9332826516074452 0.0020286331771824677
0.6826071834272386 0.9318112214053003 0.0020698935400574638
0.7149428986597577 0.9420399305519958 0.0018875865171034342
0.7488103857590023 0.9428528017018906 0.0018707634331012945
0.7842822061337682 0.9443302603195972 0.001852345365142921
0.821434358491943 0.9465831626694334 0.0018509153464877658
0.8603464416684501 0.9473753574207483 0.0018278411585108936
0.9011018251665018 0.9481020069832877 0.0018116182161744
0.9437878277775381 0.9491325568031634 0.0018281545164866542
0.9884959046625587 0.9519184572906227 0.001763965970878067
1.0353218432956626 0.9537931209689423 0.0017387136780520182
1.0843659686896108 0.9578470858809262 0.0016494399455717376
1.135733358343105 0.9555947229517333 0.0017154110097140206
1.1895340673703196 0.958955551438392 0.0016418805128540972
1.2458833642950082 0.9592790702121098 0.0016612002576491477
1.3049019780144029 0.9631151590942835 0.001564573415460304
1.3667163564620073 0.9638397301815829 0.0015239259127374
1.4314589375234785 0.9617141244044871 0.0016028956261502365
1.4992684327860455 0.9642487703665029 0.0015443035645233349
1.5702901247293775 0.9663128628866814 0.0015426690337636642
1.6446761779946644 0.968364328248522 0.0014587604687606981
1.7225859653987874 0.9689808065825276 0.001451636625253974
1.8041864093920719 0.9691560417841907 0.001459913918426768
1.8896523396912097 0.9708954092134238 0.0014070770767284965
1.9791668678535574 0.9708715270683006 0.0014179714921073823
2.072921779595372 0.9737594428033932 0.0013377916078811203
2.171117945694505 0.9738776171426867 0.0013689085923331342
2.2739657523579275 0.9749181369957729 0.001300454355274024
2.381685551976158 0.9771075933626419 0.0012393303202419845
2.4945081352303164 0.9732743912540831 0.0013881785565194467
2.612675225563329 0.9786252052921802 0.0012279765367442838
2.736439997074672 0.9783393519848959 0.0012178825542960583
2.8660676169482504 0.9791625694619961 0.0011992324463722984
3.001835813575589 0.9792993071044089 0.0012172263896301932
3.1440354715915 0.9809132531913614 0.0011317348354071802
3.2929712550971515 0.9808696069069467 0.0011737620912757446
3.44896226040576 0.9804373705085061 0.0011671983065972237
3.6123426997094303 0.9826740061481156 0.00109387680789429
3.7834626171319288 0.9835387235136533 0.0010798691711551515
3.9626886387014784 0.9831845228415276 0.0010902813359070485
4.150404757850477 0.9819537061918505 0.0011540030034428556
4.347013158125026 0.9850926807616451 0.0010195950759293007
4.552935074866948 0.9851924503724157 0.001046645558979352
4.768611697714469 0.9849583221627387 0.0010427850535094832
4.99450511585514 0.9842492911906021 0.001063655875917487
5.2310993080562636 0.9843841105260502 0.001070562529000645
5.478901179593945 0.9853143769998249 0.0010408611017638308
5.738441648302393 0.9875895582083258 0.0009568368756762663
6.010276782070382 0.987410632483914 0.0009607162251635545
6.294988990221888 0.9882643677301869 0.0009266627752133586
6.593188271333548 0.9882136736775144 0.0009449918534061491
6.905513520162331 0.987723701295112 0.0009507755581107878
7.2326338964835335 0.9896815964453939 0.0008742238108744986
7.575250258771913 0.9887705463236214 0.0009062924097918166
7.934096665797492 0.9880127318855566 0.0009432757753046905
8.309941949353396 0.9895179183335538 0.0008717808088896999
8.703591361485167 0.9890283040800462 0.0008884394378637803
9.115888299750829 0.9900764272740478 0.0008506632602786958
9.547716114208056 0.9915316616406699 0.0007993063043168006
10.0 0.990389589586322 0.00081459878592499
