0.001 0.014418783685422204 0.00010054238674443756
0.0010473708979594498 0.01504204985344644 0.00010480611071533237
0.001096985797892384 0.015608689636458917 0.00010904127280641213
0.0011489510001873086 0.016323434777379797 0.00011455839792029137
0.0012033778407775893 0.016849376180130795 0.00012018637311028132
0.0012603829296797275 0.017999591355427343 0.00012613723236767427
0.001320088400831418 0.01883424860965921 0.00013276622577643534
0.0013826221737646563 0.019619438153511068 0.00013805846196379652
0.001448118227674533 0.02057972251709638 0.0001438928138318801
0.0015167168884709225 0.02140266863280675 0.000150417534048204
0.0015885651294280528 0.02261447281990104 0.0001576918265696229
0.001663816886076129 0.02347862463675056 0.00016536130117066652
0.0017426333860096508 0.024508985345974746 0.00017254977734152796
0.0018251834943190425 0.026073969865460428 0.00018108175725393857
0.0019116440753857017 0.027120077155157025 0.0001895600855805302
0.0020022003718155844 0.028156327152018115 0.00019543258333070188
0.002097046401323233 0.029887983854287058 0.00020677408181144695
0.002196385372416547 0.03090208985472031 0.00021787842305714389
0.002300430119772917 0.03246054916618037 0.00022621740462599888
0.0024094035602395245 0.033890114226427695 0.00023602484495046435
0.0025235391704347657 0.035369268194973325 0.00024617002234126586
0.0026430814869741054 0.03742086635047347 0.00025893045009422485
0.0027682866303920667 0.0381585190293486 0.0002698960207645505
0.002899422853882875 0.04003822442198911 0.00027818940539351013
0.0030367711180354575 0.04242528941100038 0.000294474474714266
0.0031806256927941192 0.044370251997454216 0.000306205673545366
0.0033312947879346735 0.04607236867137891 0.00031694749454855997
0.0034891012134067737 0.0489163699951425 0.0003338840714025109
0.0036543830709572546 0.05074033331619527 0.00035010959252659797
0.003827494478516311 0.053194050337144576 0.00037057120439179254
0.004008806328898464 0.0561018405487261 0.00037966759059195233
0.00419870708444391 0.05729369145813883 0.0003928453461756441
0.004397603609302721 0.060692126068191556 0.0004188740302869539
0.004605922041145104 0.06376550204989018 0.00043531077921501836
0.004824108704165369 0.06629020585317998 0.00045031359149425574
0.00505263106533568 0.06929258256673047 0.00047650220669581147
0.005291978735958442 0.07298299582951913 0.0004943150702826132
0.005542664520663107 0.07590540973565853 0.0005220282397892946
0.005805225516094896 0.07867093505244453 0.0005412679031251158
0.006080224261649427 0.08287864538378115 0.000558445880471077
0.006368249944718587 0.0855596171422295 0.0005904927763545003
0.006669919663030122 0.08804234822523359 0.0006073297812485099
0.0069858797467852495 0.09488091055610785 0.0006359801649765743
0.007316807143427192 0.09794828834472044 0.0006589776576918247
0.007663410868007463 0.10227319286030961 0.0006876711525723178
0.008026433522257174 0.10509661911131486 0.0007182487792721545
0.008406652885618326 0.10922473499979103 0.0007416626083980469
0.008804883581643464 0.11543521464255764 0.0007749053204592482
0.009221978823334321 0.1205857033254935 0.0008026718152895669
0.009658832241158708 0.12542545379357567 0.0008357625508684126
0.01011637979766207 0.1326389711280765 0.0008719833972080166
0.010595601792776159 0.13532346777083168 0.0009070327631989821
0.011097524964120722 0.1445292707412967 0.0009404770422886306
0.011623224686798524 0.15023756647002443 0.0009766336023821584
0.012173827277396614 0.1548245205673595 0.0010100736487267479
0.012750512407130135 0.1599032940008738 0.0010603475402588796
0.013354515629298987 0.16875960719120497 0.0010924176456905727
0.013987131026472387 0.174189443329351 0.0011199236025429336
0.014649713983072856 0.1826610751647072 0.0011742590696817614
0.015343684089300124 0.1890603549603616 0.0012154058530303533
0.01607052818261639 0.1978557328325897 0.0012510225845400193
0.016831803533309566 0.20484708015206587 0.0013019230111067225
0.01762914118095948 0.21249489943230254 0.0013445275176443413
0.018464249428955436 0.22200616478767496 0.0013858604828549228
0.01933891750455231 0.23057539346982622 0.0014503333803866714
0.020255019392306676 0.23808501372083501 0.0014883744747239901
0.021214517849106298 0.24640701505014354 0.0015348809816965016
0.02221946860939524 0.2572127870889551 0.0015812684951255086
0.023272024789604086 0.2648853889757495 0.0016410579214248674
0.024374441501222206 0.271523903892268 0.0016753457503017155
0.025529080682395178 0.28526047611710437 0.0017334879435671133
0.026738416158399468 0.2975095113269914 0.001773854281825814
0.02800503894183631 0.3047487554917934 0.0018514418555583805
0.02933166278390044 0.31899547071240947 0.0018879021075320695
0.030721129988617576 0.3255036490028381 0.0019134849933128367
0.03217641750250737 0.34049501073968813 0.0019793285982680187
0.03370064329271928 0.34802144761797416 0.002022980464374106
0.0352970730273065 0.36378692483454533 0.0020860845487299393
0.036969127071950283 0.37479761237550957 0.0021073430793332446
0.03872038781812555 0.38597069751868773 0.002189356156331784
0.040554607358408296 0.39314566794274275 0.002232020106320192
0.04247571552536898 0.4073036067208937 0.0022690838546326753
0.04448782831127585 0.42009869493898877 0.002315854273849713
0.046595256686646824 0.4336141006145917 0.002352401937226847
0.04880251583654431 0.4499619202326527 0.00239374953861803
0.051114334834401684 0.4557520888146453 0.002413789474693964
0.053535666774107246 0.4704431397811525 0.00247258538385194
0.05607169938205458 0.4822639903626937 0.0025096004201061077
0.05872786613189483 0.4968550696406233 0.002555734168667898
0.061509857885805014 0.5144468709648026 0.002571076601583426
0.06442363508721373 0.5253742997848538 0.002626318036321401
0.06747544053110693 0.5394965408753408 0.0026415037845801677
0.07067181273927492 0.5493730039716125 0.002707307438220359
0.07401959996915644 0.5636455668737763 0.0027129739399763637
0.0775259748862946 0.5794029298891963 0.0027024279451625206
0.08119844993184012 0.5853562413810555 0.0027352049295442864
0.08504489341802678 0.5945655085399664 0.002794978132860732
0.0890735463861044 0.612955516550042 0.0027574949050866576
0.09329304026284686 0.623598127900829 0.0027846732567655074
0.09771241535346496 0.6338051929493118 0.0028087876698701364
0.10234114021054527 0.6504300368829665 0.002804139005472191
0.10718913192051276 0.6609400730938654 0.002801268576683115
0.11226677735108136 0.6715247245670055 0.0028216554857129726
0.1175849554052157 0.6880022743633456 0.002793026103848416
0.12315506032928261 0.6980591501595421 0.0027723696247376447
0.1289890261253308 0.6975335525037138 0.002841382134563221
0.13509935211980265 0.717171990582944 0.0027693799732103255
0.1414991297434576 0.7245205511643457 0.0027990356528562886
0.14820207057988585 0.7428511521079154 0.0027476520818268515
0.1552225357427048 0.7536677557339899 0.0027099815665221592
0.1625755666443795 0.7508671247374168 0.002806792346726088
0.17027691722258995 0.7604562303778232 0.002749866435952371
0.17834308769319093 0.7772601561844811 0.002692636563111596
0.1867913599020783 0.7760365346424463 0.0027463472436247637
0.19563983435170648 0.7858249897592142 0.002712328292491225
0.20490746898158482 0.8011811225352679 0.0026352094685558707
0.21461411978584036 0.8085402625993298 0.002578554886926763
0.22478058335487253 0.812762642719381 0.002614702265541791
0.2354286414322418 0.8205440213744347 0.0025596432771072715
0.2465811075822604 0.8266229630784735 0.0025567843726972523
0.2582618760682677 0.835010110967209 0.0025068929312427753
0.27049597304631345 0.8400763634299514 0.002504703319031889
0.2833096101839324 0.8497927693857437 0.00244674685389028
0.29673024081888694 0.8494547876275721 0.0024996164623272573
0.3107866187782014 0.8598980125964023 0.0024067866861474567
0.325508859983506 0.8645070140047535 0.002372785756053571
0.3409285069746811 0.8655812714861711 0.0023802640356830975
0.35707859649004625 0.8740704001266356 0.0023119227929890756
0.3739937302478798 0.8837783748257229 0.0022444652819945026
0.39171014908092605 0.8871519370814194 0.0022139654001384736
0.41026581058271944 0.8923327632515357 0.0021878103281911107
0.4297004704320839 0.8961913863486097 0.002137382889470705
0.4500557675700497 0.9023527376190521 0.0021179628280214636
0.4713753134116724 0.9019838939243973 0.002116122682614287
0.4937047852839004 0.9059658314305561 0.0020929334269815768
0.517092024289676 0.9112930775066858 0.0020350468364657014
0.5415871378079471 0.914919401410751 0.0019970382138696095
0.5672426068491978 0.9182486088548772 0.001991658813898047
0.5941133984965034 0.9213576564575687 0.001938872307481017
0.6222570836730231 0.9256598672840142 0.001895189769021154
0.6517339604882427 0.9241433103096182 0.0019698482550002065
0.6826071834272386 0.9268473860827795 0.0019008762860325784
0.7149428986597577 0.9286833890374173 0.0019054747228139947
0.7488103857590023 0.9318538530054553 0.001870930633844032
0.7842822061337682 0.9363698461679931 0.001775039853166021
0.821434358491943 0.9431745296399257 0.00171097991509977
0.8603464416684501 0.9404014221767487 0.0017723159510941722
0.9011018251665018 0.9439789385783278 0.0017245625104947498
0.9437878277775381 0.9445437652894135 0.0017050859276934432
0.9884959046625587 0.9485150667257045 0.0016413370371846218
1.0353218432956626 0.9464436040036986 0.0016782640261952012
1.0843659686896108 0.9558539400473542 0.0015145212173743208
1.135733358343105 0.9528856731714653 0.001575908636738998
1.1895340673703196 0.955578371864893 0.0015211856814665086
1.2458833642950082 0.9523148321028644 0.0016353098223804085
1.3049019780144029 0.9599435569103046 0.0014699960363402018
1.3667163564620073 0.9588295717381188 0.0014999418357224555
1.4314589375234785 0.961439958724774 0.0014669794999092216
1.4992684327860455 0.9613718331561444 0.0014708147916102502
1.5702901247293775 0.9641225436690114 0.0013942186278084684
1.6446761779946644 0.9659788913721513 0.0013668548979402834
1.7225859653987874 0.965614479864637 0.0014121648451522802
1.8041864093920719 0.9671445393668727 0.0013895755892124714
1.8896523396912097 0.9668505405163489 0.0013764119076326844
1.9791668678535574 0.9673449952053954 0.0013823988381063343
2.072921779595372 0.969134160775018 0.0013449206416957522
2.171117945694505 0.9707489283505445 0.0012832464489915662
2.2739657523579275 0.9713724191135563 0.0012919454290457619
2.381685551976158 0.9734825485992061 0.0012445378403883247
2.4945081352303164 0.9751720041201379 0.0011839248924533302
2.612675225563329 0.9740673189178091 0.0012276178246911622
2.736439997074672 0.9768698245626679 0.001152847307030223
2.8660676169482504 0.977574923199659 0.0011568701016821778
3.001835813575589 0.9772561965899704 0.0011670095640681519
3.1440354715915 0.9778394507451088 0.0011551618413243889
3.2929712550971515 0.9779878624866044 0.0011507417120463779
3.44896226040576 0.9792398899089799 0.0011229877650156526
3.6123426997094303 0.9793407952761383 0.0011136249621123357
3.7834626171319288 0.9801980644705766 0.0011073776944283914
3.9626886387014784 0.982423852764962 0.0010439773060241903
4.150404757850477 0.9827304862275367 0.0010166225997333622
4.347013158125026 0.9816634419456628 0.001062089532079474
4.552935074866948 0.980543679721075 0.0011240196442434333
4.768611697714469 0.9839710075291342 0.0009914532236589382
4.99450511585514 0.984525198906012 0.0009959758695027008
5.2310993080562636 0.9843933818431602 0.0009898801637442875
5.478901179593945 0.9848156874027615 0.0009931727607332328
5.738441648302393 0.985536845424963 0.0009703075758287049
6.010276782070382 0.9879726377703119 0.0008669213832571544
6.294988990221888 0.9871612500061214 0.0009112125649173938
6.593188271333548 0.9871836396842156 0.0008964802598569232
6.905513520162331 0.9870819962415429 0.0009053511031602816
7.2326338964835335 0.987614606521781 0.0008961445108856209
7.575250258771913 0.9894293935251764 0.0008442101941364161
7.934096665797492 0.9897407650615081 0.0008190235969778374
8.309941949353396 0.9878772541975448 0.0009073983022257623
8.703591361485167 0.989277973730694 0.0008529874176134427
9.115888299750829 0.9880402904898483 0.0009018755847485178
9.547716114208056 0.989234395664775 0.000866485794890812
10.0 0.9904345026497682 0.0008157296128054793
