0.001 0.014269910314217876 9.994158536119804e-05
0.0010473708979594498 0.014881374334464468 0.00010465825074890393
0.001096985797892384 0.01546072000942815 0.00010954840538692274
0.0011489510001873086 0.016109554028165496 0.00011319312365777601
0.0012033778407775893 0.016829855722590933 0.00012003250845762955
0.0012603829296797275 0.017466165408082494 0.0001229687184191442
0.001320088400831418 0.018444248102150486 0.00013008899736131695
0.0013826221737646563 0.019438893088768748 0.00013738469526714336
0.001448118227674533 0.020338230532557112 0.00014381507707694855
0.0015167168884709225 0.021195711582600824 0.0001514429857164876
0.0015885651294280528 0.02231402729233778 0.00015858053627655774
0.001663816886076129 0.023151914202889833 0.0001637694786804648
0.0017426333860096508 0.024508881203824957 0.00017227364379075792
0.0018251834943190425 0.025738039315587907 0.0001800629436069078
0.0019116440753857017 0.0265971491350632 0.00018638245219077966
0.0020022003718155844 0.028105101182254795 0.0001979678719435947
0.002097046401323233 0.029338999393741027 0.0002055718245990242
0.002196385372416547 0.030620106614162625 0.00021330885802410348
0.002300430119772917 0.03211259691543273 0.0002230073911545075
0.0024094035602395245 0.033562956415501055 0.00023584996163453825
0.0025235391704347657 0.03556128452471677 0.0002460656524061773
0.0026430814869741054 0.03682409138130744 0.0002565458006634963
0.0027682866303920667 0.038677371383519836 0.0002665919854837018
0.002899422853882875 0.04008363264428402 0.000281730495899309
0.0030367711180354575 0.04217004614592563 0.0002953424647948697
0.0031806256927941192 0.04383472768195512 0.00030721160377701113
0.0033312947879346735 0.046118810336356036 0.00032209303481110405
0.0034891012134067737 0.0483268624638587 0.0003339703204427077
0.0036543830709572546 0.0504857900471717 0.00034925847407758987
0.003827494478516311 0.05221422833231786 0.0003651824062167404
0.004008806328898464 0.055241378502896954 0.0003832275569726961
0.00419870708444391 0.05634407519747473 0.0003885342889153903
0.004397603609302721 0.06067845520339688 0.00041215924701808437
0.004605922041145104 0.06275917564619453 0.00042839415581324216
0.004824108704165369 0.06593361483718403 0.00044949854161498203
0.00505263106533568 0.06916739632275862 0.00047363228696671285
0.005291978735958442 0.07132320934785875 0.0004893354943143403
0.005542664520663107 0.07511133492311962 0.0005123968192809001
0.005805225516094896 0.076922321566672 0.0005355876775157138
0.006080224261649427 0.08048070368969698 0.0005548970277793074
0.006368249944718587 0.08602468065515587 0.0005797915689320538
0.006669919663030122 0.0886749858115865 0.0005988964427186246
0.0069858797467852495 0.0920590378313421 0.000627452695476282
0.007316807143427192 0.09638569887763654 0.0006612060866815841
0.007663410868007463 0.10081271410881554 0.0006921450515241407
0.008026433522257174 0.10521361688898237 0.0007226491013806873
0.008406652885618326 0.10944139915465528 0.0007364197928917135
0.008804883581643464 0.11449442139118524 0.0007769150223833295
0.009221978823334321 0.11858674353994852 0.0007951181298796399
0.009658832241158708 0.12359467851435797 0.0008362383211893984
0.01011637979766207 0.13103484324032744 0.0008770970721618411
0.010595601792776159 0.13388857363462095 0.0008961907402483542
0.011097524964120722 0.14183087398611807 0.0009252087429701837
0.011623224686798524 0.14662916708809287 0.0009676733317516665
0.012173827277396614 0.15491031587888163 0.001012004904892852
0.012750512407130135 0.15974174679984873 0.001055224862149989
0.013354515629298987 0.16549566016120165 0.0010884890201537103
0.013987131026472387 0.17238128001422268 0.001122402718421067
0.014649713983072856 0.1805156887999581 0.0011689679245654092
0.015343684089300124 0.18578088993371475 0.001216062170181898
0.01607052818261639 0.19374939892295373 0.0012424492421623486
0.016831803533309566 0.2019004289835055 0.0012997552289534938
0.01762914118095948 0.2121282699777144 0.001340764862339893
0.018464249428955436 0.21733067752947027 0.0013783806412332447
0.01933891750455231 0.22696800379671955 0.0014309460372018727
0.020255019392306676 0.2378743548983166 0.001488566545224418
0.021214517849106298 0.24331420091802014 0.0015254213231698439
0.02221946860939524 0.2537551887483503 0.0015621774003998835
0.023272024789604086 0.26181977242905835 0.001627559703292547
0.024374441501222206 0.2727078136043431 0.0016759275144043286
0.025529080682395178 0.28572520811705426 0.0017252545155859924
0.026738416158399468 0.2928091208487009 0.0017778514015253722
0.02800503894183631 0.30186151155152857 0.001810759490160984
0.02933166278390044 0.3127807731391781 0.0018752408109405708
0.030721129988617576 0.3236226785814903 0.0019401429087980522
0.03217641750250737 0.33459735553390046 0.001976208527717154
0.03370064329271928 0.346919951923583 0.0020341279619752934
0.0352970730273065 0.35969387513895623 0.0020748115542645416
0.036969127071950283 0.36918442987906513 0.002118459318538327
0.03872038781812555 0.38309480692055176 0.002176598235617168
0.040554607358408296 0.3948508091193895 0.002206711742815908
0.04247571552536898 0.4012684374317826 0.0022714566032190943
0.04448782831127585 0.41500323792329363 0.0022970947964867823
0.046595256686646824 0.43149616869546426 0.0023326695893889403
0.04880251583654431 0.44307418692581996 0.0023887166912754426
0.051114334834401684 0.46038195865455456 0.002428002362576784
0.053535666774107246 0.46980035750485133 0.0024575027855321015
0.05607169938205458 0.48210358296797984 0.002496314540975637
0.05872786613189483 0.4919568324088614 0.002543512930291784
0.061509857885805014 0.5053827448908618 0.002577306382812997
0.06442363508721373 0.520366424421056 0.0026413000445283576
0.06747544053110693 0.5350620703979769 0.002641047969364562
0.07067181273927492 0.5450332009626628 0.002676154376525042
0.07401959996915644 0.5578923522826015 0.0027076935715406713
0.0775259748862946 0.5728512924582606 0.002724283007590864
0.08119844993184012 0.5795371022223665 0.0027711532217949923
0.08504489341802678 0.5958270738522762 0.00275309687859966
0.0890735463861044 0.6107134753895541 0.002773467888728342
0.09329304026284686 0.6202573601944507 0.0027976942388960218
0.09771241535346496 0.633180789399241 0.002822138579397068
0.10234114021054527 0.6439472512818012 0.0028244938198235233
0.10718913192051276 0.6526162097853303 0.0028319578394757
0.11226677735108136 0.6696778584658541 0.002820055919403059
0.1175849554052157 0.679044128055115 0.0028221866896259774
0.12315506032928261 0.6896050246639374 0.002844327023330549
0.1289890261253308 0.7024342729482979 0.002826328951935031
0.13509935211980265 0.7105604763173763 0.002807276558373912
0.1414991297434576 0.7243381739433309 0.002777129420354803
0.14820207057988585 0.7362423120418516 0.0027613930343225023
0.1552225357427048 0.7458361785888211 0.002752156336100128
0.1625755666443795 0.7524095836795712 0.002720077904574995
0.17027691722258995 0.759726377257332 0.0027623026820250054
0.17834308769319093 0.7707631618581443 0.0027267076189277867
0.1867913599020783 0.7800991439297025 0.0027126190919369826
0.19563983435170648 0.7902266849910183 0.002638917764148725
0.20490746898158482 0.7945534407435352 0.002679549661017446
0.21461411978584036 0.805603221514582 0.0026216592488682517
0.22478058335487253 0.8104417131698969 0.002606792332221108
0.2354286414322418 0.8167963521781821 0.0026086777890204464
0.2465811075822604 0.8174990392635384 0.0026433408689237547
0.2582618760682677 0.8324227519461892 0.0025405682736070485
0.27049597304631345 0.8398515195227843 0.0025205377786889065
0.2833096101839324 0.8457578361700696 0.002459871389767795
0.29673024081888694 0.8484392817891003 0.0025114382323286532
0.3107866187782014 0.8566980698504502 0.002392510742541345
0.325508859983506 0.8642097657769922 0.0023610251242224736
0.3409285069746811 0.8684486665529486 0.002350663793321559
0.35707859649004625 0.8722740739749283 0.002345286022092112
0.3739937302478798 0.878573242603689 0.002299818953977788
0.39171014908092605 0.8827722660905647 0.0022655615566575292
0.41026581058271944 0.8845216862567195 0.002260011210752756
0.4297004704320839 0.8926257571632241 0.0021899421002509133
0.4500557675700497 0.8971057266796663 0.002158486416892301
0.4713753134116724 0.9004828848435205 0.0021480591961260008
0.4937047852839004 0.899778101299419 0.002178696264461173
0.517092024289676 0.9060120484037166 0.0021132827430550842
0.5415871378079471 0.9129088084435906 0.002041676479003661
0.5672426068491978 0.9092867301459664 0.0020921522626675708
0.5941133984965034 0.9195878141667707 0.001962077039953137
0.6222570836730231 0.917051608419697 0.0020377090215974564
0.6517339604882427 0.9236158559011443 0.001940768531638886
0.6826071834272386 0.922829642002278 0.0019790585619575514
0.7149428986597577 0.9329002448132896 0.0018100180530034105
0.7488103857590023 0.933910752739938 0.0017966769107241522
0.7842822061337682 0.9357219405235719 0.001777215064577801
0.821434358491943 0.9390431938430517 0.0017753448037066877
0.8603464416684501 0.939949652420727 0.0017578068528167352
0.9011018251665018 0.9409394111281479 0.001735594919402335
0.9437878277775381 0.942498507954517 0.0017556910598997915
0.9884959046625587 0.945782490033003 0.0016930184387959056
1.0353218432956626 0.9475923228082481 0.0016749766143215985
1.0843659686896108 0.951727014087405 0.001588103501783841
1.135733358343105 0.9501246258599644 0.0016476556255715677
1.1895340673703196 0.9537712183445533 0.001578187863208391
1.2458833642950082 0.9546504779639621 0.0015944436049252192
1.3049019780144029 0.958189224297598 0.0015089191310973347
1.3667163564620073 0.9592594684890985 0.0014696229045023737
1.4314589375234785 0.9576165892437187 0.0015409482156706516
1.4992684327860455 0.9597893510221682 0.0014921770650732278
1.5702901247293775 0.9626602914843015 0.0014906783608500305
1.6446761779946644 0.9649401657481045 0.0014019311072747996
1.7225859653987874 0.9652347477046443 0.001402285123477657
1.8041864093920719 0.9659152147177872 0.001406924401763533
1.8896523396912097 0.9675076182936596 0.0013566803181861025
1.9791668678535574 0.967439814196716 0.0013726948535698683
2.072921779595372 0.9706521734914891 0.001295555766237137
2.171117945694505 0.971223772000511 0.0013134417738029428
2.2739657523579275 0.9721018753554442 0.0012550485829887165
2.381685551976158 0.9741250317138013 0.0012054249936955925
2.4945081352303164 0.9709553979580947 0.0013340710530105235
2.612675225563329 0.9761830432007675 0.0011856260224719435
2.736439997074672 0.9758648928158584 0.0011864059456690211
2.8660676169482504 0.9766991546104491 0.0011656078619376544
3.001835813575589 0.9773385911767185 0.001173450671558724
3.1440354715915 0.9786135173719831 0.001105965793321475
3.2929712550971515 0.9790067088494532 0.0011390437442836735
3.44896226040576 0.9783768646064668 0.0011361542111465591
3.6123426997094303 0.9806020730225712 0.0010712289606857597
3.7834626171319288 0.9818169996729686 0.0010554298881575933
3.9626886387014784 0.9816549869381334 0.001057413342806924
4.150404757850477 0.9803627466376438 0.001125006033300994
4.347013158125026 0.9834794485476738 0.0009983194231082152
4.552935074866948 0.9834921054617811 0.0010326852577347038
4.768611697714469 0.983495841653147 0.0010169838264856195
4.99450511585514 0.9829308898657708 0.0010413711998815
5.2310993080562636 0.9829799373367608 0.0010458819023327721
5.478901179593945 0.98381104132366 0.001023657333486647
5.738441648302393 0.9862696578251063 0.0009361773897882
6.010276782070382 0.9860246350407127 0.0009501795842206757
6.294988990221888 0.9872827294044273 0.0009069985786946227
6.593188271333548 0.9872324084799391 0.00092579893114937
6.905513520162331 0.9863529907338038 0.0009382710670855066
7.2326338964835335 0.9884365890443719 0.0008653241546408153
7.575250258771913 0.9874059127985807 0.0009048025574679694
7.934096665797492 0.986982673002157 0.0009292773844984364
8.309941949353396 0.9882360729087996 0.0008695575819450893
8.703591361485167 0.9878151576378609 0.0008875369842200176
9.115888299750829 0.9887263880884845 0.0008547893729288184
9.547716114208056 0.9904720277684305 0.0008011695397813537
10.0 0.9893977718539165 0.0008128336457807135
