0.001 7.936309059653285e-06 1.3022446139683511e-07
0.0010473708979594498 9.038829679652532e-06 1.4908746837470193e-07
0.001096985797892384 1.0102961446174715e-05 1.6534478864276e-07
0.0011489510001873086 1.1626909361214747e-05 1.900776887683197e-07
0.0012033778407775893 1.311395099637144e-05 2.1873655382366688e-07
0.0012603829296797275 1.557377490933447e-05 2.5545686997504997e-07
0.001320088400831418 1.798570205650285e-05 2.9478366367592525e-07
0.0013826221737646563 2.024840449613613e-05 3.327756959637131e-07
0.001448118227674533 2.3228858756093578e-05 3.81811392740711e-07
0.0015167168884709225 2.6325306933112823e-05 4.3478736460511484e-07
0.0015885651294280528 3.058545239807051e-05 4.944291721520725e-07
0.001663816886076129 3.475350637380724e-05 5.689014082957747e-07
0.0017426333860096508 3.955530351519237e-05 6.461423337536126e-07
0.0018251834943190425 4.659812050545178e-05 7.52345662403574e-07
0.0019116440753857017 5.314908109119431e-05 8.714748588406701e-07
0.0020022003718155844 5.884952351116811e-05 9.683360334882921e-07
0.002097046401323233 6.992991776069597e-05 1.1370009323541638e-06
0.002196385372416547 7.94745855391888e-05 1.3068369684776393e-06
0.002300430119772917 9.041977054319947e-05 1.4584132864311533e-06
0.0024094035602395245 0.00010302772676939637 1.688215040787198e-06
0.0025235391704347657 0.00011658321887266734 1.8814896140797627e-06
0.0026430814869741054 0.00013703739663206406 2.1946692078050478e-06
0.0027682866303920667 0.00015051696195970664 2.4893655887181462e-06
0.002899422853882875 0.00016879539765428356 2.7341282463722053e-06
0.0030367711180354575 0.00020080455580754562 3.2464947205474824e-06
0.0031806256927941192 0.00022775066576239317 3.6739862043637103e-06
0.0033312947879346735 0.00025382501142079275 4.0514025116017875e-06
0.0034891012134067737 0.00030026126659666425 4.776003031875294e-06
0.0036543830709572546 0.00034040047629116176 5.471371787296446e-06
0.003827494478516311 0.000397460637745697 6.371776265786271e-06
0.004008806328898464 0.0004461247798978348 7.008235331385155e-06
0.00419870708444391 0.0004849503194093383 7.721835088716176e-06
0.004397603609302721 0.0005805753552733012 9.175638965672115e-06
0.004605922041145104 0.0006640252818404807 1.0503262213198709e-05
0.004824108704165369 0.0007419402604989207 1.1767754405011796e-05
0.00505263106533568 0.0008602436091744352 1.3573314425421211e-05
0.005291978735958442 0.0009814484721528485 1.5246468705906079e-05
0.005542664520663107 0.0011277892756274043 1.750591094467364e-05
0.005805225516094896 0.0012584099234546227 1.9768628376719776e-05
0.006080224261649427 0.001427754365955123 2.210021744405966e-05
0.006368249944718587 0.0016215033731537666 2.5253080107308408e-05
0.006669919663030122 0.0017724833385456917 2.8134894590374843e-05
0.0069858797467852495 0.0021215659064966965 3.221767062119361e-05
0.007316807143427192 0.0023532658345364987 3.636007107780369e-05
0.007663410868007463 0.002660868721066923 4.018993209132534e-05
0.008026433522257174 0.0029695482257292268 4.618471448349036e-05
0.008406652885618326 0.0032980974235253084 5.0987077867371484e-05
0.008804883581643464 0.0038253901332103283 5.8118149562071164e-05
0.009221978823334321 0.004298790320492017 6.432367430874613e-05
0.009658832241158708 0.004837987636345001 7.199125854687633e-05
0.01011637979766207 0.005616075343366078 8.209958044060442e-05
0.010595601792776159 0.006138296877565116 9.254531597393867e-05
0.011097524964120722 0.00718218425601866 0.00010541002521878725
0.011623224686798524 0.008036361590210686 0.00011650344935357176
0.012173827277396614 0.008853723275834863 0.0001295011198741447
0.012750512407130135 0.009950715241598879 0.00014637846260089752
0.013354515629298987 0.011312900811248977 0.00016282505145263356
0.013987131026472387 0.012294155763167953 0.00017314694577694534
0.014649713983072856 0.014188728288903534 0.00020143811591699436
0.015343684089300124 0.015729213552468983 0.00022247005288864206
0.01607052818261639 0.017691456127121512 0.00025020949439484536
0.016831803533309566 0.019676708920605607 0.00027258661962436826
0.01762914118095948 0.021827551195716326 0.00030158298217779477
0.018464249428955436 0.0244602043738186 0.00033324058143232015
0.01933891750455231 0.02761621636742566 0.0003746375406832561
0.020255019392306676 0.03008224566769718 0.00040144401503528534
0.021214517849106298 0.03332811906525274 0.00045204154236755715
0.02221946860939524 0.03719013077410179 0.000491607123321641
0.023272024789604086 0.04080994484149429 0.0005325297433915147
0.024374441501222206 0.04383562206346266 0.000573581625933161
0.025529080682395178 0.04978154125589011 0.0006355589285406905
0.026738416158399468 0.055153346311660245 0.0006905600224284257
0.02800503894183631 0.060552358144574145 0.000766860927466418
0.02933166278390044 0.067412086136019 0.0008369248523529266
0.030721129988617576 0.07089566163907114 0.0008697449868112886
0.03217641750250737 0.0799633862250137 0.0009597033321298888
0.03370064329271928 0.08533021844390955 0.0010223798381414995
0.0352970730273065 0.09578738534017422 0.0011162410258429589
0.036969127071950283 0.10258386465054486 0.0011838241897833579
0.03872038781812555 0.11288619302903308 0.0012931661141282575
0.040554607358408296 0.1192369496901089 0.0013593779293566588
0.04247571552536898 0.12978415812589475 0.001448491229427028
0.04448782831127585 0.14061257533137622 0.0015380802957542258
0.046595256686646824 0.15213452569327438 0.001649790218962598
0.04880251583654431 0.16637392747368845 0.001747944423450301
0.051114334834401684 0.17190321798103655 0.001797486232872539
0.053535666774107246 0.18744174829815405 0.0019276355020013372
0.05607169938205458 0.19951615964758326 0.002016035182838021
0.05872786613189483 0.21558182172040716 0.0021360333183201735
0.061509857885805014 0.23273457821233842 0.0022382798929169116
0.06442363508721373 0.24732417209530203 0.0023366517986943432
0.06747544053110693 0.2628888234404247 0.0024315206145315658
0.07067181273927492 0.27834401815339743 0.002552473946883874
0.07401959996915644 0.29428438017629477 0.002620110027587719
0.0775259748862946 0.3114085515831104 0.0026957998545562795
0.08119844993184012 0.32141227672600337 0.002774394672477107
0.08504489341802678 0.3377496832562999 0.002885320051376271
0.0890735463861044 0.35762687675212335 0.0029476045035901183
0.09329304026284686 0.373849643231685 0.003021164907541355
0.09771241535346496 0.3895614575622273 0.0030852537917505046
0.10234114021054527 0.4119939318969676 0.003150611646903537
0.10718913192051276 0.42735389630382126 0.0032159873376858892
0.11226677735108136 0.44457763729835814 0.0032771448815271742
0.1175849554052157 0.46696957514481363 0.0033107142383349154
0.12315506032928261 0.4809462778420843 0.0033377104377485967
0.1289890261253308 0.4873605638537791 0.0034356503798672073
0.13509935211980265 0.5121118278225765 0.0034223825647889095
0.1414991297434576 0.5272569140086436 0.0034682683735701558
0.14820207057988585 0.5540196340630833 0.0034736013848564967
0.1552225357427048 0.5698209908390368 0.0034792295060392503
0.1625755666443795 0.5743141515946129 0.0035580347610930396
0.17027691722258995 0.5860938250594921 0.003529795771560046
0.17834308769319093 0.611772833077049 0.00350702272020894
0.1867913599020783 0.6150224556496776 0.0035683144125830176
0.19563983435170648 0.6309465763076996 0.0035777384394670136
0.20490746898158482 0.6530857041802062 0.003508229687953825
0.21461411978584036 0.6628879403947678 0.003481323441549494
0.22478058335487253 0.6752033439684701 0.003525406051576821
0.2354286414322418 0.6859086797301307 0.00348058762011071
0.2465811075822604 0.6985843417401415 0.0034807604671712317
0.2582618760682677 0.7113663589932983 0.003429479581032342
0.27049597304631345 0.7222272324926932 0.0034344491682990023
0.2833096101839324 0.7379918463840106 0.0033756545221133123
0.29673024081888694 0.7421943262950257 0.003411499753050808
0.3107866187782014 0.7564686842038717 0.003309989860641762
0.325508859983506 0.7638965380676694 0.003290466939590956
0.3409285069746811 0.7674120780918955 0.003310701381112789
0.35707859649004625 0.780455376377501 0.003229359015625538
0.3739937302478798 0.7970133353645581 0.003144150283727433
0.39171014908092605 0.8026047723341955 0.003125867541060104
0.41026581058271944 0.8126268840258029 0.00307790009989334
0.4297004704320839 0.8178313616374898 0.0030422930607601406
0.4500557675700497 0.830759416571357 0.0029731068305517043
0.4713753134116724 0.8299824479062612 0.0029996789587175597
0.4937047852839004 0.8375420660203748 0.0029431704786050546
0.517092024289676 0.8463210192059544 0.002889786839439476
0.5415871378079471 0.8522854947563366 0.0028498448915459953
0.5672426068491978 0.859813290889599 0.0028007848357159515
0.5941133984965034 0.8636741303863932 0.002755400113771368
0.6222570836730231 0.8712553914389951 0.0026977229366727403
0.6517339604882427 0.8726624672706521 0.0027234556280690786
0.6826071834272386 0.8748891122405225 0.002705834928287306
0.7149428986597577 0.8794879615657184 0.002663677980125996
0.7488103857590023 0.8849595096081317 0.00261763671882482
0.7842822061337682 0.890057534676487 0.0025422823162915124
0.821434358491943 0.9032289978641859 0.002426303993599255
0.8603464416684501 0.9000095765985056 0.0024819986580755073
0.9011018251665018 0.9059931879304278 0.0024087136666735005
0.9437878277775381 0.9063074467285133 0.0024114612123237815
0.9884959046625587 0.9126178413805048 0.002337882495661605
1.0353218432956626 0.9096712879150632 0.0023904237610673997
1.0843659686896108 0.9241591972869959 0.002181312745756411
1.135733358343105 0.9199525063882559 0.0022478584307150246
1.1895340673703196 0.923661161878133 0.0021801369263654198
1.2458833642950082 0.9217655517764543 0.0022571142120358365
1.3049019780144029 0.9322645361565396 0.0020928674904915736
1.3667163564620073 0.9309942601042032 0.0021199981278769205
1.4314589375234785 0.9360028506855791 0.0020515625610079925
1.4992684327860455 0.9360638605957287 0.002059916431618826
1.5702901247293775 0.9392208955812572 0.0019910379715280895
1.6446761779946644 0.9426854212799209 0.001940915574236288
1.7225859653987874 0.9439081360161994 0.0019448395842068698
1.8041864093920719 0.9468698937007428 0.001909368047587299
1.8896523396912097 0.9455791574981703 0.0019278717531613096
1.9791668678535574 0.9471666057265283 0.0019086410615631309
2.072921779595372 0.9498707450783 0.001852680782548381
2.171117945694505 0.9512866706123639 0.0018185665664375056
2.2739657523579275 0.9532309885023406 0.0017991982103034102
2.381685551976158 0.9566187974284465 0.0017316115177678643
2.4945081352303164 0.9583766748359686 0.0016788355920993295
2.612675225563329 0.9574084150804585 0.0017156900755027462
2.736439997074672 0.9616934061894559 0.0016344804650750813
2.8660676169482504 0.9636122729725637 0.001594741587530093
3.001835813575589 0.9632671345449835 0.001611553865288208
3.1440354715915 0.9643006637415252 0.0015921191987625025
3.2929712550971515 0.964488162388634 0.0015908384340054013
3.44896226040576 0.9666614669504461 0.0015379347959369439
3.6123426997094303 0.9665775918912026 0.0015380239857074054
3.7834626171319288 0.9685599807746261 0.001500560848755576
3.9626886387014784 0.972019524205947 0.0014176786599453754
4.150404757850477 0.97183312766295 0.0014044210034666576
4.347013158125026 0.9708230895894663 0.001460547991157805
4.552935074866948 0.9700276454685818 0.001483883851606153
4.768611697714469 0.9742863713437173 0.0013644635970847788
4.99450511585514 0.9758373791419425 0.0013291460302345454
5.2310993080562636 0.9753235107984499 0.00134276202771627
5.478901179593945 0.9764889875509152 0.0013158731287864099
5.738441648302393 0.9775416652863088 0.001274037646605933
6.010276782070382 0.9807702925699757 0.0011768847071670537
6.294988990221888 0.9799978797090187 0.0012118658508177855
6.593188271333548 0.9796245947574047 0.0012156573128875754
6.905513520162331 0.9796296901136607 0.0012222741814156247
7.2326338964835335 0.9807628292585179 0.0011977353006164706
7.575250258771913 0.9838738807188918 0.0010859716103564193
7.934096665797492 0.9840444668245673 0.0010825831083126419
8.309941949353396 0.9816245549675994 0.001167353181697152
8.703591361485167 0.9837937067109184 0.0011071225581384648
9.115888299750829 0.9819718891746961 0.0011681752975170637
9.547716114208056 0.984002345136963 0.0010973226174985473
10.0 0.9856933141134147 0.0010316992498690086
