0.001 7.984673167389537e-06 1.3131690785718577e-07
0.0010473708979594498 9.037190153720815e-06 1.4802682710564773e-07
0.001096985797892384 1.0485215366140691e-05 1.737825745761151e-07
0.0011489510001873086 1.1770916668190678e-05 1.9573509683216154e-07
0.0012033778407775893 1.4049947396240537e-05 2.3169213033748893e-07
0.0012603829296797275 1.6412253856367345e-05 2.7073466592035405e-07
0.001320088400831418 1.8280109307195027e-05 3.018765735157067e-07
0.0013826221737646563 2.0726918006050342e-05 3.447306002860556e-07
0.001448118227674533 2.353657976508367e-05 3.8780671734139237e-07
0.0015167168884709225 2.6476453859003028e-05 4.345467000787766e-07
0.0015885651294280528 3.067798810020699e-05 5.011456564525353e-07
0.001663816886076129 3.5090227669551896e-05 5.791704334594543e-07
0.0017426333860096508 4.113717371246677e-05 6.687014417743876e-07
0.0018251834943190425 4.786500892342288e-05 7.65415919988601e-07
0.0019116440753857017 5.384127689951277e-05 8.778310859559219e-07
0.0020022003718155844 5.99648027927227e-05 9.90451341280672e-07
0.002097046401323233 6.868199749161669e-05 1.1363462269382345e-06
0.002196385372416547 8.084387762921259e-05 1.3143552385188897e-06
0.002300430119772917 9.132627168998946e-05 1.4721942592896254e-06
0.0024094035602395245 0.00010382183086468616 1.6691614304339063e-06
0.0025235391704347657 0.00011961643172671608 1.932881625996827e-06
0.0026430814869741054 0.00013443633225198267 2.149022835979775e-06
0.0027682866303920667 0.0001573411792259543 2.5150254384047435e-06
0.002899422853882875 0.00017171257548259455 2.802216899740818e-06
0.0030367711180354575 0.00020892444702830525 3.3415477575643785e-06
0.0031806256927941192 0.00023677606256395666 3.7746585683987646e-06
0.0033312947879346735 0.000267165584309651 4.301480541675106e-06
0.0034891012134067737 0.0002881975440258704 4.661262244818592e-06
0.0036543830709572546 0.0003472672529738361 5.5826525888440034e-06
0.003827494478516311 0.00038933402766217677 6.222366886998157e-06
0.004008806328898464 0.00046088324359223724 7.329989377004197e-06
0.00419870708444391 0.0005125124062114191 7.935324392067007e-06
0.004397603609302721 0.0005759000821749149 9.181319048637038e-06
0.004605922041145104 0.0006633601706138925 1.0430282419311526e-05
0.004824108704165369 0.0007676070016017205 1.1997091773303162e-05
0.00505263106533568 0.0008683969133131282 1.3664722436765963e-05
0.005291978735958442 0.0009945971741389453 1.5585293687258148e-05
0.005542664520663107 0.001115856387989648 1.7348830135627225e-05
0.005805225516094896 0.0012786397395891237 1.9806942899439082e-05
0.006080224261649427 0.0014838971222762127 2.3099849326917783e-05
0.006368249944718587 0.0016654348642909972 2.5961468065365395e-05
0.006669919663030122 0.0018815522509578876 2.8428879108270012e-05
0.0069858797467852495 0.002129635585788278 3.235153783031955e-05
0.007316807143427192 0.002365341998620195 3.67674920378367e-05
0.007663410868007463 0.0026474643037241 4.134654514965934e-05
0.008026433522257174 0.003147463282081088 4.7388902799571253e-05
0.008406652885618326 0.003569466045687013 5.393224453945967e-05
0.008804883581643464 0.0038594569853585255 5.836086016241684e-05
0.009221978823334321 0.004475924214411606 6.713175601330032e-05
0.009658832241158708 0.005020130275746488 7.427032229157592e-05
0.01011637979766207 0.005658611422018377 8.386126046335432e-05
0.010595601792776159 0.0062996872883041765 9.253709234158434e-05
0.011097524964120722 0.007191680990169753 0.00010642179440362809
0.011623224686798524 0.008207149061575826 0.00012034345647571805
0.012173827277396614 0.00893311916098102 0.00013228554774955765
0.012750512407130135 0.010059461781987418 0.00014688621643862694
0.013354515629298987 0.011429194707060032 0.0001639123625230085
0.013987131026472387 0.01281009228737381 0.0001816685248559089
0.014649713983072856 0.014193643798975643 0.00020229284382884932
0.015343684089300124 0.01588996938976544 0.00022404495223628216
0.01607052818261639 0.01768222952195644 0.00024709375499391877
0.016831803533309566 0.019946451154048906 0.0002759480729122687
0.01762914118095948 0.02264614850744322 0.00031298913337469986
0.018464249428955436 0.024567237353258692 0.0003344845432979662
0.01933891750455231 0.027128865419615397 0.00036729599044147754
0.020255019392306676 0.029498173575659318 0.0004011019403897062
0.021214517849106298 0.03397405380195665 0.00045447665074711314
0.02221946860939524 0.0382476817078764 0.0004999579570646273
0.023272024789604086 0.04190725873345625 0.0005449270102230528
0.024374441501222206 0.046744229481600404 0.0005983126545328854
0.025529080682395178 0.049925023466208814 0.0006387213867994485
0.026738416158399468 0.05591005081556957 0.000704397263717878
0.02800503894183631 0.06118807064057405 0.0007568547796816274
0.02933166278390044 0.0671351557810011 0.0008280281526423709
0.030721129988617576 0.0740367465315179 0.0009078195127680391
0.03217641750250737 0.08149909003538917 0.00097834000117951
0.03370064329271928 0.08939668513943687 0.0010492137837433578
0.0352970730273065 0.09533612018872714 0.0011096524316535656
0.036969127071950283 0.10406559823723675 0.0012019974083471551
0.03872038781812555 0.11357592393077388 0.0012870037794613207
0.040554607358408296 0.1228419994815079 0.0013872981821137203
0.04247571552536898 0.13201607400196916 0.0014543811469236627
0.04448782831127585 0.14471803461683394 0.0015562536388992194
0.046595256686646824 0.16025425626496395 0.00168025965838772
0.04880251583654431 0.1701775829029763 0.0017603780584834181
0.051114334834401684 0.17884348117960747 0.0018349664739678495
0.053535666774107246 0.19015789141912906 0.0019295650217149571
0.05607169938205458 0.20714719630559375 0.0020647554815624177
0.05872786613189483 0.2199805083870699 0.0021520377442289713
0.061509857885805014 0.22872706550259528 0.0022245987243297584
0.06442363508721373 0.24925987237545022 0.002338604933076217
0.06747544053110693 0.2649103704717823 0.002465312062781943
0.07067181273927492 0.28187895964580056 0.0025502735054532483
0.07401959996915644 0.2968650457851985 0.00262195160996143
0.0775259748862946 0.3149990553770762 0.0027159759850238006
0.08119844993184012 0.32923482298498374 0.0027860436342834922
0.08504489341802678 0.34633006879233835 0.0028736607281510747
0.0890735463861044 0.36565598679158245 0.002945763329957299
0.09329304026284686 0.3797851619523211 0.0030421325096152176
0.09771241535346496 0.3949788729721806 0.003100309757097043
0.10234114021054527 0.4101741405703282 0.00316651588628875
0.10718913192051276 0.4312641587534354 0.0032271739914283178
0.11226677735108136 0.4474348257783684 0.003296277738450932
0.1175849554052157 0.46591161827586813 0.0033336555279070298
0.12315506032928261 0.4913048146109214 0.0033597244826920423
0.1289890261253308 0.49531194786150806 0.0034065272485901636
0.13509935211980265 0.513859011641153 0.003429146335112097
0.1414991297434576 0.5311570806779862 0.003465192948201487
0.14820207057988585 0.5450902685848369 0.003500803375044068
0.1552225357427048 0.5697221793546446 0.003493459994530065
0.1625755666443795 0.5831384523855937 0.00351394853239212
0.17027691722258995 0.6038349930425244 0.0035061151014131615
0.17834308769319093 0.6144998045706429 0.0035127605068005037
0.1867913599020783 0.6249650474551708 0.003516600545362056
0.19563983435170648 0.6367186480302387 0.003523420101182118
0.20490746898158482 0.653214457234672 0.0035153342512865317
0.21461411978584036 0.6655251419845073 0.0035020050430868803
0.22478058335487253 0.6806225883819775 0.0034777132170915933
0.2354286414322418 0.6965540162425845 0.003449960373113962
0.2465811075822604 0.7090094812767512 0.0034206595520974554
0.2582618760682677 0.7184743458369307 0.003406375105579124
0.27049597304631345 0.7304913571512179 0.0033915209523945585
0.2833096101839324 0.7399131452630036 0.0033591300447776834
0.29673024081888694 0.7510326500269479 0.003304281711956682
0.3107866187782014 0.75165089491971 0.0033641771841137723
0.325508859983506 0.7672806094386625 0.0032968393619100945
0.3409285069746811 0.7756133631670893 0.0032433005599819304
0.35707859649004625 0.7924248396003967 0.0031478039991988073
0.3739937302478798 0.7913361942656622 0.003198462140913342
0.39171014908092605 0.8097604792599005 0.0030888416113334805
0.41026581058271944 0.8135687198296345 0.00307676005562685
0.4297004704320839 0.8206958347326441 0.0030191622558420166
0.4500557675700497 0.8268289696556396 0.0030208889033723407
0.4713753134116724 0.8343105620773451 0.002967725768121288
0.4937047852839004 0.8399994848785518 0.0029420502974412638
0.517092024289676 0.8456613052929283 0.0028906667730840547
0.5415871378079471 0.8502418778181984 0.0028790375508381282
0.5672426068491978 0.8612217130839803 0.0027863088987162892
0.5941133984965034 0.8682398089411967 0.002723474756445035
0.6222570836730231 0.8744129325403716 0.0026765548248865395
0.6517339604882427 0.8775119149825618 0.0026472503649636486
0.6826071834272386 0.8798423795783427 0.0026618368645719113
0.7149428986597577 0.8846263416822294 0.002590332894119635
0.7488103857590023 0.8920984643357825 0.0025066083693073248
0.7842822061337682 0.8949537929222264 0.0025080911598609917
0.821434358491943 0.8995103560351221 0.002476173164758316
0.8603464416684501 0.9014528709337992 0.0024501312673905263
0.9011018251665018 0.9031490635646704 0.002435956702495573
0.9437878277775381 0.9073423559374456 0.002382213008794539
0.9884959046625587 0.91454752398919 0.00230755390717942
1.0353218432956626 0.9183381963839753 0.002261182639649645
1.0843659686896108 0.9199516294047703 0.002261990782370897
1.135733358343105 0.9246151410940221 0.0021916083861946946
1.1895340673703196 0.9302262398026907 0.0020739289230904414
1.2458833642950082 0.9281446396954139 0.00215910017241349
1.3049019780144029 0.9327224520592625 0.0020765458608651734
1.3667163564620073 0.9343111851046663 0.0020816632064287856
1.4314589375234785 0.9368033140599542 0.002061345784478339
1.4992684327860455 0.9401308474824688 0.0019877013212222174
1.5702901247293775 0.9423109820003156 0.001949438464297194
1.6446761779946644 0.9498798370922317 0.001831794604061396
1.7225859653987874 0.9471952854599552 0.0018758640118892262
1.8041864093920719 0.9507753901095611 0.0018201389470194214
1.8896523396912097 0.9488163461433882 0.0018658847820854395
1.9791668678535574 0.9531292059907246 0.001795916145010994
2.072921779595372 0.9539052101009942 0.0017780698686078028
2.171117945694505 0.9543139169811055 0.0017825492309215792
2.2739657523579275 0.957088283591077 0.0017099532864808295
2.381685551976158 0.9552616496848699 0.0017592234812249313
2.4945081352303164 0.9579494381352197 0.0017164387884415907
2.612675225563329 0.9589482788814281 0.0016908581570404088
2.736439997074672 0.9648880760544536 0.0015552403716431148
2.8660676169482504 0.9644409601039757 0.0015912590136509808
3.001835813575589 0.9670795224527319 0.0015219346365398154
3.1440354715915 0.9664536876565426 0.0015326130360078837
3.2929712550971515 0.9676421105329996 0.001507283631658977
3.44896226040576 0.9697602900660418 0.0014713559301684914
3.6123426997094303 0.9727192901791346 0.001377459602054626
3.7834626171319288 0.971607175420372 0.00142896967674676
3.9626886387014784 0.971193019342164 0.0014526798233531982
4.150404757850477 0.9720557828246463 0.0014189512460190904
4.347013158125026 0.9759452623016319 0.0012884494880536313
4.552935074866948 0.9731591838894252 0.0013961904583785912
4.768611697714469 0.9753376434134637 0.0013493679585720373
4.99450511585514 0.9725345307060855 0.0014347406299494948
5.2310993080562636 0.9778925860089217 0.001273877575534801
5.478901179593945 0.9786913266989412 0.0012557783661932464
5.738441648302393 0.9764153613886498 0.0013169877318432175
6.010276782070382 0.9798076454500467 0.0012079026586397088
6.294988990221888 0.9783563968231157 0.001257941752067948
6.593188271333548 0.981543365150488 0.0011652542245439478
6.905513520162331 0.9799339910568357 0.0012291805348027796
7.2326338964835335 0.9807356067474764 0.001201522186326541
7.575250258771913 0.981601806767382 0.0011812467979518684
7.934096665797492 0.9818362112821238 0.0011710975609577567
8.309941949353396 0.9826806940195627 0.0011477523407525678
8.703591361485167 0.98361429253473 0.0011019200491891384
9.115888299750829 0.9822222537694197 0.0011423233915944075
9.547716114208056 0.9845414597014569 0.001092354063754422
10.0 0.9852771422538388 0.0010429716667033648
