0.001 7.738152857943977e-06 1.264239643540519e-07
0.0010473708979594498 8.856428490396747e-06 1.4620565792859704e-07
0.001096985797892384 1.0048225015757088e-05 1.6674824480939246e-07
0.0011489510001873086 1.123379097724596e-05 1.8703269371264567e-07
0.0012033778407775893 1.3092824408420905e-05 2.1888684607011727e-07
0.0012603829296797275 1.431321116576282e-05 2.3575073803645445e-07
0.001320088400831418 1.6991123792436558e-05 2.8620929550819007e-07
0.0013826221737646563 1.990755887266564e-05 3.299947377215741e-07
0.001448118227674533 2.2726595307285884e-05 3.724943571354537e-07
0.0015167168884709225 2.619922520965976e-05 4.3642537325452614e-07
0.0015885651294280528 3.0325479096399433e-05 5.03986561303456e-07
0.001663816886076129 3.3596403361637726e-05 5.565852423459533e-07
0.0017426333860096508 3.941977611120292e-05 6.433712255261167e-07
0.0018251834943190425 4.5490505732923726e-05 7.483961657745684e-07
0.0019116440753857017 5.02313915710595e-05 8.239711561468921e-07
0.0020022003718155844 5.9493445843332015e-05 9.62747972517153e-07
0.002097046401323233 6.728602673200888e-05 1.0989628733834667e-06
0.002196385372416547 7.589014238471625e-05 1.2366584897589712e-06
0.002300430119772917 8.68370343109825e-05 1.3878375920987582e-06
0.0024094035602395245 0.00010118143244071989 1.6475442374420535e-06
0.0025235391704347657 0.00011768189031138467 1.89982121916562e-06
0.0026430814869741054 0.0001321481519418803 2.1534158226072887e-06
0.0027682866303920667 0.00015063496460426934 2.4275655305881513e-06
0.002899422853882875 0.0001721818941037801 2.7897993984948118e-06
0.0030367711180354575 0.00019935374819998983 3.2183261803514355e-06
0.0031806256927941192 0.00022451393262786333 3.6591564130222255e-06
0.0033312947879346735 0.0002592772408197469 4.140065968459612e-06
0.0034891012134067737 0.0002945658710417029 4.722908363138603e-06
0.0036543830709572546 0.0003354282846069399 5.34174947697461e-06
0.003827494478516311 0.0003771802284188167 6.05586143194426e-06
0.004008806328898464 0.000442131005011415 7.0877690859940615e-06
0.00419870708444391 0.00046600266356389337 7.511097038070251e-06
0.004397603609302721 0.00056869818328322 9.007442780790586e-06
0.004605922041145104 0.0006327444951795488 1.0000091403648504e-05
0.004824108704165369 0.0007316831250082249 1.147258985012642e-05
0.00505263106533568 0.00085002221291507 1.338993091543117e-05
0.005291978735958442 0.0009329342678795243 1.4616442175628219e-05
0.005542664520663107 0.0010813452276687756 1.6831786658393762e-05
0.005805225516094896 0.0011973634423921495 1.9137357080371443e-05
0.006080224261649427 0.0013527534243137932 2.134110944055063e-05
0.006368249944718587 0.0015961443843460238 2.460872890131488e-05
0.006669919663030122 0.0017559421102404822 2.7328844090582478e-05
0.0069858797467852495 0.0019898760432864597 3.1028462268499164e-05
0.007316807143427192 0.0023009407295821746 3.585509362131348e-05
0.007663410868007463 0.0026317610020884035 4.042126033704547e-05
0.008026433522257174 0.002990769704677222 4.6205149435261165e-05
0.008406652885618326 0.003270678436186708 4.9781752658927753e-05
0.008804883581643464 0.0037938333268350277 5.806720940333277e-05
0.009221978823334321 0.004136164974880988 6.256340957020686e-05
0.009658832241158708 0.004748322294324585 7.249498172443012e-05
0.01011637979766207 0.005560848435775415 8.347274615707373e-05
0.010595601792776159 0.005937366364134222 8.940817046006633e-05
0.011097524964120722 0.00681646944959785 0.00010084466826294869
0.011623224686798524 0.0076172040993393334 0.00011195647888598466
0.012173827277396614 0.008846138567170602 0.00012716339508756606
0.012750512407130135 0.009839996198418117 0.00014244931115473734
0.013354515629298987 0.010908063098101748 0.00015898700422447776
0.013987131026472387 0.012155218101372874 0.000175839721783979
0.014649713983072856 0.013812613544441516 0.0001957902730277596
0.015343684089300124 0.01527919270124837 0.00021770187319941641
0.01607052818261639 0.016878656441963374 0.00023865619770253974
0.016831803533309566 0.019136654620930258 0.00026752558552360054
0.01762914118095948 0.02169006553684159 0.00030014595865734256
0.018464249428955436 0.023429878726946338 0.00032521747601356584
0.01933891750455231 0.026454122158647772 0.0003618619930801327
0.020255019392306676 0.0300983475605411 0.00040569493358390176
0.021214517849106298 0.03226319373172509 0.00043469368764329966
0.02221946860939524 0.03575658225273383 0.0004722490497061912
0.023272024789604086 0.03973565787318591 0.0005262231876206118
0.024374441501222206 0.044150700689798136 0.000573981939822546
0.025529080682395178 0.049641390029311734 0.0006314159798207203
0.026738416158399468 0.05384986216479241 0.0006910820001974388
0.02800503894183631 0.05806486433330621 0.0007329166717694845
0.02933166278390044 0.06439084682927024 0.0008031734752353168
0.030721129988617576 0.07132650118137708 0.0008878033357354547
0.03217641750250737 0.07735364345821319 0.0009468570038056894
0.03370064329271928 0.08542447226576669 0.0010314604831852025
0.0352970730273065 0.09317868871021442 0.0010958784045517049
0.036969127071950283 0.10019514053120832 0.0011721736812065717
0.03872038781812555 0.11069361783823264 0.0012778867986077435
0.040554607358408296 0.11872345490574325 0.0013357440932698318
0.04247571552536898 0.1262582922969164 0.0014273934871560567
0.04448782831127585 0.13628325100648694 0.001512350969591461
0.046595256686646824 0.1492123804462198 0.0016086180335156762
0.04880251583654431 0.160750719603679 0.0017081034499203118
0.051114334834401684 0.17603397856544975 0.0018135029164514896
0.053535666774107246 0.18566192547391752 0.001897579283872283
0.05607169938205458 0.19844459982887605 0.0019988143378986477
0.05872786613189483 0.21041692092052308 0.0021031111278349223
0.061509857885805014 0.22466025306576157 0.002192260353881469
0.06442363508721373 0.24375716108553125 0.002335577336426473
0.06747544053110693 0.25817168912019717 0.002406407287515699
0.07067181273927492 0.27149350444800807 0.0025072867960670713
0.07401959996915644 0.28787519383109555 0.002605617981312575
0.0775259748862946 0.3057436195564553 0.0026963107201572905
0.08119844993184012 0.31764301948020945 0.0027796245014791417
0.08504489341802678 0.335717370899701 0.002854499638222372
0.0890735463861044 0.35583218984991033 0.002939566216499829
0.09329304026284686 0.3703283169292613 0.003007237797859735
0.09771241535346496 0.389705518614497 0.003088500945921228
0.10234114021054527 0.4049704024999416 0.0031530933783804147
0.10718913192051276 0.4184830570963511 0.003228474109158974
0.11226677735108136 0.4414863970086703 0.003251987144012599
0.1175849554052157 0.45644103505418543 0.0033307980683491695
0.12315506032928261 0.47483509896714465 0.0033861014362494522
0.1289890261253308 0.4934204001247763 0.0034104469742595477
0.13509935211980265 0.5052063824712021 0.003447288518997334
0.1414991297434576 0.5247455373577583 0.003440127749084565
0.14820207057988585 0.5438905497831431 0.003476087044995674
0.1552225357427048 0.5600139447844321 0.003502987880664325
0.1625755666443795 0.5690294662087525 0.0035140528452081016
0.17027691722258995 0.5867051420539486 0.0035719873599609083
0.17834308769319093 0.6034797506141596 0.003554034944772547
0.1867913599020783 0.6195492415089507 0.003543780016491111
0.19563983435170648 0.6322820848075968 0.003515893770756963
0.20490746898158482 0.6446685931575585 0.0035510601988230097
0.21461411978584036 0.6611783086620296 0.003522032287079775
0.22478058335487253 0.6696492098399348 0.0035134541631460375
0.2354286414322418 0.6828582841136739 0.0035153417583292136
0.2465811075822604 0.6875798214492321 0.003538803936261643
0.2582618760682677 0.7089479344911355 0.003453611104783525
0.27049597304631345 0.7228110785208528 0.0034209971950299096
0.2833096101839324 0.7304068015580331 0.003396117251882348
0.29673024081888694 0.7407597154120263 0.003403038774574218
0.3107866187782014 0.7483877623112186 0.0033316708880371504
0.325508859983506 0.7620982404721047 0.003280676574454991
0.3409285069746811 0.7710056846419403 0.0032696346709214113
0.35707859649004625 0.7791833462242357 0.0032502815605900625
0.3739937302478798 0.7899894843795884 0.003209559144222438
0.39171014908092605 0.7967364482699214 0.0031718043601905283
0.41026581058271944 0.8002946394186616 0.0031563278719012188
0.4297004704320839 0.8135631476889315 0.0030884337332672375
0.4500557675700497 0.8218797965405266 0.0030500872615489005
0.4713753134116724 0.8291244665885482 0.003024405475750575
0.4937047852839004 0.8294862988085335 0.003026854199634647
0.517092024289676 0.8392154469003326 0.0029460656935393864
0.5415871378079471 0.8506293150554078 0.0028733858828673686
0.5672426068491978 0.8457558113579409 0.002931465812122453
0.5941133984965034 0.8608600419269351 0.002775662596996699
0.6222570836730231 0.8602643675585916 0.002826182710364258
0.6517339604882427 0.8694567855052788 0.002738605462563064
0.6826071834272386 0.8702663034092911 0.002758141777728304
0.7149428986597577 0.8835768151660194 0.0025932192297757595
0.7488103857590023 0.8852782590969102 0.002582014770144393
0.7842822061337682 0.8885755955924342 0.002554103413543598
0.821434358491943 0.8966893361004471 0.0024958982603972683
0.8603464416684501 0.8979186188955366 0.0024880946182938624
0.9011018251665018 0.8991838054934628 0.0024759142085956616
0.9437878277775381 0.9041256443103349 0.0024385919846618134
0.9884959046625587 0.9087922205457738 0.0023918573139108095
1.0353218432956626 0.9120834547610893 0.0023473998934579058
1.0843659686896108 0.9175840120607998 0.0022618956912971236
1.135733358343105 0.9170293814296038 0.0023030862736378526
1.1895340673703196 0.9224016836681578 0.002231395814451972
1.2458833642950082 0.9255305236484808 0.002209468784345679
1.3049019780144029 0.9297848589557803 0.0021250729268731984
1.3667163564620073 0.9307450989597597 0.002123626185603666
1.4314589375234785 0.9303050568405946 0.00215653499509326
1.4992684327860455 0.933067898223039 0.0020958206450105835
1.5702901247293775 0.940247653390218 0.002014001228941165
1.6446761779946644 0.9419632835298793 0.0019817614734640816
1.7225859653987874 0.9425228274863104 0.0019592422065752655
1.8041864093920719 0.944601826227033 0.0019475894862621419
1.8896523396912097 0.9462675048639958 0.001904306440820358
1.9791668678535574 0.9467382950205722 0.001898622825983143
2.072921779595372 0.9515457126053858 0.001816370662729241
2.171117945694505 0.953851553774567 0.0017878817592243352
2.2739657523579275 0.953641219791401 0.0017845886049749438
2.381685551976158 0.9566213106671905 0.0017135326121430195
2.4945081352303164 0.9541905652261108 0.0018033104624628202
2.612675225563329 0.9611730340804164 0.0016373933115561004
2.736439997074672 0.9604121435720941 0.0016619232204465437
2.8660676169482504 0.9617101985113137 0.0016276050952724003
3.001835813575589 0.9637912263314594 0.001606349901285432
3.1440354715915 0.9644174030190242 0.0015751765015111186
3.2929712550971515 0.96670771027576 0.0015457914679835492
3.44896226040576 0.9649759444141087 0.0015774570226245225
3.6123426997094303 0.9682466076433665 0.001493484633189432
3.7834626171319288 0.9708865532456635 0.0014474470103091205
3.9626886387014784 0.9706493533131882 0.0014624807487187866
4.150404757850477 0.9696743980208868 0.001493208013029382
4.347013158125026 0.9732510232509585 0.0013869459101100159
4.552935074866948 0.9742854396954018 0.00136019221153955
4.768611697714469 0.9739307862921786 0.0013777413630007155
4.99450511585514 0.9733718654223122 0.0014104487731933946
5.2310993080562636 0.9735903148512567 0.0013959342158174173
5.478901179593945 0.974887174091619 0.001356151995034274
5.738441648302393 0.9784433993927749 0.0012494284487560286
6.010276782070382 0.9782041737528456 0.0012615270849412506
6.294988990221888 0.9802982941316007 0.0012179327008777852
6.593188271333548 0.9806914606046543 0.0012069257331145476
6.905513520162331 0.9786817717766693 0.001244052709324471
7.2326338964835335 0.9819013260088848 0.001142399704564575
7.575250258771913 0.9803503968025953 0.0011964901358522551
7.934096665797492 0.9801491761270495 0.0012242575951622
8.309941949353396 0.9814988003553051 0.0011590754708466656
8.703591361485167 0.9809698549240206 0.0011875983705878588
9.115888299750829 0.9822915651978071 0.0011282080646707344
9.547716114208056 0.9854145153393267 0.0010327988785921764
10.0 0.9830776096667782 0.001125404450873121
