0.001 8.149175256531365e-06 1.337392657733595e-07
0.0010473708979594498 9.342836802806245e-06 1.5296689012771493e-07
0.001096985797892384 1.078932271299796e-05 1.7952283485205542e-07
0.0011489510001873086 1.2105482417509469e-05 1.9888081329211305e-07
0.0012033778407775893 1.445491927984541e-05 2.3727602927364414e-07
0.0012603829296797275 1.6066099540320426e-05 2.6472380413256874e-07
0.001320088400831418 1.8610389016893226e-05 3.013018577699252e-07
0.0013826221737646563 2.1303896645791587e-05 3.480023732695571e-07
0.001448118227674533 2.4052343287250215e-05 3.909180575577827e-07
0.0015167168884709225 2.7069580665767007e-05 4.4377608778910554e-07
0.0015885651294280528 3.16521601071985e-05 5.217728613545352e-07
0.001663816886076129 3.7491540841482043e-05 6.179820562206555e-07
0.0017426333860096508 4.355684953591755e-05 7.0086562539442e-07
0.0018251834943190425 4.7796554250122815e-05 7.78185433022876e-07
0.0019116440753857017 5.4007001494508835e-05 8.873622065916122e-07
0.0020022003718155844 6.096212390329967e-05 9.779183870715773e-07
0.002097046401323233 7.191131714356779e-05 1.1666653590782534e-06
0.002196385372416547 8.208746642770324e-05 1.3061208275132506e-06
0.002300430119772917 9.628063432128367e-05 1.5572717245855317e-06
0.0024094035602395245 0.00010614624933253796 1.7273608787283202e-06
0.0025235391704347657 0.0001239862325250235 1.9998598936286244e-06
0.0026430814869741054 0.0001383388897456343 2.2605109984068105e-06
0.0027682866303920667 0.00016560067901473456 2.607615379885984e-06
0.002899422853882875 0.00017976246256668011 2.8974865053386775e-06
0.0030367711180354575 0.00020744249988623653 3.30151382790048e-06
0.0031806256927941192 0.00024431796422455553 3.919411536104575e-06
0.0033312947879346735 0.00028776647699502194 4.563870973653507e-06
0.0034891012134067737 0.00031818929754148036 5.037895286720424e-06
0.0036543830709572546 0.0003502536865021903 5.6511301828290525e-06
0.003827494478516311 0.0004021197143805678 6.457230123425528e-06
0.004008806328898464 0.0004620976016385472 7.215291345830147e-06
0.00419870708444391 0.000516893447767661 8.166886816450536e-06
0.004397603609302721 0.0006125616761068846 9.551418161287175e-06
0.004605922041145104 0.0006793152644796276 1.0781508617296613e-05
0.004824108704165369 0.0007591045983216289 1.2015163411615383e-05
0.00505263106533568 0.0009068238797418866 1.4057755103388362e-05
0.005291978735958442 0.0009944066286064089 1.5410822695260345e-05
0.005542664520663107 0.0011480458614686563 1.7832141676617234e-05
0.005805225516094896 0.0013292516696225016 2.0751737896064623e-05
0.006080224261649427 0.0014751861070899657 2.267744187437618e-05
0.006368249944718587 0.0016705199176450158 2.5677147173840137e-05
0.006669919663030122 0.0018992106555089216 2.9229746272491178e-05
0.0069858797467852495 0.0021615449227426597 3.2795349889921e-05
0.007316807143427192 0.002466284187021104 3.760271396738982e-05
0.007663410868007463 0.002849617498787594 4.258961945746555e-05
0.008026433522257174 0.0032053328350763054 4.785844065731869e-05
0.008406652885618326 0.0036366563674445247 5.444744343424369e-05
0.008804883581643464 0.004035338119897106 6.073705295881657e-05
0.009221978823334321 0.004465516235678977 6.74012247829495e-05
0.009658832241158708 0.005286020262353608 7.734617036788125e-05
0.01011637979766207 0.00581656157876691 8.58865681164743e-05
0.010595601792776159 0.006439805993354113 9.487976302984375e-05
0.011097524964120722 0.007185856789664835 0.00010440721011579224
0.011623224686798524 0.008098964956370865 0.00011955815835762803
0.012173827277396614 0.009392283005646342 0.00013492378076913138
0.012750512407130135 0.010419584501786813 0.00015080599402216957
0.013354515629298987 0.011978821427784326 0.0001702547249118022
0.013987131026472387 0.012967906145979117 0.00018338349704602501
0.014649713983072856 0.014572812171584116 0.00020681008363995768
0.015343684089300124 0.016564966894481812 0.0002331050034293852
0.01607052818261639 0.018081603961907115 0.0002508754062440217
0.016831803533309566 0.020628254302866668 0.00028440559371674715
0.01762914118095948 0.022686320812913646 0.00031063087519859654
0.018464249428955436 0.024775431477098316 0.00034080457120129736
0.01933891750455231 0.027859862199189553 0.00037480355482025245
0.020255019392306676 0.030906921946170722 0.0004156426774650823
0.021214517849106298 0.03453456547140544 0.000455276371362511
0.02221946860939524 0.03873161183529997 0.0005027865825410451
0.023272024789604086 0.041977024135381964 0.0005421223402147533
0.024374441501222206 0.046125625186871556 0.0005938424234011703
0.025529080682395178 0.04970408957164194 0.0006375093221114035
0.026738416158399468 0.05817978827644826 0.0007276681977521804
0.02800503894183631 0.0626013774208391 0.0007650382158153087
0.02933166278390044 0.06854621142276839 0.0008286957877055828
0.030721129988617576 0.07513356304541194 0.0009078367678438332
0.03217641750250737 0.08050443478591889 0.000958948652716106
0.03370064329271928 0.08968691804761997 0.0010529843651370739
0.0352970730273065 0.09595821295020177 0.0011250054101637132
0.036969127071950283 0.10484039660507255 0.0011911351548243023
0.03872038781812555 0.11604107217479367 0.0013103623979322865
0.040554607358408296 0.12455323996651411 0.0013815580089892347
0.04247571552536898 0.13359373613681055 0.0014743017041969116
0.04448782831127585 0.14733014754568527 0.0015647164257432695
0.046595256686646824 0.15975987315554166 0.0016715264286718515
0.04880251583654431 0.1716081475176617 0.001783356911272692
0.051114334834401684 0.1800013852215423 0.0018534568133735552
0.053535666774107246 0.19383027996024535 0.0019504118188547253
0.05607169938205458 0.20675257310802952 0.002057400013019722
0.05872786613189483 0.22276122377000673 0.002160552170968134
0.061509857885805014 0.2375122840143991 0.002273732252110413
0.06442363508721373 0.2548360252278862 0.002375676291459485
0.06747544053110693 0.2661045373726767 0.002439049060140468
0.07067181273927492 0.28505892054746135 0.0025479950551146784
0.07401959996915644 0.3020141824904759 0.002643465183039042
0.0775259748862946 0.3185036883521976 0.0027242001451482805
0.08119844993184012 0.33573556443678365 0.0028128217742801483
0.08504489341802678 0.3512831657436093 0.002882319444226123
0.0890735463861044 0.36685149327380007 0.0029657062716728416
0.09329304026284686 0.3852839367805929 0.0030535934418177485
0.09771241535346496 0.3995502658945328 0.0031341253102356954
0.10234114021054527 0.42027846537882213 0.0031639053413734936
0.10718913192051276 0.43187009667323784 0.003210755503320902
0.11226677735108136 0.45640867518583766 0.0032793836184378793
0.1175849554052157 0.473553982612661 0.003314575958891064
0.12315506032928261 0.4910967237017705 0.003363615352742996
0.1289890261253308 0.5008112548779015 0.0034131764731204998
0.13509935211980265 0.5216716194814238 0.0034207646186141783
0.1414991297434576 0.5373415121945645 0.0034473496635792317
0.14820207057988585 0.560330250613834 0.003476248383239283
0.1552225357427048 0.5725276133541359 0.003482360496373434
0.1625755666443795 0.5918329097813364 0.0034754513836918865
0.17027691722258995 0.6005216952172779 0.0035290052196562467
0.17834308769319093 0.6157619264568148 0.003522978716823571
0.1867913599020783 0.6279282910824224 0.00353226359418499
0.19563983435170648 0.6464911300831289 0.0035264200684673196
0.20490746898158482 0.663176907760086 0.0034818426749514924
0.21461411978584036 0.6700376001653477 0.0035107425564477575
0.22478058335487253 0.6814261662843315 0.0034752079015339978
0.2354286414322418 0.6972850755492717 0.0034528126599496097
0.2465811075822604 0.7091700746075533 0.003413114679850516
0.2582618760682677 0.7200154628634043 0.0034110801524086004
0.27049597304631345 0.7338579229148015 0.003362828434786625
0.2833096101839324 0.742425098056434 0.003336834390789341
0.29673024081888694 0.7495870390098814 0.0033191165382503917
0.3107866187782014 0.765319816315024 0.0032603253417472456
0.325508859983506 0.7781698478711606 0.0032267669702228676
0.3409285069746811 0.7844507259226877 0.003178626215948226
0.35707859649004625 0.7893067059638652 0.0031735971136256174
0.3739937302478798 0.792152072864141 0.0031957443311507574
0.39171014908092605 0.8067815644941742 0.0031054200526590995
0.41026581058271944 0.8154642028168453 0.003057352192155987
0.4297004704320839 0.8236109032123641 0.0030261774587733363
0.4500557675700497 0.8356740530828262 0.002912123247558117
0.4713753134116724 0.8398169030341085 0.0029347635683898187
0.4937047852839004 0.8452668976001391 0.002878598895197767
0.517092024289676 0.8486160190230996 0.002867391869516221
0.5415871378079471 0.8592352558222818 0.002754042568898746
0.5672426068491978 0.8622206149191872 0.00275920416486501
0.5941133984965034 0.86703460529695 0.002745324407806426
0.6222570836730231 0.8751664157106123 0.0026635701129213186
0.6517339604882427 0.8813297139101766 0.0026199397936764266
0.6826071834272386 0.8784669688794841 0.0026684131597854376
0.7149428986597577 0.8894084615129141 0.0025499016026176847
0.7488103857590023 0.894731239900365 0.0025033321028099745
0.7842822061337682 0.8985026471485104 0.0024754543254662735
0.821434358491943 0.900287162860571 0.0024509240248186755
0.8603464416684501 0.9061336227776419 0.0023803416310262445
0.9011018251665018 0.9055988811514925 0.0024062105504075245
0.9437878277775381 0.9140403105420679 0.002305393234062131
0.9884959046625587 0.9157397118006069 0.002303688997277146
1.0353218432956626 0.9161546800994678 0.002297127888625037
1.0843659686896108 0.9226208119083305 0.0022053546107648836
1.135733358343105 0.9252829590388463 0.002189235678997462
1.1895340673703196 0.9285305344944649 0.0021524056584081783
1.2458833642950082 0.9307172772971429 0.00210129209235174
1.3049019780144029 0.9325989234073575 0.0020902944976344305
1.3667163564620073 0.9389667985525101 0.00200093946937892
1.4314589375234785 0.940275381055878 0.0019889644138286217
1.4992684327860455 0.9404846272040952 0.0019694971302722723
1.5702901247293775 0.9438823563469845 0.0019272695992062167
1.6446761779946644 0.9449479859430696 0.0019312155399693206
1.7225859653987874 0.9470469029166827 0.0018784688517335618
1.8041864093920719 0.9531564647475087 0.0017672276526404709
1.8896523396912097 0.9513790125144227 0.001820699236180468
1.9791668678535574 0.9544601951001499 0.0017598143396993018
2.072921779595372 0.9526123809209627 0.0018018793498322764
2.171117945694505 0.9587423573411362 0.0016998425284766377
2.2739657523579275 0.9588410192811841 0.001676995960489042
2.381685551976158 0.9591307944683355 0.001665851434769886
2.4945081352303164 0.9594656714062788 0.0016598062305325976
2.612675225563329 0.9634655367681073 0.0015871532949361495
2.736439997074672 0.9630166584079684 0.0016076530881358405
2.8660676169482504 0.9643798829062659 0.0015983591209701817
3.001835813575589 0.9659064280029215 0.0015491333404156495
3.1440354715915 0.9692746411283193 0.0014865091852967571
3.2929712550971515 0.9690054416980379 0.0014625085204373392
3.44896226040576 0.9703703269473968 0.001453228421232809
3.6123426997094303 0.9690737605338922 0.0014944795597154536
3.7834626171319288 0.9703831060292326 0.0014512532161669873
3.9626886387014784 0.9742871679530339 0.0013339615104095831
4.150404757850477 0.9739134967851216 0.0013601228479357098
4.347013158125026 0.9732291125448315 0.0014059684912166906
4.552935074866948 0.9757793705285207 0.001311475966018245
4.768611697714469 0.9777392197767593 0.0012565872657931377
4.99450511585514 0.9768108067714438 0.0013201878390555802
5.2310993080562636 0.9790949598078054 0.0012295465954611066
5.478901179593945 0.9783042048415386 0.00125670227410515
5.738441648302393 0.978679191912958 0.0012461601477187366
6.010276782070382 0.9809017835251216 0.0011781877357457152
6.294988990221888 0.9802232617525487 0.0011891372777254917
6.593188271333548 0.9808387914937193 0.001181783861954799
6.905513520162331 0.9808747054384832 0.0012014301869422786
7.2326338964835335 0.9805155408003567 0.001208682367077698
7.575250258771913 0.9819702600897657 0.0011497474011169966
7.934096665797492 0.9817771807029191 0.0011678338599032218
8.309941949353396 0.9843866214485788 0.001062739158255995
8.703591361485167 0.9841343368764456 0.0010940778829884776
9.115888299750829 0.9838116871941718 0.001089314135839407
9.547716114208056 0.9854559400531507 0.0010524879345383874
10.0 0.9851907542589091 0.0010666497670619908
