0.001 0.0009055330940690396 1.1492178175425033e-05
0.0012067926406393288 0.0013003741676130168 1.642072301895819e-05
0.0014563484775012444 0.0018330399545141496 2.3739015823546454e-05
0.0017575106248547913 0.002658939309329542 3.367301050141597e-05
0.0021209508879201904 0.0038655608772887227 4.834852398209176e-05
0.002559547922699536 0.0054853954691417225 6.817834217487797e-05
0.0030888435964774815 0.007864508447943173 9.78042930827024e-05
0.003727593720314938 0.01116632024085023 0.00013726100117378436
0.004498432668969444 0.01569851255028222 0.0001888127776307582
0.005428675439323859 0.02139254214574626 0.00025446915107522444
0.006551285568595509 0.029813552557137565 0.0003491642170087878
0.0079060432109077 0.041708653169256434 0.0004788409323891187
0.009540954763499945 0.05697842463235186 0.0006457426869838495
0.01151395399326447 0.07806535811327069 0.0008504768896608806
0.013894954943731374 0.10285747652926813 0.0010835279385884586
0.016768329368110076 0.13218423651163183 0.0013461830713110386
0.020235896477251564 0.17360834197133418 0.0016937239581952016
0.02442053094548651 0.21485393451679005 0.0020130241183104565
0.029470517025518096 0.26850676800396317 0.0023617819155818207
0.03556480306223128 0.31980634464985686 0.0026567371251274845
0.04291934260128776 0.37780474495857896 0.002966358522264162
0.0517947467923121 0.43941693086217876 0.0032014407325474527
0.0625055192527397 0.5031908700031764 0.0033533326077861427
0.07543120063354615 0.5636947301587321 0.003460121593373922
0.09102981779915217 0.62311311799174 0.003460274282186291
0.10985411419875583 0.669966678988073 0.0034715200019641845
0.13257113655901082 0.7094216703575935 0.003418207311376034
0.15998587196060574 0.7467384301430888 0.0033502325219636224
0.19306977288832497 0.7813074103393876 0.0032461413471739312
0.2329951810515372 0.8132680119409724 0.0030618751599093695
0.2811768697974228 0.8349735110195062 0.0029623084031729645
0.3393221771895326 0.8636655860082934 0.002771843197658011
0.4094915062380423 0.8785583269391652 0.002663054506362643
0.49417133613238334 0.8924168050157103 0.002538878285016842
0.5963623316594643 0.9128967506585345 0.002326064494970166
0.7196856730011514 0.9236845255755783 0.002164327171323215
0.868511373751352 0.9307417970540016 0.002119094905621687
1.0481131341546852 0.940887876269384 0.0019529821151589833
1.2648552168552958 0.9492564779031971 0.0018131669875455273
1.5264179671752318 0.9536151134670139 0.0017579820261595174
1.8420699693267144 0.9601203110347726 0.0016702020664568376
2.2229964825261934 0.9666422961403652 0.0015289314595246192
2.6826957952797246 0.9712056023451487 0.0014096684020297062
3.2374575428176433 0.9716921742523802 0.0014264630884894332
3.906939937054613 0.9770927096035273 0.0012719432636380725
4.714866363457389 0.9812894430205011 0.0011418655421205168
5.689866029018293 0.9802651585832093 0.0011879222903405393
6.866488450042998 0.9832486481267477 0.0011154105997559277
8.286427728546842 0.9844755191849596 0.001054746896101405
10.0 0.9855226372380451 0.001045210798667037
