0.001 0.0009181779811528621 1.1589962695086775e-05
0.0012067926406393288 0.0013340464859317549 1.701961482460325e-05
0.0014563484775012444 0.001903987689636033 2.4053241318265048e-05
0.0017575106248547913 0.0028136764398254853 3.557840558770782e-05
0.0021209508879201904 0.0040151311753153065 5.03637688293437e-05
0.002559547922699536 0.005690789502333122 7.103588002462748e-05
0.0030888435964774815 0.008139042556985226 0.00010130261848615525
0.003727593720314938 0.011454824214445072 0.0001398346807785977
0.004498432668969444 0.016425410533545893 0.000196576583894055
0.005428675439323859 0.023185957386442205 0.00027127427043660416
0.006551285568595509 0.03136081155690312 0.0003632649835189255
0.0079060432109077 0.04198765011534421 0.0004858664876396974
0.009540954763499945 0.05925860173423113 0.0006591002132433584
0.01151395399326447 0.08037806301833658 0.0008560371665293226
0.013894954943731374 0.10596795347113594 0.0010996967790827996
0.016768329368110076 0.1376488982034537 0.0013979798321456349
0.020235896477251564 0.17679398489159792 0.001705624039045753
0.02442053094548651 0.2211862327778496 0.002039446836883044
0.029470517025518096 0.27180946428388036 0.002371735172053469
0.03556480306223128 0.32882672166893906 0.002687400953394996
0.04291934260128776 0.38901184843589526 0.002964771535439927
0.0517947467923121 0.4505564724489932 0.003190046724320255
0.0625055192527397 0.5160803366582678 0.003350272530366363
0.07543120063354615 0.5700821922011966 0.0034459635456065714
0.09102981779915217 0.6273228678839682 0.0034882953549454565
0.10985411419875583 0.6799931318068352 0.003430653805485921
0.13257113655901082 0.722956591921789 0.0033725170892303768
0.15998587196060574 0.7581886364491701 0.0032872368094391735
0.19306977288832497 0.7898607717452354 0.0031443356401649127
0.2329951810515372 0.8179618610041658 0.00303609716173426
0.2811768697974228 0.8464000449816831 0.002847467542960497
0.3393221771895326 0.865913839579856 0.002733170087563918
0.4094915062380423 0.8851904984236607 0.0025665355821264902
0.49417133613238334 0.9033090052196394 0.0024055420046465415
0.5963623316594643 0.915930513306803 0.002273805011656681
0.7196856730011514 0.9225643653843308 0.0022020700668005763
0.868511373751352 0.9369128229838032 0.002019981227729181
1.0481131341546852 0.9396170263877877 0.0019666390530250428
1.2648552168552958 0.9483231904922838 0.0018567237756832366
1.5264179671752318 0.956572210080048 0.0017101349513146372
1.8420699693267144 0.9652026938943263 0.001535768791966297
2.2229964825261934 0.9718192162366603 0.001369095024148022
2.6826957952797246 0.9721494372478492 0.0013954661952091045
3.2374575428176433 0.9764399052302891 0.0012788234066272203
3.906939937054613 0.977558476983495 0.001263116306279853
4.714866363457389 0.9804210858067905 0.0011980902457895638
5.689866029018293 0.9822626154038843 0.001114290343789035
6.866488450042998 0.9853401439401202 0.001034469639977195
8.286427728546842 0.9863955675348604 0.0010016483850821367
10.0 0.9868512406198139 0.0010217088192640753
