0.001 0.0008946110754129691 1.1612295629658415e-05
0.0012067926406393288 0.0012956028580540636 1.6602078875132623e-05
0.0014563484775012444 0.00183508945803189 2.346291510565031e-05
0.0017575106248547913 0.0026269347219964813 3.38718213431415e-05
0.0021209508879201904 0.0037635562299439514 4.753180084922331e-05
0.002559547922699536 0.00559614739417786 6.935465662165204e-05
0.0030888435964774815 0.007757814722656717 9.693281675523503e-05
0.003727593720314938 0.01075234371490134 0.0001346046265065905
0.004498432668969444 0.01532779981502825 0.00018881304602139104
0.005428675439323859 0.0217095633365644 0.00026119064517659586
0.006551285568595509 0.02937342196650618 0.0003452187480960971
0.0079060432109077 0.04177498635451223 0.0004827096518915537
0.009540954763499945 0.056569724908447326 0.0006399884945869148
0.01151395399326447 0.0752147755276817 0.0008296503185705085
0.013894954943731374 0.10024494891873562 0.001078042278498012
0.016768329368110076 0.13251388621053198 0.0013694302306027557
0.020235896477251564 0.17148157537936132 0.001662812600331702
0.02442053094548651 0.21458909407088259 0.0019937435380494714
0.029470517025518096 0.2665264941613326 0.002350192084786335
0.03556480306223128 0.3167713186589851 0.002643008417940728
0.04291934260128776 0.38241587510601216 0.002969819332023489
0.0517947467923121 0.43768381955950936 0.003199092202180111
0.0625055192527397 0.5096145630269332 0.0033782612200200356
0.07543120063354615 0.5642238434512357 0.0034713704228492514
0.09102981779915217 0.6121387117814424 0.003503843973229541
0.10985411419875583 0.6601864013729679 0.0035201894783422954
0.13257113655901082 0.7093206293801759 0.0034476294773915683
0.15998587196060574 0.7434154004891093 0.0033561690026340913
0.19306977288832497 0.7781467439890912 0.0032491099202688156
0.2329951810515372 0.805788492205613 0.0031339201449887065
0.2811768697974228 0.8329982301567543 0.002978744063830079
0.3393221771895326 0.8575613709077504 0.002809801806525858
0.4094915062380423 0.8799969138609809 0.002625179566431897
0.49417133613238334 0.890166088451204 0.002563278341313537
0.5963623316594643 0.9040280084600341 0.0024386712417629667
0.7196856730011514 0.9170382637553419 0.0022728064520880996
0.868511373751352 0.9283769797590142 0.0021527424009170583
1.0481131341546852 0.9372653881460443 0.0020218230456051337
1.2648552168552958 0.9450876001286928 0.001904708449480796
1.5264179671752318 0.9575664023842358 0.0016869605854012495
1.8420699693267144 0.9604902833261207 0.0016356725690439384
2.2229964825261934 0.9621036873277242 0.0016405807235590525
2.6826957952797246 0.9669230051089195 0.0015200487401021926
3.2374575428176433 0.9713032236268089 0.0014240729250063683
3.906939937054613 0.9731299544975945 0.0013846381429213947
4.714866363457389 0.9793442356932169 0.0012020692524519244
5.689866029018293 0.9779091028856468 0.00127070344126095
6.866488450042998 0.9833774939049134 0.001095102699439776
8.286427728546842 0.9848726611560349 0.001077791496490816
10.0 0.9878960830085652 0.000940233877558716
