0.001 0.0009571886852873901 1.20107811337563e-05
0.0012067926406393288 0.0013525516552077494 1.700968625410796e-05
0.0014563484775012444 0.00192420383000023 2.4589464749717878e-05
0.0017575106248547913 0.002845513906264776 3.5474016982758915e-05
0.0021209508879201904 0.004049640117758527 5.042254429709218e-05
0.002559547922699536 0.005907884877363406 7.164794600358016e-05
0.0030888435964774815 0.008138991347492155 9.894354869548438e-05
0.003727593720314938 0.011689617620698032 0.00014131241834528055
0.004498432668969444 0.01620224254500411 0.0001957349880824837
0.005428675439323859 0.022658134936275644 0.0002687387238350089
0.006551285568595509 0.03190400721022877 0.0003648855043258726
0.0079060432109077 0.04315663349234228 0.000491906030139854
0.009540954763499945 0.05951725342647504 0.0006641491478424034
0.01151395399326447 0.07994789624265139 0.0008566402251559205
0.013894954943731374 0.10776690214735708 0.001114182764423404
0.016768329368110076 0.14118803597418794 0.0013974885320740043
0.020235896477251564 0.1812249979926108 0.0017342610935401725
0.02442053094548651 0.22302647638551126 0.0020364355796693365
0.029470517025518096 0.274554470931961 0.0023836213990760715
0.03556480306223128 0.32784471177738894 0.0027039543402500254
0.04291934260128776 0.39427635739974465 0.002983177809075717
0.0517947467923121 0.45564033886589694 0.0032116829163651383
0.0625055192527397 0.5217847598956078 0.0033646938726266317
0.07543120063354615 0.5785752442854271 0.0034414666606807243
0.09102981779915217 0.6265076109420523 0.0034712404344436503
0.10985411419875583 0.6804285948289469 0.00342416144191582
0.13257113655901082 0.7246088299600114 0.003357800375271282
0.15998587196060574 0.7609397239622738 0.003275584194614942
0.19306977288832497 0.7955678772594199 0.0031296405338131043
0.2329951810515372 0.8190134475168851 0.0030185997841618182
0.2811768697974228 0.843210984130123 0.0028736479495229195
0.3393221771895326 0.866676449556713 0.002728043800054946
0.4094915062380423 0.8852693999089907 0.0025599821170043478
0.49417133613238334 0.9017066526682999 0.0024236672831103464
0.5963623316594643 0.9131638503438966 0.002313460128755876
0.7196856730011514 0.9290062359557815 0.0021205238138238425
0.868511373751352 0.9392114813659503 0.0019563459399058367
1.0481131341546852 0.9441340255570448 0.0018969901402397427
1.2648552168552958 0.9543172833748453 0.001734192804213563
1.5264179671752318 0.9595218717723734 0.0016269885061312413
1.8420699693267144 0.9661542483536707 0.0015076450589659623
2.2229964825261934 0.968608792601978 0.0014743810295313015
2.6826957952797246 0.9704076399048241 0.0014471205807783678
3.2374575428176433 0.9743493543820124 0.0013582632810300141
3.906939937054613 0.9778547942389223 0.0012663989242302192
4.714866363457389 0.9821310662024989 0.0011287109822523365
5.689866029018293 0.9829339320386814 0.0011214592267676507
6.866488450042998 0.9843775732923661 0.0010884100528684164
8.286427728546842 0.9871655605546341 0.000981992204973474
10.0 0.9893247053657135 0.0008786103365522775
