0.001 0.014229954392974968 0.00010716352396487801
0.0012067926406393288 0.017066228516973776 0.00012838679298053573
0.0014563484775012444 0.020600994653077766 0.0001553498551402114
0.0017575106248547913 0.024721192854758517 0.00018573627486735691
0.0021209508879201904 0.029583014074945898 0.00022347493529702156
0.002559547922699536 0.03591766468776917 0.00026792129079839417
0.0030888435964774815 0.043137593618389994 0.00032036333991164017
0.003727593720314938 0.05106844480089354 0.00038063380084821285
0.004498432668969444 0.06166802104007735 0.00045376720974660815
0.005428675439323859 0.07275409436422475 0.0005365946872227933
0.006551285568595509 0.08839736243539144 0.0006432232725245825
0.0079060432109077 0.10328442702803066 0.0007514028744458697
0.009540954763499945 0.12322551100212449 0.0008865300865914533
0.01151395399326447 0.14697496108468744 0.0010370633372034166
0.013894954943731374 0.1704386310919077 0.0011888883482903596
0.016768329368110076 0.19811675015321153 0.0013724155530939245
0.020235896477251564 0.23540543878306763 0.0015801484871431114
0.02442053094548651 0.27112501514190934 0.0017836126242222014
0.029470517025518096 0.31467042191102684 0.0019982533830030904
0.03556480306223128 0.357869599293671 0.0021926997243156957
0.04291934260128776 0.40480246622299265 0.002417412803488991
0.0517947467923121 0.4532499845785447 0.0025834314420237836
0.0625055192527397 0.5046528990275303 0.0027229456106346484
0.07543120063354615 0.554129693964957 0.0028601068784012145
0.09102981779915217 0.6086484776182176 0.002922683114532488
0.10985411419875583 0.6505377514985416 0.0029300542581192877
0.13257113655901082 0.6928660759360294 0.002956242154710384
0.15998587196060574 0.728929349423782 0.0029425992087124446
0.19306977288832497 0.7684196364196195 0.002852224631253959
0.2329951810515372 0.7952043251678051 0.0028081349955828825
0.2811768697974228 0.8282569889906939 0.002633824475850495
0.3393221771895326 0.8499255792445997 0.0025494610445025586
0.4094915062380423 0.8702223063643866 0.002425882156434124
0.49417133613238334 0.8869425160893079 0.0023117813359386525
0.5963623316594643 0.9042341350321762 0.0021639807782168805
0.7196856730011514 0.9174369531538848 0.0020579245007716408
0.868511373751352 0.9273081084190984 0.0019710120360048934
1.0481131341546852 0.9357675686020103 0.0018596542595691054
1.2648552168552958 0.9430393750514157 0.001772852918642255
1.5264179671752318 0.9510216013289846 0.0016551894468903045
1.8420699693267144 0.9598747503387418 0.0015034765605933097
2.2229964825261934 0.9647536148891791 0.0014261848217487136
2.6826957952797246 0.965656580186517 0.0014525674145410609
3.2374575428176433 0.9720454707328569 0.0013063164591349597
3.906939937054613 0.9746744765214257 0.0012662040294598948
4.714866363457389 0.9800618432085958 0.001098979012786199
5.689866029018293 0.9783038890723704 0.0011831707717272568
6.866488450042998 0.9810834750427455 0.001122425008233354
8.286427728546842 0.9848649440643746 0.0010058400507649925
10.0 0.9865837843954021 0.0009506982274834353
