0.001 0.014157233139009228 0.00010804665466961767
0.0012067926406393288 0.016921533699080293 0.0001289453511571199
0.0014563484775012444 0.020424896682835893 0.00015388904385808976
0.0017575106248547913 0.024472588087399355 0.00018663734859572105
0.0021209508879201904 0.029305041114221057 0.0002223394517425658
0.002559547922699536 0.03534631830369072 0.0002644247784608848
0.0030888435964774815 0.042283557881828394 0.00031890535126184483
0.003727593720314938 0.05085824158124171 0.0003805450652143468
0.004498432668969444 0.0602088002514732 0.0004455482011318636
0.005428675439323859 0.07336384045745707 0.0005358617820382962
0.006551285568595509 0.08515945518946264 0.0006308899093153149
0.0079060432109077 0.10370497192813123 0.0007519037983826513
0.009540954763499945 0.12426716719254527 0.0008761595837007371
0.01151395399326447 0.14449320328793436 0.0010243349331107558
0.013894954943731374 0.16936200966316994 0.001196581292509402
0.016768329368110076 0.19883394547908378 0.0013650659601743126
0.020235896477251564 0.23291179084630367 0.0015747325413172316
0.02442053094548651 0.2673108513163088 0.0017720152234745334
0.029470517025518096 0.31042594493519504 0.0019763868517005167
0.03556480306223128 0.3537719674070639 0.0021909378453817394
0.04291934260128776 0.3994207929024196 0.0023927783667277826
0.0517947467923121 0.4509944096586656 0.002561714455745372
0.0625055192527397 0.5030144074772638 0.002737894021450625
0.07543120063354615 0.5492825939368093 0.002870833291906699
0.09102981779915217 0.6043150011000356 0.0029258399346227485
0.10985411419875583 0.6424082635604702 0.0029716417774593405
0.13257113655901082 0.6850548257229175 0.0029875567073596792
0.15998587196060574 0.7320932070857106 0.0029221772028895547
0.19306977288832497 0.7640555395253558 0.0028902431756771467
0.2329951810515372 0.7985489278603284 0.002783883786581287
0.2811768697974228 0.8237233320286755 0.0026811754011218975
0.3393221771895326 0.8507926812805479 0.0025326280070476397
0.4094915062380423 0.8663405446833174 0.0025009549958063355
0.49417133613238334 0.8853130093586995 0.0023269162045037543
0.5963623316594643 0.9025040585753826 0.0021833325571369907
0.7196856730011514 0.9136203283659362 0.0020703805630681
0.868511373751352 0.9250921889615985 0.001986684823893734
1.0481131341546852 0.9356629832266615 0.001867266559896274
1.2648552168552958 0.946297143131805 0.0017272729022601726
1.5264179671752318 0.9503558588905813 0.001687086228353227
1.8420699693267144 0.9551294787710882 0.001603846640973973
2.2229964825261934 0.9625733218513919 0.001492669241181535
2.6826957952797246 0.9698762456342285 0.0013412015807574632
3.2374575428176433 0.973183506078601 0.0012672727915027256
3.906939937054613 0.9735576843411669 0.0012910135000822657
4.714866363457389 0.978568777185964 0.00115280338065316
5.689866029018293 0.9811359180178484 0.001097760934684565
6.866488450042998 0.9825440972220396 0.0010598053625850055
8.286427728546842 0.9831550804440587 0.0010672155895340174
10.0 0.9847828245178565 0.0010401661425581358
