0.001 0.013979603304802407 0.00010578559410900919
0.0012067926406393288 0.016772077957648786 0.0001271382450219042
0.0014563484775012444 0.019806968000428783 0.00015327277661876748
0.0017575106248547913 0.024102811043589092 0.00018264385960644862
0.0021209508879201904 0.02912305876813035 0.00022139085984210688
0.002559547922699536 0.034883760610952066 0.00026390890600399853
0.0030888435964774815 0.042028837434459246 0.0003167148731170625
0.003727593720314938 0.0502476985030834 0.00038095469683641065
0.004498432668969444 0.06028197911046625 0.0004501274644424174
0.005428675439323859 0.07113695600084755 0.0005255411722454806
0.006551285568595509 0.08481457120244855 0.0006251921588815441
0.0079060432109077 0.10184887332953138 0.0007422226267342502
0.009540954763499945 0.12064519310558455 0.0008786744159516833
0.01151395399326447 0.14446591990795357 0.001028459749959754
0.013894954943731374 0.1693961947126304 0.001188142404011438
0.016768329368110076 0.19661371009097603 0.0013560983867364703
0.020235896477251564 0.23171865121512097 0.0015783018192518077
0.02442053094548651 0.26540571152142595 0.0017736611944410615
0.029470517025518096 0.30800627363451394 0.001989754480664788
0.03556480306223128 0.34819901953096394 0.0021784753811570708
0.04291934260128776 0.39333289540356586 0.002401008626105007
0.0517947467923121 0.44239580432141057 0.0025824765540285975
0.0625055192527397 0.4949690986915124 0.0027225256394912685
0.07543120063354615 0.5471010568173873 0.002853604931785617
0.09102981779915217 0.5996721900123528 0.002904455876999672
0.10985411419875583 0.644779751004771 0.0029657076729442374
0.13257113655901082 0.6832019305648074 0.002986481272673496
0.15998587196060574 0.7222499085979742 0.0029768053564604696
0.19306977288832497 0.7584141409772517 0.0029253973601504083
0.2329951810515372 0.7921329956234618 0.002798412273432606
0.2811768697974228 0.8167188666991859 0.00273424636668728
0.3393221771895326 0.8474812656174512 0.0025840207619516734
0.4094915062380423 0.8644868801080474 0.0024981832968202764
0.49417133613238334 0.8807407007352749 0.002390692920574229
0.5963623316594643 0.9027371466754613 0.0022002478104201466
0.7196856730011514 0.9144784812119782 0.0020646332334921884
0.868511373751352 0.9231155843565529 0.002022552086038463
1.0481131341546852 0.934277915051916 0.0018670018408936126
1.2648552168552958 0.9437585852450502 0.0017420701817023232
1.5264179671752318 0.9488574754946658 0.0016957494246132487
1.8420699693267144 0.9562631708836372 0.0016043547070339077
2.2229964825261934 0.9633016887656759 0.001478693318985258
2.6826957952797246 0.9680920320483236 0.0013620638923244896
3.2374575428176433 0.9691672951757754 0.0013815975249042347
3.906939937054613 0.9750600819451656 0.001234356199133228
4.714866363457389 0.9792874569864378 0.0011227154354171288
5.689866029018293 0.978426694599718 0.0011646122249491606
6.866488450042998 0.9815499981439132 0.0011065184019334196
8.286427728546842 0.9831001707035549 0.0010391216703638767
10.0 0.9841418823238899 0.001043967136271397
