0.001 8.67702481510377e-06 1.53467335742948e-07
0.0012067926406393288 1.4731046035313941e-05 2.5978722936398523e-07
0.0014563484775012444 2.547652810097275e-05 4.471955250080481e-07
0.0017575106248547913 4.463363913831515e-05 7.871733577923039e-07
0.0021209508879201904 7.609914700509079e-05 1.337189216659807e-06
0.002559547922699536 0.00013066331232011895 2.2751613925869747e-06
0.0030888435964774815 0.0002262683336652948 3.957650967207366e-06
0.003727593720314938 0.00038636696920357235 6.551114708363795e-06
0.004498432668969444 0.0006325253147541179 1.0828356986843707e-05
0.005428675439323859 0.001119235011096768 1.8855737094823296e-05
0.006551285568595509 0.0017841949238351865 2.9864067925795896e-05
0.0079060432109077 0.0031035644934604683 5.016433808253086e-05
0.009540954763499945 0.005121964260116319 8.125592325742779e-05
0.01151395399326447 0.008072356529452799 0.0001253579138246522
0.013894954943731374 0.012926414771060407 0.0001994056413589932
0.016768329368110076 0.020011841644252473 0.0002976049271698077
0.020235896477251564 0.03132935471998092 0.00045056528270508655
0.02442053094548651 0.04589571519783428 0.0006359994388574442
0.029470517025518096 0.06789184318464825 0.0008929910343293036
0.03556480306223128 0.09636172272795995 0.0012012052186648242
0.04291934260128776 0.1323015015559718 0.0015436889917271471
0.0517947467923121 0.17869579032138808 0.0019482050809492665
0.0625055192527397 0.23558053353255104 0.0023917198324270843
0.07543120063354615 0.29280204600597454 0.002762906464191516
0.09102981779915217 0.3618474593798107 0.0030797329219329423
0.10985411419875583 0.41781344151109295 0.0033471496388790055
0.13257113655901082 0.4823692712570188 0.003538156214578021
0.15998587196060574 0.5530919242293386 0.003629693749011094
0.19306977288832497 0.6072615070890459 0.003682026155368041
0.2329951810515372 0.6628839738928487 0.0036356594642517554
0.2811768697974228 0.704469364288595 0.0035831501456177494
0.3393221771895326 0.7482666225165157 0.0034371324259485415
0.4094915062380423 0.7797083387116525 0.0033591705837164106
0.49417133613238334 0.8078063748174227 0.0031845024916405174
0.5963623316594643 0.8368940851847808 0.0030348099773095005
0.7196856730011514 0.8550804641102292 0.0029123117886606315
0.868511373751352 0.8767135446773086 0.002750151963017
1.0481131341546852 0.8947646679102338 0.002596340888055642
1.2648552168552958 0.9122130950566236 0.0023861290760300424
1.5264179671752318 0.9199709595400107 0.0023063302758047012
1.8420699693267144 0.9275411304672141 0.0022200006238421548
2.2229964825261934 0.9402598862530028 0.0020304660995763978
2.6826957952797246 0.9516896118793662 0.0018384231012129086
3.2374575428176433 0.9568390778535492 0.0017394175573912144
3.906939937054613 0.9589059856511117 0.0017318283375128687
4.714866363457389 0.9660334737949495 0.0015626512663050366
5.689866029018293 0.9706461667120697 0.0014699394606790212
6.866488450042998 0.9729347772177942 0.0014151890799682162
8.286427728546842 0.9746061819061409 0.0013757444217695192
10.0 0.9778387597483983 0.0012953792262868802
