0.001 8.195602830690541e-06 1.4892786513039308e-07
0.0012067926406393288 1.4282369401032178e-05 2.546209166553136e-07
0.0014563484775012444 2.4183611703695874e-05 4.3527102147039144e-07
0.0017575106248547913 4.210604446004912e-05 7.545235371313892e-07
0.0021209508879201904 7.196002900127185e-05 1.2834709698036955e-06
0.002559547922699536 0.00013112159015998538 2.264542635659444e-06
0.0030888435964774815 0.00021820532530702908 3.837069764112012e-06
0.003727593720314938 0.00036304889024423243 6.4043991905401324e-06
0.004498432668969444 0.0006261043132012948 1.0907747999342962e-05
0.005428675439323859 0.0010708120760755 1.8071152363891913e-05
0.006551285568595509 0.001709074189892192 2.8543485208742994e-05
0.0079060432109077 0.0029904227669315295 4.9372503819814184e-05
0.009540954763499945 0.004861131329457549 7.862216622041563e-05
0.01151395399326447 0.007711674118973707 0.00012270960189642076
0.013894954943731374 0.01242727531799436 0.00019366917465419724
0.016768329368110076 0.01979638052681487 0.00029813180741203554
0.020235896477251564 0.03022539315388438 0.0004307914385695238
0.02442053094548651 0.04494048964748863 0.0006233019753616196
0.029470517025518096 0.06652295386242434 0.0008782079445413903
0.03556480306223128 0.09175780251410674 0.0011669223730429489
0.04291934260128776 0.13140770587998796 0.0015511189812408785
0.0517947467923121 0.1723978910873469 0.0019206616366414589
0.0625055192527397 0.23300025383195125 0.0023655403129257675
0.07543120063354615 0.28977538265575065 0.0027418436654780935
0.09102981779915217 0.34685361830326855 0.0030624267185121318
0.10985411419875583 0.4132878014250882 0.00335728445520187
0.13257113655901082 0.4842720923922032 0.003564512200828049
0.15998587196060574 0.5363975631409811 0.003656146317042225
0.19306977288832497 0.5951053100675603 0.0037041539821473807
0.2329951810515372 0.6458954007905015 0.0037093345384588998
0.2811768697974228 0.6923053971296916 0.0036318225785563927
0.3393221771895326 0.735379163298296 0.0035176042357518565
0.4094915062380423 0.7733385804252102 0.0033530469126984014
0.49417133613238334 0.7994174359749019 0.00327882802737569
0.5963623316594643 0.8277583831169659 0.0031378062961795058
0.7196856730011514 0.847671468427362 0.0029789074559279515
0.868511373751352 0.8711345005334983 0.002807984515851078
1.0481131341546852 0.8861452381406798 0.002664744035898053
1.2648552168552958 0.9016492563555359 0.002521765962398341
1.5264179671752318 0.9222871697985933 0.0022560334761223045
1.8420699693267144 0.9292611381870289 0.002184702122024175
2.2229964825261934 0.9356764458818556 0.0021208515978055286
2.6826957952797246 0.9426498599324564 0.002004740435991779
3.2374575428176433 0.9509019988665514 0.0018746157945714486
3.906939937054613 0.954021591787878 0.0018161867521056538
4.714866363457389 0.96335156911507 0.0016167344591930817
5.689866029018293 0.9634707125554786 0.001646942199661617
6.866488450042998 0.9714217645093249 0.0014472078775467547
8.286427728546842 0.9757195769000647 0.001356533466296448
10.0 0.9791995266145508 0.0012392087901862546
