0.001 8.906712026047385e-06 1.5580062457743006e-07
0.0012067926406393288 1.5060635864830902e-05 2.656297071620642e-07
0.0014563484775012444 2.597551432082552e-05 4.68237620667448e-07
0.0017575106248547913 4.6609581649559294e-05 8.075789095864557e-07
0.0021209508879201904 7.986519764940687e-05 1.3944585909091347e-06
0.002559547922699536 0.00014062817060963477 2.3852869288156367e-06
0.0030888435964774815 0.00023112680811090348 3.941796641374757e-06
0.003727593720314938 0.0004045764799303621 6.874222144318336e-06
0.004498432668969444 0.0006747954239696842 1.1544568130693572e-05
0.005428675439323859 0.0011330654704042266 1.9266320968017594e-05
0.006551285568595509 0.0019167739861905943 3.1098160819205866e-05
0.0079060432109077 0.003123903247132808 5.099466646474783e-05
0.009540954763499945 0.00523718158503553 8.439608836323516e-05
0.01151395399326447 0.008372544183972975 0.0001298943218685945
0.013894954943731374 0.013679256673701781 0.0002052258647029154
0.016768329368110076 0.02144445314872336 0.00031179816348848584
0.020235896477251564 0.03318300851783675 0.0004677281489326484
0.02442053094548651 0.04782189738870798 0.0006595330403854206
0.029470517025518096 0.06982199618540555 0.0009140317413979643
0.03556480306223128 0.09785170350764243 0.001226517064929298
0.04291934260128776 0.1375816929389132 0.0015920931358111158
0.0517947467923121 0.1838650778078643 0.0019902644540329755
0.0625055192527397 0.2425502338878553 0.002427603902075968
0.07543120063354615 0.30162616472170484 0.002786924480738889
0.09102981779915217 0.36039196216222547 0.0030987484360677593
0.10985411419875583 0.4303139763157693 0.003351745945604874
0.13257113655901082 0.4963861035449647 0.003522557805388983
0.15998587196060574 0.5594925960497611 0.003648585510949171
0.19306977288832497 0.6165215650763616 0.003659647368493117
0.2329951810515372 0.6594646189416685 0.0036426027746465305
0.2811768697974228 0.7046256262511598 0.003581837123494412
0.3393221771895326 0.7479228449608895 0.0034484805544014565
0.4094915062380423 0.7835234411763072 0.0033264136202442694
0.49417133613238334 0.8141690651550272 0.003152894631864485
0.5963623316594643 0.839022910757985 0.003026124263733708
0.7196856730011514 0.8675415066434733 0.002802026423202401
0.868511373751352 0.8842249782992622 0.002643186995331387
1.0481131341546852 0.8970767091281716 0.0025527135691591008
1.2648552168552958 0.9154082312356188 0.0023363554356130413
1.5264179671752318 0.9245659649217359 0.0022255661746074483
1.8420699693267144 0.93671039393717 0.0020432358869025406
2.2229964825261934 0.9433088503358332 0.0019640917466289113
2.6826957952797246 0.9494880047354188 0.001901228093407151
3.2374575428176433 0.9561165029775622 0.001772003166134748
3.906939937054613 0.9619289137969439 0.0016529954587454943
4.714866363457389 0.9680453624991793 0.0015042873439337573
5.689866029018293 0.971432384265811 0.0014553237787179331
6.866488450042998 0.9746749670994789 0.0013818687206380304
8.286427728546842 0.9783402532454464 0.0012637375943120705
10.0 0.9813411962175119 0.0011697970972838203
