0.001 8.23629461988432e-06 1.4636142556344113e-07
0.0012067926406393288 1.4228814928410044e-05 2.511778666971699e-07
0.0014563484775012444 2.4342155584338746e-05 4.4208809742024226e-07
0.0017575106248547913 4.233028741877142e-05 7.569938527954034e-07
0.0021209508879201904 7.465708169801095e-05 1.299875570984828e-06
0.002559547922699536 0.0001273360569958651 2.2137138011754917e-06
0.0030888435964774815 0.00022200520297007342 3.907893615307185e-06
0.003727593720314938 0.00038098390248586414 6.553450510509279e-06
0.004498432668969444 0.0006408402467513222 1.0829767057977442e-05
0.005428675439323859 0.0010373315466039583 1.744806612192785e-05
0.006551285568595509 0.0017464694867185273 2.897851502164828e-05
0.0079060432109077 0.0029688793276585294 4.897581004932622e-05
0.009540954763499945 0.004924712551770233 8.039087712210212e-05
0.01151395399326447 0.008138865824950738 0.00012739942166844616
0.013894954943731374 0.012789103493196214 0.00019582794800396264
0.016768329368110076 0.019478350755430494 0.00029223699729074795
0.020235896477251564 0.03110167848556875 0.0004452645953309007
0.02442053094548651 0.04542143079388793 0.0006356013275141974
0.029470517025518096 0.067435256295231 0.0008898591210643403
0.03556480306223128 0.09314698827317014 0.0011724427735236216
0.04291934260128776 0.12963641376999904 0.001559137002436916
0.0517947467923121 0.1739003833723036 0.0019401875489444501
0.0625055192527397 0.22707836585295418 0.0023368971108980218
0.07543120063354615 0.289277901077355 0.0027509003409058037
0.09102981779915217 0.3543915033370161 0.0030589487982859236
0.10985411419875583 0.4205593814850303 0.003344676941947051
0.13257113655901082 0.47922253759286576 0.003527296207735843
0.15998587196060574 0.5420187325869048 0.0036621513171261307
0.19306977288832497 0.6005035544033248 0.003697687732097186
0.2329951810515372 0.6520446869440865 0.003667627245943714
0.2811768697974228 0.6951993532299899 0.003624529816853376
0.3393221771895326 0.7456613998276479 0.003469397288309103
0.4094915062380423 0.7753409821165131 0.003370821625662108
0.49417133613238334 0.8030790599968953 0.003258106902614238
0.5963623316594643 0.8385695150612428 0.003020473913346376
0.7196856730011514 0.8565047319444667 0.0028955473862647746
0.868511373751352 0.8742034287069876 0.002769056668499195
1.0481131341546852 0.891154333804443 0.002607088859773871
1.2648552168552958 0.9069142896536552 0.0024516346993514754
1.5264179671752318 0.9168216981358007 0.0023499671419062226
1.8420699693267144 0.9302080328549841 0.002175021623732656
2.2229964825261934 0.9414020762721964 0.0020105356133796825
2.6826957952797246 0.9480287433022164 0.0018891505254075563
3.2374575428176433 0.9517139577436252 0.0018549337505513364
3.906939937054613 0.9604214186976853 0.001690982785916968
4.714866363457389 0.9667685128400538 0.0015452356935665016
5.689866029018293 0.9661904402839057 0.0015721397489658982
6.866488450042998 0.9719020188283597 0.001440105689944507
8.286427728546842 0.9736877665508555 0.0014015409056041027
10.0 0.9763895589212117 0.0013353694145833831
