0.001 0.043059601158137215 1.9554523791401843e-05
0.0012067926406393288 0.05991286259558185 2.6155833175500437e-05
0.0014563484775012444 0.08279675898381099 3.4495445237522606e-05
0.0017575106248547913 0.11316031811547723 4.625778798340662e-05
0.0021209508879201904 0.15279727896232906 6.202433483171371e-05
0.002559547922699536 0.20324731314204628 7.534382204136492e-05
0.0030888435964774815 0.265883877223868 9.126209293276551e-05
0.003727593720314938 0.3410336858665516 0.00010580377689441649
0.004498432668969444 0.4281065745095789 0.00012317908393662917
0.005428675439323859 0.5236725302400026 0.00012728808268315167
0.006551285568595509 0.6237631200312933 0.00012930738220648093
0.0079060432109077 0.7210807308065189 0.00011767768319947275
0.009540954763499945 0.8091518688975095 0.00010202978894776847
0.01151395399326447 0.8813561518373463 7.812387563802147e-05
0.013894954943731374 0.9342369095266293 5.2692564074600115e-05
0.016768329368110076 0.9683384311073798 3.11273452806704e-05
0.020235896477251564 0.98704763678368 1.4916326725225375e-05
0.02442053094548651 0.9956763663135308 6.0701820978525205e-06
0.029470517025518096 0.9988577740584247 1.8804966558151763e-06
0.03556480306223128 0.9997728619566569 4.397022039731414e-07
0.04291934260128776 0.9999677762958618 7.270324454845484e-08
0.0517947467923121 0.9999969521446361 7.969862923718179e-09
0.0625055192527397 0.9999998216480764 5.215909040031739e-10
0.07543120063354615 0.9999999942409525 1.9348530689746703e-11
0.09102981779915217 0.9999999999076846 3.448398646894006e-13
0.10985411419875583 0.9999999999993614 2.5495673665021543e-15
0.13257113655901082 0.9999999999999988 6.8634414804289485e-18
0.15998587196060574 1.0 7.2224253099453655e-19
0.19306977288832497 1.0 8.662585850030506e-19
0.2329951810515372 1.0 8.352537716495701e-19
0.2811768697974228 1.0 1.946154778323755e-18
0.3393221771895326 1.0 0.0
0.4094915062380423 1.0 0.0
0.49417133613238334 1.0 0.0
0.5963623316594643 1.0 0.0
0.7196856730011514 1.0 0.0
0.868511373751352 1.0 0.0
1.0481131341546852 1.0 0.0
1.2648552168552958 1.0 0.0
1.5264179671752318 1.0 0.0
1.8420699693267144 1.0 0.0
2.2229964825261934 1.0 0.0
2.6826957952797246 1.0 0.0
3.2374575428176433 1.0 0.0
3.906939937054613 1.0 0.0
4.714866363457389 1.0 0.0
5.689866029018293 1.0 0.0
6.866488450042998 1.0 0.0
8.286427728546842 1.0 0.0
10.0 1.0 0.0
