0.001 0.05937250584686997 2.1676724978158236e-05
0.0012067926406393288 0.08204337374709644 3.1227797894292146e-05
0.0014563484775012444 0.11212064164598885 3.8864408713244875e-05
0.0017575106248547913 0.15128554641370628 4.8797270555297825e-05
0.0021209508879201904 0.20154128683828218 6.272577297903436e-05
0.002559547922699536 0.26373834318460554 7.85399559528324e-05
0.0030888435964774815 0.33854673342872604 9.081234160454569e-05
0.003727593720314938 0.42512776906701966 0.00010034399924491661
0.004498432668969444 0.5207578777219575 0.00010817869752513755
0.005428675439323859 0.6207244039314801 0.00010848153607357474
0.006551285568595509 0.7183908327838898 0.00010241275547947938
0.0079060432109077 0.8067999263455099 8.726499515670925e-05
0.009540954763499945 0.8793900611027153 6.687049995597589e-05
0.01151395399326447 0.9330419117035433 4.6039619782672955e-05
0.013894954943731374 0.9675665572771596 2.7124562120947137e-05
0.016768329368110076 0.9866740279685055 1.3152351447091243e-05
0.020235896477251564 0.9955233493843098 5.346305941143755e-06
0.02442053094548651 0.9988079559614098 1.6714616559059089e-06
0.029470517025518096 0.9997620727855913 4.032044325811918e-07
0.03556480306223128 0.999965866968682 6.67187840563194e-08
0.04291934260128776 0.9999967376983124 7.44784484207583e-09
0.0517947467923121 0.9999998067665298 4.985191221638034e-10
0.0625055192527397 0.9999999936679149 1.8790959248407196e-11
0.07543120063354615 0.9999999998966299 3.431345791977953e-13
0.09102981779915217 0.9999999999992808 2.672279143796158e-15
0.10985411419875583 0.9999999999999986 6.845387048681735e-18
0.13257113655901082 1.0 5.743191325348091e-19
0.15998587196060574 1.0 2.0565214630818105e-18
0.19306977288832497 1.0 4.668220486087868e-19
0.2329951810515372 1.0 1.948560018178009e-18
0.2811768697974228 1.0 0.0
0.3393221771895326 1.0 0.0
0.4094915062380423 1.0 0.0
0.49417133613238334 1.0 0.0
0.5963623316594643 1.0 0.0
0.7196856730011514 1.0 0.0
0.868511373751352 1.0 0.0
1.0481131341546852 1.0 0.0
1.2648552168552958 1.0 0.0
1.5264179671752318 1.0 0.0
1.8420699693267144 1.0 0.0
2.2229964825261934 1.0 0.0
2.6826957952797246 1.0 0.0
3.2374575428176433 1.0 0.0
3.906939937054613 1.0 0.0
4.714866363457389 1.0 0.0
5.689866029018293 1.0 0.0
6.866488450042998 1.0 0.0
8.286427728546842 1.0 0.0
10.0 1.0 0.0
