0.001 0.037326149052896634 1.8009305432915864e-05
0.0012067926406393288 0.05214366307178301 2.4627698995180534e-05
0.0014563484775012444 0.07236481394793465 3.3632038343716005e-05
0.0017575106248547913 0.09929192693280448 4.4589346016646626e-05
0.0021209508879201904 0.13468319972642218 5.686580522328084e-05
0.002559547922699536 0.18044274934273583 7.408523910762001e-05
0.0030888435964774815 0.23774034484025705 8.996269833861219e-05
0.003727593720314938 0.30769095441605293 0.00010826677162017009
0.004498432668969444 0.38982665426439866 0.00012348024867900377
0.005428675439323859 0.4823060526305884 0.00013688703674035607
0.006551285568595509 0.5813665287807439 0.00014355809907480338
0.0079060432109077 0.6805696090818734 0.0001351734383668139
0.009540954763499945 0.7733933716999194 0.00011837358003410465
0.01151395399326447 0.8529584146263031 9.691570405970282e-05
0.013894954943731374 0.9141412624713444 6.762738155192448e-05
0.016768329368110076 0.9559816670196757 4.2503079032888926e-05
0.020235896477251564 0.9806414176057114 2.250794047910652e-05
0.02442053094548651 0.9929264456161679 9.804511538090476e-06
0.029470517025518096 0.9979243739147576 3.4153295899013157e-06
0.03556480306223128 0.9995318419938958 9.112447576727917e-07
0.04291934260128776 0.9999224869807194 1.7366705651539028e-07
0.0517947467923121 0.9999912089859632 2.2902167060848613e-08
0.0625055192527397 0.9999993593749888 1.871770880475376e-09
0.07543120063354615 0.9999999728991396 8.953019464294105e-11
0.09102981779915217 0.9999999994043645 2.211542678444772e-12
0.10985411419875583 0.9999999999940162 2.4581627744354403e-14
0.13257113655901082 0.9999999999999767 1.0482657129545464e-16
0.15998587196060574 1.0 2.0544826309799204e-18
0.19306977288832497 1.0 2.1516569051583973e-18
0.2329951810515372 1.0 2.0789352285435973e-18
0.2811768697974228 1.0 8.713659514091791e-19
0.3393221771895326 1.0 0.0
0.4094915062380423 1.0 0.0
0.49417133613238334 1.0 0.0
0.5963623316594643 1.0 0.0
0.7196856730011514 1.0 0.0
0.868511373751352 1.0 0.0
1.0481131341546852 1.0 0.0
1.2648552168552958 1.0 0.0
1.5264179671752318 1.0 0.0
1.8420699693267144 1.0 0.0
2.2229964825261934 1.0 0.0
2.6826957952797246 1.0 0.0
3.2374575428176433 1.0 0.0
3.906939937054613 1.0 0.0
4.714866363457389 1.0 0.0
5.689866029018293 1.0 0.0
6.866488450042998 1.0 0.0
8.286427728546842 1.0 0.0
10.0 1.0 0.0
