0.001 0.050204159409543515 2.025522128203662e-05
0.0012067926406393288 0.06972627934605495 2.8018686856313743e-05
0.0014563484775012444 0.09575223290824159 3.617761891435542e-05
0.0017575106248547913 0.13015978500664455 4.718944031872279e-05
0.0021209508879201904 0.1745665961564674 6.033053442488507e-05
0.002559547922699536 0.2306766080923273 7.632144145621882e-05
0.0030888435964774815 0.2989815550524535 8.956329078900382e-05
0.003727593720314938 0.37998656081442045 0.00010614103317149153
0.004498432668969444 0.4713875703492148 0.00011496229732042994
0.005428675439323859 0.5698648897748162 0.00012103535442735049
0.006551285568595509 0.6695016193551359 0.00011526452173833721
0.0079060432109077 0.7635265982944391 0.00010527057061171699
0.009540954763499945 0.8447982106401527 8.476220372450549e-05
0.01151395399326447 0.9082300473615507 6.13105070276421e-05
0.013894954943731374 0.9522518478102416 3.9506410264499996e-05
0.016768329368110076 0.9786029920346682 2.116060071612404e-05
0.020235896477251564 0.9919941894826774 9.400190727144944e-06
0.02442053094548651 0.9975919730627957 3.3955829643114974e-06
0.029470517025518096 0.9994381330006352 9.273890657465116e-07
0.03556480306223128 0.9999038720067667 1.8759322902814742e-07
0.04291934260128776 0.9999886065671799 2.5948242918791083e-08
0.0517947467923121 0.9999991320032161 2.2848090466894985e-09
0.0625055192527397 0.9999999608385478 1.1609626270653489e-10
0.07543120063354615 0.9999999990720755 3.097958727325542e-12
0.09102981779915217 0.9999999999897744 3.764168150798707e-14
0.10985411419875583 0.999999999999956 1.8134407761253652e-16
0.13257113655901082 1.0 3.930189507173054e-18
0.15998587196060574 1.0 1.993089986893105e-18
0.19306977288832497 1.0 8.230639722151273e-19
0.2329951810515372 1.0 7.925468413805146e-19
0.2811768697974228 1.0 0.0
0.3393221771895326 1.0 0.0
0.4094915062380423 1.0 0.0
0.49417133613238334 1.0 0.0
0.5963623316594643 1.0 0.0
0.7196856730011514 1.0 0.0
0.868511373751352 1.0 0.0
1.0481131341546852 1.0 0.0
1.2648552168552958 1.0 0.0
1.5264179671752318 1.0 0.0
1.8420699693267144 1.0 0.0
2.2229964825261934 1.0 0.0
2.6826957952797246 1.0 0.0
3.2374575428176433 1.0 0.0
3.906939937054613 1.0 0.0
4.714866363457389 1.0 0.0
5.689866029018293 1.0 0.0
6.866488450042998 1.0 0.0
8.286427728546842 1.0 0.0
10.0 1.0 0.0
