0.001 0.1356159188305352 2.838231592297619e-05
0.0012067926406393288 0.16135311440397002 3.402946216729682e-05
0.0014563484775012444 0.19123468852528983 3.851033031408964e-05
0.0017575106248547913 0.22598652714361134 4.449353884598454e-05
0.0021209508879201904 0.2659185640939001 5.103908637725641e-05
0.002559547922699536 0.3114941288634709 5.8838820244877514e-05
0.0030888435964774815 0.36249938566759266 6.422143848000112e-05
0.003727593720314938 0.41927352392559314 7.23927799827637e-05
0.004498432668969444 0.4809122469019085 7.670816554082212e-05
0.005428675439323859 0.5467265843352971 8.174439085282547e-05
0.006551285568595509 0.6150642371012618 8.170939998996643e-05
0.0079060432109077 0.684048496695391 8.242580211609688e-05
0.009540954763499945 0.7510134446757769 7.684130693645366e-05
0.01151395399326447 0.8131631971268439 6.886785509919556e-05
0.013894954943731374 0.8680029774531804 5.923998866343716e-05
0.016768329368110076 0.913096719422655 4.6148387232964775e-05
0.020235896477251564 0.9475106888794078 3.3164600032699305e-05
0.02442053094548651 0.9714739685766981 2.1616464627073592e-05
0.029470517025518096 0.9863058904069195 1.2295697684685683e-05
0.03556480306223128 0.9943611060751036 6.074565239936476e-06
0.04291934260128776 0.9980656914036603 2.476045483372148e-06
0.0517947467923121 0.9994680351633191 8.032681756351453e-07
0.0625055192527397 0.9998874602743539 1.9739753789480862e-07
0.07543120063354615 0.9999827666186482 3.510355168924519e-08
0.09102981779915217 0.999998202186247 4.200845943440162e-09
0.10985411419875583 0.9999998828815253 3.1739298637525765e-10
0.13257113655901082 0.9999999956554432 1.3574250525470907e-11
0.15998587196060574 0.9999999999169882 2.842003675109806e-13
0.19306977288832497 0.9999999999993068 2.6503400553118095e-15
0.2329951810515372 0.9999999999999977 9.407029163152264e-18
0.2811768697974228 1.0 0.0
0.3393221771895326 1.0 0.0
0.4094915062380423 1.0 0.0
0.49417133613238334 1.0 0.0
0.5963623316594643 1.0 0.0
0.7196856730011514 1.0 0.0
0.868511373751352 1.0 0.0
1.0481131341546852 1.0 0.0
1.2648552168552958 1.0 0.0
1.5264179671752318 1.0 0.0
1.8420699693267144 1.0 0.0
2.2229964825261934 1.0 0.0
2.6826957952797246 1.0 0.0
3.2374575428176433 1.0 0.0
3.906939937054613 1.0 0.0
4.714866363457389 1.0 0.0
5.689866029018293 1.0 0.0
6.866488450042998 1.0 0.0
8.286427728546842 1.0 0.0
10.0 1.0 0.0
