0.001 0.14816812947036334 2.829063310238638e-05
0.0012067926406393288 0.175995000817509 3.484842744358872e-05
0.0014563484775012444 0.20830361304205916 3.884019476041621e-05
0.0017575106248547913 0.245534958865204 4.3501307828441566e-05
0.0021209508879201904 0.28836805675499383 5.0537989565064806e-05
0.002559547922699536 0.33666032652450667 5.807181155113349e-05
0.0030888435964774815 0.3906019833083361 6.325418691487815e-05
0.003727593720314938 0.4499091483942833 6.744507520857037e-05
0.004498432668969444 0.5138458432082461 7.224695380398395e-05
0.005428675439323859 0.5812161711312154 7.460050758426138e-05
0.006551285568595509 0.6501424506196718 7.586392271973967e-05
0.0079060432109077 0.7184868972830518 7.285031638528517e-05
0.009540954763499945 0.7832919509623102 6.690064116128707e-05
0.01151395399326447 0.8421473778818825 5.909242179423773e-05
0.013894954943731374 0.8921649758276926 4.8678592015612135e-05
0.016768329368110076 0.9318714693963546 3.609052497932578e-05
0.020235896477251564 0.9609329682732397 2.490583824201241e-05
0.02442053094548651 0.9799884491047316 1.522107851713566e-05
0.029470517025518096 0.9911050588019124 8.183098615043961e-06
0.03556480306223128 0.9966424002144438 3.6092024551009526e-06
0.04291934260128776 0.9989653361614926 1.3295580541290366e-06
0.0517947467923121 0.99974893406622 3.725921243936993e-07
0.0625055192527397 0.9999547464222581 7.929423790268797e-08
0.07543120063354615 0.9999942474295663 1.1682409382655121e-08
0.09102981779915217 0.9999995234738605 1.1237304727666867e-09
0.10985411419875583 0.9999999763641153 6.428898400779501e-11
0.13257113655901082 0.9999999993703037 1.9778605825588873e-12
0.15998587196060574 0.9999999999919453 2.7779359013386646e-14
0.19306977288832497 0.9999999999999587 1.601767980836377e-16
0.2329951810515372 1.0 9.742800090890044e-19
0.2811768697974228 1.0 0.0
0.3393221771895326 1.0 0.0
0.4094915062380423 1.0 0.0
0.49417133613238334 1.0 0.0
0.5963623316594643 1.0 0.0
0.7196856730011514 1.0 0.0
0.868511373751352 1.0 0.0
1.0481131341546852 1.0 0.0
1.2648552168552958 1.0 0.0
1.5264179671752318 1.0 0.0
1.8420699693267144 1.0 0.0
2.2229964825261934 1.0 0.0
2.6826957952797246 1.0 0.0
3.2374575428176433 1.0 0.0
3.906939937054613 1.0 0.0
4.714866363457389 1.0 0.0
5.689866029018293 1.0 0.0
6.866488450042998 1.0 0.0
8.286427728546842 1.0 0.0
10.0 1.0 0.0
