0.001 0.00249751979346101 1.6223236627016584e-06
0.0012067926406393288 0.004206471683194387 2.7545292403851296e-06
0.0014563484775012444 0.007002188372039652 4.366174065389485e-06
0.0017575106248547913 0.011554668297308598 7.026356311784121e-06
0.0021209508879201904 0.01882480084148206 1.1154594847291592e-05
0.002559547922699536 0.03025651452997234 1.765819175932459e-05
0.0030888435964774815 0.04767979528525314 2.6041355897174165e-05
0.003727593720314938 0.07377076210917168 3.930038451582899e-05
0.004498432668969444 0.11130936079566518 5.4610611956099185e-05
0.005428675439323859 0.16353272432254157 7.565594926098813e-05
0.006551285568595509 0.2328053603545684 9.479367523870716e-05
0.0079060432109077 0.3202221297924342 0.00011864301296125305
0.009540954763499945 0.4237212546023638 0.00013216273938499652
0.01151395399326447 0.5378076957835392 0.00013850809391006163
0.013894954943731374 0.6540704700401119 0.00013533328942647455
0.016768329368110076 0.7613488776179507 0.00011632333495795817
0.020235896477251564 0.8506841619301863 8.985747303044564e-05
0.02442053094548651 0.9168535299749854 6.140757258531864e-05
0.029470517025518096 0.9594821654394847 3.595429880057548e-05
0.03556480306223128 0.9831796314141155 1.803582136199482e-05
0.04291934260128776 0.9942084752140272 7.402191490775986e-06
0.0517947467923121 0.9984049736468275 2.4075215494058283e-06
0.0625055192527397 0.9996624199860602 5.920766586292761e-07
0.07543120063354615 0.9999483007838745 1.0530756172796734e-07
0.09102981779915217 0.9999946065689667 1.260250025712913e-08
0.10985411419875583 0.9999996486446197 9.521787786488353e-10
0.13257113655901082 0.9999999869663303 4.0722751113257926e-11
0.15998587196060574 0.9999999997509645 8.526011025329418e-13
0.19306977288832497 0.9999999999979198 7.951018213878976e-15
0.2329951810515372 0.9999999999999938 2.786355901447243e-17
0.2811768697974228 1.0 0.0
0.3393221771895326 1.0 0.0
0.4094915062380423 1.0 0.0
0.49417133613238334 1.0 0.0
0.5963623316594643 1.0 0.0
0.7196856730011514 1.0 0.0
0.868511373751352 1.0 0.0
1.0481131341546852 1.0 0.0
1.2648552168552958 1.0 0.0
1.5264179671752318 1.0 0.0
1.8420699693267144 1.0 0.0
2.2229964825261934 1.0 0.0
2.6826957952797246 1.0 0.0
3.2374575428176433 1.0 0.0
3.906939937054613 1.0 0.0
4.714866363457389 1.0 0.0
5.689866029018293 1.0 0.0
6.866488450042998 1.0 0.0
8.286427728546842 1.0 0.0
10.0 1.0 0.0
