0.001 0.0019615020310023365 1.4446325708885226e-06
0.0012067926406393288 0.0033045306016916184 2.3807414166417022e-06
0.0014563484775012444 0.00553951491801576 3.7834873966407168e-06
0.0017575106248547913 0.009187652374648698 6.28036291583695e-06
0.0021209508879201904 0.015069476619724168 1.0671495796398128e-05
0.002559547922699536 0.024355781207129213 1.574911764416478e-05
0.0030888435964774815 0.0387473663774078 2.3892990074273066e-05
0.003727593720314938 0.06045567285938905 3.4979051567219894e-05
0.004498432668969444 0.0923849146785552 5.276884332763769e-05
0.005428675439323859 0.13733565887681934 6.976067915834887e-05
0.006551285568595509 0.19861014712935052 9.378568824017821e-05
0.0079060432109077 0.27748322487373306 0.0001139262221803143
0.009540954763499945 0.37411268600264985 0.00013627642523805734
0.01151395399326447 0.48436266781285076 0.00014799410646855566
0.013894954943731374 0.6006546605222097 0.0001480581361504292
0.016768329368110076 0.7135147662778724 0.00013748543407561165
0.020235896477251564 0.8119251572777382 0.00010947020449826402
0.02442053094548651 0.8893196284913781 8.093594428137148e-05
0.029470517025518096 0.9424554663665771 5.064606569813435e-05
0.03556480306223128 0.9741941074345399 2.7321882114180076e-05
0.04291934260128776 0.9902670773430474 1.2290823284508737e-05
0.0517947467923121 0.9970115989091278 4.47660459221442e-06
0.0625055192527397 0.9992792828289423 1.242678109461587e-06
0.07543120063354615 0.9998712410632712 2.6404969955534435e-07
0.09102981779915217 0.9999838058740821 3.833214599472465e-08
0.10985411419875583 0.9999986622763366 3.5418291028451862e-09
0.13257113655901082 0.9999999350041576 2.0216825853678857e-10
0.15998587196060574 0.9999999982776068 5.957608236976686e-12
0.19306977288832497 0.9999999999786509 8.378803194277829e-14
0.2329951810515372 0.9999999999998918 4.622370567183668e-16
0.2811768697974228 1.0 2.9192321674856322e-18
0.3393221771895326 1.0 0.0
0.4094915062380423 1.0 0.0
0.49417133613238334 1.0 0.0
0.5963623316594643 1.0 0.0
0.7196856730011514 1.0 0.0
0.868511373751352 1.0 0.0
1.0481131341546852 1.0 0.0
1.2648552168552958 1.0 0.0
1.5264179671752318 1.0 0.0
1.8420699693267144 1.0 0.0
2.2229964825261934 1.0 0.0
2.6826957952797246 1.0 0.0
3.2374575428176433 1.0 0.0
3.906939937054613 1.0 0.0
4.714866363457389 1.0 0.0
5.689866029018293 1.0 0.0
6.866488450042998 1.0 0.0
8.286427728546842 1.0 0.0
10.0 1.0 0.0
