0.001 0.0032564443615045358 1.9176313565273584e-06
0.0012067926406393288 0.005457889789013649 3.579222927520624e-06
0.0014563484775012444 0.009047900397504836 5.216661251043204e-06
0.0017575106248547913 0.014816736287294784 8.089416431521777e-06
0.0021209508879201904 0.024001872141675012 1.2963360735520752e-05
0.002559547922699536 0.0381916766205308 2.0661830006672957e-05
0.0030888435964774815 0.05964151371467941 2.998356898897354e-05
0.003727593720314938 0.09113171075234229 4.1966896697708644e-05
0.004498432668969444 0.13575568134762062 5.8578964044249026e-05
0.005428675439323859 0.19643963294688238 7.716826164025677e-05
0.006551285568595509 0.2749187227762399 9.853911940733421e-05
0.0079060432109077 0.3710147767073467 0.00011467460473011428
0.009540954763499945 0.4806915255489722 0.00012487683279876973
0.01151395399326447 0.5973497319729256 0.00012706674723937108
0.013894954943731374 0.7101897815816705 0.00011736536285186892
0.016768329368110076 0.8092591771180286 9.467400106104575e-05
0.020235896477251564 0.8873358840911516 6.926897330829388e-05
0.02442053094548651 0.9411655378058085 4.3980002031600815e-05
0.029470517025518096 0.9735538244278606 2.4144649477684407e-05
0.03556480306223128 0.9899613727686063 1.0760819229561918e-05
0.04291934260128776 0.9968992719450791 3.98123485019426e-06
0.0517947467923121 0.9992469954489221 1.117278203103975e-06
0.0625055192527397 0.9998642455989591 2.378639431663266e-07
0.07543120063354615 0.9999827423920691 3.504688553406249e-08
0.09102981779915217 0.999998570422301 3.371188752459672e-09
0.10985411419875583 0.999999929092347 1.928669446323697e-10
0.13257113655901082 0.9999999981109113 5.933581747675961e-12
0.15998587196060574 0.9999999999758368 8.333807665199737e-14
0.19306977288832497 0.9999999999998752 4.804949785327442e-16
0.2329951810515372 1.0 2.922840027267013e-18
0.2811768697974228 1.0 0.0
0.3393221771895326 1.0 0.0
0.4094915062380423 1.0 0.0
0.49417133613238334 1.0 0.0
0.5963623316594643 1.0 0.0
0.7196856730011514 1.0 0.0
0.868511373751352 1.0 0.0
1.0481131341546852 1.0 0.0
1.2648552168552958 1.0 0.0
1.5264179671752318 1.0 0.0
1.8420699693267144 1.0 0.0
2.2229964825261934 1.0 0.0
2.6826957952797246 1.0 0.0
3.2374575428176433 1.0 0.0
3.906939937054613 1.0 0.0
4.714866363457389 1.0 0.0
5.689866029018293 1.0 0.0
6.866488450042998 1.0 0.0
8.286427728546842 1.0 0.0
10.0 1.0 0.0
