0.001 0.21988390411788558 0.0014217660195399193
0.0012067926406393288 0.25550880223671885 0.001626829693667362
0.0014563484775012444 0.2938399339555814 0.0018444689313833116
0.0017575106248547913 0.3406762313542143 0.0020640962712920523
0.0021209508879201904 0.3889266394034172 0.002281267161536418
0.002559547922699536 0.43464309758769043 0.002481512822729881
0.0030888435964774815 0.4816098239601797 0.002643799488189587
0.003727593720314938 0.5356232320225949 0.0027636233437038837
0.004498432668969444 0.5895968359312457 0.002814729187202131
0.005428675439323859 0.6350273485444772 0.002788549755536815
0.006551285568595509 0.6835017876556791 0.0026899024854131685
0.0079060432109077 0.7207309114603995 0.0025078882401460157
0.009540954763499945 0.7625446583338874 0.0022645092656804135
0.01151395399326447 0.8021191773028541 0.001971702188653775
0.013894954943731374 0.8352345486739366 0.0016718077491378784
0.016768329368110076 0.8684181592928543 0.001360148168599711
0.020235896477251564 0.9001427716935637 0.0010669314659446328
0.02442053094548651 0.9301169858378046 0.000786536362162639
0.029470517025518096 0.9518436167732541 0.000588574435901978
0.03556480306223128 0.9695076291082151 0.00042482588078428284
0.04291934260128776 0.9829063266962217 0.00031661909276643735
0.0517947467923121 0.9910164486160018 0.00023160513140873824
0.0625055192527397 0.9950200686038244 0.0002478476418467035
0.07543120063354615 0.997921292782857 0.00014545709553701787
0.09102981779915217 0.9988519564937202 0.0001417159869444821
0.10985411419875583 0.9993042597258492 0.00012366932792742916
0.13257113655901082 0.9996605986130986 7.72542549854097e-05
0.15998587196060574 0.9997257085267449 8.58630701460704e-05
0.19306977288832497 0.9997734427008603 7.079120251286579e-05
0.2329951810515372 0.9998512701977201 4.2085947261303794e-05
0.2811768697974228 0.9997794108701675 0.0001008353656490821
0.3393221771895326 0.9998928987640922 6.0240957843274286e-05
0.4094915062380423 0.9999780609533649 1.0489914022635135e-05
0.49417133613238334 0.9999945039014503 2.4983497955519044e-06
0.5963623316594643 0.9999177174745091 6.668800878247957e-05
0.7196856730011514 0.9999865561662398 1.1504199761040817e-05
0.868511373751352 0.9999933401730788 4.435314781557188e-06
1.0481131341546852 0.9999996657409463 2.79192729005579e-07
1.2648552168552958 0.9999999852916488 1.2244593582827564e-08
1.5264179671752318 0.9999999702417621 2.973201541660279e-08
1.8420699693267144 0.9999882731765094 1.1725625837526874e-05
2.2229964825261934 0.9999999999859615 1.3061891757875179e-11
2.6826957952797246 0.9999999999939669 5.647372660244785e-12
3.2374575428176433 0.9999999659375477 3.405741323962029e-08
3.906939937054613 0.9999998519920853 1.4774438319944922e-07
4.714866363457389 1.0 0.0
5.689866029018293 0.9999999999998558 1.4416534286777744e-13
6.866488450042998 1.0 0.0
8.286427728546842 0.9999999524253308 4.757229051049309e-08
10.0 1.0 0.0
