0.001 0.21954278965286111 0.0014191139647833295
0.0012067926406393288 0.2579924598975605 0.0016258544890685575
0.0014563484775012444 0.29835686744006346 0.0018442310082208892
0.0017575106248547913 0.34503726098138326 0.0020661528932146376
0.0021209508879201904 0.3833587396948427 0.0022811546698856913
0.002559547922699536 0.43881645535132485 0.0024794913993465635
0.0030888435964774815 0.4847630340217917 0.0026496532264216255
0.003727593720314938 0.5335076863304268 0.0027583019894500205
0.004498432668969444 0.5864814058894671 0.0028118827494368857
0.005428675439323859 0.6352747389520274 0.0027935699910642286
0.006551285568595509 0.6822368690560888 0.00269357229066018
0.0079060432109077 0.7237055270273355 0.002514876144155043
0.009540954763499945 0.7667614639818358 0.002272404810343265
0.01151395399326447 0.798772576608151 0.001972798881754538
0.013894954943731374 0.8350846751037403 0.0016634478037732276
0.016768329368110076 0.8713801021966489 0.0013487414697450342
0.020235896477251564 0.9006789998077364 0.0010698363790985332
0.02442053094548651 0.9272776013983792 0.0008049342399633415
0.029470517025518096 0.9520041361010954 0.0005790386120853989
0.03556480306223128 0.9698243663340967 0.0004303672391059552
0.04291934260128776 0.9826162675250747 0.0003095908325523435
0.0517947467923121 0.9906880438111298 0.00026066132799876495
0.0625055192527397 0.9955354649174438 0.0001901314646612564
0.07543120063354615 0.9979097628943931 0.00015469895201957132
0.09102981779915217 0.9988899565450576 0.00015433242870648852
0.10985411419875583 0.9994582452078222 0.00011317668910857108
0.13257113655901082 0.9996092095964124 8.336205362430998e-05
0.15998587196060574 0.9997389205622063 8.336991291588222e-05
0.19306977288832497 0.9998709867481405 5.584461850366711e-05
0.2329951810515372 0.9998489200222737 5.7198117348158816e-05
0.2811768697974228 0.9997885993217321 9.232045337906362e-05
0.3393221771895326 0.9999809422230365 1.0402145463676079e-05
0.4094915062380423 0.9999892090058207 4.236608558650273e-06
0.49417133613238334 0.9999968052005596 1.8031558683631022e-06
0.5963623316594643 0.9999975880804989 1.1380149930675382e-06
0.7196856730011514 0.9999992012476628 3.727711263376139e-07
0.868511373751352 0.9999882021786063 1.1068040771081042e-05
1.0481131341546852 0.9999970251024999 1.724354974556349e-06
1.2648552168552958 0.9999999114322995 5.494004202344073e-08
1.5264179671752318 0.9999998756888888 1.016077296884461e-07
1.8420699693267144 0.9999999980195152 1.5698691549433867e-09
2.2229964825261934 0.9999978078719026 2.1744800063133545e-06
2.6826957952797246 0.9999999871966738 1.167320836863322e-08
3.2374575428176433 0.9999999996151339 2.9714052189862193e-10
3.906939937054613 0.9999999999999998 1.6284047580886623e-16
4.714866363457389 0.9999999999999992 7.71877269582004e-16
5.689866029018293 0.9999999999995489 4.511655380263454e-13
6.866488450042998 1.0 0.0
8.286427728546842 1.0 0.0
10.0 1.0 0.0
