0.001 0.023914481233740525 0.0002364606316497298
0.0012067926406393288 0.03640444374955159 0.00036494636000620085
0.0014563484775012444 0.05706373862418768 0.0005503087703344849
0.0017575106248547913 0.08217520465812833 0.0008062363075690974
0.0021209508879201904 0.11641902925133828 0.0011430708516000053
0.002559547922699536 0.16359074420692174 0.0015670390057698383
0.0030888435964774815 0.21781460959183224 0.002056614893759923
0.003727593720314938 0.2771139155467147 0.0025907628123324126
0.004498432668969444 0.34029017178160004 0.003112248717634824
0.005428675439323859 0.400988814633844 0.003561394312211857
0.006551285568595509 0.4612596457623519 0.0038798524790709943
0.0079060432109077 0.5097690720293344 0.004033979446521147
0.009540954763499945 0.5578519308280385 0.004003375269177307
0.01151395399326447 0.603381884733368 0.003798798670936723
0.013894954943731374 0.6539710801058304 0.003455460913419732
0.016768329368110076 0.7060634696761509 0.002983807672646542
0.020235896477251564 0.7598583761892985 0.0024602831800224056
0.02442053094548651 0.8175298758277382 0.0019023036609570195
0.029470517025518096 0.8731499265814328 0.0013683252474644694
0.03556480306223128 0.916736097193772 0.0010391758679377744
0.04291934260128776 0.9519889629459521 0.0007133738351501613
0.0517947467923121 0.9743223596206493 0.0005028570370592456
0.0625055192527397 0.9869352903307812 0.00047913281246684777
0.07543120063354615 0.9942261641395609 0.00034180236036308013
0.09102981779915217 0.9970374794456642 0.00030952201129127717
0.10985411419875583 0.9986515817751439 0.00020327292557248907
0.13257113655901082 0.9989464078473765 0.00020955231910913858
0.15998587196060574 0.999460504198249 0.0001360598947764441
0.19306977288832497 0.9996407732293306 0.00010796902507334678
0.2329951810515372 0.9996210396513816 9.406509935367614e-05
0.2811768697974228 0.9998491944405925 6.242398450151287e-05
0.3393221771895326 0.9998470176392337 7.207466225431993e-05
0.4094915062380423 0.9999339881721051 2.5987340478414258e-05
0.49417133613238334 0.9998467352412616 9.351343513848983e-05
0.5963623316594643 0.9999911722850935 4.191236926508359e-06
0.7196856730011514 0.999973319632238 1.4841590214867127e-05
0.868511373751352 0.9999969163034155 1.6790434044645464e-06
1.0481131341546852 0.9999912166093347 7.518465212159467e-06
1.2648552168552958 0.9999860099592621 1.3705316285318126e-05
1.5264179671752318 0.9999999703949548 2.676972608546618e-08
1.8420699693267144 0.9999999883442704 1.1615973947069655e-08
2.2229964825261934 0.9999999960469131 2.1722932612752145e-09
2.6826957952797246 0.9999997623778916 2.321099364478534e-07
3.2374575428176433 0.9999999999228733 5.106193273960446e-11
3.906939937054613 0.9999999969477272 3.052119733496112e-09
4.714866363457389 1.0 2.2317496019040604e-17
5.689866029018293 1.0 0.0
6.866488450042998 1.0 0.0
8.286427728546842 1.0 0.0
10.0 1.0 0.0
