0.001 0.27236047307546635 0.0017066721861984525
0.0012067926406393288 0.33960128858126337 0.0020370502209080404
0.0014563484775012444 0.4050631428429163 0.002436728365002286
0.0017575106248547913 0.48278586155926334 0.0027715172778286007
0.0021209508879201904 0.5616055947278069 0.0030159118307502967
0.002559547922699536 0.6195238674263382 0.0032621794569763335
0.0030888435964774815 0.6741733435084732 0.0034122836567092646
0.003727593720314938 0.7304634521005513 0.003366030504988474
0.004498432668969444 0.7693409704645628 0.0032861215307616524
0.005428675439323859 0.8018305707412775 0.0031172573686010473
0.006551285568595509 0.8316007175382903 0.0028744929852023084
0.0079060432109077 0.8508138625281914 0.002677991833411683
0.009540954763499945 0.8761957955995716 0.0023869297621820448
0.01151395399326447 0.8944638914163119 0.0021746831383334204
0.013894954943731374 0.915280397917695 0.001894010050949507
0.016768329368110076 0.9336063941861273 0.0016710630728418282
0.020235896477251564 0.9502911196423484 0.001400009802699242
0.02442053094548651 0.9606275262632847 0.0012654457842335293
0.029470517025518096 0.9718852986472389 0.001033946294684646
0.03556480306223128 0.9801573996109463 0.0008605309371568834
0.04291934260128776 0.9853194648004534 0.0007515067892089305
0.0517947467923121 0.9893600877775803 0.0006272076407012867
0.0625055192527397 0.9933398350111607 0.0004735675990420428
0.07543120063354615 0.9952207597497621 0.00038176444492672446
0.09102981779915217 0.9966937225470414 0.00033928087863975917
0.10985411419875583 0.9978296626914256 0.00025978120485945286
0.13257113655901082 0.9985741956033917 0.00023115048500227514
0.15998587196060574 0.999269803382839 0.00015038928431776284
0.19306977288832497 0.9991999922448321 0.00015816128866935256
0.2329951810515372 0.9995578903762607 0.00011141484602075036
0.2811768697974228 0.9998280194698004 6.580448262874336e-05
0.3393221771895326 0.9998970893421121 4.5575542958424894e-05
0.4094915062380423 0.9998058284864398 8.092316340393867e-05
0.49417133613238334 0.9999490481267636 2.145436613700079e-05
0.5963623316594643 0.9999716789543789 1.5370968064536123e-05
0.7196856730011514 0.9999661898465998 3.1483769673313456e-05
0.868511373751352 0.9999949137024526 4.299698174156166e-06
1.0481131341546852 0.9999943391831008 5.349522624868289e-06
1.2648552168552958 0.9999961857031305 2.629659782898577e-06
1.5264179671752318 0.9999956801057975 4.235037679401146e-06
1.8420699693267144 0.999999999115804 7.687641415778012e-10
2.2229964825261934 0.9999999978857762 2.090311140199701e-09
2.6826957952797246 0.9999999840198048 1.3195816662289556e-08
3.2374575428176433 0.9999999999983594 1.5968200460288209e-12
3.906939937054613 0.9999999999997327 2.601417122567021e-13
4.714866363457389 1.0 5.874748045952206e-20
5.689866029018293 0.9999999999999917 8.32385837897248e-15
6.866488450042998 1.0 1.4214323738740852e-18
8.286427728546842 1.0 2.2204460492503132e-20
10.0 0.9999999999999484 5.164772367715025e-14
