0.001 0.3173914770646771 0.0015521412714789972
0.0012067926406393288 0.3615352094718904 0.0017703670599794822
0.0014563484775012444 0.41639771734053366 0.001972682047518359
0.0017575106248547913 0.47230119163949386 0.002166326734341275
0.0021209508879201904 0.5311241962807474 0.0023352024578617834
0.002559547922699536 0.5893051288509836 0.0024885599187923005
0.0030888435964774815 0.6428886218524059 0.002601386830228739
0.003727593720314938 0.6905449487608327 0.002693284308562563
0.004498432668969444 0.7377245535910588 0.0027082185798738222
0.005428675439323859 0.7777521168812138 0.0026641137686741517
0.006551285568595509 0.807573522488451 0.002593123086548765
0.0079060432109077 0.836535372514982 0.0024432742523254614
0.009540954763499945 0.8642245038708883 0.0022378549482351
0.01151395399326447 0.8879991301385799 0.002020523756090513
0.013894954943731374 0.9076468404377039 0.0017864062819703385
0.016768329368110076 0.9208344225957382 0.001652110542897298
0.020235896477251564 0.9364840165925856 0.0014215965577267051
0.02442053094548651 0.9505645161919998 0.0012132430449881522
0.029470517025518096 0.962920024424492 0.0010311805188387437
0.03556480306223128 0.9692176894239201 0.0009306096229720056
0.04291934260128776 0.9788281855990637 0.0007465743774952521
0.0517947467923121 0.9831438078049392 0.0006834912887892765
0.0625055192527397 0.9886440925207095 0.0005261694616538125
0.07543120063354615 0.9921890842518373 0.00042760180141864363
0.09102981779915217 0.9943660341962053 0.0003830755217430637
0.10985411419875583 0.9959596922467524 0.0003082873219477002
0.13257113655901082 0.9970377058966987 0.0002578363036982936
0.15998587196060574 0.9982132039275304 0.00018987714951333886
0.19306977288832497 0.9986216097288041 0.00017281443710899535
0.2329951810515372 0.9990325228682732 0.00017246902945646284
0.2811768697974228 0.9995314947764015 9.946997002628649e-05
0.3393221771895326 0.999639641312998 9.325651001483985e-05
0.4094915062380423 0.9998879732660693 2.7806048022693428e-05
0.49417133613238334 0.99987461455302 3.693651301904732e-05
0.5963623316594643 0.9998930199490548 3.2969324600123347e-05
0.7196856730011514 0.9999870814282691 3.7702972027049855e-06
0.868511373751352 0.9999083900938973 5.7324246816913006e-05
1.0481131341546852 0.9999917244303517 3.7294999834911183e-06
1.2648552168552958 0.9999956760498093 3.3678276806779853e-06
1.5264179671752318 0.9999369214159156 6.022085082427163e-05
1.8420699693267144 0.9999945890201576 3.909572156771565e-06
2.2229964825261934 0.9999998382420879 1.355842646411241e-07
2.6826957952797246 0.9999999654401565 3.415612230057622e-08
3.2374575428176433 0.9999981356384509 1.074445036955505e-06
3.906939937054613 0.9999999823658176 1.1867109568230813e-08
4.714866363457389 0.9999997847020707 2.151844459871648e-07
5.689866029018293 0.9999999999999989 1.0233503322962724e-15
6.866488450042998 0.9999999999999792 1.848336813860122e-14
8.286427728546842 0.9999999997759844 2.2400445956779143e-10
10.0 1.0 1.1979352737781023e-17
