0.001 0.31948242295566526 0.0015539342301612443
0.0012067926406393288 0.3686408344631295 0.0017413768049281309
0.0014563484775012444 0.41493509641878773 0.0019789696176774705
0.0017575106248547913 0.4721328404307733 0.002176167416293682
0.0021209508879201904 0.5329865222100326 0.002326731274935841
0.002559547922699536 0.5821932442789991 0.002514580947760846
0.0030888435964774815 0.6335283434183137 0.0026693985018692037
0.003727593720314938 0.6912880677316117 0.0026951694293770377
0.004498432668969444 0.7370803324008167 0.0027165121510955787
0.005428675439323859 0.7781104365108156 0.0026740551377055443
0.006551285568595509 0.8141142331237635 0.0025569827644126336
0.0079060432109077 0.8384347069308007 0.0024510283833676476
0.009540954763499945 0.8644481000346669 0.002246627566340941
0.01151395399326447 0.882519437928769 0.002085975225396992
0.013894954943731374 0.9007079734928538 0.0018613628727853593
0.016768329368110076 0.9185849333495131 0.0016664799492202235
0.020235896477251564 0.9344463618884788 0.0014336520787318215
0.02442053094548651 0.9467199950122059 0.001299927653927256
0.029470517025518096 0.9588363441439754 0.0010951453996320881
0.03556480306223128 0.9695576248930627 0.0009281589557826288
0.04291934260128776 0.9770191154279859 0.0008107058526896718
0.0517947467923121 0.9825953652983473 0.0006907535420676692
0.0625055192527397 0.9878712026967787 0.0005434790612699185
0.07543120063354615 0.9912966581204914 0.0004532755384399863
0.09102981779915217 0.9938958831015238 0.0003874685893577528
0.10985411419875583 0.9957495833978554 0.00030928138081371586
0.13257113655901082 0.9972804183629717 0.000262948299957388
0.15998587196060574 0.9982688052137128 0.0001805638101405943
0.19306977288832497 0.998481631320305 0.00018865376165669762
0.2329951810515372 0.9990361207966949 0.0001389611287856047
0.2811768697974228 0.9995197890845163 8.527495245955662e-05
0.3393221771895326 0.9997386976693248 6.494645575816166e-05
0.4094915062380423 0.9996520731110266 9.373298225589957e-05
0.49417133613238334 0.9998336367268205 4.385593788009624e-05
0.5963623316594643 0.9998924817186037 3.256000519459477e-05
0.7196856730011514 0.999932618421916 3.842627319741263e-05
0.868511373751352 0.9999781685520517 1.353100872610386e-05
1.0481131341546852 0.9999778585985108 1.4392412611504087e-05
1.2648552168552958 0.9999794878272898 1.1576190130676268e-05
1.5264179671752318 0.9999858254546762 1.2519328774530177e-05
1.8420699693267144 0.9999997236315897 1.7173796656811414e-07
2.2229964825261934 0.9999996885083027 2.6568302152627854e-07
2.6826957952797246 0.9999989881313665 7.312128023660421e-07
3.2374575428176433 0.9999999914752316 7.394419044321132e-09
3.906939937054613 0.999999996320422 2.985190860209814e-09
4.714866363457389 0.9999999999998043 1.3404809152059374e-13
5.689866029018293 0.999999999473184 5.267338802119376e-10
6.866488450042998 0.9999999999931096 6.889430330367085e-12
8.286427728546842 0.9999999999999997 2.632557996287107e-16
10.0 0.9999999986878143 1.3120672270884664e-09
