0.001 0.05309023824172207 0.0004268133559498225
0.0012067926406393288 0.07887137176886315 0.000611900846755091
0.0014563484775012444 0.11497196890873543 0.0008749944853660897
0.0017575106248547913 0.16486450127936308 0.0011811788410794979
0.0021209508879201904 0.22359124264153907 0.001558233224670742
0.002559547922699536 0.2942408859576991 0.001993905845463324
0.0030888435964774815 0.3780884261663994 0.002419282670275632
0.003727593720314938 0.45746688431966587 0.0028571413927939156
0.004498432668969444 0.5401254674879343 0.003215248310719608
0.005428675439323859 0.6092363262670047 0.0034641961496638973
0.006551285568595509 0.6706141498716018 0.003602836512318026
0.0079060432109077 0.7203396095207041 0.0036069352986280484
0.009540954763499945 0.7541457612373607 0.0035259150266532457
0.01151395399326447 0.7937027665559817 0.003293545184846251
0.013894954943731374 0.8153786117898932 0.003127137987773653
0.016768329368110076 0.8435283616891335 0.0028271872075106615
0.020235896477251564 0.8689980073858569 0.0025738111412760226
0.02442053094548651 0.8877533507996269 0.002340090765907216
0.029470517025518096 0.912777196937679 0.002017039501464531
0.03556480306223128 0.933859595126136 0.0017261160618041516
0.04291934260128776 0.9479244899614929 0.0015384748183615402
0.0517947467923121 0.9622203142992203 0.0013051016844355156
0.0625055192527397 0.9737402061697168 0.0010394448862291374
0.07543120063354615 0.9801964709363643 0.0009176508727397484
0.09102981779915217 0.9868748585146857 0.0007313435772527101
0.10985411419875583 0.9892502924599421 0.0006781196172684629
0.13257113655901082 0.9939423417954429 0.0004863194660675233
0.15998587196060574 0.9951083742472386 0.0004292405197028194
0.19306977288832497 0.9970208219880334 0.00036584330691481954
0.2329951810515372 0.9978691171901181 0.00027364730702096287
0.2811768697974228 0.9988534465932848 0.000190954802426595
0.3393221771895326 0.9992947049392438 0.0001423119982846115
0.4094915062380423 0.9995416568638775 9.960861428172412e-05
0.49417133613238334 0.9995983707217457 0.00011948540170140753
0.5963623316594643 0.9996110536064765 0.00014353291528374014
0.7196856730011514 0.9998350864140526 5.7619577738627804e-05
0.868511373751352 0.9999274410818478 3.4287626056104696e-05
1.0481131341546852 0.9998438964588464 7.066781561594659e-05
1.2648552168552958 0.9999742962754848 1.6860041583737726e-05
1.5264179671752318 0.9999961760382282 3.591547583705816e-06
1.8420699693267144 0.9999995622020775 3.1398937859252945e-07
2.2229964825261934 0.9999535396742733 4.613161511682508e-05
2.6826957952797246 0.9999797579516975 1.4236690630952953e-05
3.2374575428176433 0.9999990348642205 9.393105901027092e-07
3.906939937054613 0.9999999013047125 9.868856555720468e-08
4.714866363457389 0.9999999999998521 1.0101012532344352e-13
5.689866029018293 0.9999999994690657 5.26654208293516e-10
6.866488450042998 0.9999999892674356 9.336796266242757e-09
8.286427728546842 0.999929566156293 7.043020433772571e-05
10.0 1.0 8.306731405263948e-17
