0.001 0.1430346191730382 0.0008277505600960881
0.0012067926406393288 0.16964577441647724 0.0009540063668289327
0.0014563484775012444 0.20057823910965022 0.0010964977689305112
0.0017575106248547913 0.2338222363288698 0.0012742217645040342
0.0021209508879201904 0.2710087458648064 0.001431060076258758
0.002559547922699536 0.31458412708892913 0.0016066476846974104
0.0030888435964774815 0.3631479100583354 0.0017829984431205976
0.003727593720314938 0.4106335893957506 0.0019470722283956828
0.004498432668969444 0.4666891286058852 0.0021089785308856497
0.005428675439323859 0.5182514354020546 0.002230262017962378
0.006551285568595509 0.5817383187833207 0.0023138059358164885
0.0079060432109077 0.6317517632503711 0.0023753841237518975
0.009540954763499945 0.6868649912410432 0.0023909147978744545
0.01151395399326447 0.7384826702436893 0.002363492060644851
0.013894954943731374 0.7831712313222327 0.0023108365618774713
0.016768329368110076 0.8227874213813339 0.002214294492124915
0.020235896477251564 0.8545020640775524 0.0020957422521227327
0.02442053094548651 0.8827396874480546 0.0019820720918842165
0.029470517025518096 0.9015549110238859 0.0018854745733684253
0.03556480306223128 0.9222872859973417 0.0017552154431842507
0.04291934260128776 0.9384117051794889 0.0015705344679457234
0.0517947467923121 0.9494165368347767 0.001487910105764424
0.0625055192527397 0.9595087480567669 0.001353026346263273
0.07543120063354615 0.9663611622612925 0.0012599791931214
0.09102981779915217 0.9723344630617979 0.0011637787295325267
0.10985411419875583 0.9768771863305048 0.001080159704901117
0.13257113655901082 0.9812393624248241 0.001001247055927344
0.15998587196060574 0.9837892700642338 0.0009454994748970786
0.19306977288832497 0.986709472261605 0.0008652878637074551
0.2329951810515372 0.9885948543589711 0.0007850013374280884
0.2811768697974228 0.9911387577193098 0.0007051483861314836
0.3393221771895326 0.9921987051667446 0.0006782751194198793
0.4094915062380423 0.9928963980359197 0.0006473906717708017
0.49417133613238334 0.9926223186638709 0.0006939265217565039
0.5963623316594643 0.9942526170088754 0.0006040849211549408
0.7196856730011514 0.9952746645848949 0.0005312968369099136
0.868511373751352 0.995588531357224 0.0005479990803974526
1.0481131341546852 0.9959565924717981 0.0005164456795900352
1.2648552168552958 0.9973020445720014 0.0004383091346822178
1.5264179671752318 0.9964867479516178 0.0004988643601755924
1.8420699693267144 0.9971775271124217 0.0004653681486522016
2.2229964825261934 0.9972667090269024 0.00046849983340465593
2.6826957952797246 0.9974515228414695 0.00046119232723573447
3.2374575428176433 0.9979860371996072 0.00039953007025745517
3.906939937054613 0.9983454605384879 0.0003785746986224692
4.714866363457389 0.9981448677676049 0.00041375937249975693
5.689866029018293 0.99829306250541 0.00040049985795209545
6.866488450042998 0.9979430636155728 0.00044697554983764835
8.286427728546842 0.9977618943099449 0.0004685841680551775
10.0 0.9984899458646581 0.0003870146772927056
