0.001 0.14375688584180982 0.0008153213964237616
0.0012067926406393288 0.16880927821191874 0.0009622010942131566
0.0014563484775012444 0.19994749634832532 0.0010878130354679725
0.0017575106248547913 0.23416618666498548 0.0012553742524006196
0.0021209508879201904 0.2711727625194836 0.0014357646577085592
0.002559547922699536 0.3167009040050412 0.001613086134241426
0.0030888435964774815 0.3621126626981843 0.0017823913199046903
0.003727593720314938 0.414809547163658 0.001931048171089331
0.004498432668969444 0.46978278950150354 0.0020824628780761315
0.005428675439323859 0.5236550712132849 0.002236877728730209
0.006551285568595509 0.5808218060852692 0.0023171769334537
0.0079060432109077 0.6398248167254523 0.0023630329548141936
0.009540954763499945 0.6910169908255762 0.002397382904132586
0.01151395399326447 0.7361399779625982 0.002402140439620176
0.013894954943731374 0.7881847990324126 0.0022722085993126103
0.016768329368110076 0.8205963449448515 0.0022400554424969383
0.020235896477251564 0.8554540650293917 0.00210447494480232
0.02442053094548651 0.8870143519578069 0.001946306101652943
0.029470517025518096 0.9088673608169091 0.0017914539190254026
0.03556480306223128 0.9246317266564954 0.0017113569029607425
0.04291934260128776 0.9392550939354797 0.0015825367322262831
0.0517947467923121 0.9540280445480585 0.0013941494955518466
0.0625055192527397 0.9587067919809599 0.001362879729916586
0.07543120063354615 0.9673487952871693 0.001234815506370867
0.09102981779915217 0.9726290857808283 0.0011614935040033132
0.10985411419875583 0.9770644725599341 0.0010740323013881433
0.13257113655901082 0.981736087686991 0.0009672601188257636
0.15998587196060574 0.9833605007087007 0.0009412926024800893
0.19306977288832497 0.9870419275190632 0.0008385373475975057
0.2329951810515372 0.9881988368214146 0.0008167645864871299
0.2811768697974228 0.991028750298355 0.00070500527735747
0.3393221771895326 0.993017415535659 0.000630155777505458
0.4094915062380423 0.9932571329899172 0.0006489925484086956
0.49417133613238334 0.9938101157163335 0.0006211182295505095
0.5963623316594643 0.9941306073661402 0.0006321464616633025
0.7196856730011514 0.995210005083764 0.0005605928904562678
0.868511373751352 0.9957114190784653 0.000545841597908122
1.0481131341546852 0.9964247589679833 0.0004825713174886262
1.2648552168552958 0.9964261984300281 0.0005136427462709436
1.5264179671752318 0.997153984443387 0.0004687444834460424
1.8420699693267144 0.9966193976704398 0.0005035581636399025
2.2229964825261934 0.9975410899952615 0.00044125733172803395
2.6826957952797246 0.997408006229448 0.0004682448402211795
3.2374575428176433 0.9977944763528268 0.0004312085012925393
3.906939937054613 0.9981247761988601 0.00040336722411508046
4.714866363457389 0.9982324872505731 0.00040110146386641745
5.689866029018293 0.9984169330693851 0.00038742739999667687
6.866488450042998 0.9983594019631143 0.0003997764116508271
8.286427728546842 0.9987805570542225 0.0003462240782326894
10.0 0.9990912889468267 0.0002998680881822886
