0.001 0.14376577534855173 0.0008287801129604598
0.0012067926406393288 0.1683031254695227 0.0009598893664383518
0.0014563484775012444 0.1989503971475292 0.0011084146900803295
0.0017575106248547913 0.23382445776447097 0.001267136071927063
0.0021209508879201904 0.2718250607493172 0.0014214805769478323
0.002559547922699536 0.31542873783739617 0.0016043349521607409
0.0030888435964774815 0.3616609078393612 0.0017887909955196584
0.003727593720314938 0.4117723199235989 0.0019278019259585536
0.004498432668969444 0.46982592041113574 0.0020820709071010996
0.005428675439323859 0.522175866749491 0.0022228288701799785
0.006551285568595509 0.5798823407231729 0.0023072149890770864
0.0079060432109077 0.6372940676312978 0.0023870738667113372
0.009540954763499945 0.6887618138160709 0.0023923652637255406
0.01151395399326447 0.7397393095607729 0.0023458450219824897
0.013894954943731374 0.7813824003458006 0.0023502170529245735
0.016768329368110076 0.8202135744949246 0.002246095754874626
0.020235896477251564 0.8567692088427183 0.002089271947280816
0.02442053094548651 0.8834964038928361 0.001994926629497664
0.029470517025518096 0.9029728048816702 0.0018946371805332078
0.03556480306223128 0.9201249480939121 0.0017809539084569783
0.04291934260128776 0.9376981121115401 0.0016108706778473513
0.0517947467923121 0.9506038359424632 0.0014640489431884485
0.0625055192527397 0.9601690747694709 0.0013624747697302125
0.07543120063354615 0.9655323936658322 0.0012918191562026865
0.09102981779915217 0.9718097664661016 0.0011945510071940649
0.10985411419875583 0.977139674939479 0.001070005335213259
0.13257113655901082 0.9802424650780045 0.001028440895403586
0.15998587196060574 0.9850493729908636 0.0008776272870826498
0.19306977288832497 0.9859036622234766 0.0008894932252563119
0.2329951810515372 0.9886982105427371 0.0007806329001958156
0.2811768697974228 0.9898604092780926 0.0007755684351013149
0.3393221771895326 0.9912428846590182 0.0007098714786482563
0.4094915062380423 0.9931593613598523 0.000647889041475491
0.49417133613238334 0.9929327869706897 0.0006757920618213653
0.5963623316594643 0.9952057576318529 0.000544644375116981
0.7196856730011514 0.9953029902498065 0.0005660843519191808
0.868511373751352 0.9961370157327069 0.0005194264943280385
1.0481131341546852 0.9961305474646608 0.0005200904649727968
1.2648552168552958 0.996849308399499 0.0004977004647153544
1.5264179671752318 0.9973065500438937 0.0004453050530097995
1.8420699693267144 0.9971072641637183 0.00045123002715842156
2.2229964825261934 0.9975599578884565 0.0004228253988059606
2.6826957952797246 0.9974663356018245 0.00045961131692178587
3.2374575428176433 0.9978305879503556 0.00042211874579868634
3.906939937054613 0.9985774906918352 0.00033793475097934465
4.714866363457389 0.9977304372813224 0.000449416724851353
5.689866029018293 0.9979282512742546 0.00044718301069458246
6.866488450042998 0.9982289677086311 0.00041220493335561057
8.286427728546842 0.9981715579042815 0.0004239226072489522
10.0 0.9984879649577215 0.00038701344465789857
