0.001 0.21823951247897258 6.474338122605238e-06
0.0012067926406393288 0.28414647813108657 7.917289613370121e-06
0.0014563484775012444 0.3625944495015892 9.203036766891596e-06
0.0017575106248547913 0.45223362464503924 1.0199560326868144e-05
0.0021209508879201904 0.5497330954825547 1.0933241194155941e-05
0.002559547922699536 0.6497797823439366 1.0851270566313613e-05
0.0030888435964774815 0.7455441000530959 9.971097007905017e-06
0.003727593720314938 0.8299073904298683 8.34460700472202e-06
0.004498432668969444 0.897230378846975 6.298935101984278e-06
0.005428675439323859 0.9450360059534545 4.1974249570994125e-06
0.006551285568595509 0.9746053820109187 2.400874470920439e-06
0.0079060432109077 0.9901550761101605 1.126021728601506e-06
0.009540954763499945 0.9969037456707641 4.2885753952983717e-07
0.01151395399326447 0.9992415246023382 1.2595194923254817e-07
0.013894954943731374 0.9998619607134431 2.8341120186315667e-08
0.016768329368110076 0.9999824305120432 4.375223995876359e-09
0.020235896477251564 0.9999985434779989 4.38037107674864e-10
0.02442053094548651 0.999999927855054 2.6313410138022693e-11
0.029470517025518096 0.9999999980837058 8.526508033127055e-13
0.03556480306223128 0.9999999999759288 1.2925517648143977e-14
0.04291934260128776 0.999999999999878 7.955658333217545e-17
0.0517947467923121 1.0 1.8519105770658445e-18
0.0625055192527397 1.0 1.4477240129109814e-18
0.07543120063354615 1.0 1.916284820637008e-18
0.09102981779915217 1.0 2.1522296875205093e-18
0.10985411419875583 1.0 0.0
0.13257113655901082 1.0 0.0
0.15998587196060574 1.0 0.0
0.19306977288832497 1.0 0.0
0.2329951810515372 1.0 0.0
0.2811768697974228 1.0 0.0
0.3393221771895326 1.0 0.0
0.4094915062380423 1.0 0.0
0.49417133613238334 1.0 0.0
0.5963623316594643 1.0 0.0
0.7196856730011514 1.0 0.0
0.868511373751352 1.0 0.0
1.0481131341546852 1.0 0.0
1.2648552168552958 1.0 0.0
1.5264179671752318 1.0 0.0
1.8420699693267144 1.0 0.0
2.2229964825261934 1.0 0.0
2.6826957952797246 1.0 0.0
3.2374575428176433 1.0 0.0
3.906939937054613 1.0 0.0
4.714866363457389 1.0 0.0
5.689866029018293 1.0 0.0
6.866488450042998 1.0 0.0
8.286427728546842 1.0 0.0
10.0 1.0 0.0
