0.001 0.21815476236812884 6.565105741264735e-06
0.0012067926406393288 0.2840515370598016 7.8649946544949e-06
0.0014563484775012444 0.362490822189306 9.316610856737465e-06
0.0017575106248547913 0.45209947286171137 1.0461198885165351e-05
0.0021209508879201904 0.5496019872177077 1.1011343290062579e-05
0.002559547922699536 0.6496588931884447 1.094640212634507e-05
0.0030888435964774815 0.7454315263759772 1.0081754206367219e-05
0.003727593720314938 0.8297896819465416 8.482393319329811e-06
0.004498432668969444 0.8971389641238877 6.4390920060788544e-06
0.005428675439323859 0.9449867668915934 4.210854320106422e-06
0.006551285568595509 0.9745789652384512 2.4233056109144e-06
0.0079060432109077 0.9901415111341839 1.1470375926672332e-06
0.009540954763499945 0.9968985729854141 4.327713232243971e-07
0.01151395399326447 0.9992395749451398 1.317519420761833e-07
0.013894954943731374 0.9998616110827606 2.8838669133147737e-08
0.016768329368110076 0.9999823805199439 4.456168754159496e-09
0.020235896477251564 0.999998538171017 4.382684908962621e-10
0.02442053094548651 0.9999999275490287 2.674411895195893e-11
0.029470517025518096 0.9999999980733298 8.515094647700423e-13
0.03556480306223128 0.9999999999757853 1.3112237478912057e-14
0.04291934260128776 0.999999999999877 8.0498831756487e-17
0.0517947467923121 1.0 2.0552024497340292e-18
0.0625055192527397 1.0 1.2531265855673068e-18
0.07543120063354615 1.0 2.1752439672663803e-18
0.09102981779915217 1.0 1.4095898002700728e-18
0.10985411419875583 1.0 0.0
0.13257113655901082 1.0 0.0
0.15998587196060574 1.0 0.0
0.19306977288832497 1.0 0.0
0.2329951810515372 1.0 0.0
0.2811768697974228 1.0 0.0
0.3393221771895326 1.0 0.0
0.4094915062380423 1.0 0.0
0.49417133613238334 1.0 0.0
0.5963623316594643 1.0 0.0
0.7196856730011514 1.0 0.0
0.868511373751352 1.0 0.0
1.0481131341546852 1.0 0.0
1.2648552168552958 1.0 0.0
1.5264179671752318 1.0 0.0
1.8420699693267144 1.0 0.0
2.2229964825261934 1.0 0.0
2.6826957952797246 1.0 0.0
3.2374575428176433 1.0 0.0
3.906939937054613 1.0 0.0
4.714866363457389 1.0 0.0
5.689866029018293 1.0 0.0
6.866488450042998 1.0 0.0
8.286427728546842 1.0 0.0
10.0 1.0 0.0
