0.001 0.21826456715104584 6.482385009311563e-06
0.0012067926406393288 0.28419809259143697 7.77661710103897e-06
0.0014563484775012444 0.3626454518690962 9.19345964486706e-06
0.0017575106248547913 0.4522653826271183 1.0324549594497941e-05
0.0021209508879201904 0.5497882652420887 1.084427303594137e-05
0.002559547922699536 0.6498546986389767 1.0697797016304318e-05
0.0030888435964774815 0.7456038832842827 9.98102545424481e-06
0.003727593720314938 0.829939414791363 8.43268290474012e-06
0.004498432668969444 0.8972674254490712 6.254738625522187e-06
0.005428675439323859 0.9450614293924111 4.126373121642616e-06
0.006551285568595509 0.9746206117496958 2.348244018751585e-06
0.0079060432109077 0.9901621833708166 1.1179766150466583e-06
0.009540954763499945 0.9969058369049814 4.31531678658177e-07
0.01151395399326447 0.9992417107648199 1.297477247864698e-07
0.013894954943731374 0.9998621355717867 2.8138496473194376e-08
0.016768329368110076 0.9999824494931503 4.379231200474941e-09
0.020235896477251564 0.9999985455634138 4.365813906020555e-10
0.02442053094548651 0.9999999280137021 2.612731791035207e-11
0.029470517025518096 0.9999999980881634 8.402210660005553e-13
0.03556480306223128 0.9999999999759859 1.2850156079308816e-14
0.04291934260128776 0.9999999999998781 7.84137624862716e-17
0.0517947467923121 1.0 1.111776250361633e-18
0.0625055192527397 1.0 1.256466428749113e-18
0.07543120063354615 1.0 2.1783017111741857e-18
0.09102981779915217 1.0 2.1423564955882106e-18
0.10985411419875583 1.0 0.0
0.13257113655901082 1.0 0.0
0.15998587196060574 1.0 0.0
0.19306977288832497 1.0 0.0
0.2329951810515372 1.0 0.0
0.2811768697974228 1.0 0.0
0.3393221771895326 1.0 0.0
0.4094915062380423 1.0 0.0
0.49417133613238334 1.0 0.0
0.5963623316594643 1.0 0.0
0.7196856730011514 1.0 0.0
0.868511373751352 1.0 0.0
1.0481131341546852 1.0 0.0
1.2648552168552958 1.0 0.0
1.5264179671752318 1.0 0.0
1.8420699693267144 1.0 0.0
2.2229964825261934 1.0 0.0
2.6826957952797246 1.0 0.0
3.2374575428176433 1.0 0.0
3.906939937054613 1.0 0.0
4.714866363457389 1.0 0.0
5.689866029018293 1.0 0.0
6.866488450042998 1.0 0.0
8.286427728546842 1.0 0.0
10.0 1.0 0.0
