0.001 0.02746967964327427 1.4183495018951738e-06
0.0012067926406393288 0.04350309202498316 2.157329693598363e-06
0.0014563484775012444 0.06756149723456863 3.1799183297029604e-06
0.0017575106248547913 0.10254009470060461 4.5078937459865945e-06
0.0021209508879201904 0.15154669691682687 6.275522744281039e-06
0.002559547922699536 0.2172716912879814 8.196225856411206e-06
0.0030888435964774815 0.30106934342777397 1.0137223741761719e-05
0.003727593720314938 0.4016668137355636 1.1907832119667011e-05
0.004498432668969444 0.5143690393348316 1.2752640795103797e-05
0.005428675439323859 0.6309123732440843 1.264589583583435e-05
0.006551285568595509 0.7409756757090248 1.1428689153142511e-05
0.0079060432109077 0.8346798481317699 9.075165253991205e-06
0.009540954763499945 0.9056432242439654 6.425349870034259e-06
0.01151395399326447 0.9527572889161805 4.030329976493082e-06
0.013894954943731374 0.9797275534298621 2.072339247446973e-06
0.016768329368110076 0.992743594677856 9.014039055726531e-07
0.020235896477251564 0.9979079756472525 3.1729838345726663e-07
0.02442053094548651 0.9995341573779141 8.549548703982928e-08
0.029470517025518096 0.9999240311969084 1.666872955784223e-08
0.03556480306223128 0.9999914854175121 2.255404993565414e-09
0.04291934260128776 0.9999993929941094 1.9696016037374282e-10
0.0517947467923121 0.9999999749418795 9.606882735897226e-12
0.0625055192527397 0.999999999465165 2.505906127008171e-13
0.07543120063354615 0.999999999994836 2.946314677540669e-15
0.09102981779915217 0.9999999999999809 1.31027202487669e-17
0.10985411419875583 1.0 0.0
0.13257113655901082 1.0 0.0
0.15998587196060574 1.0 0.0
0.19306977288832497 1.0 0.0
0.2329951810515372 1.0 0.0
0.2811768697974228 1.0 0.0
0.3393221771895326 1.0 0.0
0.4094915062380423 1.0 0.0
0.49417133613238334 1.0 0.0
0.5963623316594643 1.0 0.0
0.7196856730011514 1.0 0.0
0.868511373751352 1.0 0.0
1.0481131341546852 1.0 0.0
1.2648552168552958 1.0 0.0
1.5264179671752318 1.0 0.0
1.8420699693267144 1.0 0.0
2.2229964825261934 1.0 0.0
2.6826957952797246 1.0 0.0
3.2374575428176433 1.0 0.0
3.906939937054613 1.0 0.0
4.714866363457389 1.0 0.0
5.689866029018293 1.0 0.0
6.866488450042998 1.0 0.0
8.286427728546842 1.0 0.0
10.0 1.0 0.0
