0.001 0.02748751256154163 1.3992677723296664e-06
0.0012067926406393288 0.04353696547603554 2.107528365595538e-06
0.0014563484775012444 0.06760389209819145 3.1555655863190297e-06
0.0017575106248547913 0.10259178817487714 4.537391493610754e-06
0.0021209508879201904 0.15162595763611594 6.185256925419604e-06
0.002559547922699536 0.217396015212158 8.053751891643686e-06
0.0030888435964774815 0.30120144159929535 1.0129707162156224e-05
0.003727593720314938 0.4018114462283093 1.1849124095103078e-05
0.004498432668969444 0.5145479586830953 1.2587007567452754e-05
0.005428675439323859 0.6311089849685348 1.2412440969299112e-05
0.006551285568595509 0.7411294299838499 1.114999334545692e-05
0.0079060432109077 0.8347990695019536 8.982039581302118e-06
0.009540954763499945 0.9057250680254554 6.405910179346233e-06
0.01151395399326447 0.9528123606143647 3.9764022962048765e-06
0.013894954943731374 0.979756016698757 2.0457377410672173e-06
0.016768329368110076 0.9927561235775216 8.966428723521133e-07
0.020235896477251564 0.997912347655782 3.1080311400667575e-07
0.02442053094548651 0.9995354093253763 8.353178865181902e-08
0.029470517025518096 0.9999242860016224 1.6453108702840222e-08
0.03556480306223128 0.9999915152229829 2.240191316552644e-09
0.04291934260128776 0.9999993958178129 1.9205588014963682e-10
0.0517947467923121 0.9999999750813607 9.638884183423196e-12
0.0625055192527397 0.9999999994682829 2.508260308188137e-13
0.07543120063354615 0.9999999999948778 2.9382006772360355e-15
0.09102981779915217 0.9999999999999809 1.2879204393142404e-17
0.10985411419875583 1.0 0.0
0.13257113655901082 1.0 0.0
0.15998587196060574 1.0 0.0
0.19306977288832497 1.0 0.0
0.2329951810515372 1.0 0.0
0.2811768697974228 1.0 0.0
0.3393221771895326 1.0 0.0
0.4094915062380423 1.0 0.0
0.49417133613238334 1.0 0.0
0.5963623316594643 1.0 0.0
0.7196856730011514 1.0 0.0
0.868511373751352 1.0 0.0
1.0481131341546852 1.0 0.0
1.2648552168552958 1.0 0.0
1.5264179671752318 1.0 0.0
1.8420699693267144 1.0 0.0
2.2229964825261934 1.0 0.0
2.6826957952797246 1.0 0.0
3.2374575428176433 1.0 0.0
3.906939937054613 1.0 0.0
4.714866363457389 1.0 0.0
5.689866029018293 1.0 0.0
6.866488450042998 1.0 0.0
8.286427728546842 1.0 0.0
10.0 1.0 0.0
