0.001 0.03674276992184106 0.0006630693065833522
0.0012067926406393288 0.049703513008061875 0.0008325067499750233
0.0014563484775012444 0.06517064102418538 0.0009972089262675406
0.0017575106248547913 0.08633348518535583 0.0012183147102171566
0.0021209508879201904 0.11001399446594295 0.0013459339256323716
0.002559547922699536 0.14269508956959281 0.0015811054192194653
0.0030888435964774815 0.18384732256180802 0.0017985774094317493
0.003727593720314938 0.22806763301859684 0.001996246414232165
0.004498432668969444 0.28838071318868735 0.0022056302240016715
0.005428675439323859 0.3399317071336877 0.002324848091646257
0.006551285568595509 0.4114349274034506 0.0025437829565050207
0.0079060432109077 0.48236045714200493 0.0026538784092567155
0.009540954763499945 0.5598916222890277 0.002744509147937117
0.01151395399326447 0.6315992524927351 0.002756513566504945
0.013894954943731374 0.6955061027834593 0.0027406779442657346
0.016768329368110076 0.7533860305818414 0.002656692625700779
0.020235896477251564 0.8062975461409013 0.00246511628482303
0.02442053094548651 0.8483134690588607 0.0022668461171555933
0.029470517025518096 0.8842710482886396 0.002054608663814234
0.03556480306223128 0.9154353752044896 0.0018060333666578773
0.04291934260128776 0.936418961032468 0.0015884093937153238
0.0517947467923121 0.9502879913294829 0.0014239202419834135
0.0625055192527397 0.9647846373066732 0.0012033052754575238
0.07543120063354615 0.9747842657048083 0.0010000976914650397
0.09102981779915217 0.9793784091677961 0.0009515093565355321
0.10985411419875583 0.9853294460847437 0.0007920558405803239
0.13257113655901082 0.9888479966852759 0.0007037204591723891
0.15998587196060574 0.9922064307292047 0.0005670627358508399
0.19306977288832497 0.9943524647879827 0.0004999880839285795
0.2329951810515372 0.9957742912705444 0.00043175670258691317
0.2811768697974228 0.9975449359826093 0.0002768122688801693
0.3393221771895326 0.9979324126061094 0.0002673645560012807
0.4094915062380423 0.9984219637764028 0.0002541989666658608
0.49417133613238334 0.9989703775278939 0.00021139314189849208
0.5963623316594643 0.9992247091591373 0.00019345668967994106
0.7196856730011514 0.999346442949447 0.00016549478272739687
0.868511373751352 0.9995150034228089 0.00013077476417250252
1.0481131341546852 0.9998122721541122 6.977851098317931e-05
1.2648552168552958 0.9999451613689228 1.784654620006683e-05
1.5264179671752318 0.9998106336592282 9.907445836527482e-05
1.8420699693267144 0.9997964733354946 9.043712771353624e-05
2.2229964825261934 0.9999565281111216 1.843959654084192e-05
2.6826957952797246 0.9998700584898268 6.896819279451727e-05
3.2374575428176433 0.999993088830362 3.6746622186104987e-06
3.906939937054613 0.9999951481940083 1.9317295773220886e-06
4.714866363457389 0.9999866094546982 1.3153341238437771e-05
5.689866029018293 0.9999699848049537 1.492265765738958e-05
6.866488450042998 0.9999962897633057 3.700747320109737e-06
8.286427728546842 0.9999968729821798 2.2086064348456097e-06
10.0 0.9999999997549442 1.4145258093913318e-10
