0.001 0.09578013680171056 0.0007463658798974013
0.0012067926406393288 0.11175436160132542 0.0008374410784272922
0.0014563484775012444 0.13470477187411464 0.0009743404451951856
0.0017575106248547913 0.15626782386859472 0.001091038281979611
0.0021209508879201904 0.1861792967062657 0.0012720116682968055
0.002559547922699536 0.21738978920851282 0.0013918586073009206
0.0030888435964774815 0.25157759482319053 0.0015224199351899536
0.003727593720314938 0.29251652876149553 0.0016651504926118966
0.004498432668969444 0.3328908330622084 0.0017750373864231428
0.005428675439323859 0.3828127940593655 0.0019067916926947372
0.006551285568595509 0.43498937160111917 0.0019944019943215724
0.0079060432109077 0.48439531119754164 0.0020917160128088607
0.009540954763499945 0.5400848939568822 0.002146195517784628
0.01151395399326447 0.6007279201484291 0.0021796074418980096
0.013894954943731374 0.6548535251620404 0.002222042174831256
0.016768329368110076 0.7091747860307656 0.0021661162624332327
0.020235896477251564 0.7593418016342753 0.0021119127540032935
0.02442053094548651 0.8054588326065747 0.0020133776239223706
0.029470517025518096 0.8451713605070172 0.0018812836098804143
0.03556480306223128 0.8789797018420182 0.0017269910828158215
0.04291934260128776 0.906805498543429 0.0015709901798198213
0.0517947467923121 0.9262314341456529 0.0014301099311737123
0.0625055192527397 0.9433359349434659 0.0012936421493140052
0.07543120063354615 0.9586971707962831 0.001081765330537811
0.09102981779915217 0.9687897407010859 0.0009640735079791845
0.10985411419875583 0.9754445787090681 0.0008733663373492577
0.13257113655901082 0.9830407598489616 0.0006929995380968813
0.15998587196060574 0.9879117396023288 0.0006219042875747189
0.19306977288832497 0.9915288159576762 0.000476385974891996
0.2329951810515372 0.993893913763134 0.00042166264262231886
0.2811768697974228 0.9955185890205357 0.0003689257084421872
0.3393221771895326 0.9962729869669489 0.0003203615029913938
0.4094915062380423 0.99729878544771 0.00028715508862756415
0.49417133613238334 0.998298658684784 0.00020802964175231097
0.5963623316594643 0.9988297767699762 0.00017471462315864672
0.7196856730011514 0.9988078047542643 0.00020876295908971173
0.868511373751352 0.9993511303912054 0.0001316328293364862
1.0481131341546852 0.9994227624949333 0.000130819007521086
1.2648552168552958 0.999716172069878 7.936343504293515e-05
1.5264179671752318 0.999661071346905 8.062299896407702e-05
1.8420699693267144 0.999711554389703 8.675667456953544e-05
2.2229964825261934 0.9999026818974189 5.597933770084834e-05
2.6826957952797246 0.9999255114259787 2.937204160620578e-05
3.2374575428176433 0.9998982350122279 4.410601099016143e-05
3.906939937054613 0.9999182118631157 4.5379277141317925e-05
4.714866363457389 0.9999674191268179 2.502105836379849e-05
5.689866029018293 0.9999881096751793 4.319417306583137e-06
6.866488450042998 0.999973321318331 1.8327684416688846e-05
8.286427728546842 0.9999912449121499 8.49030374961306e-06
10.0 0.9999999260394352 7.219671231388812e-08
