0.001 0.09721337201562398 0.0007612717349875059
0.0012067926406393288 0.11271732657544176 0.0008460670396759655
0.0014563484775012444 0.13490232520587073 0.0009776801118320042
0.0017575106248547913 0.16165056350101803 0.0011390708872361275
0.0021209508879201904 0.18579385546530153 0.0012139673897699778
0.002559547922699536 0.21746004185452733 0.0013498652133508149
0.0030888435964774815 0.25401404055129617 0.0015241658169140827
0.003727593720314938 0.2933032816219466 0.0016640322376381628
0.004498432668969444 0.33727893177591733 0.0017958982669533932
0.005428675439323859 0.3864427480742255 0.0019078718438391407
0.006551285568595509 0.43226251358277706 0.002005699513384124
0.0079060432109077 0.48761841579092124 0.0021043158916809503
0.009540954763499945 0.5493381901351123 0.0021572767300882473
0.01151395399326447 0.6012301160464791 0.002225925997982336
0.013894954943731374 0.6622638153643117 0.002207556294274137
0.016768329368110076 0.7117476480110795 0.0021848093764744187
0.020235896477251564 0.7602950225370273 0.002119473311298181
0.02442053094548651 0.8071030032093606 0.0020223547278503205
0.029470517025518096 0.8466026642685398 0.001854651954401643
0.03556480306223128 0.8788805933458725 0.0017124510077600693
0.04291934260128776 0.9077045428879635 0.0015483799281289198
0.0517947467923121 0.9286259281338253 0.0014118092838019138
0.0625055192527397 0.9467176291691041 0.0012381419620047169
0.07543120063354615 0.9575023359315895 0.0011503706087784068
0.09102981779915217 0.9701042586925327 0.0009303710025067802
0.10985411419875583 0.978001679492943 0.0008013538179896478
0.13257113655901082 0.9837486500568442 0.0007059729448175343
0.15998587196060574 0.9869754055269153 0.0006636946487632812
0.19306977288832497 0.989908034415781 0.0005991493599216409
0.2329951810515372 0.9930478340082233 0.00047189379918608876
0.2811768697974228 0.9949487267222096 0.0003954769084754415
0.3393221771895326 0.9971211998676132 0.00028095668899363635
0.4094915062380423 0.9971391843784633 0.0002792955955017664
0.49417133613238334 0.9984656444522648 0.00020633535289805898
0.5963623316594643 0.9984974451719105 0.00019781335187310685
0.7196856730011514 0.9992135239814101 0.00015443659163713326
0.868511373751352 0.9993398095593314 0.0001223526404142669
1.0481131341546852 0.9995369191685328 0.00012613230491142406
1.2648552168552958 0.9996697589640134 0.00010640192239101243
1.5264179671752318 0.9998809262450362 4.0449430810926834e-05
1.8420699693267144 0.9999275683621323 3.372684003922731e-05
2.2229964825261934 0.9999379682363793 2.6350192989787586e-05
2.6826957952797246 0.9999296151162007 4.312235374516756e-05
3.2374575428176433 0.9999574720468045 1.7364538038659014e-05
3.906939937054613 0.999983812789182 7.93432158362876e-06
4.714866363457389 0.999992097682856 4.162901024233144e-06
5.689866029018293 0.9999930928726649 2.712320398737184e-06
6.866488450042998 0.9999995369165037 4.3636046442247474e-07
8.286427728546842 0.9999997103399879 2.0039212445373825e-07
10.0 0.9999927538078053 5.071491411943609e-06
