0.001 0.140310220827811 0.0013199959033325338
0.0012067926406393288 0.17988061595201435 0.0015609326847226533
0.0014563484775012444 0.23052657572047847 0.001830008295681551
0.0017575106248547913 0.2833108711752659 0.002002721589687033
0.0021209508879201904 0.3493002203331479 0.00219777223827491
0.002559547922699536 0.42055686370619344 0.0023714179851020813
0.0030888435964774815 0.49508139103718024 0.0024906080186364787
0.003727593720314938 0.5731280299774726 0.0025234640300531965
0.004498432668969444 0.6443967415992118 0.0025724011846185134
0.005428675439323859 0.7133107477057449 0.0025128934402058388
0.006551285568595509 0.781148463461697 0.002350915887807429
0.0079060432109077 0.8302243841350578 0.002163111574649291
0.009540954763499945 0.8750728930552275 0.0019599842261046932
0.01151395399326447 0.9093716755990772 0.0016872249335639145
0.013894954943731374 0.932932048685279 0.0015044225406204048
0.016768329368110076 0.9540801773512696 0.0012474725337023446
0.020235896477251564 0.9663809694114142 0.0010976903714895814
0.02442053094548651 0.9769048910646103 0.0008966655417833631
0.029470517025518096 0.9837362357719287 0.0007706228673932512
0.03556480306223128 0.9886816867935331 0.0006264722789060369
0.04291934260128776 0.9923520100223621 0.0005157028269575321
0.0517947467923121 0.9943884514027869 0.0004662078090239305
0.0625055192527397 0.9959008237129546 0.0004081155881483871
0.07543120063354615 0.9981416355036524 0.00020287405813288031
0.09102981779915217 0.9982480917318338 0.00022720057867351023
0.10985411419875583 0.9987618876570706 0.00021034607000376877
0.13257113655901082 0.9989759009188712 0.00017498847454195147
0.15998587196060574 0.9993647431600302 0.0001481644171148278
0.19306977288832497 0.9995975087004249 0.00011681456647224374
0.2329951810515372 0.999769451040746 7.100392097751253e-05
0.2811768697974228 0.9996899563825705 0.00011368820664486473
0.3393221771895326 0.9999189053625829 3.5725726201238366e-05
0.4094915062380423 0.9999460306420762 2.0161783389061366e-05
0.49417133613238334 0.9999412016524065 3.831902978610879e-05
0.5963623316594643 0.9999972124138087 2.0737084078066043e-06
0.7196856730011514 0.9999900960625492 5.51894568501001e-06
0.868511373751352 0.9999999586973125 2.8124396663853405e-08
1.0481131341546852 0.9999943017774005 5.6895262680432795e-06
1.2648552168552958 0.9999996653394675 2.2520061333599463e-07
1.5264179671752318 0.9999999661263631 3.382209343078399e-08
1.8420699693267144 0.9999999999261808 6.888732530724664e-11
2.2229964825261934 0.9999999994578979 5.391497598752385e-10
2.6826957952797246 0.9999999999999356 6.43268578901477e-14
3.2374575428176433 0.9999999999987095 1.2892802441255261e-12
3.906939937054613 0.999999999999976 2.399853528363679e-14
4.714866363457389 1.0 6.2803698347351e-20
5.689866029018293 0.9999999999997664 2.334987351370613e-13
6.866488450042998 0.9999999943138491 5.6858666303281835e-09
8.286427728546842 1.0 0.0
10.0 1.0 0.0
