0.001 0.1351577994639177 0.0012980715899499505
0.0012067926406393288 0.17418687060517618 0.0015277086660738437
0.0014563484775012444 0.2265935935641827 0.001806455615627806
0.0017575106248547913 0.2826804547122511 0.0020317719680019
0.0021209508879201904 0.34357956232949666 0.0022028841337316724
0.002559547922699536 0.42189197974684883 0.002396016043870058
0.0030888435964774815 0.4892739657630782 0.0025150114964891807
0.003727593720314938 0.5639539752167593 0.002586156338907987
0.004498432668969444 0.6420605867790362 0.0025892481072916067
0.005428675439323859 0.7134014734922391 0.0025143124905671207
0.006551285568595509 0.7744832342949574 0.0023587364639637304
0.0079060432109077 0.8288875544915143 0.002160561148399789
0.009540954763499945 0.8701383656543769 0.0019866102323164896
0.01151395399326447 0.9066537093012401 0.0017237024184333241
0.013894954943731374 0.9318238769345618 0.0014911721884493783
0.016768329368110076 0.950346900271635 0.0013272553814508955
0.020235896477251564 0.9660403422391964 0.0011034686972438072
0.02442053094548651 0.9760917051277563 0.000928761190101844
0.029470517025518096 0.98192382096557 0.0008394427808406949
0.03556480306223128 0.988479925649711 0.0006415397173914866
0.04291934260128776 0.9910002016033537 0.0005686626143566795
0.0517947467923121 0.9942647478020316 0.0004346511122963192
0.0625055192527397 0.9962608170723822 0.00033873812540079624
0.07543120063354615 0.9975339074403511 0.0002899501156618831
0.09102981779915217 0.9980510930615337 0.00024663097772214133
0.10985411419875583 0.9987430558282439 0.00020887446083665763
0.13257113655901082 0.9994163546758839 0.00011501667676442214
0.15998587196060574 0.9992700941950118 0.00015114416629303677
0.19306977288832497 0.9996296725141639 0.00010562715008838498
0.2329951810515372 0.9997753829930447 8.3633784086245e-05
0.2811768697974228 0.9998073766984203 7.089955464261261e-05
0.3393221771895326 0.9999155994115988 3.4434417560798285e-05
0.4094915062380423 0.9999786994915734 8.8711963197212e-06
0.49417133613238334 0.9999823466743532 9.41410299265226e-06
0.5963623316594643 0.9999815074160915 1.1613591195560704e-05
0.7196856730011514 0.9999918618903144 5.950677317701978e-06
0.868511373751352 0.9999959670443688 2.8046350890598233e-06
1.0481131341546852 0.9999999784425456 1.398297236590769e-08
1.2648552168552958 0.9999950787178168 4.589867189756558e-06
1.5264179671752318 0.9999681293485478 2.9821779079904588e-05
1.8420699693267144 0.9999999681138961 2.2536034381846603e-08
2.2229964825261934 0.9999999999998112 1.323936833216192e-13
2.6826957952797246 0.999999949283976 5.053316882595057e-08
3.2374575428176433 0.9999999915424062 8.438603520437814e-09
3.906939937054613 0.999998439507698 1.5594450178941718e-06
4.714866363457389 0.9999999999999966 3.4768670089589598e-15
5.689866029018293 1.0 3.14018491736755e-20
6.866488450042998 1.0 6.661338147750939e-20
8.286427728546842 1.0 2.2204460492503132e-20
10.0 1.0 2.6867397195928787e-18
