0.001 0.020813917563909098 0.0003936753865772175
0.0012067926406393288 0.03130418273734186 0.000554840247233908
0.0014563484775012444 0.04768411285564685 0.0007883190895353357
0.0017575106248547913 0.06622477701918149 0.0009815690847680685
0.0021209508879201904 0.09450274483522068 0.0012456824278057708
0.002559547922699536 0.131417560782236 0.0015279008045477268
0.0030888435964774815 0.17739022001281884 0.0018095547056437527
0.003727593720314938 0.233877853782556 0.002071000246119801
0.004498432668969444 0.30066798133486955 0.0023457704558148633
0.005428675439323859 0.3752726219375496 0.002542949107221629
0.006551285568595509 0.4638667464449977 0.002704729643864297
0.0079060432109077 0.5421242748409377 0.0027874852691985672
0.009540954763499945 0.6300461880317689 0.0027965763710016637
0.01151395399326447 0.7056514458619473 0.002709498504044721
0.013894954943731374 0.7702167392721001 0.0025704129237945107
0.016768329368110076 0.8278707992347368 0.0023121215010072616
0.020235896477251564 0.8731989531533998 0.002105570547948036
0.02442053094548651 0.9080980894218683 0.0018379484375556823
0.029470517025518096 0.9340496571425939 0.001588008717520632
0.03556480306223128 0.9511765919157613 0.0013666519012951403
0.04291934260128776 0.9671952546528719 0.0011456025939116953
0.0517947467923121 0.9768619144662678 0.0009794102022674328
0.0625055192527397 0.9830150251945461 0.0008384974072567695
0.07543120063354615 0.9896659061138718 0.0006126182544774193
0.09102981779915217 0.9919552671623078 0.0005773278200008114
0.10985411419875583 0.9945017989685717 0.00047469514511660474
0.13257113655901082 0.9955027706967574 0.0004412617159346415
0.15998587196060574 0.9971703169357136 0.0003452300554971821
0.19306977288832497 0.9981174316766872 0.0002748381827194437
0.2329951810515372 0.9986441961229954 0.00021961015530115217
0.2811768697974228 0.9989732229784475 0.0002308137524659856
0.3393221771895326 0.9993906052529035 0.00013425713158010221
0.4094915062380423 0.9995906587835228 0.00011399498531916973
0.49417133613238334 0.9997094092538511 0.00010834995948526518
0.5963623316594643 0.9999397405679421 2.7599084992044874e-05
0.7196856730011514 0.9998701325780208 5.095640170408068e-05
0.868511373751352 0.9999915039965311 3.501710863868194e-06
1.0481131341546852 0.9999597064273977 3.75052064754954e-05
1.2648552168552958 0.9999829987916724 9.870253652350753e-06
1.5264179671752318 0.9999966276977748 3.1650704238580227e-06
1.8420699693267144 0.9999997569699961 1.4874997339699215e-07
2.2229964825261934 0.9999995654539631 4.0289284140153974e-07
2.6826957952797246 0.999999995549069 4.392838408330382e-09
3.2374575428176433 0.9999999794442057 1.9675209516610993e-08
3.906939937054613 0.999999997261838 2.6833895434897755e-09
4.714866363457389 0.9999999999971271 1.6565071341728663e-12
5.689866029018293 0.9999999916170343 8.369210245931385e-09
6.866488450042998 0.999998697712025 1.302222858773382e-06
8.286427728546842 1.0 0.0
10.0 1.0 0.0
