0.001 0.019776357780683266 0.0003863441164167927
0.0012067926406393288 0.02976477928833612 0.0005428555263149977
0.0014563484775012444 0.04624578843161675 0.0007706983459513789
0.0017575106248547913 0.066962426269003 0.0010113596762160717
0.0021209508879201904 0.09238241870574208 0.001232583784344857
0.002559547922699536 0.13381117188554686 0.001584300909597553
0.0030888435964774815 0.17556199378814832 0.0018350461982517296
0.003727593720314938 0.23089471955885765 0.002114138252502129
0.004498432668969444 0.2994610745179466 0.0023496127879465947
0.005428675439323859 0.3746778797198348 0.0025276933797841066
0.006551285568595509 0.4529908747061176 0.0026778261649182695
0.0079060432109077 0.5388984212533827 0.002778718556086796
0.009540954763499945 0.6206383705367002 0.0028113525620287365
0.01151395399326447 0.6997604926008552 0.0027170237938841514
0.013894954943731374 0.7646491786468258 0.002575028394597875
0.016768329368110076 0.8231727747351604 0.0023852686259052693
0.020235896477251564 0.8717714189570585 0.0021115616401673684
0.02442053094548651 0.9060697697059089 0.001855875998603871
0.029470517025518096 0.9309466497101999 0.0016528563659107757
0.03556480306223128 0.952230794033854 0.0013720771221612817
0.04291934260128776 0.9632867424188928 0.001231693180253779
0.0517947467923121 0.9742528175618842 0.001010181735712151
0.0625055192527397 0.9823744158817186 0.0008315671539070774
0.07543120063354615 0.9884586675448312 0.0006720666457475307
0.09102981779915217 0.9914077221284607 0.0006044984063395413
0.10985411419875583 0.9942028301096058 0.0004827023869261368
0.13257113655901082 0.9964290746044622 0.00034705754890284804
0.15998587196060574 0.9965457965514583 0.0003732603083289068
0.19306977288832497 0.9979899122918919 0.00027030315866066556
0.2329951810515372 0.9988510923899389 0.00020658935648617583
0.2811768697974228 0.9989845038220497 0.00019628825740973063
0.3393221771895326 0.9994245698223502 0.00013714525457250384
0.4094915062380423 0.9997160354432002 7.423925482454374e-05
0.49417133613238334 0.9998025549468511 6.675007141055578e-05
0.5963623316594643 0.9998333182898994 6.711447080016484e-05
0.7196856730011514 0.9998972107086074 4.5670979211386274e-05
0.868511373751352 0.9999298530273992 3.301727481172292e-05
1.0481131341546852 0.9999949880236804 2.5334736573123786e-06
1.2648552168552958 0.999954761254981 3.538956329749352e-05
1.5264179671752318 0.9998960742654166 7.771197482954172e-05
1.8420699693267144 0.9999955282893438 3.07751102536947e-06
2.2229964825261934 0.9999999881856693 7.52250756410284e-09
2.6826957952797246 0.9999958836040114 3.8667235876533655e-06
3.2374575428176433 0.999998308895232 1.5871707976239627e-06
3.906939937054613 0.9999788775878433 2.0589712791577836e-05
4.714866363457389 0.99999999896762 1.0213033886011458e-09
5.689866029018293 0.9999999999998612 1.3861468090572316e-13
6.866488450042998 0.9999999999934686 4.61683320300231e-12
8.286427728546842 1.0 7.627232179174825e-18
10.0 0.9999999999717438 2.8253967199023544e-11
