0.001 0.13586254490938304 0.0009352526250291683
0.0012067926406393288 0.17651336464798506 0.0011972638708981414
0.0014563484775012444 0.2270395879996403 0.0014543513302585618
0.0017575106248547913 0.2880165728019281 0.0017184256492163348
0.0021209508879201904 0.3586195109740966 0.001987674868257822
0.002559547922699536 0.43198920016854636 0.0022338706281262977
0.0030888435964774815 0.5144242429732764 0.002421985349997738
0.003727593720314938 0.588110246567168 0.002524114383549484
0.004498432668969444 0.6717642615302921 0.0025187909192939317
0.005428675439323859 0.7368177310687873 0.0024909796635404474
0.006551285568595509 0.7950392111324504 0.002351271701920229
0.0079060432109077 0.8460654122640066 0.002170716322153186
0.009540954763499945 0.8825429206564489 0.001975005517709498
0.01151395399326447 0.9154930225242414 0.001738782893791906
0.013894954943731374 0.9346710115764668 0.0015597663169525367
0.016768329368110076 0.9529433530883845 0.0013299790100011466
0.020235896477251564 0.9640105191943309 0.0011945444969992266
0.02442053094548651 0.9745921165940327 0.0010250440560655705
0.029470517025518096 0.9806170188321485 0.0009267992960841948
0.03556480306223128 0.9869968663908305 0.0007286365588086951
0.04291934260128776 0.9910203534117978 0.000605178234724904
0.0517947467923121 0.9928133735753183 0.0005632750882480456
0.0625055192527397 0.9944341932673691 0.0005253101123466817
0.07543120063354615 0.9958989921494874 0.0004351610904369442
0.09102981779915217 0.9971255276532623 0.00036719442187762327
0.10985411419875583 0.9980303652988286 0.00028069125207530097
0.13257113655901082 0.9985881140503085 0.0002556119941110259
0.15998587196060574 0.999017988664489 0.00018015584198176758
0.19306977288832497 0.9991470598932143 0.0002078966091136687
0.2329951810515372 0.9993645340113684 0.0001776309502805251
0.2811768697974228 0.9992590450243791 0.0002017748538178175
0.3393221771895326 0.9996508321957929 0.00011048742310976564
0.4094915062380423 0.9998972418181147 4.030289973394622e-05
0.49417133613238334 0.9999566793594368 2.5600768201004018e-05
0.5963623316594643 0.9999098985942894 6.004220450503045e-05
0.7196856730011514 0.9999772576087343 1.3186281967719946e-05
0.868511373751352 0.999930978895634 3.985581975260475e-05
1.0481131341546852 0.9998861905245482 5.659056073929171e-05
1.2648552168552958 0.9999983317360595 1.1309075741376426e-06
1.5264179671752318 0.9999992658922551 4.161155922044147e-07
1.8420699693267144 0.9999727924786744 1.3517408801824475e-05
2.2229964825261934 0.9999999904403585 9.508645370627616e-09
2.6826957952797246 0.9999973090832398 1.9017820247138304e-06
3.2374575428176433 0.9999990938450108 6.404450085344953e-07
3.906939937054613 0.9999998795719541 1.2041080165469995e-07
4.714866363457389 0.9999999758555821 2.4142950323171555e-08
5.689866029018293 0.9999999965461142 3.4537121462540037e-09
6.866488450042998 0.9999999996704797 3.2950382368607977e-10
8.286427728546842 1.0 2.2204460492503132e-20
10.0 0.9999999999993708 6.292159909837566e-13
