0.001 0.13372326168207022 0.0009342293347896288
0.0012067926406393288 0.17464609604514927 0.0011661679887159046
0.0014563484775012444 0.22795866288286373 0.0014430082814752918
0.0017575106248547913 0.28174232659997206 0.0017061397308668297
0.0021209508879201904 0.3546619055820038 0.0019903652645647456
0.002559547922699536 0.4308795697683402 0.002223213812790905
0.0030888435964774815 0.5074637828754046 0.002425639962211896
0.003727593720314938 0.582938985490903 0.0025344726089822174
0.004498432668969444 0.6628597913502893 0.002580231871708809
0.005428675439323859 0.7348238411787171 0.00250614522520939
0.006551285568595509 0.7955786928737303 0.0023497269156575584
0.0079060432109077 0.8416635198898575 0.002197566004775395
0.009540954763499945 0.8859539307752701 0.0019269351173465154
0.01151395399326447 0.9132028622466539 0.0017460501212835404
0.013894954943731374 0.9350887720570741 0.0015467836493308856
0.016768329368110076 0.9518149592276363 0.0013692677226147885
0.020235896477251564 0.9658697101577168 0.0011602988929844138
0.02442053094548651 0.9743752518844453 0.0010264100313970822
0.029470517025518096 0.9812756595741637 0.0008944956973644239
0.03556480306223128 0.9867700901079602 0.0007441818644271306
0.04291934260128776 0.9907213743286583 0.0006135261115607363
0.0517947467923121 0.992654953807034 0.0005578423893173502
0.0625055192527397 0.9942836345981257 0.0004987406550575231
0.07543120063354615 0.9964883302316478 0.0003620392562415609
0.09102981779915217 0.9967603930639413 0.0003763420160954
0.10985411419875583 0.9979993882215171 0.0002856500423866877
0.13257113655901082 0.9983138449011721 0.0002660117025155149
0.15998587196060574 0.9988786389699058 0.000234607906199797
0.19306977288832497 0.9987607534052529 0.00025053525584209374
0.2329951810515372 0.9993916777113778 0.0001410416540650685
0.2811768697974228 0.9996026885785068 0.00012144871650537738
0.3393221771895326 0.999817940774037 7.345861051119051e-05
0.4094915062380423 0.9997094652324051 0.00012477519248516023
0.49417133613238334 0.9998067534809255 8.39454250111617e-05
0.5963623316594643 0.9999042474152653 6.610903384739009e-05
0.7196856730011514 0.9998152818830113 9.445871664034073e-05
0.868511373751352 0.9999408720267409 4.524076354395189e-05
1.0481131341546852 0.9999926685682919 4.497361314077447e-06
1.2648552168552958 0.9999724467426165 2.4821591012785314e-05
1.5264179671752318 0.9999979216880469 9.212872181127371e-07
1.8420699693267144 0.9999605032448037 1.9687004582059846e-05
2.2229964825261934 0.9999999327106992 3.8782257796707916e-08
2.6826957952797246 0.9999976184968021 2.378223930389654e-06
3.2374575428176433 0.9999999994093492 4.174864484498501e-10
3.906939937054613 0.9999991573204512 4.863994467855395e-07
4.714866363457389 0.9999999325877182 6.740783855558004e-08
5.689866029018293 0.9999999760802067 1.691213886729347e-08
6.866488450042998 0.9999999985224691 1.4774570428581607e-09
8.286427728546842 1.0 1.922962686383564e-19
10.0 0.9999999999943983 5.601498989085855e-12
