0.001 0.2170299653894796 0.0009406281207930363
0.0012067926406393288 0.2519636990831008 0.001101244679807306
0.0014563484775012444 0.2931940121671667 0.0012428771578657737
0.0017575106248547913 0.3403787667744522 0.00138305007336428
0.0021209508879201904 0.3928928366647362 0.0015248866624615483
0.002559547922699536 0.4460894304941773 0.00167872925757429
0.0030888435964774815 0.5066560464454356 0.0018015743125323726
0.003727593720314938 0.562664115465179 0.0018922742931967121
0.004498432668969444 0.6288091457162094 0.0019388603361418222
0.005428675439323859 0.6851163178198043 0.0019890366313490148
0.006551285568595509 0.740107519049809 0.001955982080772721
0.0079060432109077 0.7922066018061334 0.0018916429709944255
0.009540954763499945 0.8342965230276206 0.001794200961296449
0.01151395399326447 0.8741612311981589 0.0016443439387889985
0.013894954943731374 0.9009581801813596 0.0015156184111138702
0.016768329368110076 0.9261527810761275 0.001336719307416156
0.020235896477251564 0.943713260836233 0.0012170977968903023
0.02442053094548651 0.9600865116381015 0.0010599552965768818
0.029470517025518096 0.9699471264887563 0.0009537964255305616
0.03556480306223128 0.9788808362231095 0.0007738891991433634
0.04291934260128776 0.9849586821809644 0.0006508318710232406
0.0517947467923121 0.9885647514441387 0.0005927680068586165
0.0625055192527397 0.9913380786842158 0.0005403925826103832
0.07543120063354615 0.9937198928896047 0.0004537044149157255
0.09102981779915217 0.9955744744057174 0.0003830963415343197
0.10985411419875583 0.9968193520200637 0.0003075613674074778
0.13257113655901082 0.997824417754084 0.00026556958997312586
0.15998587196060574 0.9982570376137323 0.00021085735568508366
0.19306977288832497 0.998784925009035 0.00021267602002858938
0.2329951810515372 0.9990173587365938 0.00018275051691416173
0.2811768697974228 0.9990127652390487 0.00020096316979147804
0.3393221771895326 0.9993919330337523 0.00012739673201962121
0.4094915062380423 0.9997483710590015 6.389797430128882e-05
0.49417133613238334 0.999888089824963 4.140405223019819e-05
0.5963623316594643 0.9998283582221684 6.523446635752112e-05
0.7196856730011514 0.9999328572920886 2.917512586164408e-05
0.868511373751352 0.9998562300219602 5.372746321830222e-05
1.0481131341546852 0.9998460651859347 7.031293766694683e-05
1.2648552168552958 0.9999861411786911 7.58531577632986e-06
1.5264179671752318 0.9999897462482035 4.992714989934187e-06
1.8420699693267144 0.9999321735303786 3.183056453064286e-05
2.2229964825261934 0.9999993619905992 5.655180941830616e-07
2.6826957952797246 0.9999860816138527 9.693857639868939e-06
3.2374575428176433 0.99999191045704 5.568894195832075e-06
3.906939937054613 0.9999979493349672 2.0170669321284e-06
4.714866363457389 0.9999990950645758 8.99771638455734e-07
5.689866029018293 0.9999996601320583 3.3967527194550977e-07
6.866488450042998 0.9999998951587237 1.0483603096778173e-07
8.286427728546842 0.9999999999995852 4.147992905876937e-13
10.0 0.9999999954200693 4.579678756467272e-09
