0.001 0.01566256447883673 0.00017129808880513643
0.0012067926406393288 0.024468257455182964 0.00025338367861253724
0.0014563484775012444 0.03868597352182505 0.00038801484749753786
0.0017575106248547913 0.056435281231427145 0.0005412519376461702
0.0021209508879201904 0.08588328803716407 0.0007891264362201206
0.002559547922699536 0.12380632649095932 0.0010474143471394083
0.0030888435964774815 0.17232370805224423 0.0013694114638153696
0.003727593720314938 0.23088095240552362 0.0017116473980885517
0.004498432668969444 0.30831583744408464 0.0020833812866365453
0.005428675439323859 0.39438957016879217 0.00241073732453889
0.006551285568595509 0.48139458594726847 0.00261536447747357
0.0079060432109077 0.565754287840124 0.002764988004668103
0.009540954763499945 0.6531739099062276 0.002748036205172388
0.01151395399326447 0.7232152070443227 0.002700188294965328
0.013894954943731374 0.7847122338583707 0.00256938749335953
0.016768329368110076 0.8359720308330693 0.002374540518572316
0.020235896477251564 0.879802408173412 0.002119831055716486
0.02442053094548651 0.910649701817218 0.0019049396223450026
0.029470517025518096 0.9339642941121625 0.0016668260642213441
0.03556480306223128 0.9525841225275795 0.0014407356930819543
0.04291934260128776 0.9658109232372221 0.0012315462780979056
0.0517947467923121 0.9735779331816193 0.0011000070088572613
0.0625055192527397 0.9800576217995014 0.0009716569829270205
0.07543120063354615 0.9862379869637742 0.0007871820204422524
0.09102981779915217 0.9891649509918734 0.0007363360733998795
0.10985411419875583 0.9926875777689671 0.0005907538762657855
0.13257113655901082 0.9943053346594483 0.0005380689121323008
0.15998587196060574 0.9963305922585561 0.000427681222597197
0.19306977288832497 0.9964273294070164 0.00044549371100901277
0.2329951810515372 0.9975835433372114 0.00033745118838075273
0.2811768697974228 0.9983670311803993 0.00026889417959461
0.3393221771895326 0.9991263706276824 0.00018810986282363524
0.4094915062380423 0.9991917439243587 0.00021331393187768965
0.49417133613238334 0.9992302847544077 0.00018907117071790763
0.5963623316594643 0.9996077071854496 0.00012745423537502363
0.7196856730011514 0.9994989036072554 0.00017183829058873578
0.868511373751352 0.9997752094581425 0.0001039224254701078
1.0481131341546852 0.9998972534095958 4.398926983564141e-05
1.2648552168552958 0.9998731692070991 7.453497519092308e-05
1.5264179671752318 0.9999396868938492 2.435001802438136e-05
1.8420699693267144 0.9998019551117231 9.549650539952577e-05
2.2229964825261934 0.9999920104141995 4.466397850378255e-06
2.6826957952797246 0.9999738136368788 2.5130815102526854e-05
3.2374575428176433 0.9999993904348977 4.2062313072128047e-07
3.906939937054613 0.9999726684853162 1.557226588361066e-05
4.714866363457389 0.999995522551495 4.451852797168008e-06
5.689866029018293 0.999996222826365 2.6672448511631917e-06
6.866488450042998 0.9999993350799632 6.647587532838875e-07
8.286427728546842 0.9999999999815038 1.0676915488166397e-11
10.0 0.9999999590092626 4.098852908177362e-08
