0.001 0.35357536220290453 0.0019617011588279895
0.0012067926406393288 0.4308574150486071 0.0021508642817688944
0.0014563484775012444 0.5128594407909927 0.002309585805647767
0.0017575106248547913 0.5916683522782117 0.0024082191006585653
0.0021209508879201904 0.6654537653733066 0.0024035594033024904
0.002559547922699536 0.737142460497158 0.002362648531067082
0.0030888435964774815 0.8049332332379405 0.0022177680515802984
0.003727593720314938 0.8486837863249828 0.002096148519627097
0.004498432668969444 0.8898068620006292 0.0019001609366563633
0.005428675439323859 0.921070609619626 0.0016962845130418206
0.006551285568595509 0.9407317290352039 0.0015212164594253725
0.0079060432109077 0.958219561742817 0.001274786530082785
0.009540954763499945 0.9693944104432716 0.0010939332748823233
0.01151395399326447 0.974278970339011 0.0010282174853616776
0.013894954943731374 0.983644266461143 0.0007831874011981828
0.016768329368110076 0.9869077560968091 0.0007458648052533301
0.020235896477251564 0.9909252150145809 0.0006194832475979079
0.02442053094548651 0.9942981432292738 0.0004529164070411324
0.029470517025518096 0.9957891023407442 0.000391809609838824
0.03556480306223128 0.9971848915416421 0.00033305220389012567
0.04291934260128776 0.9981354124161101 0.00024148217905698867
0.0517947467923121 0.9985480778146962 0.0002308171471621794
0.0625055192527397 0.9990730500614514 0.00019005439733907377
0.07543120063354615 0.9995464757210147 0.00013018681938021934
0.09102981779915217 0.9996579886954438 9.024833259711277e-05
0.10985411419875583 0.9997125528939789 7.969389615328764e-05
0.13257113655901082 0.9997164150298601 0.00011532182190698415
0.15998587196060574 0.9999506568178836 2.0868130056603996e-05
0.19306977288832497 0.9999570081732881 1.3361810730134764e-05
0.2329951810515372 0.9999553041067533 2.1685504846143565e-05
0.2811768697974228 0.9999882769476932 6.2610646521389585e-06
0.3393221771895326 0.9999952731795864 3.3719209673217164e-06
0.4094915062380423 0.9999965004291891 2.3790122783043557e-06
0.49417133613238334 0.9999999370928928 4.0191333159356473e-08
0.5963623316594643 0.9999908214654774 9.16556146583952e-06
0.7196856730011514 0.9999985349541847 1.4638270040641011e-06
0.868511373751352 0.9999994960042128 5.02241698582557e-07
1.0481131341546852 0.9999999999970518 2.9431642655008434e-12
1.2648552168552958 0.9999998818251153 1.1812947139595291e-07
1.5264179671752318 0.9999999764074904 2.358995455448598e-08
1.8420699693267144 0.9999998062388342 1.9375147514385452e-07
2.2229964825261934 1.0 4.965068306494546e-20
2.6826957952797246 1.0 3.14018491736755e-20
3.2374575428176433 0.999999999999401 5.98952291721129e-13
3.906939937054613 0.9999999999999906 9.51415781368674e-15
4.714866363457389 1.0 0.0
5.689866029018293 1.0 0.0
6.866488450042998 1.0 2.2204460492503132e-20
8.286427728546842 1.0 0.0
10.0 1.0 0.0
