0.001 0.3904835165458047 0.0015055771615020844
0.0012067926406393288 0.4471826035908968 0.0016142763267482604
0.0014563484775012444 0.5067318164551503 0.001735395444460842
0.0017575106248547913 0.5658988375908856 0.0018351015437960186
0.0021209508879201904 0.6236754861328473 0.0018712287715937437
0.002559547922699536 0.6837039729763832 0.0018938431532924314
0.0030888435964774815 0.7454068536048163 0.001848915329977468
0.003727593720314938 0.7909401655566962 0.0018036131872915654
0.004498432668969444 0.8377673913264838 0.0017046804351944242
0.005428675439323859 0.8780225985630242 0.0015754105730145435
0.006551285568595509 0.9069508141979783 0.0014607827167752473
0.0079060432109077 0.9328525141127709 0.0012767486500162692
0.009540954763499945 0.9504527576975299 0.001126596851860176
0.01151395399326447 0.9606998409540274 0.0010614841512745807
0.013894954943731374 0.9733546309731275 0.0008457805206761953
0.016768329368110076 0.9791251796356241 0.0007845064272953268
0.020235896477251564 0.9852808645937803 0.000654647729000177
0.02442053094548651 0.9899290171406797 0.0005086893841506916
0.029470517025518096 0.9925710734446725 0.0004386994598189829
0.03556480306223128 0.9950492501288685 0.00036529939949067733
0.04291934260128776 0.9965734296413633 0.0002873624486328838
0.0517947467923121 0.997404706149686 0.0002602834201749558
0.0625055192527397 0.9982445780843678 0.00021368332541169831
0.07543120063354615 0.9990185929377804 0.00014676919929255025
0.09102981779915217 0.9992615352869351 0.0001200655870441123
0.10985411419875583 0.9993377069161988 0.00010927547379351381
0.13257113655901082 0.9995102390069258 0.00011960609655235883
0.15998587196060574 0.9998251347272733 4.3121054997950377e-05
0.19306977288832497 0.999810053590819 3.9374065357187415e-05
0.2329951810515372 0.9998811863047962 4.138899285954375e-05
0.2811768697974228 0.9999343328935191 2.0467634584956244e-05
0.3393221771895326 0.9999734064674273 1.2942994354027117e-05
0.4094915062380423 0.9999778742318671 1.1072843089497526e-05
0.49417133613238334 0.9999968727473221 1.4520046072029014e-06
0.5963623316594643 0.999979830006681 1.8691632201340382e-05
0.7196856730011514 0.9999924818187288 7.160631272232975e-06
0.868511373751352 0.999995563039516 4.1562367580862125e-06
1.0481131341546852 0.9999999894428345 9.913036196352758e-09
1.2648552168552958 0.9999979449875336 1.997972521121595e-06
1.5264179671752318 0.9999991017386488 8.893969055700936e-07
1.8420699693267144 0.9999974362973051 2.563267854110485e-06
2.2229964825261934 0.9999999999999495 4.097137679584314e-14
2.6826957952797246 0.9999999999999974 2.455212270054824e-15
3.2374575428176433 0.9999999955315739 4.468184430551486e-09
3.906939937054613 0.9999999994368339 5.63137830871743e-10
4.714866363457389 1.0 5.995204332975846e-19
5.689866029018293 1.0 2.1560542572028267e-17
6.866488450042998 1.0 3.9983445677392e-19
8.286427728546842 1.0 0.0
10.0 1.0 0.0
