0.001 0.021287881590523944 0.00041222074062282217
0.0012067926406393288 0.03192601895879948 0.0005663777832731908
0.0014563484775012444 0.045997041607050475 0.0007508482573360158
0.0017575106248547913 0.06855561259880041 0.0010189712849230461
0.0021209508879201904 0.09210778371235652 0.001218724079693129
0.002559547922699536 0.1316279334120515 0.0015507097782561337
0.0030888435964774815 0.1739760770293011 0.0017731833423497718
0.003727593720314938 0.23097649487009447 0.0020574656200187877
0.004498432668969444 0.30096908961816515 0.0023428439250793125
0.005428675439323859 0.3702741894349092 0.0025519163919781834
0.006551285568595509 0.4565349389546648 0.00269948812023602
0.0079060432109077 0.5451707196377729 0.0027985278770061837
0.009540954763499945 0.6236505429282403 0.0028080204714073047
0.01151395399326447 0.7037331665808236 0.0027134308820622142
0.013894954943731374 0.7650904534130554 0.0026024064029004433
0.016768329368110076 0.82792101073793 0.002367049005219554
0.020235896477251564 0.8701313071696303 0.002140388359184367
0.02442053094548651 0.9022115906000326 0.0018916214343838176
0.029470517025518096 0.9321323809365262 0.0016349385424659503
0.03556480306223128 0.9520393947304885 0.001353189558938293
0.04291934260128776 0.9633343546456105 0.0011859254897210133
0.0517947467923121 0.9756318161971818 0.001024192009912586
0.0625055192527397 0.9839379639606568 0.0008229497839564237
0.07543120063354615 0.9878496134382966 0.0007003595787505542
0.09102981779915217 0.992305023193818 0.0005381813236814121
0.10985411419875583 0.9942936194460137 0.00046047924660993117
0.13257113655901082 0.995650834909392 0.00043932992457431015
0.15998587196060574 0.9976546666377857 0.0002857900748006283
0.19306977288832497 0.9985363955998146 0.00022051322159709555
0.2329951810515372 0.9987677813607948 0.0002220467539717123
0.2811768697974228 0.9991592864735039 0.00018330526663438724
0.3393221771895326 0.9991885534710367 0.00019612195088421956
0.4094915062380423 0.9998024098225611 7.729584738054895e-05
0.49417133613238334 0.9997139524438963 0.00011628528937440771
0.5963623316594643 0.9997726248712768 0.00010004568191709444
0.7196856730011514 0.9999691234819369 1.018297900365916e-05
0.868511373751352 0.9999918804885605 3.6305409349520026e-06
1.0481131341546852 0.9999900252800907 6.039538620902824e-06
1.2648552168552958 0.9999889340723155 7.790605697496328e-06
1.5264179671752318 0.9999807341280531 1.8542874192091992e-05
1.8420699693267144 0.9999780521307071 1.537948545874485e-05
2.2229964825261934 0.9999999967701573 2.663336052740769e-09
2.6826957952797246 0.9999973632209281 2.5109150288001173e-06
3.2374575428176433 0.999999999363271 6.10338523081593e-10
3.906939937054613 0.9999999887891238 6.448084530017832e-09
4.714866363457389 0.9999998639059624 9.596835162120399e-08
5.689866029018293 0.9999999879923598 1.1964059761179768e-08
6.866488450042998 0.9999999999999997 2.542184810209427e-16
8.286427728546842 0.9999999999999882 1.178458351272884e-14
10.0 1.0 0.0
