0.001 0.37848768928214555 0.0014358525669084898
0.0012067926406393288 0.4392196003437044 0.0015860575993841544
0.0014563484775012444 0.4936226580806493 0.001701693095464127
0.0017575106248547913 0.5538525216520672 0.0018017393979141592
0.0021209508879201904 0.6149940006208197 0.0018886208322371981
0.002559547922699536 0.6783736077545982 0.0019014579194510223
0.0030888435964774815 0.7307400733396138 0.0019153631321750272
0.003727593720314938 0.788544564666247 0.0018271279305405346
0.004498432668969444 0.8267930550067005 0.0018130809983824636
0.005428675439323859 0.868807333100884 0.0016288537904568792
0.006551285568595509 0.8999066953394725 0.0014987714494065245
0.0079060432109077 0.9270182097111949 0.0013529429662420434
0.009540954763499945 0.9465234111492744 0.0011800882716423427
0.01151395399326447 0.9594977109327103 0.0010784079414385929
0.013894954943731374 0.971111772803629 0.000925066451079495
0.016768329368110076 0.9782006132108277 0.0008443297946759998
0.020235896477251564 0.9835016843465273 0.0007510393237331826
0.02442053094548651 0.988273106895841 0.0006179641626452326
0.029470517025518096 0.9913379677205468 0.0005583481512067953
0.03556480306223128 0.9931699391440366 0.0005069857445903534
0.04291934260128776 0.9950892513804589 0.00042896122728480887
0.0517947467923121 0.9961848289175005 0.0004073149780199442
0.0625055192527397 0.9973706176799211 0.0003212723689605585
0.07543120063354615 0.9978921349969907 0.00028818500383448036
0.09102981779915217 0.9981511892278435 0.00028484802015878527
0.10985411419875583 0.9982410916496222 0.0002812526420835438
0.13257113655901082 0.9992330533241737 0.00013504227499950801
0.15998587196060574 0.9993127054273471 0.00018978566225840793
0.19306977288832497 0.9992613473646528 0.0001960346723843604
0.2329951810515372 0.9991264385309898 0.00022158652831471746
0.2811768697974228 0.9994949434981727 0.00019074118614838823
0.3393221771895326 0.9996191507977971 0.00015748772719921718
0.4094915062380423 0.9996947355791255 0.00015175340769012105
0.49417133613238334 0.9998240036208176 0.00010913816218580774
0.5963623316594643 0.9993193382091856 0.0002483796665050235
0.7196856730011514 0.9999520916154532 2.5533575641360297e-05
0.868511373751352 0.9997434177204761 0.00014358281538692314
1.0481131341546852 0.9997742085739244 0.00014209397260376932
1.2648552168552958 0.9995854210314352 0.00020012944020728543
1.5264179671752318 0.9997947501377392 0.0001414527447938122
1.8420699693267144 0.9994951858204962 0.0002235626619252821
2.2229964825261934 0.9995990387023841 0.00019996095653837247
2.6826957952797246 0.9999996812718633 2.2511334824143444e-07
3.2374575428176433 0.9997998319679476 0.00014140721457495464
3.906939937054613 0.9997999747557831 0.00014140721057493916
4.714866363457389 0.9997999951647176 0.00014140721273128663
5.689866029018293 0.99999999976748 1.6440004124378746e-10
6.866488450042998 0.9996999999862204 0.0001731790980435379
8.286427728546842 0.9997999999997724 0.00014140721339447608
10.0 0.9999999999999851 7.42803761176349e-15
