0.001 0.17499377223099133 0.001020057847619102
0.0012067926406393288 0.20814759331542232 0.0011665359259753624
0.0014563484775012444 0.2430151073517454 0.0013090599789690978
0.0017575106248547913 0.2838284167134344 0.00147736181451344
0.0021209508879201904 0.326368856281876 0.0016350267398874139
0.002559547922699536 0.37610897194682713 0.0017921842441728912
0.0030888435964774815 0.42827610278808104 0.0019672796112005495
0.003727593720314938 0.4777555814156023 0.0020690094386219384
0.004498432668969444 0.5392644405724781 0.0021460508940222087
0.005428675439323859 0.5973862304564351 0.0022250210670375684
0.006551285568595509 0.6489589269761901 0.0022886729355341487
0.0079060432109077 0.7020709201977626 0.00229388796364486
0.009540954763499945 0.7537007743934068 0.002276862717656589
0.01151395399326447 0.7965140656027755 0.002208970237740972
0.013894954943731374 0.8358831449760626 0.0020543449290810166
0.016768329368110076 0.8717054206649895 0.0019113747113927596
0.020235896477251564 0.8965816730482103 0.0018047057160609076
0.02442053094548651 0.9194125464969882 0.001668309074812667
0.029470517025518096 0.9353681310889047 0.0015460842734461792
0.03556480306223128 0.9511815260383101 0.0013492512498082534
0.04291934260128776 0.9611153510763601 0.0012382680103659451
0.0517947467923121 0.9681489736195935 0.0011353777686663367
0.0625055192527397 0.9743200792856817 0.0010409836409016678
0.07543120063354615 0.9777174029990049 0.001050391713100073
0.09102981779915217 0.9827246582503373 0.0009022244343946994
0.10985411419875583 0.9863505634097998 0.0008259824845495243
0.13257113655901082 0.9875969719812653 0.0008154227261411622
0.15998587196060574 0.9900661729040272 0.0007382473784406442
0.19306977288832497 0.9927322835585999 0.0006170304872892587
0.2329951810515372 0.9942017263553855 0.0005485002391577018
0.2811768697974228 0.9943582568087328 0.0005770333195588411
0.3393221771895326 0.9952835066960133 0.0005296664868702845
0.4094915062380423 0.9960171012455851 0.0005082899673379488
0.49417133613238334 0.9968110604560472 0.00042287133962593654
0.5963623316594643 0.997540095330966 0.0003721356258343016
0.7196856730011514 0.9970080796896229 0.0004531385088739973
0.868511373751352 0.9977829056506292 0.00041590647432251915
1.0481131341546852 0.9978392109916655 0.0003869075840260783
1.2648552168552958 0.9978373001233675 0.00038691190885652816
1.5264179671752318 0.9987845543323459 0.000301006182155043
1.8420699693267144 0.9989466315284632 0.00026449395707696296
2.2229964825261934 0.9982557630765597 0.0003922959168616283
2.6826957952797246 0.9979446584115367 0.0004375987018364178
3.2374575428176433 0.998427406158928 0.0003877539465704224
3.906939937054613 0.997920275586456 0.0004471869384674116
4.714866363457389 0.9979657439335915 0.0004468585407486417
5.689866029018293 0.9984877377265821 0.0003870243680492616
6.866488450042998 0.9993787381217571 0.0002453439738231783
8.286427728546842 0.9984973310883819 0.00038700737333783144
10.0 0.9982995807771027 0.00041195980293999595
