0.001 0.011894621587430465 0.00025189369956213933
0.0012067926406393288 0.018574624913596564 0.0003773418727977441
0.0014563484775012444 0.028557439760930135 0.0005117459212923379
0.0017575106248547913 0.04236439941898682 0.000684354890571517
0.0021209508879201904 0.06182120993550098 0.0008753300231131384
0.002559547922699536 0.0876941853012764 0.0011168023605864913
0.0030888435964774815 0.12649533764930418 0.0014172501026256396
0.003727593720314938 0.16937774941567327 0.0017114434395407191
0.004498432668969444 0.23011433855889227 0.002047234014002018
0.005428675439323859 0.2874080811683939 0.0023256825553682487
0.006551285568595509 0.3653193029882726 0.002627596615182498
0.0079060432109077 0.4468450629172936 0.0028434198667900046
0.009540954763499945 0.5241741081444047 0.003016092541830247
0.01151395399326447 0.5976640809304464 0.003073880111634877
0.013894954943731374 0.6754832575286399 0.0030451882715455
0.016768329368110076 0.7370441719852313 0.0029780358253864597
0.020235896477251564 0.7874708421047905 0.002854850819734501
0.02442053094548651 0.8329405103737235 0.0026475624399067165
0.029470517025518096 0.8695429484870653 0.002434553543527549
0.03556480306223128 0.8964468104917256 0.002249772100685431
0.04291934260128776 0.9204287505606169 0.0020194606622435806
0.0517947467923121 0.9392808323534079 0.0017854570024801756
0.0625055192527397 0.9482824928653445 0.0017021468343914525
0.07543120063354615 0.9596356889983273 0.0015300655920627518
0.09102981779915217 0.966208383097249 0.0014290148922995142
0.10985411419875583 0.9746909589142456 0.0012635382425829375
0.13257113655901082 0.9793860096258723 0.001139611085980663
0.15998587196060574 0.9830132832489682 0.0010520679633884483
0.19306977288832497 0.9854016940801448 0.0009689690672937614
0.2329951810515372 0.9889104976579017 0.0008370077935433497
0.2811768697974228 0.9908320220443911 0.0007862277094797943
0.3393221771895326 0.9903533369697294 0.0008292040851563757
0.4094915062380423 0.992598019696125 0.0007390092811287708
0.49417133613238334 0.9931748553025551 0.0007100214057355727
0.5963623316594643 0.9946979555096288 0.0006047472395611284
0.7196856730011514 0.9952386353291754 0.0006064759215249117
0.868511373751352 0.9965207679245479 0.0005094870828356632
1.0481131341546852 0.9968663434739353 0.0004781486522195915
1.2648552168552958 0.9962078089955563 0.0005229843201732761
1.5264179671752318 0.9977494771494263 0.00041989257411937313
1.8420699693267144 0.997692783734679 0.0004344503597579971
2.2229964825261934 0.9980125193360007 0.0003929645608811922
2.6826957952797246 0.9974180407390973 0.0004704761764997429
3.2374575428176433 0.9988675543820885 0.0002990032233628929
3.906939937054613 0.9982248149975917 0.000393950395348835
4.714866363457389 0.998536514044655 0.0003630200167311372
5.689866029018293 0.9990871872419952 0.00028400513446090155
6.866488450042998 0.9976816180173138 0.00047908082999104806
8.286427728546842 0.9988809150368461 0.0003315079371257971
10.0 0.9985965660901904 0.0003739041952388227
