0.9999998538550581 0.00014142134590397078 0.999999999999992 0.0001
0.999999999999992 0.00014142135623730894 1.0 0.0001
1.0 0.0001414213562373095 1.0 0.0001
1.0 0.0001414213562373095 1.0 0.0001
1.0 0.0001414213562373095 1.0 0.0001
1.0 0.0001414213562373095 1.0 0.0001
1.0 0.0001414213562373095 1.0 0.0001
1.0 0.0001414213562373095 1.0 0.0001
1.0 0.0001414213562373095 1.0 0.0001
1.0 0.0001414213562373095 1.0 0.0001
1.0 0.0001414213562373095 1.0 0.0001
1.0 0.0001414213562373095 1.0 0.0001
1.0 0.0001414213562373095 1.0 0.0001
1.0 0.0001414213562373095 1.0 0.0001
1.0 0.0001414213562373095 1.0 0.0001
1.0 0.0001414213562373095 1.0 0.0001
1.0 0.0001414213562373095 1.0 0.0001
1.0 0.0001414213562373095 1.0 0.0001
1.0 0.0001414213562373095 1.0 0.0001
1.0 0.0001414213562373095 1.0 0.0001
1.0 0.0001414213562373095 1.0 0.0001
1.0 0.0001414213562373095 1.0 0.0001
1.0 0.0001414213562373095 1.0 0.0001
1.0 0.0001414213562373095 1.0 0.0001
1.0 0.0001414213562373095 1.0 0.0001
1.0 0.0001414213562373095 1.0 0.0001
1.0 0.0001414213562373095 1.0 0.0001
1.0 0.0001414213562373095 1.0 0.0001
1.0 0.0001414213562373095 1.0 0.0001
1.0 0.0001414213562373095 1.0 0.0001
1.0 0.0001414213562373095 1.0 0.0001
1.0 0.0001414213562373095 1.0 0.0001
1.0 0.0001414213562373095 1.0 0.0001
1.0 0.0001414213562373095 1.0 0.0001
1.0 0.0001414213562373095 1.0 0.0001
1.0 0.0001414213562373095 1.0 0.0001
1.0 0.0001414213562373095 1.0 0.0001
1.0 0.0001414213562373095 1.0 0.0001
1.0 0.0001414213562373095 1.0 0.0001
1.0 0.0001414213562373095 1.0 0.0001
1.0 0.0001414213562373095 1.0 0.0001
1.0 0.0001414213562373095 1.0 0.0001
1.0 0.0001414213562373095 1.0 0.0001
1.0 0.0001414213562373095 1.0 0.0001
1.0 0.0001414213562373095 1.0 0.0001
1.0 0.0001414213562373095 1.0 0.0001
1.0 0.0001414213562373095 1.0 0.0001
1.0 0.0001414213562373095 1.0 0.0001
1.0 0.0001414213562373095 1.0 0.0001
1.0 0.0001414213562373095 1.0 0.0001
1.0 0.0001414213562373095 1.0 0.0001
1.0 0.0001414213562373095 1.0 0.0001
1.0 0.0001414213562373095 1.0 0.0001
1.0 0.0001414213562373095 1.0 0.0001
1.0 0.0001414213562373095 1.0 0.0001
1.0 0.0001414213562373095 1.0 0.0001
1.0 0.0001414213562373095 1.0 0.0001
1.0 0.0001414213562373095 1.0 0.0001
1.0 0.0001414213562373095 1.0 0.0001
1.0 0.0001414213562373095 1.0 0.0001
1.0 0.0001414213562373095 1.0 0.0001
1.0 0.0001414213562373095 1.0 0.0001
1.0 0.0001414213562373095 1.0 0.0001
1.0 0.0001414213562373095 1.0 0.0001
1.0 0.0001414213562373095 1.0 0.0001
1.0 0.0001414213562373095 1.0 0.0001
1.0 0.0001414213562373095 1.0 0.0001
1.0 0.0001414213562373095 1.0 0.0001
1.0 0.0001414213562373095 1.0 0.0001
1.0 0.0001414213562373095 1.0 0.0001
1.0 0.0001414213562373095 1.0 0.0001
1.0 0.0001414213562373095 1.0 0.0001
1.0 0.0001414213562373095 1.0 0.0001
1.0 0.0001414213562373095 1.0 0.0001
1.0 0.0001414213562373095 1.0 0.0001
1.0 0.0001414213562373095 1.0 0.0001
1.0 0.0001414213562373095 1.0 0.0001
1.0 0.0001414213562373095 1.0 0.0001
1.0 0.0001414213562373095 1.0 0.0001
1.0 0.0001414213562373095 1.0 0.0001
1.0 0.0001414213562373095 1.0 0.0001
1.0 0.0001414213562373095 1.0 0.0001
1.0 0.0001414213562373095 1.0 0.0001
1.0 0.0001414213562373095 1.0 0.0001
1.0 0.0001414213562373095 1.0 0.0001
1.0 0.0001414213562373095 1.0 0.0001
1.0 0.0001414213562373095 1.0 0.0001
1.0 0.0001414213562373095 1.0 0.0001
1.0 0.0001414213562373095 1.0 0.0001
1.0 0.0001414213562373095 1.0 0.0001
1.0 0.0001414213562373095 1.0 0.0001
1.0 0.0001414213562373095 1.0 0.0001
1.0 0.0001414213562373095 1.0 0.0001
1.0 0.0001414213562373095 1.0 0.0001
1.0 0.0001414213562373095 1.0 0.0001
1.0 0.0001414213562373095 1.0 0.0001
1.0 0.0001414213562373095 1.0 0.0001
1.0 0.0001414213562373095 1.0 0.0001
1.0 0.0001414213562373095 1.0 0.0001
