0.001 0.35510919189262197 0.0019749670986172908
0.0012067926406393288 0.4297027554783556 0.002184825958028232
0.0014563484775012444 0.5111082321999038 0.0023296793216745397
0.0017575106248547913 0.5888832882318816 0.002421301363254375
0.0021209508879201904 0.6664327569164584 0.002435953601943227
0.002559547922699536 0.7345216124453354 0.0023839641238540253
0.0030888435964774815 0.7996141780279284 0.00222016530868136
0.003727593720314938 0.8488911021022099 0.0021244531529774026
0.004498432668969444 0.889783508622652 0.00190323084544161
0.005428675439323859 0.9204762872841551 0.0016917135248925188
0.006551285568595509 0.9414058578428172 0.0015054435654294894
0.0079060432109077 0.9552194242953052 0.00133034640912839
0.009540954763499945 0.9662647792123881 0.0011818700463287254
0.01151395399326447 0.9772566509818442 0.0009521640947778488
0.013894954943731374 0.9841888199050963 0.0007860088040724726
0.016768329368110076 0.988193790505282 0.0007240559461707898
0.020235896477251564 0.9914203545746426 0.0006022640942979992
0.02442053094548651 0.993638814552411 0.0005019973068565202
0.029470517025518096 0.9952001441734559 0.000453126133221187
0.03556480306223128 0.9968713987120879 0.00034909458148742244
0.04291934260128776 0.9978679704835027 0.00027147824575203387
0.0517947467923121 0.9983616873515954 0.00024288280370791688
0.0625055192527397 0.9991739739292202 0.0001508380342616932
0.07543120063354615 0.999360611626461 0.00013091217036710571
0.09102981779915217 0.9996829709534939 8.9485986206729e-05
0.10985411419875583 0.9998511014035084 4.260454192008139e-05
0.13257113655901082 0.9998541342834099 4.186738957434806e-05
0.15998587196060574 0.9998549237394081 8.347602958747091e-05
0.19306977288832497 0.9998885932074558 6.898496418952842e-05
0.2329951810515372 0.9999497047783737 2.8732925666188624e-05
0.2811768697974228 0.9999982023256005 1.0269029549500146e-06
0.3393221771895326 0.9999631278030527 3.545183886408935e-05
0.4094915062380423 0.9999971806020741 1.7202230825824342e-06
0.49417133613238334 0.9999920844426793 5.279534294182686e-06
0.5963623316594643 0.9999998806899902 1.1491928689877764e-07
0.7196856730011514 0.99999991387772 8.608260564286107e-08
0.868511373751352 0.9999999827344869 1.611698026497682e-08
1.0481131341546852 0.9999999999025793 8.330889876989714e-11
1.2648552168552958 0.9999999999982745 1.6508049165980375e-12
1.5264179671752318 0.9999999999999163 8.365702788460726e-14
1.8420699693267144 0.9999999999999991 8.844926473219385e-16
2.2229964825261934 0.9999999999997957 2.0432057993455943e-13
2.6826957952797246 1.0 1.554312234475219e-19
3.2374575428176433 1.0 1.3389344911841806e-17
3.906939937054613 0.999999999999976 2.399853551621088e-14
4.714866363457389 1.0 0.0
5.689866029018293 1.0 0.0
6.866488450042998 1.0 3.14018491736755e-20
8.286427728546842 1.0 0.0
10.0 1.0 0.0
