0.001 0.34944023180037986 0.0019520961415120666
0.0012067926406393288 0.43133995191570484 0.002188325642290948
0.0014563484775012444 0.5121295983540394 0.0023430255946451494
0.0017575106248547913 0.5893506179993938 0.0024030437090031857
0.0021209508879201904 0.6663147350804703 0.002426571446474053
0.002559547922699536 0.7345941727340636 0.002365458020205638
0.0030888435964774815 0.7984421989311803 0.0022590303630838763
0.003727593720314938 0.849149239004212 0.0021101052413775483
0.004498432668969444 0.8848588576466832 0.001968543723242351
0.005428675439323859 0.9169480787172475 0.001757195199810006
0.006551285568595509 0.9416899319927801 0.0014782426572831128
0.0079060432109077 0.9580680736520256 0.0012799923131103375
0.009540954763499945 0.9674646703123768 0.0011436078461721459
0.01151395399326447 0.9764332778169528 0.0009769560134835838
0.013894954943731374 0.982966447825588 0.0008290916937508629
0.016768329368110076 0.9885127200672635 0.0006711197738781759
0.020235896477251564 0.9916196335539765 0.0005680061475237776
0.02442053094548651 0.9927719866391752 0.0005478379537432677
0.029470517025518096 0.9956136049131099 0.00041032250605670746
0.03556480306223128 0.9973341444878661 0.00029208366359367204
0.04291934260128776 0.9977326002320704 0.0002874963039682788
0.0517947467923121 0.9984426255417093 0.00023373662790928098
0.0625055192527397 0.9990732432524779 0.00019033544533466864
0.07543120063354615 0.9991397857895831 0.00017276339858832997
0.09102981779915217 0.9993220809756019 0.00016431687146779717
0.10985411419875583 0.9998304061479765 4.685959002183081e-05
0.13257113655901082 0.9998087715040834 6.266776286048324e-05
0.15998587196060574 0.9998981653040028 3.895414243932675e-05
0.19306977288832497 0.9999725157413193 1.9073704132461914e-05
0.2329951810515372 0.9999786479013246 8.374061108338473e-06
0.2811768697974228 0.999986767289934 8.875608310180316e-06
0.3393221771895326 0.9999916913967761 7.709751197204853e-06
0.4094915062380423 0.9999996238877793 1.9541289340268657e-07
0.49417133613238334 0.9999994697655898 3.928142914720347e-07
0.5963623316594643 0.9999974107607975 1.7463156957298065e-06
0.7196856730011514 0.9999970880877929 2.734646838925646e-06
0.868511373751352 0.9999999784097424 2.0638591437405434e-08
1.0481131341546852 0.999999999043682 6.206168648936061e-10
1.2648552168552958 0.999999999445871 5.540877029476538e-10
1.5264179671752318 0.9999999999999994 5.717176175731388e-16
1.8420699693267144 0.9999999999999484 4.994885887700548e-14
2.2229964825261934 1.0 4.719672337077854e-17
2.6826957952797246 0.9999999871855547 1.2813804556756007e-08
3.2374575428176433 1.0 3.14018491736755e-20
3.906939937054613 1.0 0.0
4.714866363457389 1.0 2.2204460492503132e-20
5.689866029018293 1.0 8.881784197001253e-19
6.866488450042998 1.0 0.0
8.286427728546842 1.0 9.703349235223869e-18
10.0 1.0 0.0
