0.001 0.3549788730420604 0.001956580517559331
0.0012067926406393288 0.4273430930447783 0.0021548025634223512
0.0014563484775012444 0.5146552965542351 0.0023229681318540875
0.0017575106248547913 0.5865044034330363 0.002399081314677191
0.0021209508879201904 0.6665671966707684 0.002406409096124863
0.002559547922699536 0.7381257116810017 0.0023488309036692853
0.0030888435964774815 0.7964840213764083 0.0022502043953910433
0.003727593720314938 0.8537135066752839 0.0020510498929002118
0.004498432668969444 0.8893698629491813 0.001908949664103552
0.005428675439323859 0.9198141410463074 0.0017060893549034476
0.006551285568595509 0.9423952954338772 0.001471251652070974
0.0079060432109077 0.9550835584558554 0.001340212918375285
0.009540954763499945 0.9673551672792519 0.001133177593241389
0.01151395399326447 0.9757652481180222 0.000982360689634714
0.013894954943731374 0.9822033769722434 0.0008456608611419528
0.016768329368110076 0.9881329153516797 0.0006708539950613428
0.020235896477251564 0.9913008592572748 0.000593705514289204
0.02442053094548651 0.9937216560461098 0.0004936596268510246
0.029470517025518096 0.9963004808813657 0.0003849792428034825
0.03556480306223128 0.997474148395693 0.0002738265705190835
0.04291934260128776 0.9979030155254953 0.0002611646486948314
0.0517947467923121 0.9985851503249105 0.0002400326905306466
0.0625055192527397 0.9992277810068324 0.000154404835288444
0.07543120063354615 0.9992937392738866 0.0001519030418311333
0.09102981779915217 0.9993442153343356 0.00015981319985291077
0.10985411419875583 0.9997360910979307 9.38507144810791e-05
0.13257113655901082 0.9998776620146639 4.228915488618805e-05
0.15998587196060574 0.9999014548779959 4.2534571622610455e-05
0.19306977288832497 0.9999440645422266 2.5730054634657945e-05
0.2329951810515372 0.9999361421224355 4.2094685938469606e-05
0.2811768697974228 0.9999221564593772 4.8255532652086776e-05
0.3393221771895326 0.9999737015591889 2.5079029950519276e-05
0.4094915062380423 0.9999962305823706 2.2548739860122465e-06
0.49417133613238334 0.999999544377151 2.718408446663717e-07
0.5963623316594643 0.9999999699129728 2.1440286465035217e-08
0.7196856730011514 0.9999999388128452 5.9214204184129685e-08
0.868511373751352 0.9999999647851023 2.9528113364869224e-08
1.0481131341546852 0.9999919665735373 8.033020812480912e-06
1.2648552168552958 1.0 3.923863043739621e-17
1.5264179671752318 0.9999527029995284 4.726471195854677e-05
1.8420699693267144 1.0 4.4408920985006264e-20
2.2229964825261934 0.9999999995495947 4.503825000588745e-10
2.6826957952797246 1.0 9.344358803398484e-19
3.2374575428176433 1.0 0.0
3.906939937054613 1.0 2.2204460492503132e-20
4.714866363457389 1.0 2.2204460492503132e-20
5.689866029018293 1.0 2.2204460492503132e-20
6.866488450042998 1.0 0.0
8.286427728546842 1.0 0.0
10.0 1.0 0.0
