0.001 0.3916339754713129 0.0014992874116949288
0.0012067926406393288 0.44432825396010256 0.0016238653073076673
0.0014563484775012444 0.5082007945124511 0.001748005229554281
0.0017575106248547913 0.5619457556465793 0.0018232119105629396
0.0021209508879201904 0.624465894171486 0.001870354610533449
0.002559547922699536 0.6839321749922308 0.0018847028350010705
0.0030888435964774815 0.7380696326447501 0.0018619950448567118
0.003727593720314938 0.795326923691614 0.0017733594746674208
0.004498432668969444 0.8372816071839346 0.0017125176524205208
0.005428675439323859 0.8761899103597159 0.0015859303716546785
0.006551285568595509 0.9079916029060169 0.0014229671081790094
0.0079060432109077 0.9296558820434215 0.0013298490667007835
0.009540954763499945 0.9484463767819407 0.0011631865738157524
0.01151395399326447 0.96176814389212 0.0010269664855974312
0.013894954943731374 0.972000631537358 0.0008927715015260926
0.016768329368110076 0.9805754985221642 0.0007301217524985655
0.020235896477251564 0.9856798850147778 0.0006352737336525188
0.02442053094548651 0.9894874169370939 0.000539204307292455
0.029470517025518096 0.9934613729230485 0.00041901094793925356
0.03556480306223128 0.9952522495679652 0.000330684024532351
0.04291934260128776 0.9963026113864067 0.0003054035939622723
0.0517947467923121 0.9975567233513404 0.00026131936498425054
0.0625055192527397 0.9983373983084408 0.00018764421891950776
0.07543120063354615 0.9987045147754896 0.00017802164764541342
0.09102981779915217 0.9989186632150335 0.000177829012961198
0.10985411419875583 0.9994690895905467 0.00010925233813133951
0.13257113655901082 0.9996482014392887 6.933664888471407e-05
0.15998587196060574 0.9997606963914073 6.317066946732975e-05
0.19306977288832497 0.9998423266699227 4.6465102997525646e-05
0.2329951810515372 0.9998709360653751 5.254159984146206e-05
0.2811768697974228 0.9998665095876664 5.8506956243094926e-05
0.3393221771895326 0.9999519774455863 3.332031573860729e-05
0.4094915062380423 0.9999748917405051 1.1463509988701553e-05
0.49417133613238334 0.9999907550666854 3.925695446809375e-06
0.5963623316594643 0.9999979991027973 1.0035387693015119e-06
0.7196856730011514 0.9999981565013757 1.434591950407607e-06
0.868511373751352 0.9999984675101714 1.0865423949381302e-06
1.0481131341546852 0.9999825732290308 1.7404032897568077e-05
1.2648552168552958 0.9999999999331032 4.1919239434721827e-11
1.5264179671752318 0.9999507891385029 4.8185148709191086e-05
1.8420699693267144 0.9999999999999897 7.082059190963182e-15
2.2229964825261934 0.9999998773213572 1.2257358783009068e-07
2.6826957952797246 0.999999999993247 5.7497860980099905e-12
3.2374575428176433 0.9999999999998211 1.7883233205955394e-13
3.906939937054613 1.0 6.684427777288336e-19
4.714866363457389 1.0 1.1102230246251566e-20
5.689866029018293 1.0 1.1102230246251566e-20
6.866488450042998 1.0 1.1102230246251566e-19
8.286427728546842 1.0 0.0
10.0 1.0 0.0
