0.001 0.17001635264725679 0.0013499076272711875
0.0012067926406393288 0.2194716023080272 0.0016110894532404614
0.0014563484775012444 0.27440621744258986 0.0018476116001682633
0.0017575106248547913 0.3399712720522601 0.0020900559549943414
0.0021209508879201904 0.4096145751433987 0.00229166112211257
0.002559547922699536 0.4884578096514202 0.0024086742125093126
0.0030888435964774815 0.5678398613448336 0.0024414152291778292
0.003727593720314938 0.6453697524649706 0.002401432347741893
0.004498432668969444 0.7171804413033916 0.002273117001432684
0.005428675439323859 0.7818956076703075 0.002070117030328864
0.006551285568595509 0.8385836710576876 0.001821374664120576
0.0079060432109077 0.884368281845905 0.0015641564035603084
0.009540954763499945 0.9227225600265814 0.0013017141087471398
0.01151395399326447 0.9486415319960528 0.0010870665109429653
0.013894954943731374 0.9667637646955167 0.0009305603007189788
0.016768329368110076 0.9787555404760513 0.0007695275315282513
0.020235896477251564 0.9867577985724063 0.0006410125159105805
0.02442053094548651 0.9923926778244627 0.0004696240585763328
0.029470517025518096 0.9955440314570929 0.0003578602472272131
0.03556480306223128 0.9958993534712481 0.0003815141856245425
0.04291934260128776 0.998353894798928 0.000185803365831148
0.0517947467923121 0.9983918772194363 0.000252506648727648
0.0625055192527397 0.9991516169063867 0.0001548954963063625
0.07543120063354615 0.9994983172552404 0.00011379991825901546
0.09102981779915217 0.9993621232185634 0.00014453970577252146
0.10985411419875583 0.9996251404536979 0.00010885881493519113
0.13257113655901082 0.999861669069114 4.800562157929041e-05
0.15998587196060574 0.9998778872686813 4.791683406715615e-05
0.19306977288832497 0.999924070189104 4.531917629644258e-05
0.2329951810515372 0.9999517520505835 2.2011226050063335e-05
0.2811768697974228 0.9999678897992696 1.76008440485339e-05
0.3393221771895326 0.9999956645082871 3.7700513238682035e-06
0.4094915062380423 0.9999927078776465 4.529858553384748e-06
0.49417133613238334 0.9999993900337544 5.573639826217186e-07
0.5963623316594643 0.9999995010599557 4.5279307923302847e-07
0.7196856730011514 0.999997745711401 1.4093769119309576e-06
0.868511373751352 0.9999999594645645 4.044793033260108e-08
1.0481131341546852 0.9999991971759781 7.955436696539615e-07
1.2648552168552958 0.9999999978169839 1.6366977896594576e-09
1.5264179671752318 0.999999998230607 1.7208032831769392e-09
1.8420699693267144 0.999999999998113 1.886908135111791e-12
2.2229964825261934 1.0 3.845925372767128e-20
2.6826957952797246 1.0 5.235734567033566e-19
3.2374575428176433 0.9999999999999978 2.2989794150694456e-15
3.906939937054613 1.0 2.2204460492503132e-20
4.714866363457389 0.9999999999999991 9.049197604732248e-16
5.689866029018293 1.0 2.2204460492503132e-20
6.866488450042998 1.0 2.2204460492503132e-20
8.286427728546842 1.0 2.2204460492503132e-20
10.0 1.0 2.2204460492503132e-20
