0.001 0.025501659735912577 0.00037682559474868835
0.0012067926406393288 0.03985715986527448 0.0005490368681131031
0.0014563484775012444 0.058920130991210566 0.0007414955610058131
0.0017575106248547913 0.08551504996046654 0.0009972811587610434
0.0021209508879201904 0.1203924363718098 0.0012604791435237516
0.002559547922699536 0.16487056981607784 0.001579567006718249
0.0030888435964774815 0.22482324862323388 0.0019058499077068388
0.003727593720314938 0.29003366298404043 0.0022118475603913235
0.004498432668969444 0.3664444648559727 0.002477348422167115
0.005428675439323859 0.44687351588908514 0.0026418631548129545
0.006551285568595509 0.5388579614870121 0.002715971364595185
0.0079060432109077 0.6237455433179869 0.002656308735170338
0.009540954763499945 0.7051719249880367 0.0025071450245565353
0.01151395399326447 0.7773492589434641 0.002244258002800739
0.013894954943731374 0.8368886971789034 0.00195974324862578
0.016768329368110076 0.8841129699305024 0.0016732324194878875
0.020235896477251564 0.9239220507075766 0.0013838400133399042
0.02442053094548651 0.9475404895868315 0.0012299400039644463
0.029470517025518096 0.9701255764559824 0.0009209521963255107
0.03556480306223128 0.9803497035090252 0.0007865064342334031
0.04291934260128776 0.9881643294592355 0.0006318071688616935
0.0517947467923121 0.9917656045471689 0.0005544034919679007
0.0625055192527397 0.9944779574502393 0.0004626588859759248
0.07543120063354615 0.9963156704149584 0.0003729805717749904
0.09102981779915217 0.997248372399705 0.00033561945579793146
0.10985411419875583 0.9981443698968487 0.00026891710109235733
0.13257113655901082 0.9989672040348538 0.00018931974409458935
0.15998587196060574 0.9994789510387713 0.00011680824953595755
0.19306977288832497 0.9995330664991511 0.00016179414411563394
0.2329951810515372 0.9996369575170758 0.00012935990677114852
0.2811768697974228 0.9998449701751633 5.86702324247103e-05
0.3393221771895326 0.9996211169776761 0.00016568965871826223
0.4094915062380423 0.9997865585685295 9.747827340691702e-05
0.49417133613238334 0.9998763774406638 6.237215273975065e-05
0.5963623316594643 0.9999775601137831 1.0637793222031606e-05
0.7196856730011514 0.9999907373660746 4.714731927260696e-06
0.868511373751352 0.9999963840625851 1.8219232925558218e-06
1.0481131341546852 0.9999415310597184 4.657124450357714e-05
1.2648552168552958 0.9999998067897377 1.2165010895178522e-07
1.5264179671752318 0.9999999801021602 1.617511332094977e-08
1.8420699693267144 0.9999999999507229 3.843200750340474e-11
2.2229964825261934 0.9999969023753472 3.09711247224928e-06
2.6826957952797246 0.999999999990942 8.984283072861228e-12
3.2374575428176433 0.999999999909766 9.019548501766543e-11
3.906939937054613 1.0 2.6579490477647135e-17
4.714866363457389 0.9999999999999942 5.711406434673665e-15
5.689866029018293 0.9999999999785161 2.1477266583943935e-11
6.866488450042998 1.0 3.3673064336881e-17
8.286427728546842 1.0 0.0
10.0 1.0 0.0
