0.001 0.02597706331673254 0.0003854892882561127
0.0012067926406393288 0.03986149252705467 0.0005476603710580824
0.0014563484775012444 0.05837144754903217 0.0007449443230030583
0.0017575106248547913 0.08558172435704578 0.0010133030877106251
0.0021209508879201904 0.1202451474027271 0.0012837434072380926
0.002559547922699536 0.1665144669435143 0.0015833521288646948
0.0030888435964774815 0.22343458418006035 0.0019012319352805693
0.003727593720314938 0.2909297948867736 0.0021903823233191417
0.004498432668969444 0.36732384232838816 0.0024574687676308824
0.005428675439323859 0.449087006137016 0.0026320791079402217
0.006551285568595509 0.5367889936308299 0.0027276225304345525
0.0079060432109077 0.6179294540360801 0.002655062041458339
0.009540954763499945 0.7025772585940211 0.002489560657790979
0.01151395399326447 0.7729737461833592 0.00225522307886897
0.013894954943731374 0.835361297475957 0.0019789098361006566
0.016768329368110076 0.8832109187480395 0.0016925571466841053
0.020235896477251564 0.9232077326347331 0.0014125238635673586
0.02442053094548651 0.9516493001079969 0.001127402843994241
0.029470517025518096 0.9706172485490694 0.0008958860756932635
0.03556480306223128 0.9785962589065479 0.0008487206372869197
0.04291934260128776 0.9884895545087962 0.0005785506329121657
0.0517947467923121 0.9922139531295452 0.0005340097840262017
0.0625055192527397 0.9952001393589386 0.00040659976503235225
0.07543120063354615 0.9970377968561476 0.00031717673682806467
0.09102981779915217 0.9972770866498396 0.00034531133244654165
0.10985411419875583 0.9981471871251689 0.00026803568783373665
0.13257113655901082 0.9989448707504307 0.0001751006715131059
0.15998587196060574 0.9993030051399892 0.00016093999018682332
0.19306977288832497 0.9996448901626452 0.00012108767091062054
0.2329951810515372 0.9996657806062876 0.00010590841860959309
0.2811768697974228 0.9997673278379378 8.670989455434875e-05
0.3393221771895326 0.9999364397395478 3.363229138401473e-05
0.4094915062380423 0.999903165898774 4.38905758793969e-05
0.49417133613238334 0.9999814066735131 1.3162218119165911e-05
0.5963623316594643 0.9999813193073476 1.193884226408636e-05
0.7196856730011514 0.9999549893725449 2.5071938576165702e-05
0.868511373751352 0.999996288955492 3.4600443080834502e-06
1.0481131341546852 0.9999828960901482 1.4987638295572637e-05
1.2648552168552958 0.9999988220582531 8.080994501599214e-07
1.5264179671752318 0.9999991438185872 7.273858615625086e-07
1.8420699693267144 0.9999999762048652 2.3790423843493007e-08
2.2229964825261934 0.9999999999999558 2.7349289783857482e-14
2.6826957952797246 0.999999999980675 1.3793876093112443e-11
3.2374575428176433 0.9999999991691358 8.304519952227028e-10
3.906939937054613 0.9999999999993977 6.022750896937243e-13
4.714866363457389 0.9999999994789541 5.210197117724285e-10
5.689866029018293 0.9999999999999487 5.1195918810527855e-14
6.866488450042998 0.9999999999999994 4.890181337180257e-16
8.286427728546842 1.0 1.6653345369377348e-19
10.0 1.0 9.992007221626409e-20
