0.9784721446541591 0.0019846702507526595 0.9805633981526712 0.0011265501581404038
0.9911173751695902 0.001350538830375061 0.9911791080189795 0.0007725755952372082
0.9931483620206749 0.001235983410485818 0.992632076508956 0.0007276381789177717
0.9950341054888391 0.0011490007478909719 0.9936443325550054 0.0006952749969867852
0.9960973256061912 0.0010281181116281938 0.9949403442292318 0.0006324115856562996
0.9969096034633866 0.000907734464988076 0.9960837456040603 0.0005525723672714164
0.9976091342432749 0.000991480371428419 0.9952652430354516 0.0006430310372090941
0.9980193005444694 0.0007577695628117483 0.9973028107809585 0.0004832694346951353
0.997456732324495 0.0009431998314318738 0.9957513480640929 0.0005964231353747016
0.9983026507789214 0.0007494772653928913 0.9973529482072415 0.0004881696994632957
0.9981558047420905 0.000796892939920405 0.9970033814071053 0.0005103035051401592
0.99864047430201 0.0007650653993845863 0.997233106871504 0.0005047635525822684
0.9990452833579183 0.000782694041273788 0.9970809166375352 0.0005309064367355378
0.9990590895040459 0.0008008031162460201 0.996934455500344 0.0005470819356453031
0.9991195845763425 0.0007614151226081465 0.9972416712295353 0.0005188824068205355
0.9991949455336828 0.0008089920206863176 0.9968658050756812 0.0005567539320873995
0.9992234260486104 0.0008348673552676639 0.996653918484832 0.0005748963592103304
0.9990715805845161 0.0007993064187916105 0.9969438479867917 0.0005475986514726115
0.9993112355860148 0.0007887428412602601 0.9970191473301747 0.0005471974321868704
