0.9780770062074535 0.0019415015818553475 0.9814275167726255 0.0010866449475865827
0.9901580143785066 0.001427671165548129 0.9901059558411364 0.0008180980614639023
0.994028708464142 0.0010546647282752737 0.9946996753145104 0.0006008138189973889
0.9946124368731577 0.0010977573157388105 0.9942228554542322 0.0006472513622847588
0.996111398433728 0.0010682150680078573 0.9945175179385704 0.0006654760700234029
0.9959605663829728 0.001006789635746698 0.9951678763708421 0.0006045772393070096
0.9975440895415452 0.0007825720435338055 0.9971165419982558 0.00048701186044203124
0.9975182578146299 0.000871509400176255 0.9963901987450696 0.0005500209859027048
0.9978419293011858 0.0008010764823575763 0.9969665051502334 0.0005108197503098513
0.9981357658615483 0.0007735134296981736 0.9971777000723594 0.0004903849697081856
0.9981360047726261 0.0008424483708249822 0.996621357827606 0.0005401606219114511
0.9985319609448563 0.0007833134210877237 0.9970875132935536 0.0005121680005725452
0.9988448647616017 0.0007883764094225303 0.997038358623105 0.0005229683916885868
0.9988630304090365 0.0006993220852412201 0.9976960299194049 0.00046550970469612564
0.9988886636803048 0.0007813185005616269 0.9970945074642005 0.0005240112949004241
0.9988181522863306 0.000745896544586745 0.9973662298101048 0.0004951300586864875
0.9988832234377722 0.0007638232857115131 0.9972330086674946 0.0005125650302249597
0.9991066035514198 0.0007837099656819214 0.997072497057753 0.0005313248263202814
0.9991296847138673 0.0008002339435655047 0.9969371052563758 0.0005483472390283248
