0.9793868084451416 0.001971619626347891 0.9808159530634475 0.0011225793893989955
0.9896276934179163 0.0014633601485885112 0.9896126305706766 0.000845163636274719
0.9929034179776379 0.001242467532088164 0.992562079892661 0.0007151669392877864
0.9941701871810305 0.0011643675116540192 0.9934795962907811 0.0006728111600250619
0.9958103262073393 0.0010438168658354295 0.9947762083640697 0.0006244952342232844
0.995812470245979 0.0010196118496812255 0.995031048839871 0.0006039172328137953
0.9975942942330358 0.0009514253797222015 0.995645917323764 0.0006131718900120158
0.9972244365294134 0.0009981711473422694 0.9952093394242855 0.0006240140885141263
0.9975806250921743 0.0008083173748789235 0.9969158415076774 0.0005021446131060244
0.9978956900860374 0.0007747447225713031 0.9971717316617742 0.00048520524301395125
0.9983049348322666 0.0009014547777689329 0.9961017660716596 0.0005961167250206966
0.9985611257683463 0.000774318154248414 0.9971565533771254 0.0005098196225468048
0.9982618127724807 0.0008410128814347516 0.996632656428434 0.00054374830603092
0.9984040188286593 0.0006754016584325235 0.9978788678587558 0.00043311197324158614
0.9989773872323345 0.0008409847656350024 0.9966041651644647 0.0005715334795095692
0.998806387899482 0.0007589859306025231 0.9972691158768991 0.0005049442556393559
0.99919852450144 0.0006961879929007131 0.9977108278645727 0.0004713694965803284
0.9989912197603501 0.0006850681194046364 0.9977941126263311 0.00046040308310623204
0.9993255454865495 0.000612186830897134 0.9982551421958342 0.0004139302080650566
