0.001 0.11584982150444112 0.0008586960721807328
0.0012067926406393288 0.1524477245748074 0.0011054113849694007
0.0014563484775012444 0.20121185394339572 0.0013831104718275548
0.0017575106248547913 0.2553608089342003 0.0016819858935955248
0.0021209508879201904 0.31806890904018564 0.0019788537878926136
0.002559547922699536 0.38683115522892875 0.0022556532333529093
0.0030888435964774815 0.46190428340756573 0.002491258218933958
0.003727593720314938 0.5398104700407185 0.0026577806489398925
0.004498432668969444 0.6120589412580696 0.002761638061152376
0.005428675439323859 0.6822289974270042 0.0027762766311257366
0.006551285568595509 0.7470326498457269 0.00269205870375775
0.0079060432109077 0.797896845889477 0.002573207229999484
0.009540954763499945 0.8409604533761088 0.0024107172064008293
0.01151395399326447 0.8776048372932919 0.002218758150645313
0.013894954943731374 0.9013562391521195 0.0020910986677093817
0.016768329368110076 0.9227241596462944 0.0018856129923137262
0.020235896477251564 0.93853793396049 0.0017480079327002215
0.02442053094548651 0.9540273704165 0.0015260249270608785
0.029470517025518096 0.9617052779113837 0.0014223306677164918
0.03556480306223128 0.9707818796902564 0.0012621031376316755
0.04291934260128776 0.9756130366898135 0.0011720603824025182
0.0517947467923121 0.9813481009097254 0.0010316713943741684
0.0625055192527397 0.9839768495671034 0.0009759575375870552
0.07543120063354615 0.9867182244612228 0.000920581587279818
0.09102981779915217 0.9889656165637288 0.0008233045589550128
0.10985411419875583 0.9912565477828481 0.0007445527918079402
0.13257113655901082 0.9916173165214074 0.0007485653381986671
0.15998587196060574 0.9924440866218749 0.0007258032962352709
0.19306977288832497 0.9936258901934559 0.0006647182107563888
0.2329951810515372 0.9959139471321622 0.0005328227478301206
0.2811768697974228 0.9958012602168524 0.0005283172132155878
0.3393221771895326 0.996508593268057 0.000508281406063971
0.4094915062380423 0.9970511672404256 0.00046585019664641125
0.49417133613238334 0.9968362004724648 0.0004948274563301995
0.5963623316594643 0.9974524940040271 0.00043957723974913767
0.7196856730011514 0.9979705639113723 0.00038591545450502874
0.868511373751352 0.9982308893775304 0.00038053851680951693
1.0481131341546852 0.9990670200355837 0.00024895454337601943
1.2648552168552958 0.9986496412690451 0.0003271725249156355
1.5264179671752318 0.9986607874126068 0.00034879796196935696
1.8420699693267144 0.9979907713884397 0.000436391217790804
2.2229964825261934 0.9983571509560029 0.0003998693696747277
2.6826957952797246 0.9990735097346687 0.00029992987326596827
3.2374575428176433 0.9987924208296789 0.00034620599782943587
3.906939937054613 0.9988968905813425 0.0003314797487016677
4.714866363457389 0.998299334725434 0.0004119597031948953
5.689866029018293 0.9984998971324729 0.00038700771270817907
6.866488450042998 0.9989999897918668 0.0003160696093650134
8.286427728546842 0.998699999628049 0.0003603206903624971
10.0 0.9987999999888971 0.00034620225302174927
