0.001 0.11476148772376964 0.0008613321835004086
0.0012067926406393288 0.151457134777948 0.0011076689100421784
0.0014563484775012444 0.20058486526108976 0.001380090439351368
0.0017575106248547913 0.25584444395248945 0.0016792999134714944
0.0021209508879201904 0.3163015095716593 0.001973774376670908
0.002559547922699536 0.38354916052557947 0.0022654124480246114
0.0030888435964774815 0.46301165659378 0.0024942186382010223
0.003727593720314938 0.5399826499050161 0.002671764194071779
0.004498432668969444 0.6184918279358852 0.0027526099292180385
0.005428675439323859 0.6843487539293981 0.002778910464182442
0.006551285568595509 0.7419041936237273 0.0027319950674091313
0.0079060432109077 0.795972999323124 0.002610157706280029
0.009540954763499945 0.8380371866908439 0.0024423286834886243
0.01151395399326447 0.8712663679967336 0.002288384739622404
0.013894954943731374 0.8989921867045716 0.0020865482185907884
0.016768329368110076 0.9224603003423243 0.0018992736284717286
0.020235896477251564 0.9396457773926224 0.0017176772153607864
0.02442053094548651 0.9527765326152429 0.0015563826857737182
0.029470517025518096 0.9618806167353676 0.0014318944204270967
0.03556480306223128 0.9692747555763088 0.0013231811172627912
0.04291934260128776 0.974556528142119 0.0012086241307857704
0.0517947467923121 0.9770162990272702 0.001195100083093244
0.0625055192527397 0.9834554731674192 0.0010181197596970698
0.07543120063354615 0.985878277725114 0.000950220823680461
0.09102981779915217 0.9886036514537587 0.0008565986413672629
0.10985411419875583 0.991176385586697 0.000743038997422792
0.13257113655901082 0.992590687561523 0.0007189891996191201
0.15998587196060574 0.9931481709786445 0.0006791993595202879
0.19306977288832497 0.9933760450360983 0.0006880377249076516
0.2329951810515372 0.9950675976123017 0.0005931890547212135
0.2811768697974228 0.9955612817828665 0.0005775665741619281
0.3393221771895326 0.996747057273487 0.00046693724410976946
0.4094915062380423 0.9971975001973103 0.000445660024728871
0.49417133613238334 0.9964451135604436 0.0005355144756414025
0.5963623316594643 0.9970533287554443 0.00048542090343785043
0.7196856730011514 0.9976211407667847 0.00042219772963057923
0.868511373751352 0.9983383846142533 0.00035217282565013587
1.0481131341546852 0.9973029326384613 0.0004844492902868483
1.2648552168552958 0.9979825698413246 0.0004116130026797571
1.5264179671752318 0.9989811094072946 0.000288806440410839
1.8420699693267144 0.9989311461048924 0.00030254543018367025
2.2229964825261934 0.9979423318734351 0.0004470742827753829
2.6826957952797246 0.9983571551499605 0.00039978984892339816
3.2374575428176433 0.9988909086498712 0.00033148944003250113
3.906939937054613 0.999096910231366 0.00029986548754994217
4.714866363457389 0.9988987191811252 0.0003314797194353668
5.689866029018293 0.9979997727621017 0.00044676605938389567
6.866488450042998 0.9987999734044426 0.00034620224386374397
8.286427728546842 0.9982999979908572 0.00041195994868084985
10.0 0.9992999998879645 0.00026448251357001976
