0.001 0.11616080162850494 0.0008737352544847422
0.0012067926406393288 0.1542709398740489 0.0011095981944457848
0.0014563484775012444 0.19948468413231688 0.0013733149772446268
0.0017575106248547913 0.2512879695326044 0.0016757650495104622
0.0021209508879201904 0.31639192000372307 0.001986898562071723
0.002559547922699536 0.3868320085268223 0.0022599964872638545
0.0030888435964774815 0.4664558380172402 0.002489775035692476
0.003727593720314938 0.5404869870420628 0.0026556470491883766
0.004498432668969444 0.6165450041397076 0.0027539962121441086
0.005428675439323859 0.6899618035733885 0.0027263356513692327
0.006551285568595509 0.7450872791907388 0.0026879176305996994
0.0079060432109077 0.7929955225156282 0.002627969448477693
0.009540954763499945 0.8382264231168772 0.002456748581796736
0.01151395399326447 0.8744432556309741 0.0022666300129651285
0.013894954943731374 0.900621725434503 0.0020904292748605015
0.016768329368110076 0.921708087814174 0.0019130801240153622
0.020235896477251564 0.9332241184938724 0.001822917540643419
0.02442053094548651 0.9508476949139469 0.0016019016934954466
0.029470517025518096 0.9629196824447541 0.00138800046135998
0.03556480306223128 0.9673768970400847 0.001350706897137643
0.04291934260128776 0.9737278514028856 0.001249302973628275
0.0517947467923121 0.9802524574481111 0.0010773584723956808
0.0625055192527397 0.9852638958889798 0.0009378065711333092
0.07543120063354615 0.9868118089443692 0.0009033097438499926
0.09102981779915217 0.9880069397662834 0.000872871803734803
0.10985411419875583 0.9911488049623902 0.0007531724053984093
0.13257113655901082 0.9907481114770873 0.000783739872918904
0.15998587196060574 0.9928870297978261 0.0006944546858290235
0.19306977288832497 0.9955120206479753 0.0005422850193606662
0.2329951810515372 0.9947365513956155 0.0005999326769513093
0.2811768697974228 0.9954724940591435 0.0005716730373909099
0.3393221771895326 0.9958813689427206 0.0005653299455945397
0.4094915062380423 0.9959503822509794 0.0005507295369700408
0.49417133613238334 0.9976673254019206 0.00041609857282574756
0.5963623316594643 0.9974315142130695 0.000456299897510155
0.7196856730011514 0.9977334089927273 0.000409139477495983
0.868511373751352 0.9976841104967634 0.0004518931010036163
1.0481131341546852 0.9985561289280995 0.00034546505697587995
1.2648552168552958 0.9979800553011775 0.0004015612530787889
1.5264179671752318 0.9993589305099727 0.00022799883438196847
1.8420699693267144 0.9977499052292956 0.0004591344954644218
2.2229964825261934 0.9982047704030514 0.0004124409488661391
2.6826957952797246 0.9987420207907266 0.00034634893315464965
3.2374575428176433 0.9980904478625411 0.0004354794782317601
3.906939937054613 0.9983969647133285 0.00039967947881667284
4.714866363457389 0.9986994583501612 0.00036032053204418824
5.689866029018293 0.9986999182189799 0.00036032066191807294
6.866488450042998 0.998899985065426 0.00033148000954554024
8.286427728546842 0.9987999991854527 0.0003462022527433406
10.0 0.9985999999627094 0.0003739037309115259
