0.001 0.012689716149930603 0.0001389711807283719
0.0012067926406393288 0.020522740844146556 0.00021540701275268504
0.0014563484775012444 0.03200958589923423 0.00032514910364732634
0.0017575106248547913 0.04917574728593502 0.00048264866894420213
0.0021209508879201904 0.072780124155307 0.0006899151180025922
0.002559547922699536 0.10772418439055487 0.0009654505653705521
0.0030888435964774815 0.14742288514052904 0.0012773219250535772
0.003727593720314938 0.2042039843715725 0.00162070796215493
0.004498432668969444 0.2719512136608067 0.002008720534573686
0.005428675439323859 0.3478549411042797 0.002358437392843414
0.006551285568595509 0.43392012943842784 0.0026714852046084894
0.0079060432109077 0.5129719039513827 0.0028897229217491123
0.009540954763499945 0.5979249639745918 0.0029755324442669886
0.01151395399326447 0.6685451171185054 0.0029927617639531018
0.013894954943731374 0.7398910119380533 0.0028995386351985536
0.016768329368110076 0.7945854248311892 0.0027547091923731536
0.020235896477251564 0.8410607640723605 0.0025510937214623173
0.02442053094548651 0.8757179602838503 0.0023732928951586815
0.029470517025518096 0.9022794616725202 0.0021750268819051076
0.03556480306223128 0.9237538715035601 0.001973251642646624
0.04291934260128776 0.9384327318489551 0.0018068198139971406
0.0517947467923121 0.9532692919129513 0.0016338270088517304
0.0625055192527397 0.9620284187626205 0.0014690670162468696
0.07543120063354615 0.9684542289063199 0.0013593127258360149
0.09102981779915217 0.9771916772841931 0.0011732714429979483
0.10985411419875583 0.9787083876790673 0.0011434394396426766
0.13257113655901082 0.9826970573585871 0.0010636037459366373
0.15998587196060574 0.9858227970664246 0.0009521028253524464
0.19306977288832497 0.990001890687147 0.0008047717116259408
0.2329951810515372 0.9918781702187657 0.0007262677039672414
0.2811768697974228 0.9914144635625769 0.000777630913342563
0.3393221771895326 0.9927999018925348 0.000724253704700136
0.4094915062380423 0.9942707167647065 0.0006433327991799776
0.49417133613238334 0.9950826719041211 0.0005817667565567837
0.5963623316594643 0.9960574613856019 0.0005154237140026613
0.7196856730011514 0.9963836575487895 0.0005258149110788047
0.868511373751352 0.9957703643183022 0.0005690008601456323
1.0481131341546852 0.9974720214839031 0.00044668918838960367
1.2648552168552958 0.9981625105818026 0.00037018594866042466
1.5264179671752318 0.9980285606934176 0.0004030640150008425
1.8420699693267144 0.9984165701991087 0.00036479918208362
2.2229964825261934 0.9980155383172903 0.0004040116051283369
2.6826957952797246 0.9985869496247085 0.00034013604649727884
3.2374575428176433 0.9981506228255814 0.00041392509325989757
3.906939937054613 0.9979282021738658 0.0004472055066589091
4.714866363457389 0.998854459937945 0.0003316480660872905
5.689866029018293 0.9988908483672736 0.00033149096760971684
6.866488450042998 0.9973965433201474 0.0005092379475544504
8.286427728546842 0.9987987823090115 0.00034620196457650567
10.0 0.9981998900868339 0.00042388201417393697
