0.001 0.0011051436510480643 1.019573750542226e-05
0.0012067926406393288 0.0013133640020048852 1.2148898583220173e-05
0.0014563484775012444 0.001592323183166962 1.4683751275985985e-05
0.0017575106248547913 0.0018774146476369165 1.752176967222107e-05
0.0021209508879201904 0.002295395858920836 2.1350347938054637e-05
0.002559547922699536 0.0027450493607842088 2.549732523271527e-05
0.0030888435964774815 0.00332246820490246 3.088516396025448e-05
0.003727593720314938 0.0040354810946391295 3.7427454892357146e-05
0.004498432668969444 0.004857068349851601 4.45739185382706e-05
0.005428675439323859 0.0058246704237405154 5.349435593919884e-05
0.006551285568595509 0.007012919539644967 6.520959655012074e-05
0.0079060432109077 0.008604720848999643 9.836353177719353e-05
0.009540954763499945 0.010165485718501868 9.393196007088457e-05
0.01151395399326447 0.01222947964196302 0.00011206768581072666
0.013894954943731374 0.015123252136139152 0.00013777312354048649
0.016768329368110076 0.01796303256344184 0.0001638796758814807
0.020235896477251564 0.021668464450526947 0.00021515587506600292
0.02442053094548651 0.025965726180434405 0.0002392174637076383
0.029470517025518096 0.03117975305273395 0.0002841886554261084
0.03556480306223128 0.03740173259784466 0.000336203732155426
0.04291934260128776 0.04484236068062298 0.0004028044780830596
0.0517947467923121 0.05309538330231253 0.00047567554151828486
0.0625055192527397 0.06296628807456484 0.0005639606818030847
0.07543120063354615 0.07559308876721085 0.0006696056989768979
0.09102981779915217 0.09094279761661478 0.0007936131156930204
0.10985411419875583 0.10669833146098265 0.0009249343285749111
0.13257113655901082 0.1249351146702068 0.0010720173822635077
0.15998587196060574 0.14796120070729685 0.0012520660522593319
0.19306977288832497 0.17649192370793776 0.0014481835538553227
0.2329951810515372 0.20377232483607507 0.0016490731726562342
0.2811768697974228 0.23692506049451267 0.0018695073234100395
0.3393221771895326 0.27317482415323907 0.002092401798917715
0.4094915062380423 0.3094327983785209 0.0023193062983919524
0.49417133613238334 0.35009456290141944 0.0025155367915645436
0.5963623316594643 0.3954865492118676 0.0027130635846257982
0.7196856730011514 0.436497585466314 0.0028973291102860716
0.868511373751352 0.4861967605918889 0.0030462182194044445
1.0481131341546852 0.5310544813559855 0.0031326327933356847
1.2648552168552958 0.5767640192818724 0.003213633765587881
1.5264179671752318 0.6106866298296038 0.003269796094617297
1.8420699693267144 0.658989073019216 0.0032292056722069812
2.2229964825261934 0.6867818214720278 0.0032342164136689162
2.6826957952797246 0.7301408935299325 0.003128265425531674
3.2374575428176433 0.7493684409202619 0.0031086170530900525
3.906939937054613 0.7826009436281467 0.00298628941826731
4.714866363457389 0.8138408754640273 0.002819233975004954
5.689866029018293 0.8314040796646628 0.0027577729955466073
6.866488450042998 0.846340105453986 0.002667520544755817
8.286427728546842 0.8718270410532474 0.002474672727800208
10.0 0.8894271828100507 0.0023077262288685625
