0.001 0.0010407278949278924 9.719867679797803e-06
0.0012067926406393288 0.0012928256355581563 1.6911564168614347e-05
0.0014563484775012444 0.0015071887453680392 1.4160027006374149e-05
0.0017575106248547913 0.0018472264923853356 1.7298733662847836e-05
0.0021209508879201904 0.0022169280564013206 2.872952320860286e-05
0.002559547922699536 0.0027419220500736682 2.532598405375972e-05
0.0030888435964774815 0.0032408593129494064 4.085840324643496e-05
0.003727593720314938 0.003938242321393427 4.887309446051239e-05
0.004498432668969444 0.00472931679246901 4.4049775342401486e-05
0.005428675439323859 0.005699523523658063 5.275861997485755e-05
0.006551285568595509 0.006803947529129599 6.342697267407297e-05
0.0079060432109077 0.008166459688530596 7.589700819453947e-05
0.009540954763499945 0.010086057922311093 0.00011179514664403995
0.01151395399326447 0.011906173270994634 0.00011014087085168381
0.013894954943731374 0.01431120831330754 0.0001330337952811709
0.016768329368110076 0.01750391658774351 0.0001797201337812953
0.020235896477251564 0.021067345878148545 0.00021084954818932525
0.02442053094548651 0.02463872580497212 0.00022964962855122434
0.029470517025518096 0.029887793386257112 0.0002765217378817111
0.03556480306223128 0.035614216821490366 0.0003264139845773259
0.04291934260128776 0.04322485984609982 0.00039026701004789727
0.0517947467923121 0.05188131365794428 0.00047948682836286284
0.0625055192527397 0.061497272033535555 0.00055655553917378
0.07543120063354615 0.07439329257252734 0.0006667530762269055
0.09102981779915217 0.08815715344336938 0.0007837963533132179
0.10985411419875583 0.10387364494263288 0.0009165519516216942
0.13257113655901082 0.12080152255017074 0.0010411411577644352
0.15998587196060574 0.14781613031909668 0.0012344837973614297
0.19306977288832497 0.17061086069874 0.0014237857339943452
0.2329951810515372 0.1967173196141623 0.0016243577307630918
0.2811768697974228 0.22816320306684734 0.0018175918758401308
0.3393221771895326 0.2632762186021312 0.002045995789490512
0.4094915062380423 0.3049909147060134 0.002280789092016454
0.49417133613238334 0.34472321621334906 0.0024999816432737434
0.5963623316594643 0.38606054385148886 0.002689743598851511
0.7196856730011514 0.43045360757036216 0.0028431476583110444
0.868511373751352 0.47500576274226225 0.0030193394038976256
1.0481131341546852 0.5260868267168805 0.003147083385396
1.2648552168552958 0.5608939482045898 0.003228786786854392
1.5264179671752318 0.6051666894168871 0.0032356324152345295
1.8420699693267144 0.6443945627043814 0.0032753327426681645
2.2229964825261934 0.6834719591588775 0.003254080526576364
2.6826957952797246 0.7192126661435945 0.0031728346319152717
3.2374575428176433 0.7559843892885285 0.003063774268629611
3.906939937054613 0.7728262045155404 0.0030339611004080442
4.714866363457389 0.7993921640202958 0.002941492654711321
5.689866029018293 0.822285344347965 0.0028333132857394205
6.866488450042998 0.8483860615903448 0.002644236485022209
8.286427728546842 0.8681509123067394 0.002503564296084067
10.0 0.884137116428027 0.00236566226672725
