0.001 8.779437121891734e-08 8.288295038121491e-08
0.0012067926406393288 8.528183763796941e-09 1.939955969151226e-10
0.0014563484775012444 2.547384383700272e-07 2.3962240629512996e-07
0.0017575106248547913 2.6207727089762663e-08 6.118582375778196e-10
0.0021209508879201904 4.654392548199009e-08 1.0664879466832922e-09
0.002559547922699536 8.331989408664449e-08 1.8542459937786857e-09
0.0030888435964774815 1.4432353641425854e-07 3.4115550210640168e-09
0.003727593720314938 2.5793718038808835e-07 6.030632104884952e-09
0.004498432668969444 4.2786766879123067e-07 9.79136082705316e-09
0.005428675439323859 7.862531135193932e-06 7.12780635572315e-06
0.006551285568595509 1.2723390403444663e-06 2.994228678987766e-08
0.0079060432109077 2.3542618252278467e-06 5.45022361016603e-08
0.009540954763499945 4.161191315344119e-06 9.515742818221759e-08
0.01151395399326447 7.061169286843305e-06 1.6242254725567456e-07
0.013894954943731374 5.373534692244448e-05 4.152407472251548e-05
0.016768329368110076 7.409096522020394e-05 5.2893365526623235e-05
0.020235896477251564 3.709882363981145e-05 8.27827266164791e-07
0.02442053094548651 6.325646307715264e-05 1.4202710070978911e-06
0.029470517025518096 0.0001922845702962932 8.45087481275636e-05
0.03556480306223128 0.0002838727899311068 9.13583161053398e-05
0.04291934260128776 0.00032441460770852833 7.1248419915834e-06
0.0517947467923121 0.0005706802158123646 1.2284457950285472e-05
0.0625055192527397 0.0009605351146208424 2.088293426302389e-05
0.07543120063354615 0.001601819940070056 3.346835165918759e-05
0.09102981779915217 0.0025387267674062256 5.170386136761372e-05
0.10985411419875583 0.0041393343678024766 8.449402330256709e-05
0.13257113655901082 0.006776711702021204 0.00013399357331613163
0.15998587196060574 0.010442117245156495 0.00020386953787281714
0.19306977288832497 0.016340137671612392 0.0003072989028817369
0.2329951810515372 0.024257883674572902 0.0004447753616021944
0.2811768697974228 0.036276094288885986 0.0006264882601880183
0.3393221771895326 0.05536294742356291 0.0008972764365460531
0.4094915062380423 0.07783165072777369 0.0011961045870289776
0.49417133613238334 0.1037764680337356 0.0015216216794690593
0.5963623316594643 0.14311132354797423 0.0019375447624277017
0.7196856730011514 0.18150054755982936 0.0023028492438493782
0.868511373751352 0.22946579457399424 0.002701316849726523
1.0481131341546852 0.28541773954539185 0.003053987796794817
1.2648552168552958 0.3418909795058986 0.003359800925423677
1.5264179671752318 0.39228589923709845 0.003586831814961168
1.8420699693267144 0.4439704681070299 0.003748775780570474
2.2229964825261934 0.4990783407626201 0.00387565909590161
2.6826957952797246 0.5489481999369474 0.003942086992558882
3.2374575428176433 0.5928824120943531 0.003951823206530961
3.906939937054613 0.642615837838676 0.003895421460815679
4.714866363457389 0.6718055493923168 0.0038690072794430523
5.689866029018293 0.7152195200809952 0.0037363230684730104
6.866488450042998 0.7444423604755884 0.0036549033635934485
8.286427728546842 0.7704638108154935 0.0035197451960397247
10.0 0.7980440131454422 0.0033876449977625483
