7.000E+02  7.956E-03
2.100E+03  8.337E-03
3.500E+03  8.183E-03
4.900E+03  8.156E-03
6.300E+03  8.100E-03
7.700E+03  8.118E-03
9.100E+03  8.123E-03
1.050E+04  8.064E-03
1.190E+04  7.971E-03
1.330E+04  8.030E-03
1.470E+04  7.975E-03
1.610E+04  7.938E-03
1.750E+04  7.938E-03
1.890E+04  7.864E-03
2.030E+04  7.896E-03
2.170E+04  7.774E-03
2.310E+04  7.882E-03
2.450E+04  7.779E-03
2.590E+04  7.656E-03
2.730E+04  7.717E-03
2.870E+04  7.738E-03
3.010E+04  7.676E-03
3.150E+04  7.738E-03
3.290E+04  7.640E-03
3.430E+04  7.562E-03
3.570E+04  7.589E-03
3.710E+04  7.546E-03
3.850E+04  7.478E-03
3.990E+04  7.418E-03
4.130E+04  7.502E-03
4.270E+04  7.384E-03
4.410E+04  7.434E-03
4.550E+04  7.422E-03
4.690E+04  7.355E-03
4.830E+04  7.260E-03
4.970E+04  7.148E-03
5.110E+04  7.266E-03
5.250E+04  7.232E-03
5.390E+04  7.253E-03
5.530E+04  7.215E-03
5.670E+04  7.191E-03
5.810E+04  7.135E-03
5.950E+04  7.076E-03
6.090E+04  7.085E-03
6.230E+04  7.017E-03
6.370E+04  6.988E-03
6.510E+04  6.989E-03
6.650E+04  6.812E-03
6.790E+04  6.752E-03
6.930E+04  6.955E-03
7.070E+04  6.849E-03
7.210E+04  6.775E-03
7.350E+04  6.825E-03
7.490E+04  6.745E-03
7.630E+04  6.636E-03
7.770E+04  6.609E-03
7.910E+04  6.621E-03
8.050E+04  6.614E-03
8.190E+04  6.562E-03
8.330E+04  6.447E-03
8.470E+04  6.545E-03
8.610E+04  6.388E-03
8.750E+04  6.300E-03
8.890E+04  6.258E-03
9.030E+04  6.207E-03
9.170E+04  6.277E-03
9.310E+04  6.209E-03
9.450E+04  6.175E-03
9.590E+04  6.127E-03
9.730E+04  6.083E-03
9.870E+04  6.011E-03
1.001E+05  5.857E-03
1.015E+05  5.936E-03
1.029E+05  5.947E-03
1.043E+05  5.797E-03
1.057E+05  5.803E-03
1.071E+05  5.747E-03
1.085E+05  5.720E-03
1.099E+05  5.669E-03
1.113E+05  5.659E-03
1.127E+05  5.559E-03
1.141E+05  5.536E-03
1.155E+05  5.481E-03
1.169E+05  5.516E-03
1.183E+05  5.480E-03
1.197E+05  5.330E-03
1.211E+05  5.257E-03
1.225E+05  5.310E-03
1.239E+05  5.285E-03
1.253E+05  5.216E-03
1.267E+05  5.150E-03
1.281E+05  5.092E-03
1.295E+05  5.035E-03
1.309E+05  5.022E-03
1.323E+05  4.936E-03
1.337E+05  4.864E-03
1.351E+05  4.832E-03
1.365E+05  4.765E-03
1.379E+05  4.742E-03
1.393E+05  4.751E-03
1.407E+05  4.675E-03
1.421E+05  4.665E-03
1.435E+05  4.556E-03
1.449E+05  4.478E-03
1.463E+05  4.450E-03
1.477E+05  4.434E-03
1.491E+05  4.363E-03
1.505E+05  4.337E-03
1.519E+05  4.252E-03
1.533E+05  4.145E-03
1.547E+05  4.117E-03
1.561E+05  4.146E-03
1.575E+05  4.095E-03
1.589E+05  3.956E-03
1.603E+05  3.932E-03
1.617E+05  3.945E-03
1.631E+05  3.869E-03
1.645E+05  3.816E-03
1.659E+05  3.752E-03
1.673E+05  3.759E-03
1.687E+05  3.711E-03
1.701E+05  3.592E-03
1.715E+05  3.557E-03
1.729E+05  3.519E-03
1.743E+05  3.455E-03
1.757E+05  3.450E-03
1.771E+05  3.376E-03
1.785E+05  3.274E-03
1.799E+05  3.224E-03
1.813E+05  3.213E-03
1.827E+05  3.151E-03
1.841E+05  3.065E-03
1.855E+05  3.055E-03
1.869E+05  3.012E-03
1.883E+05  2.946E-03
1.897E+05  2.877E-03
1.911E+05  2.878E-03
1.925E+05  2.745E-03
1.939E+05  2.756E-03
1.953E+05  2.749E-03
1.967E+05  2.660E-03
1.981E+05  2.612E-03
1.995E+05  2.556E-03
2.009E+05  2.516E-03
2.023E+05  2.448E-03
2.037E+05  2.480E-03
2.051E+05  2.376E-03
2.065E+05  2.339E-03
2.079E+05  2.302E-03
2.093E+05  2.312E-03
2.107E+05  2.193E-03
2.121E+05  2.202E-03
2.135E+05  2.115E-03
2.149E+05  2.081E-03
2.163E+05  2.045E-03
2.177E+05  1.975E-03
2.191E+05  1.991E-03
2.205E+05  1.930E-03
2.219E+05  1.904E-03
2.233E+05  1.821E-03
2.247E+05  1.811E-03
2.261E+05  1.703E-03
2.275E+05  1.676E-03
2.289E+05  1.683E-03
2.303E+05  1.599E-03
2.317E+05  1.572E-03
2.331E+05  1.532E-03
2.345E+05  1.464E-03
2.359E+05  1.432E-03
2.373E+05  1.441E-03
2.387E+05  1.363E-03
2.401E+05  1.362E-03
2.415E+05  1.305E-03
2.429E+05  1.283E-03
2.443E+05  1.223E-03
2.457E+05  1.204E-03
2.471E+05  1.134E-03
2.485E+05  1.130E-03
2.499E+05  1.080E-03
2.513E+05  1.049E-03
2.527E+05  9.951E-04
2.541E+05  9.738E-04
2.555E+05  9.562E-04
2.569E+05  9.328E-04
2.583E+05  8.788E-04
2.597E+05  8.595E-04
2.611E+05  8.453E-04
2.625E+05  7.876E-04
2.639E+05  7.612E-04
2.653E+05  7.499E-04
2.667E+05  6.817E-04
2.681E+05  6.855E-04
2.695E+05  6.386E-04
2.709E+05  6.265E-04
2.723E+05  5.792E-04
2.737E+05  5.553E-04
2.751E+05  5.444E-04
2.765E+05  5.377E-04
2.779E+05  5.047E-04
2.793E+05  5.151E-04
2.807E+05  4.658E-04
2.821E+05  4.252E-04
2.835E+05  4.398E-04
2.849E+05  4.252E-04
2.863E+05  3.716E-04
2.877E+05  3.515E-04
2.891E+05  3.603E-04
2.905E+05  3.360E-04
2.919E+05  3.084E-04
2.933E+05  2.900E-04
2.947E+05  3.026E-04
2.961E+05  2.666E-04
2.975E+05  2.787E-04
2.989E+05  2.469E-04
3.003E+05  2.314E-04
3.017E+05  2.314E-04
3.031E+05  2.117E-04
3.045E+05  2.218E-04
3.059E+05  2.042E-04
3.073E+05  1.917E-04
3.087E+05  1.908E-04
3.101E+05  1.678E-04
3.115E+05  1.921E-04
3.129E+05  1.557E-04
3.143E+05  1.640E-04
3.157E+05  1.619E-04
3.171E+05  1.691E-04
3.185E+05  1.553E-04
3.199E+05  1.640E-04
3.213E+05  1.699E-04
3.227E+05  1.816E-04
3.241E+05  1.661E-04
3.255E+05  1.498E-04
3.269E+05  1.716E-04
3.283E+05  1.590E-04
3.297E+05  1.594E-04
3.311E+05  1.456E-04
3.325E+05  1.573E-04
3.339E+05  1.699E-04
3.353E+05  1.670E-04
3.367E+05  1.536E-04
3.381E+05  1.661E-04
3.395E+05  1.435E-04
3.409E+05  1.460E-04
3.423E+05  1.540E-04
3.437E+05  1.753E-04
3.451E+05  1.586E-04
3.465E+05  1.523E-04
3.479E+05  1.615E-04
3.493E+05  1.699E-04
3.507E+05  1.791E-04
3.521E+05  1.783E-04
3.535E+05  1.540E-04
3.549E+05  1.594E-04
3.563E+05  1.536E-04
3.577E+05  1.523E-04
3.591E+05  1.716E-04
3.605E+05  1.578E-04
3.619E+05  1.628E-04
3.633E+05  1.657E-04
3.647E+05  1.632E-04
3.661E+05  1.548E-04
3.675E+05  1.548E-04
3.689E+05  1.578E-04
3.703E+05  1.569E-04
3.717E+05  1.544E-04
3.731E+05  1.553E-04
3.745E+05  1.532E-04
3.759E+05  1.394E-04
3.773E+05  1.431E-04
3.787E+05  1.619E-04
3.801E+05  1.490E-04
3.815E+05  1.368E-04
3.829E+05  1.603E-04
3.843E+05  1.486E-04
3.857E+05  1.527E-04
3.871E+05  1.427E-04
3.885E+05  1.494E-04
3.899E+05  1.557E-04
3.913E+05  1.573E-04
3.927E+05  1.523E-04
3.941E+05  1.440E-04
3.955E+05  1.666E-04
3.969E+05  1.628E-04
3.983E+05  1.481E-04
3.997E+05  1.661E-04
4.011E+05  1.594E-04
4.025E+05  1.527E-04
4.039E+05  1.573E-04
4.053E+05  1.615E-04
4.067E+05  1.565E-04
4.081E+05  1.473E-04
4.095E+05  1.532E-04
4.109E+05  1.611E-04
4.123E+05  1.511E-04
4.137E+05  1.456E-04
4.151E+05  1.481E-04
4.165E+05  1.527E-04
4.179E+05  1.624E-04
4.193E+05  1.507E-04
4.207E+05  1.582E-04
4.221E+05  1.368E-04
4.235E+05  1.477E-04
4.249E+05  1.465E-04
4.263E+05  1.607E-04
4.277E+05  1.532E-04
4.291E+05  1.619E-04
4.305E+05  1.460E-04
4.319E+05  1.502E-04
4.333E+05  1.682E-04
4.347E+05  1.469E-04
4.361E+05  1.402E-04
4.375E+05  1.565E-04
4.389E+05  1.373E-04
4.403E+05  1.444E-04
4.417E+05  1.490E-04
4.431E+05  1.527E-04
4.445E+05  1.632E-04
4.459E+05  1.440E-04
4.473E+05  1.540E-04
4.487E+05  1.360E-04
4.501E+05  1.507E-04
4.515E+05  1.477E-04
4.529E+05  1.381E-04
4.543E+05  1.565E-04
4.557E+05  1.523E-04
4.571E+05  1.540E-04
4.585E+05  1.619E-04
4.599E+05  1.460E-04
4.613E+05  1.406E-04
4.627E+05  1.465E-04
4.641E+05  1.565E-04
4.655E+05  1.440E-04
4.669E+05  1.490E-04
4.683E+05  1.486E-04
4.697E+05  1.456E-04
4.711E+05  1.473E-04
4.725E+05  1.615E-04
4.739E+05  1.431E-04
4.753E+05  1.544E-04
4.767E+05  1.343E-04
4.781E+05  1.444E-04
4.795E+05  1.414E-04
4.809E+05  1.481E-04
4.823E+05  1.536E-04
4.837E+05  1.335E-04
4.851E+05  1.364E-04
4.865E+05  1.414E-04
4.879E+05  1.469E-04
4.893E+05  1.385E-04
4.907E+05  1.523E-04
4.921E+05  1.532E-04
4.935E+05  1.448E-04
4.949E+05  1.456E-04
4.963E+05  1.573E-04
4.977E+05  1.314E-04
4.991E+05  1.419E-04
5.005E+05  1.578E-04
5.019E+05  1.448E-04
5.033E+05  1.364E-04
5.047E+05  1.394E-04
5.061E+05  1.452E-04
5.075E+05  1.460E-04
5.089E+05  1.490E-04
5.103E+05  1.377E-04
5.117E+05  1.343E-04
5.131E+05  1.456E-04
5.145E+05  1.603E-04
5.159E+05  1.532E-04
5.173E+05  1.465E-04
5.187E+05  1.486E-04
5.201E+05  1.473E-04
5.215E+05  1.452E-04
5.229E+05  1.460E-04
5.243E+05  1.456E-04
5.257E+05  1.435E-04
5.271E+05  1.402E-04
5.285E+05  1.423E-04
5.299E+05  1.352E-04
5.313E+05  1.356E-04
5.327E+05  1.481E-04
5.341E+05  1.356E-04
5.355E+05  1.398E-04
5.369E+05  1.440E-04
5.383E+05  1.406E-04
5.397E+05  1.414E-04
5.411E+05  1.339E-04
5.425E+05  1.394E-04
5.439E+05  1.264E-04
5.453E+05  1.352E-04
5.467E+05  1.293E-04
5.481E+05  1.569E-04
5.495E+05  1.347E-04
5.509E+05  1.448E-04
5.523E+05  1.402E-04
5.537E+05  1.460E-04
5.551E+05  1.218E-04
5.565E+05  1.368E-04
5.579E+05  1.515E-04
5.593E+05  1.364E-04
5.607E+05  1.460E-04
5.621E+05  1.406E-04
5.635E+05  1.385E-04
5.649E+05  1.423E-04
5.663E+05  1.347E-04
5.677E+05  1.465E-04
5.691E+05  1.402E-04
5.705E+05  1.335E-04
5.719E+05  1.343E-04
5.733E+05  1.456E-04
5.747E+05  1.394E-04
5.761E+05  1.527E-04
5.775E+05  1.352E-04
5.789E+05  1.460E-04
5.803E+05  1.406E-04
5.817E+05  1.306E-04
5.831E+05  1.469E-04
5.845E+05  1.230E-04
5.859E+05  1.364E-04
5.873E+05  1.352E-04
5.887E+05  1.268E-04
5.901E+05  1.314E-04
5.915E+05  1.440E-04
5.929E+05  1.398E-04
5.943E+05  1.306E-04
5.957E+05  1.398E-04
5.971E+05  1.197E-04
5.985E+05  1.423E-04
5.999E+05  1.272E-04
6.013E+05  1.318E-04
6.027E+05  1.427E-04
6.041E+05  1.260E-04
6.055E+05  1.297E-04
6.069E+05  1.197E-04
6.083E+05  1.197E-04
6.097E+05  1.360E-04
6.111E+05  1.364E-04
6.125E+05  1.352E-04
6.139E+05  1.188E-04
6.153E+05  1.452E-04
6.167E+05  1.440E-04
6.181E+05  1.360E-04
6.195E+05  1.310E-04
6.209E+05  1.331E-04
6.223E+05  1.301E-04
6.237E+05  1.389E-04
6.251E+05  1.301E-04
6.265E+05  1.247E-04
6.279E+05  1.260E-04
6.293E+05  1.281E-04
6.307E+05  1.260E-04
6.321E+05  1.293E-04
6.335E+05  1.335E-04
6.349E+05  1.414E-04
6.363E+05  1.272E-04
6.377E+05  1.306E-04
6.391E+05  1.306E-04
6.405E+05  1.364E-04
6.419E+05  1.331E-04
6.433E+05  1.465E-04
6.447E+05  1.209E-04
6.461E+05  1.423E-04
6.475E+05  1.343E-04
6.489E+05  1.343E-04
6.503E+05  1.306E-04
6.517E+05  1.322E-04
6.531E+05  1.184E-04
6.545E+05  1.306E-04
6.559E+05  1.381E-04
6.573E+05  1.423E-04
6.587E+05  1.347E-04
6.601E+05  1.272E-04
6.615E+05  1.477E-04
6.629E+05  1.260E-04
6.643E+05  1.331E-04
6.657E+05  1.276E-04
6.671E+05  1.301E-04
6.685E+05  1.168E-04
6.699E+05  1.310E-04
6.713E+05  1.314E-04
6.727E+05  1.234E-04
6.741E+05  1.197E-04
6.755E+05  1.285E-04
6.769E+05  1.222E-04
6.783E+05  1.322E-04
6.797E+05  1.234E-04
6.811E+05  1.331E-04
6.825E+05  1.377E-04
6.839E+05  1.314E-04
6.853E+05  1.255E-04
6.867E+05  1.197E-04
6.881E+05  1.168E-04
6.895E+05  1.289E-04
6.909E+05  1.268E-04
6.923E+05  1.381E-04
6.937E+05  1.142E-04
6.951E+05  1.310E-04
6.965E+05  1.289E-04
6.979E+05  1.172E-04
6.993E+05  1.142E-04
7.007E+05  1.318E-04
7.021E+05  1.247E-04
7.035E+05  1.339E-04
7.049E+05  1.209E-04
7.063E+05  1.264E-04
7.077E+05  1.377E-04
7.091E+05  1.272E-04
7.105E+05  1.168E-04
7.119E+05  1.356E-04
7.133E+05  1.214E-04
7.147E+05  1.109E-04
7.161E+05  1.347E-04
7.175E+05  1.276E-04
7.189E+05  1.339E-04
7.203E+05  1.180E-04
7.217E+05  1.226E-04
7.231E+05  1.243E-04
7.245E+05  1.402E-04
7.259E+05  1.281E-04
7.273E+05  1.297E-04
7.287E+05  1.272E-04
7.301E+05  1.201E-04
7.315E+05  1.276E-04
7.329E+05  1.247E-04
7.343E+05  1.197E-04
7.357E+05  1.184E-04
7.371E+05  1.172E-04
7.385E+05  1.272E-04
7.399E+05  1.364E-04
7.413E+05  1.201E-04
7.427E+05  1.360E-04
7.441E+05  1.268E-04
7.455E+05  1.364E-04
7.469E+05  1.289E-04
7.483E+05  1.431E-04
7.497E+05  1.226E-04
7.511E+05  1.214E-04
7.525E+05  1.301E-04
7.539E+05  1.222E-04
7.553E+05  1.389E-04
7.567E+05  1.172E-04
7.581E+05  1.335E-04
7.595E+05  1.260E-04
7.609E+05  1.339E-04
7.623E+05  1.239E-04
7.637E+05  1.209E-04
7.651E+05  1.276E-04
7.665E+05  1.327E-04
7.679E+05  1.176E-04
7.693E+05  1.188E-04
7.707E+05  1.255E-04
7.721E+05  1.163E-04
7.735E+05  1.322E-04
7.749E+05  1.398E-04
7.763E+05  1.230E-04
7.777E+05  1.230E-04
7.791E+05  1.255E-04
7.805E+05  1.168E-04
7.819E+05  1.364E-04
7.833E+05  1.163E-04
7.847E+05  1.193E-04
7.861E+05  1.239E-04
7.875E+05  1.301E-04
7.889E+05  1.276E-04
7.903E+05  1.272E-04
7.917E+05  1.176E-04
7.931E+05  1.188E-04
7.945E+05  1.230E-04
7.959E+05  1.389E-04
7.973E+05  1.364E-04
7.987E+05  1.214E-04
8.001E+05  1.347E-04
8.015E+05  1.394E-04
8.029E+05  1.130E-04
8.043E+05  1.184E-04
8.057E+05  1.222E-04
8.071E+05  1.209E-04
8.085E+05  1.234E-04
8.099E+05  1.260E-04
8.113E+05  1.423E-04
8.127E+05  1.155E-04
8.141E+05  1.347E-04
8.155E+05  1.243E-04
8.169E+05  1.276E-04
8.183E+05  1.281E-04
8.197E+05  1.394E-04
8.211E+05  1.293E-04
8.225E+05  1.360E-04
8.239E+05  1.435E-04
8.253E+05  1.431E-04
8.267E+05  1.260E-04
8.281E+05  1.251E-04
8.295E+05  1.272E-04
8.309E+05  1.293E-04
8.323E+05  1.419E-04
8.337E+05  1.226E-04
8.351E+05  1.230E-04
8.365E+05  1.234E-04
8.379E+05  1.310E-04
8.393E+05  1.339E-04
8.407E+05  1.255E-04
8.421E+05  1.222E-04
8.435E+05  1.364E-04
8.449E+05  1.368E-04
8.463E+05  1.243E-04
8.477E+05  1.314E-04
8.491E+05  1.373E-04
8.505E+05  1.410E-04
8.519E+05  1.214E-04
8.533E+05  1.377E-04
8.547E+05  1.335E-04
8.561E+05  1.339E-04
8.575E+05  1.452E-04
8.589E+05  1.306E-04
8.603E+05  1.293E-04
8.617E+05  1.289E-04
8.631E+05  1.347E-04
8.645E+05  1.368E-04
8.659E+05  1.347E-04
8.673E+05  1.276E-04
8.687E+05  1.448E-04
8.701E+05  1.431E-04
8.715E+05  1.310E-04
8.729E+05  1.285E-04
8.743E+05  1.289E-04
8.757E+05  1.276E-04
8.771E+05  1.226E-04
8.785E+05  1.435E-04
8.799E+05  1.406E-04
8.813E+05  1.352E-04
8.827E+05  1.276E-04
8.841E+05  1.360E-04
8.855E+05  1.335E-04
8.869E+05  1.398E-04
8.883E+05  1.502E-04
8.897E+05  1.214E-04
8.911E+05  1.435E-04
8.925E+05  1.318E-04
8.939E+05  1.381E-04
8.953E+05  1.410E-04
8.967E+05  1.222E-04
8.981E+05  1.402E-04
8.995E+05  1.293E-04
9.009E+05  1.561E-04
9.023E+05  1.490E-04
9.037E+05  1.423E-04
9.051E+05  1.335E-04
9.065E+05  1.360E-04
9.079E+05  1.469E-04
9.093E+05  1.414E-04
9.107E+05  1.427E-04
9.121E+05  1.368E-04
9.135E+05  1.406E-04
9.149E+05  1.318E-04
9.163E+05  1.469E-04
9.177E+05  1.511E-04
9.191E+05  1.448E-04
9.205E+05  1.444E-04
9.219E+05  1.594E-04
9.233E+05  1.481E-04
9.247E+05  1.494E-04
9.261E+05  1.494E-04
9.275E+05  1.389E-04
9.289E+05  1.502E-04
9.303E+05  1.431E-04
9.317E+05  1.481E-04
9.331E+05  1.758E-04
9.345E+05  1.469E-04
9.359E+05  1.440E-04
9.373E+05  1.666E-04
9.387E+05  1.553E-04
9.401E+05  1.419E-04
9.415E+05  1.586E-04
9.429E+05  1.532E-04
9.443E+05  1.670E-04
9.457E+05  1.573E-04
9.471E+05  1.460E-04
9.485E+05  1.578E-04
9.499E+05  1.477E-04
9.513E+05  1.515E-04
9.527E+05  1.615E-04
9.541E+05  1.553E-04
9.555E+05  1.653E-04
9.569E+05  1.712E-04
9.583E+05  1.666E-04
9.597E+05  1.490E-04
9.611E+05  1.645E-04
9.625E+05  1.519E-04
9.639E+05  1.791E-04
9.653E+05  1.548E-04
9.667E+05  1.703E-04
9.681E+05  1.657E-04
9.695E+05  1.578E-04
9.709E+05  1.548E-04
9.723E+05  1.473E-04
9.737E+05  1.557E-04
9.751E+05  1.590E-04
9.765E+05  1.578E-04
9.779E+05  1.548E-04
9.793E+05  1.523E-04
9.807E+05  1.594E-04
9.821E+05  1.465E-04
9.835E+05  1.703E-04
9.849E+05  1.586E-04
9.863E+05  1.486E-04
9.877E+05  1.590E-04
9.891E+05  1.427E-04
9.905E+05  1.477E-04
9.919E+05  1.377E-04
9.933E+05  1.632E-04
9.947E+05  1.561E-04
9.961E+05  1.578E-04
9.975E+05  1.490E-04
9.989E+05  1.419E-04
1.000E+06  1.398E-04
1.002E+06  1.406E-04
1.003E+06  1.515E-04
1.005E+06  1.573E-04
1.006E+06  1.477E-04
1.007E+06  1.460E-04
1.009E+06  1.456E-04
1.010E+06  1.456E-04
1.012E+06  1.440E-04
1.013E+06  1.486E-04
1.014E+06  1.377E-04
1.016E+06  1.423E-04
1.017E+06  1.264E-04
1.019E+06  1.427E-04
1.020E+06  1.385E-04
1.021E+06  1.502E-04
1.023E+06  1.435E-04
1.024E+06  1.427E-04
1.026E+06  1.385E-04
1.027E+06  1.381E-04
1.028E+06  1.352E-04
1.030E+06  1.557E-04
1.031E+06  1.394E-04
1.033E+06  1.347E-04
1.034E+06  1.511E-04
1.035E+06  1.431E-04
1.037E+06  1.268E-04
1.038E+06  1.427E-04
1.040E+06  1.414E-04
1.041E+06  1.398E-04
1.042E+06  1.343E-04
1.044E+06  1.364E-04
1.045E+06  1.239E-04
1.047E+06  1.310E-04
1.048E+06  1.293E-04
1.049E+06  1.285E-04
1.051E+06  1.251E-04
1.052E+06  1.486E-04
1.054E+06  1.193E-04
1.055E+06  1.155E-04
1.056E+06  1.272E-04
1.058E+06  1.343E-04
1.059E+06  1.327E-04
1.061E+06  1.347E-04
1.062E+06  1.197E-04
1.063E+06  1.285E-04
1.065E+06  1.255E-04
1.066E+06  1.184E-04
1.068E+06  1.314E-04
1.069E+06  1.276E-04
1.070E+06  1.264E-04
1.072E+06  1.243E-04
1.073E+06  1.201E-04
1.075E+06  1.205E-04
1.076E+06  1.268E-04
1.077E+06  1.184E-04
1.079E+06  1.255E-04
1.080E+06  1.151E-04
1.082E+06  1.322E-04
1.083E+06  1.155E-04
1.084E+06  1.214E-04
1.086E+06  1.168E-04
1.087E+06  1.260E-04
1.089E+06  1.142E-04
1.090E+06  1.251E-04
1.091E+06  1.105E-04
1.093E+06  1.197E-04
1.094E+06  1.117E-04
1.096E+06  1.117E-04
1.097E+06  1.193E-04
1.098E+06  1.230E-04
1.100E+06  1.084E-04
1.101E+06  1.188E-04
1.103E+06  1.285E-04
1.104E+06  1.230E-04
1.105E+06  1.201E-04
1.107E+06  1.247E-04
1.108E+06  1.205E-04
1.110E+06  1.209E-04
1.111E+06  1.247E-04
1.112E+06  1.101E-04
1.114E+06  1.226E-04
1.115E+06  1.134E-04
1.117E+06  1.339E-04
1.118E+06  1.239E-04
1.119E+06  1.117E-04
1.121E+06  1.155E-04
1.122E+06  1.117E-04
1.124E+06  1.113E-04
1.125E+06  1.159E-04
1.126E+06  1.209E-04
1.128E+06  1.226E-04
1.129E+06  1.168E-04
1.131E+06  1.055E-04
1.132E+06  1.159E-04
1.133E+06  1.096E-04
1.135E+06  1.063E-04
1.136E+06  1.059E-04
1.138E+06  1.197E-04
1.139E+06  9.541E-05
1.140E+06  9.918E-05
1.142E+06  1.084E-04
1.143E+06  1.080E-04
1.145E+06  9.457E-05
1.146E+06  1.000E-04
1.147E+06  1.038E-04
1.149E+06  9.332E-05
1.150E+06  9.123E-05
1.152E+06  8.913E-05
1.153E+06  1.000E-04
1.154E+06  8.997E-05
1.156E+06  1.017E-04
1.157E+06  8.035E-05
1.159E+06  9.123E-05
1.160E+06  9.457E-05
1.161E+06  9.123E-05
1.163E+06  7.909E-05
1.164E+06  8.704E-05
1.166E+06  8.160E-05
1.167E+06  8.788E-05
1.168E+06  8.704E-05
1.170E+06  8.244E-05
1.171E+06  8.035E-05
1.173E+06  7.784E-05
1.174E+06  7.114E-05
1.175E+06  8.997E-05
1.177E+06  8.328E-05
1.178E+06  7.867E-05
1.180E+06  8.955E-05
1.181E+06  7.491E-05
1.182E+06  8.411E-05
1.184E+06  6.696E-05
1.185E+06  8.328E-05
1.187E+06  6.235E-05
1.188E+06  8.118E-05
1.189E+06  7.072E-05
1.191E+06  7.825E-05
1.192E+06  7.323E-05
1.194E+06  7.407E-05
1.195E+06  5.817E-05
1.196E+06  5.942E-05
1.198E+06  6.947E-05
1.199E+06  6.110E-05
1.201E+06  5.984E-05
1.202E+06  6.235E-05
1.203E+06  5.566E-05
1.205E+06  6.570E-05
1.206E+06  7.951E-05
1.208E+06  5.231E-05
1.209E+06  6.486E-05
1.210E+06  6.570E-05
1.212E+06  5.440E-05
1.213E+06  4.520E-05
1.215E+06  5.356E-05
1.216E+06  5.859E-05
1.217E+06  5.942E-05
1.219E+06  5.440E-05
1.220E+06  6.319E-05
1.222E+06  6.026E-05
1.223E+06  5.691E-05
1.224E+06  4.771E-05
1.226E+06  5.817E-05
1.227E+06  5.900E-05
1.229E+06  5.231E-05
1.230E+06  5.064E-05
1.231E+06  5.022E-05
1.233E+06  4.561E-05
1.234E+06  4.561E-05
1.236E+06  4.227E-05
1.237E+06  4.478E-05
1.238E+06  4.561E-05
1.240E+06  4.520E-05
1.241E+06  5.147E-05
1.243E+06  3.473E-05
1.244E+06  3.808E-05
1.245E+06  4.771E-05
1.247E+06  4.185E-05
1.248E+06  4.854E-05
1.250E+06  4.227E-05
1.251E+06  3.515E-05
1.252E+06  4.645E-05
1.254E+06  3.683E-05
1.255E+06  4.561E-05
1.257E+06  4.017E-05
1.258E+06  3.934E-05
1.259E+06  3.808E-05
1.261E+06  3.390E-05
1.262E+06  3.431E-05
1.264E+06  3.808E-05
1.265E+06  3.055E-05
1.266E+06  3.264E-05
1.268E+06  2.762E-05
1.269E+06  3.975E-05
1.271E+06  3.808E-05
1.272E+06  3.097E-05
1.273E+06  2.971E-05
1.275E+06  3.724E-05
1.276E+06  3.431E-05
1.278E+06  1.967E-05
1.279E+06  3.139E-05
1.280E+06  2.971E-05
1.282E+06  3.097E-05
1.283E+06  2.929E-05
1.285E+06  2.678E-05
1.286E+06  2.678E-05
1.287E+06  2.427E-05
1.289E+06  2.762E-05
1.290E+06  2.553E-05
1.292E+06  3.139E-05
1.293E+06  2.092E-05
1.294E+06  2.218E-05
1.296E+06  2.343E-05
1.297E+06  2.134E-05
1.299E+06  2.176E-05
1.300E+06  1.381E-05
1.301E+06  2.302E-05
1.303E+06  1.841E-05
1.304E+06  2.971E-05
1.306E+06  2.051E-05
1.307E+06  2.092E-05
1.308E+06  1.758E-05
1.310E+06  2.260E-05
1.311E+06  1.883E-05
1.313E+06  1.925E-05
1.314E+06  1.883E-05
1.315E+06  2.134E-05
1.317E+06  1.716E-05
1.318E+06  1.255E-05
1.320E+06  1.590E-05
1.321E+06  1.841E-05
1.322E+06  1.632E-05
1.324E+06  1.841E-05
1.325E+06  1.799E-05
1.327E+06  2.092E-05
1.328E+06  1.548E-05
1.329E+06  2.051E-05
1.331E+06  1.590E-05
1.332E+06  1.799E-05
1.334E+06  1.255E-05
1.335E+06  1.590E-05
1.336E+06  1.507E-05
1.338E+06  1.507E-05
1.339E+06  1.632E-05
1.341E+06  1.548E-05
1.342E+06  1.883E-05
1.343E+06  1.674E-05
1.345E+06  1.255E-05
1.346E+06  1.423E-05
1.348E+06  1.297E-05
1.349E+06  1.339E-05
1.350E+06  1.674E-05
1.352E+06  1.004E-05
1.353E+06  1.130E-05
1.355E+06  1.130E-05
1.356E+06  1.465E-05
1.357E+06  9.625E-06
1.359E+06  9.625E-06
1.360E+06  9.625E-06
1.362E+06  8.369E-06
1.363E+06  1.214E-05
1.364E+06  7.533E-06
1.366E+06  1.004E-05
1.367E+06  9.206E-06
1.369E+06  7.951E-06
1.370E+06  8.788E-06
1.371E+06  1.130E-05
1.373E+06  9.206E-06
1.374E+06  5.440E-06
1.376E+06  6.696E-06
1.377E+06  7.114E-06
1.378E+06  8.369E-06
1.380E+06  1.548E-05
1.381E+06  6.696E-06
1.383E+06  1.004E-05
1.384E+06  8.369E-06
1.385E+06  6.277E-06
1.387E+06  9.206E-06
1.388E+06  9.625E-06
1.390E+06  6.277E-06
1.391E+06  7.951E-06
1.392E+06  8.788E-06
1.394E+06  6.696E-06
1.395E+06  1.130E-05
1.397E+06  6.696E-06
1.398E+06  5.859E-06
1.399E+06  7.951E-06