0.100E+03  0.282E-02
0.167E+03  0.282E-02
0.234E+03  0.281E-02
0.301E+03  0.281E-02
0.368E+03  0.280E-02
0.435E+03  0.279E-02
0.502E+03  0.279E-02
0.569E+03  0.278E-02
0.636E+03  0.278E-02
0.703E+03  0.277E-02
0.770E+03  0.277E-02
0.837E+03  0.276E-02
0.904E+03  0.276E-02
0.971E+03  0.275E-02
0.104E+04  0.275E-02
0.111E+04  0.274E-02
0.117E+04  0.274E-02
0.124E+04  0.273E-02
0.131E+04  0.273E-02
0.137E+04  0.272E-02
0.144E+04  0.271E-02
0.151E+04  0.271E-02
0.157E+04  0.270E-02
0.164E+04  0.270E-02
0.171E+04  0.269E-02
0.177E+04  0.269E-02
0.184E+04  0.268E-02
0.191E+04  0.268E-02
0.198E+04  0.267E-02
0.204E+04  0.267E-02
0.211E+04  0.266E-02
0.218E+04  0.266E-02
0.224E+04  0.265E-02
0.231E+04  0.265E-02
0.238E+04  0.264E-02
0.244E+04  0.264E-02
0.251E+04  0.263E-02
0.258E+04  0.263E-02
0.265E+04  0.262E-02
0.271E+04  0.262E-02
0.278E+04  0.261E-02
0.285E+04  0.261E-02
0.291E+04  0.260E-02
0.298E+04  0.260E-02
0.305E+04  0.259E-02
0.311E+04  0.259E-02
0.318E+04  0.258E-02
0.325E+04  0.258E-02
0.332E+04  0.257E-02
0.338E+04  0.257E-02
0.345E+04  0.256E-02
0.352E+04  0.256E-02
0.358E+04  0.255E-02
0.365E+04  0.255E-02
0.372E+04  0.255E-02
0.378E+04  0.254E-02
0.385E+04  0.254E-02
0.392E+04  0.253E-02
0.399E+04  0.253E-02
0.405E+04  0.252E-02
0.412E+04  0.252E-02
0.419E+04  0.251E-02
0.425E+04  0.251E-02
0.432E+04  0.250E-02
0.439E+04  0.250E-02
0.445E+04  0.249E-02
0.452E+04  0.249E-02
0.459E+04  0.248E-02
0.466E+04  0.248E-02
0.472E+04  0.247E-02
0.479E+04  0.247E-02
0.486E+04  0.246E-02
0.492E+04  0.246E-02
0.499E+04  0.246E-02
0.506E+04  0.245E-02
0.512E+04  0.245E-02
0.519E+04  0.244E-02
0.526E+04  0.244E-02
0.532E+04  0.243E-02
0.539E+04  0.243E-02
0.546E+04  0.242E-02
0.553E+04  0.242E-02
0.559E+04  0.241E-02
0.566E+04  0.241E-02
0.573E+04  0.240E-02
0.579E+04  0.240E-02
0.586E+04  0.239E-02
0.593E+04  0.239E-02
0.599E+04  0.238E-02
0.606E+04  0.238E-02
0.613E+04  0.238E-02
0.620E+04  0.237E-02
0.626E+04  0.237E-02
0.633E+04  0.236E-02
0.640E+04  0.236E-02
0.646E+04  0.235E-02
0.653E+04  0.235E-02
0.660E+04  0.234E-02
0.666E+04  0.234E-02
0.673E+04  0.233E-02
0.680E+04  0.233E-02
0.687E+04  0.232E-02
0.693E+04  0.232E-02
0.700E+04  0.231E-02
0.707E+04  0.231E-02
0.713E+04  0.231E-02
0.720E+04  0.230E-02
0.727E+04  0.230E-02
0.733E+04  0.229E-02
0.740E+04  0.229E-02
0.747E+04  0.228E-02
0.754E+04  0.228E-02
0.760E+04  0.227E-02
0.767E+04  0.227E-02
0.774E+04  0.226E-02
0.780E+04  0.226E-02
0.787E+04  0.225E-02
0.794E+04  0.225E-02
0.800E+04  0.225E-02
0.807E+04  0.224E-02
0.814E+04  0.224E-02
0.821E+04  0.223E-02
0.827E+04  0.223E-02
0.834E+04  0.222E-02
0.841E+04  0.222E-02
0.847E+04  0.221E-02
0.854E+04  0.221E-02
0.861E+04  0.220E-02
0.867E+04  0.220E-02
0.874E+04  0.220E-02
0.881E+04  0.219E-02
0.887E+04  0.219E-02
0.894E+04  0.218E-02
0.901E+04  0.218E-02
0.908E+04  0.217E-02
0.914E+04  0.217E-02
0.921E+04  0.216E-02
0.928E+04  0.216E-02
0.934E+04  0.216E-02
0.941E+04  0.215E-02
0.948E+04  0.215E-02
0.954E+04  0.214E-02
0.961E+04  0.214E-02
0.968E+04  0.213E-02
0.975E+04  0.213E-02
0.981E+04  0.212E-02
0.988E+04  0.212E-02
0.995E+04  0.211E-02
0.100E+05  0.211E-02
0.101E+05  0.211E-02
0.101E+05  0.210E-02
0.102E+05  0.210E-02
0.103E+05  0.209E-02
0.103E+05  0.209E-02
0.104E+05  0.208E-02
0.105E+05  0.208E-02
0.105E+05  0.208E-02
0.106E+05  0.207E-02
0.107E+05  0.207E-02
0.108E+05  0.206E-02
0.108E+05  0.206E-02
0.109E+05  0.205E-02
0.110E+05  0.205E-02
0.110E+05  0.204E-02
0.111E+05  0.204E-02
0.112E+05  0.204E-02
0.112E+05  0.203E-02
0.113E+05  0.203E-02
0.114E+05  0.202E-02
0.114E+05  0.202E-02
0.115E+05  0.201E-02
0.116E+05  0.201E-02
0.116E+05  0.200E-02
0.117E+05  0.200E-02
0.118E+05  0.200E-02
0.118E+05  0.199E-02
0.119E+05  0.199E-02
0.120E+05  0.198E-02
0.120E+05  0.198E-02
0.121E+05  0.197E-02
0.122E+05  0.197E-02
0.122E+05  0.197E-02
0.123E+05  0.196E-02
0.124E+05  0.196E-02
0.124E+05  0.195E-02
0.125E+05  0.195E-02
0.126E+05  0.194E-02
0.126E+05  0.194E-02
0.127E+05  0.194E-02
0.128E+05  0.193E-02
0.128E+05  0.193E-02
0.129E+05  0.192E-02
0.130E+05  0.192E-02
0.130E+05  0.191E-02
0.131E+05  0.191E-02
0.132E+05  0.191E-02
0.132E+05  0.190E-02
0.133E+05  0.190E-02
0.134E+05  0.189E-02
0.134E+05  0.189E-02
0.135E+05  0.188E-02
0.136E+05  0.188E-02
0.136E+05  0.188E-02
0.137E+05  0.187E-02
0.138E+05  0.187E-02
0.138E+05  0.186E-02
0.139E+05  0.186E-02
0.140E+05  0.186E-02
0.140E+05  0.185E-02
0.141E+05  0.185E-02
0.142E+05  0.184E-02
0.142E+05  0.184E-02
0.143E+05  0.183E-02
0.144E+05  0.183E-02
0.144E+05  0.183E-02
0.145E+05  0.182E-02
0.146E+05  0.182E-02
0.146E+05  0.181E-02
0.147E+05  0.181E-02
0.148E+05  0.180E-02
0.148E+05  0.180E-02
0.149E+05  0.180E-02
0.150E+05  0.179E-02
0.150E+05  0.179E-02
0.151E+05  0.178E-02
0.152E+05  0.178E-02
0.152E+05  0.178E-02
0.153E+05  0.177E-02
0.154E+05  0.177E-02
0.154E+05  0.176E-02
0.155E+05  0.176E-02
0.156E+05  0.176E-02
0.156E+05  0.175E-02
0.157E+05  0.175E-02
0.158E+05  0.174E-02
0.158E+05  0.174E-02
0.159E+05  0.173E-02
0.160E+05  0.173E-02
0.160E+05  0.173E-02
0.161E+05  0.172E-02
0.162E+05  0.172E-02
0.162E+05  0.171E-02
0.163E+05  0.171E-02
0.164E+05  0.171E-02
0.164E+05  0.170E-02
0.165E+05  0.170E-02
0.166E+05  0.169E-02
0.166E+05  0.169E-02
0.167E+05  0.169E-02
0.168E+05  0.168E-02
0.168E+05  0.168E-02
0.169E+05  0.167E-02
0.170E+05  0.167E-02
0.170E+05  0.167E-02
0.171E+05  0.166E-02
0.172E+05  0.166E-02
0.172E+05  0.165E-02
0.173E+05  0.165E-02
0.174E+05  0.165E-02
0.174E+05  0.164E-02
0.175E+05  0.164E-02
0.176E+05  0.163E-02
0.176E+05  0.163E-02
0.177E+05  0.163E-02
0.178E+05  0.162E-02
0.179E+05  0.162E-02
0.179E+05  0.161E-02
0.180E+05  0.161E-02
0.181E+05  0.161E-02
0.181E+05  0.160E-02
0.182E+05  0.160E-02
0.183E+05  0.159E-02
0.183E+05  0.159E-02
0.184E+05  0.159E-02
0.185E+05  0.158E-02
0.185E+05  0.158E-02
0.186E+05  0.157E-02
0.187E+05  0.157E-02
0.187E+05  0.157E-02
0.188E+05  0.156E-02
0.189E+05  0.156E-02
0.189E+05  0.155E-02
0.190E+05  0.155E-02
0.191E+05  0.155E-02
0.191E+05  0.154E-02
0.192E+05  0.154E-02
0.193E+05  0.154E-02
0.193E+05  0.153E-02
0.194E+05  0.153E-02
0.195E+05  0.152E-02
0.195E+05  0.152E-02
0.196E+05  0.152E-02
0.197E+05  0.151E-02
0.197E+05  0.151E-02
0.198E+05  0.150E-02
0.199E+05  0.150E-02
0.199E+05  0.150E-02
0.200E+05  0.149E-02
0.201E+05  0.149E-02
0.201E+05  0.149E-02
0.202E+05  0.148E-02
0.203E+05  0.148E-02
0.203E+05  0.147E-02
0.204E+05  0.147E-02
0.205E+05  0.147E-02
0.205E+05  0.146E-02
0.206E+05  0.146E-02
0.207E+05  0.145E-02
0.207E+05  0.145E-02
0.208E+05  0.145E-02
0.209E+05  0.144E-02
0.209E+05  0.144E-02
0.210E+05  0.144E-02
0.211E+05  0.143E-02
0.211E+05  0.143E-02
0.212E+05  0.142E-02
0.213E+05  0.142E-02
0.213E+05  0.142E-02
0.214E+05  0.141E-02
0.215E+05  0.141E-02
0.215E+05  0.141E-02
0.216E+05  0.140E-02
0.217E+05  0.140E-02
0.217E+05  0.139E-02
0.218E+05  0.139E-02
0.219E+05  0.139E-02
0.219E+05  0.138E-02
0.220E+05  0.138E-02
0.221E+05  0.138E-02
0.221E+05  0.137E-02
0.222E+05  0.137E-02
0.223E+05  0.136E-02
0.223E+05  0.136E-02
0.224E+05  0.136E-02
0.225E+05  0.135E-02
0.225E+05  0.135E-02
0.226E+05  0.135E-02
0.227E+05  0.134E-02
0.227E+05  0.134E-02
0.228E+05  0.134E-02
0.229E+05  0.133E-02
0.229E+05  0.133E-02
0.230E+05  0.132E-02
0.231E+05  0.132E-02
0.231E+05  0.132E-02
0.232E+05  0.131E-02
0.233E+05  0.131E-02
0.233E+05  0.131E-02
0.234E+05  0.130E-02
0.235E+05  0.130E-02
0.235E+05  0.129E-02
0.236E+05  0.129E-02
0.237E+05  0.129E-02
0.237E+05  0.128E-02
0.238E+05  0.128E-02
0.239E+05  0.128E-02
0.239E+05  0.127E-02
0.240E+05  0.127E-02
0.241E+05  0.127E-02
0.241E+05  0.126E-02
0.242E+05  0.126E-02
0.243E+05  0.126E-02
0.243E+05  0.125E-02
0.244E+05  0.125E-02
0.245E+05  0.124E-02
0.245E+05  0.124E-02
0.246E+05  0.124E-02
0.247E+05  0.123E-02
0.247E+05  0.123E-02
0.248E+05  0.123E-02
0.249E+05  0.122E-02
0.250E+05  0.122E-02
0.250E+05  0.122E-02
0.251E+05  0.121E-02
0.252E+05  0.121E-02
0.252E+05  0.121E-02
0.253E+05  0.120E-02
0.254E+05  0.120E-02
0.254E+05  0.120E-02
0.255E+05  0.119E-02
0.256E+05  0.119E-02
0.256E+05  0.118E-02
0.257E+05  0.118E-02
0.258E+05  0.118E-02
0.258E+05  0.117E-02
0.259E+05  0.117E-02
0.260E+05  0.117E-02
0.260E+05  0.116E-02
0.261E+05  0.116E-02
0.262E+05  0.116E-02
0.262E+05  0.115E-02
0.263E+05  0.115E-02
0.264E+05  0.115E-02
0.264E+05  0.114E-02
0.265E+05  0.114E-02
0.266E+05  0.114E-02
0.266E+05  0.113E-02
0.267E+05  0.113E-02
0.268E+05  0.113E-02
0.268E+05  0.112E-02
0.269E+05  0.112E-02
0.270E+05  0.112E-02
0.270E+05  0.111E-02
0.271E+05  0.111E-02
0.272E+05  0.111E-02
0.272E+05  0.110E-02
0.273E+05  0.110E-02
0.274E+05  0.110E-02
0.274E+05  0.109E-02
0.275E+05  0.109E-02
0.276E+05  0.109E-02
0.276E+05  0.108E-02
0.277E+05  0.108E-02
0.278E+05  0.108E-02
0.278E+05  0.107E-02
0.279E+05  0.107E-02
0.280E+05  0.107E-02
0.280E+05  0.106E-02
0.281E+05  0.106E-02
0.282E+05  0.106E-02
0.282E+05  0.105E-02
0.283E+05  0.105E-02
0.284E+05  0.105E-02
0.284E+05  0.104E-02
0.285E+05  0.104E-02
0.286E+05  0.104E-02
0.286E+05  0.103E-02
0.287E+05  0.103E-02
0.288E+05  0.103E-02
0.288E+05  0.102E-02
0.289E+05  0.102E-02
0.290E+05  0.102E-02
0.290E+05  0.101E-02
0.291E+05  0.101E-02
0.292E+05  0.101E-02
0.292E+05  0.100E-02
0.293E+05  0.999E-03
0.294E+05  0.996E-03
0.294E+05  0.993E-03
0.295E+05  0.989E-03
0.296E+05  0.986E-03
0.296E+05  0.983E-03
0.297E+05  0.980E-03
0.298E+05  0.976E-03
0.298E+05  0.973E-03
0.299E+05  0.970E-03
0.300E+05  0.967E-03
0.300E+05  0.964E-03
0.301E+05  0.960E-03
0.302E+05  0.957E-03
0.302E+05  0.954E-03
0.303E+05  0.951E-03
0.304E+05  0.948E-03
0.304E+05  0.944E-03
0.305E+05  0.941E-03
0.306E+05  0.938E-03
0.306E+05  0.935E-03
0.307E+05  0.932E-03
0.308E+05  0.929E-03
0.308E+05  0.925E-03
0.309E+05  0.922E-03
0.310E+05  0.919E-03
0.310E+05  0.916E-03
0.311E+05  0.913E-03
0.312E+05  0.910E-03
0.312E+05  0.907E-03
0.313E+05  0.903E-03
0.314E+05  0.900E-03
0.314E+05  0.897E-03
0.315E+05  0.894E-03
0.316E+05  0.891E-03
0.316E+05  0.888E-03
0.317E+05  0.885E-03
0.318E+05  0.882E-03
0.318E+05  0.879E-03
0.319E+05  0.876E-03
0.320E+05  0.872E-03
0.320E+05  0.869E-03
0.321E+05  0.866E-03
0.322E+05  0.863E-03
0.323E+05  0.860E-03
0.323E+05  0.857E-03
0.324E+05  0.854E-03
0.325E+05  0.851E-03
0.325E+05  0.848E-03
0.326E+05  0.845E-03
0.327E+05  0.842E-03
0.327E+05  0.839E-03
0.328E+05  0.836E-03
0.329E+05  0.833E-03
0.329E+05  0.830E-03
0.330E+05  0.827E-03
0.331E+05  0.824E-03
0.331E+05  0.821E-03
0.332E+05  0.818E-03
0.333E+05  0.815E-03
0.333E+05  0.812E-03
0.334E+05  0.809E-03
0.335E+05  0.806E-03
0.335E+05  0.803E-03
0.336E+05  0.800E-03
0.337E+05  0.797E-03
0.337E+05  0.794E-03
0.338E+05  0.791E-03
0.339E+05  0.788E-03
0.339E+05  0.785E-03
0.340E+05  0.782E-03
0.341E+05  0.779E-03
0.341E+05  0.776E-03
0.342E+05  0.773E-03
0.343E+05  0.770E-03
0.343E+05  0.768E-03
0.344E+05  0.765E-03
0.345E+05  0.762E-03
0.345E+05  0.759E-03
0.346E+05  0.756E-03
0.347E+05  0.753E-03
0.347E+05  0.750E-03
0.348E+05  0.747E-03
0.349E+05  0.744E-03
0.349E+05  0.741E-03
0.350E+05  0.739E-03
0.351E+05  0.736E-03
0.351E+05  0.733E-03
0.352E+05  0.730E-03
0.353E+05  0.727E-03
0.353E+05  0.724E-03
0.354E+05  0.721E-03
0.355E+05  0.719E-03
0.355E+05  0.716E-03
0.356E+05  0.713E-03
0.357E+05  0.710E-03
0.357E+05  0.707E-03
0.358E+05  0.705E-03
0.359E+05  0.702E-03
0.359E+05  0.699E-03
0.360E+05  0.696E-03
0.361E+05  0.693E-03
0.361E+05  0.691E-03
0.362E+05  0.688E-03
0.363E+05  0.685E-03
0.363E+05  0.682E-03
0.364E+05  0.679E-03
0.365E+05  0.677E-03
0.365E+05  0.674E-03
0.366E+05  0.671E-03
0.367E+05  0.668E-03
0.367E+05  0.666E-03
0.368E+05  0.663E-03
0.369E+05  0.660E-03
0.369E+05  0.657E-03
0.370E+05  0.655E-03
0.371E+05  0.652E-03
0.371E+05  0.649E-03
0.372E+05  0.647E-03
0.373E+05  0.644E-03
0.373E+05  0.641E-03
0.374E+05  0.638E-03
0.375E+05  0.636E-03
0.375E+05  0.633E-03
0.376E+05  0.630E-03
0.377E+05  0.628E-03
0.377E+05  0.625E-03
0.378E+05  0.622E-03
0.379E+05  0.620E-03
0.379E+05  0.617E-03
0.380E+05  0.614E-03
0.381E+05  0.612E-03
0.381E+05  0.609E-03
0.382E+05  0.606E-03
0.383E+05  0.604E-03
0.383E+05  0.601E-03
0.384E+05  0.599E-03
0.385E+05  0.596E-03
0.385E+05  0.593E-03
0.386E+05  0.591E-03
0.387E+05  0.588E-03
0.387E+05  0.585E-03
0.388E+05  0.583E-03
0.389E+05  0.580E-03
0.389E+05  0.578E-03
0.390E+05  0.575E-03
0.391E+05  0.573E-03
0.391E+05  0.570E-03
0.392E+05  0.567E-03
0.393E+05  0.565E-03
0.394E+05  0.562E-03
0.394E+05  0.560E-03
0.395E+05  0.557E-03
0.396E+05  0.555E-03
0.396E+05  0.552E-03
0.397E+05  0.550E-03
0.398E+05  0.547E-03
0.398E+05  0.545E-03
0.399E+05  0.542E-03
0.400E+05  0.540E-03
0.400E+05  0.537E-03
0.401E+05  0.535E-03
0.402E+05  0.532E-03
0.402E+05  0.530E-03
0.403E+05  0.527E-03
0.404E+05  0.525E-03
0.404E+05  0.522E-03
0.405E+05  0.520E-03
0.406E+05  0.517E-03
0.406E+05  0.515E-03
0.407E+05  0.512E-03
0.408E+05  0.510E-03
0.408E+05  0.507E-03
0.409E+05  0.505E-03
0.410E+05  0.502E-03
0.410E+05  0.500E-03
0.411E+05  0.498E-03
0.412E+05  0.495E-03
0.412E+05  0.493E-03
0.413E+05  0.490E-03
0.414E+05  0.488E-03
0.414E+05  0.486E-03
0.415E+05  0.483E-03
0.416E+05  0.481E-03
0.416E+05  0.478E-03
0.417E+05  0.476E-03
0.418E+05  0.474E-03
0.418E+05  0.471E-03
0.419E+05  0.469E-03
0.420E+05  0.467E-03
0.420E+05  0.464E-03
0.421E+05  0.462E-03
0.422E+05  0.460E-03
0.422E+05  0.457E-03
0.423E+05  0.455E-03
0.424E+05  0.453E-03
0.424E+05  0.450E-03
0.425E+05  0.448E-03
0.426E+05  0.446E-03
0.426E+05  0.443E-03
0.427E+05  0.441E-03
0.428E+05  0.439E-03
0.428E+05  0.436E-03
0.429E+05  0.434E-03
0.430E+05  0.432E-03
0.430E+05  0.430E-03
0.431E+05  0.427E-03
0.432E+05  0.425E-03
0.432E+05  0.423E-03
0.433E+05  0.421E-03
0.434E+05  0.418E-03
0.434E+05  0.416E-03
0.435E+05  0.414E-03
0.436E+05  0.412E-03
0.436E+05  0.409E-03
0.437E+05  0.407E-03
0.438E+05  0.405E-03
0.438E+05  0.403E-03
0.439E+05  0.401E-03
0.440E+05  0.398E-03
0.440E+05  0.396E-03
0.441E+05  0.394E-03
0.442E+05  0.392E-03
0.442E+05  0.390E-03
0.443E+05  0.387E-03
0.444E+05  0.385E-03
0.444E+05  0.383E-03
0.445E+05  0.381E-03
0.446E+05  0.379E-03
0.446E+05  0.377E-03
0.447E+05  0.375E-03
0.448E+05  0.372E-03
0.448E+05  0.370E-03
0.449E+05  0.368E-03
0.450E+05  0.366E-03
0.450E+05  0.364E-03
0.451E+05  0.362E-03
0.452E+05  0.360E-03
0.452E+05  0.358E-03
0.453E+05  0.356E-03
0.454E+05  0.353E-03
0.454E+05  0.351E-03
0.455E+05  0.349E-03
0.456E+05  0.347E-03
0.456E+05  0.345E-03
0.457E+05  0.343E-03
0.458E+05  0.341E-03
0.458E+05  0.339E-03
0.459E+05  0.337E-03
0.460E+05  0.335E-03
0.460E+05  0.333E-03
0.461E+05  0.331E-03
0.462E+05  0.329E-03
0.462E+05  0.327E-03
0.463E+05  0.325E-03
0.464E+05  0.323E-03
0.465E+05  0.321E-03
0.465E+05  0.319E-03
0.466E+05  0.317E-03
0.467E+05  0.315E-03
0.467E+05  0.313E-03
0.468E+05  0.311E-03
0.469E+05  0.309E-03
0.469E+05  0.307E-03
0.470E+05  0.305E-03
0.471E+05  0.303E-03
0.471E+05  0.301E-03
0.472E+05  0.299E-03
0.473E+05  0.297E-03
0.473E+05  0.295E-03
0.474E+05  0.294E-03
0.475E+05  0.292E-03
0.475E+05  0.290E-03
0.476E+05  0.288E-03
0.477E+05  0.286E-03
0.477E+05  0.284E-03
0.478E+05  0.282E-03
0.479E+05  0.280E-03
0.479E+05  0.278E-03
0.480E+05  0.277E-03
0.481E+05  0.275E-03
0.481E+05  0.273E-03
0.482E+05  0.271E-03
0.483E+05  0.269E-03
0.483E+05  0.267E-03
0.484E+05  0.266E-03
0.485E+05  0.264E-03
0.485E+05  0.262E-03
0.486E+05  0.260E-03
0.487E+05  0.258E-03
0.487E+05  0.256E-03
0.488E+05  0.255E-03
0.489E+05  0.253E-03
0.489E+05  0.251E-03
0.490E+05  0.249E-03
0.491E+05  0.248E-03
0.491E+05  0.246E-03
0.492E+05  0.244E-03
0.493E+05  0.242E-03
0.493E+05  0.240E-03
0.494E+05  0.239E-03
0.495E+05  0.237E-03
0.495E+05  0.235E-03
0.496E+05  0.234E-03
0.497E+05  0.232E-03
0.497E+05  0.230E-03
0.498E+05  0.228E-03
0.499E+05  0.227E-03
0.499E+05  0.225E-03
0.500E+05  0.223E-03
0.501E+05  0.222E-03
0.501E+05  0.220E-03
0.502E+05  0.218E-03
0.503E+05  0.217E-03
0.503E+05  0.215E-03
0.504E+05  0.213E-03
0.505E+05  0.212E-03
0.505E+05  0.210E-03
0.506E+05  0.208E-03
0.507E+05  0.207E-03
0.507E+05  0.205E-03
0.508E+05  0.203E-03
0.509E+05  0.202E-03
0.509E+05  0.200E-03
0.510E+05  0.199E-03
0.511E+05  0.197E-03
0.511E+05  0.195E-03
0.512E+05  0.194E-03
0.513E+05  0.192E-03
0.513E+05  0.191E-03
0.514E+05  0.189E-03
0.515E+05  0.188E-03
0.515E+05  0.186E-03
0.516E+05  0.184E-03
0.517E+05  0.183E-03
0.517E+05  0.181E-03
0.518E+05  0.180E-03
0.519E+05  0.178E-03
0.519E+05  0.177E-03
0.520E+05  0.175E-03
0.521E+05  0.174E-03
0.521E+05  0.172E-03
0.522E+05  0.171E-03
0.523E+05  0.169E-03
0.523E+05  0.168E-03
0.524E+05  0.166E-03
0.525E+05  0.165E-03
0.525E+05  0.163E-03
0.526E+05  0.162E-03
0.527E+05  0.161E-03
0.527E+05  0.159E-03
0.528E+05  0.158E-03
0.529E+05  0.156E-03
0.529E+05  0.155E-03
0.530E+05  0.153E-03
0.531E+05  0.152E-03
0.531E+05  0.151E-03
0.532E+05  0.149E-03
0.533E+05  0.148E-03
0.533E+05  0.146E-03
0.534E+05  0.145E-03
0.535E+05  0.144E-03
0.536E+05  0.142E-03
0.536E+05  0.141E-03
0.537E+05  0.139E-03
0.538E+05  0.138E-03
0.538E+05  0.137E-03
0.539E+05  0.135E-03
0.540E+05  0.134E-03
0.540E+05  0.133E-03
0.541E+05  0.131E-03
0.542E+05  0.130E-03
0.542E+05  0.129E-03
0.543E+05  0.128E-03
0.544E+05  0.126E-03
0.544E+05  0.125E-03
0.545E+05  0.124E-03
0.546E+05  0.122E-03
0.546E+05  0.121E-03
0.547E+05  0.120E-03
0.548E+05  0.119E-03
0.548E+05  0.117E-03
0.549E+05  0.116E-03
0.550E+05  0.115E-03
0.550E+05  0.114E-03
0.551E+05  0.112E-03
0.552E+05  0.111E-03
0.552E+05  0.110E-03
0.553E+05  0.109E-03
0.554E+05  0.107E-03
0.554E+05  0.106E-03
0.555E+05  0.105E-03
0.556E+05  0.104E-03
0.556E+05  0.103E-03
0.557E+05  0.102E-03
0.558E+05  0.100E-03
0.558E+05  0.992E-04
0.559E+05  0.981E-04
0.560E+05  0.969E-04
0.560E+05  0.958E-04
0.561E+05  0.947E-04
0.562E+05  0.935E-04
0.562E+05  0.924E-04
0.563E+05  0.913E-04
0.564E+05  0.902E-04
0.564E+05  0.891E-04
0.565E+05  0.880E-04
0.566E+05  0.869E-04
0.566E+05  0.858E-04
0.567E+05  0.848E-04
0.568E+05  0.837E-04
0.568E+05  0.826E-04
0.569E+05  0.816E-04
0.570E+05  0.805E-04
0.570E+05  0.795E-04
0.571E+05  0.784E-04
0.572E+05  0.774E-04
0.572E+05  0.764E-04
0.573E+05  0.754E-04
0.574E+05  0.744E-04
0.574E+05  0.734E-04
0.575E+05  0.724E-04
0.576E+05  0.714E-04
0.576E+05  0.704E-04
0.577E+05  0.694E-04
0.578E+05  0.684E-04
0.578E+05  0.675E-04
0.579E+05  0.665E-04
0.580E+05  0.656E-04
0.580E+05  0.646E-04
0.581E+05  0.637E-04
0.582E+05  0.627E-04
0.582E+05  0.618E-04
0.583E+05  0.609E-04
0.584E+05  0.600E-04
0.584E+05  0.591E-04
0.585E+05  0.582E-04
0.586E+05  0.573E-04
0.586E+05  0.564E-04
0.587E+05  0.555E-04
0.588E+05  0.547E-04
0.588E+05  0.538E-04
0.589E+05  0.529E-04
0.590E+05  0.521E-04
0.590E+05  0.512E-04
0.591E+05  0.504E-04
0.592E+05  0.496E-04
0.592E+05  0.487E-04
0.593E+05  0.479E-04
0.594E+05  0.471E-04
0.594E+05  0.463E-04
0.595E+05  0.455E-04
0.596E+05  0.447E-04
0.596E+05  0.439E-04
0.597E+05  0.431E-04
0.598E+05  0.424E-04
0.598E+05  0.416E-04
0.599E+05  0.408E-04
0.600E+05  0.401E-04
0.600E+05  0.393E-04
0.601E+05  0.386E-04
0.602E+05  0.379E-04
0.602E+05  0.372E-04
0.603E+05  0.364E-04
0.604E+05  0.357E-04
0.604E+05  0.350E-04
0.605E+05  0.343E-04
0.606E+05  0.336E-04
0.607E+05  0.329E-04
0.607E+05  0.323E-04
0.608E+05  0.316E-04
0.609E+05  0.309E-04
0.609E+05  0.303E-04
0.610E+05  0.296E-04
0.611E+05  0.290E-04
0.611E+05  0.284E-04
0.612E+05  0.277E-04
0.613E+05  0.271E-04
0.613E+05  0.265E-04
0.614E+05  0.259E-04
0.615E+05  0.253E-04
0.615E+05  0.247E-04
0.616E+05  0.241E-04
0.617E+05  0.235E-04
0.617E+05  0.229E-04
0.618E+05  0.224E-04
0.619E+05  0.218E-04
0.619E+05  0.213E-04
0.620E+05  0.207E-04
0.621E+05  0.202E-04
0.621E+05  0.196E-04
0.622E+05  0.191E-04
0.623E+05  0.186E-04
0.623E+05  0.181E-04
0.624E+05  0.176E-04
0.625E+05  0.171E-04
0.625E+05  0.166E-04
0.626E+05  0.161E-04
0.627E+05  0.156E-04
0.627E+05  0.152E-04
0.628E+05  0.147E-04
0.629E+05  0.142E-04
0.629E+05  0.138E-04
0.630E+05  0.134E-04
0.631E+05  0.129E-04
0.631E+05  0.125E-04
0.632E+05  0.121E-04
0.633E+05  0.117E-04
0.633E+05  0.113E-04
0.634E+05  0.109E-04
0.635E+05  0.105E-04
0.635E+05  0.101E-04
0.636E+05  0.970E-05
0.637E+05  0.933E-05
0.637E+05  0.897E-05
0.638E+05  0.861E-05
0.639E+05  0.827E-05
0.639E+05  0.792E-05
0.640E+05  0.759E-05
0.641E+05  0.726E-05
0.641E+05  0.694E-05
0.642E+05  0.663E-05
0.643E+05  0.632E-05
0.643E+05  0.602E-05
0.644E+05  0.573E-05
0.645E+05  0.544E-05
0.645E+05  0.517E-05
0.646E+05  0.490E-05
0.647E+05  0.463E-05
0.647E+05  0.438E-05
0.648E+05  0.413E-05
0.649E+05  0.389E-05
0.649E+05  0.365E-05
0.650E+05  0.342E-05
0.651E+05  0.320E-05
0.651E+05  0.299E-05
0.652E+05  0.279E-05
0.653E+05  0.259E-05
0.653E+05  0.240E-05
0.654E+05  0.221E-05
0.655E+05  0.204E-05
0.655E+05  0.187E-05
0.656E+05  0.171E-05
0.657E+05  0.155E-05
0.657E+05  0.140E-05
0.658E+05  0.126E-05
0.659E+05  0.113E-05
0.659E+05  0.101E-05
0.660E+05  0.888E-06
0.661E+05  0.778E-06
0.661E+05  0.674E-06
0.662E+05  0.578E-06
0.663E+05  0.490E-06
0.663E+05  0.408E-06
0.664E+05  0.334E-06
0.665E+05  0.268E-06
0.665E+05  0.208E-06
0.666E+05  0.157E-06
0.667E+05  0.112E-06
0.667E+05  0.751E-07
0.668E+05  0.455E-07
0.669E+05  0.232E-07
0.669E+05  0.835E-08
0.670E+05  0.928E-09
