0.235E+03  0.155E-02
0.391E+03  0.155E-02
0.548E+03  0.154E-02
0.704E+03  0.154E-02
0.861E+03  0.154E-02
0.102E+04  0.154E-02
0.117E+04  0.154E-02
0.133E+04  0.154E-02
0.149E+04  0.154E-02
0.164E+04  0.154E-02
0.180E+04  0.154E-02
0.196E+04  0.154E-02
0.211E+04  0.155E-02
0.227E+04  0.155E-02
0.243E+04  0.155E-02
0.258E+04  0.156E-02
0.274E+04  0.156E-02
0.289E+04  0.156E-02
0.305E+04  0.157E-02
0.321E+04  0.157E-02
0.336E+04  0.158E-02
0.352E+04  0.158E-02
0.368E+04  0.158E-02
0.383E+04  0.159E-02
0.399E+04  0.159E-02
0.415E+04  0.160E-02
0.430E+04  0.160E-02
0.446E+04  0.161E-02
0.462E+04  0.161E-02
0.477E+04  0.161E-02
0.493E+04  0.162E-02
0.509E+04  0.162E-02
0.524E+04  0.163E-02
0.540E+04  0.163E-02
0.555E+04  0.163E-02
0.571E+04  0.164E-02
0.587E+04  0.164E-02
0.602E+04  0.165E-02
0.618E+04  0.165E-02
0.634E+04  0.165E-02
0.649E+04  0.166E-02
0.665E+04  0.166E-02
0.681E+04  0.166E-02
0.696E+04  0.167E-02
0.712E+04  0.167E-02
0.728E+04  0.168E-02
0.743E+04  0.168E-02
0.759E+04  0.168E-02
0.775E+04  0.169E-02
0.790E+04  0.169E-02
0.806E+04  0.169E-02
0.821E+04  0.169E-02
0.837E+04  0.170E-02
0.853E+04  0.170E-02
0.868E+04  0.170E-02
0.884E+04  0.171E-02
0.900E+04  0.171E-02
0.915E+04  0.171E-02
0.931E+04  0.172E-02
0.947E+04  0.172E-02
0.962E+04  0.172E-02
0.978E+04  0.172E-02
0.994E+04  0.173E-02
0.101E+05  0.173E-02
0.102E+05  0.173E-02
0.104E+05  0.173E-02
0.106E+05  0.174E-02
0.107E+05  0.174E-02
0.109E+05  0.174E-02
0.110E+05  0.174E-02
0.112E+05  0.175E-02
0.113E+05  0.175E-02
0.115E+05  0.175E-02
0.117E+05  0.175E-02
0.118E+05  0.176E-02
0.120E+05  0.176E-02
0.121E+05  0.176E-02
0.123E+05  0.176E-02
0.124E+05  0.176E-02
0.126E+05  0.177E-02
0.128E+05  0.177E-02
0.129E+05  0.177E-02
0.131E+05  0.177E-02
0.132E+05  0.177E-02
0.134E+05  0.178E-02
0.135E+05  0.178E-02
0.137E+05  0.178E-02
0.138E+05  0.178E-02
0.140E+05  0.178E-02
0.142E+05  0.178E-02
0.143E+05  0.179E-02
0.145E+05  0.179E-02
0.146E+05  0.179E-02
0.148E+05  0.179E-02
0.149E+05  0.179E-02
0.151E+05  0.179E-02
0.153E+05  0.179E-02
0.154E+05  0.180E-02
0.156E+05  0.180E-02
0.157E+05  0.180E-02
0.159E+05  0.180E-02
0.160E+05  0.180E-02
0.162E+05  0.180E-02
0.164E+05  0.180E-02
0.165E+05  0.180E-02
0.167E+05  0.180E-02
0.168E+05  0.181E-02
0.170E+05  0.181E-02
0.171E+05  0.181E-02
0.173E+05  0.181E-02
0.174E+05  0.181E-02
0.176E+05  0.181E-02
0.178E+05  0.181E-02
0.179E+05  0.181E-02
0.181E+05  0.181E-02
0.182E+05  0.181E-02
0.184E+05  0.181E-02
0.185E+05  0.182E-02
0.187E+05  0.182E-02
0.189E+05  0.182E-02
0.190E+05  0.182E-02
0.192E+05  0.182E-02
0.193E+05  0.182E-02
0.195E+05  0.182E-02
0.196E+05  0.182E-02
0.198E+05  0.182E-02
0.200E+05  0.182E-02
0.201E+05  0.182E-02
0.203E+05  0.182E-02
0.204E+05  0.182E-02
0.206E+05  0.182E-02
0.207E+05  0.182E-02
0.209E+05  0.182E-02
0.210E+05  0.182E-02
0.212E+05  0.182E-02
0.214E+05  0.182E-02
0.215E+05  0.182E-02
0.217E+05  0.182E-02
0.218E+05  0.182E-02
0.220E+05  0.182E-02
0.221E+05  0.183E-02
0.223E+05  0.183E-02
0.225E+05  0.183E-02
0.226E+05  0.183E-02
0.228E+05  0.183E-02
0.229E+05  0.183E-02
0.231E+05  0.183E-02
0.232E+05  0.183E-02
0.234E+05  0.183E-02
0.235E+05  0.183E-02
0.237E+05  0.183E-02
0.239E+05  0.183E-02
0.240E+05  0.183E-02
0.242E+05  0.183E-02
0.243E+05  0.182E-02
0.245E+05  0.182E-02
0.246E+05  0.182E-02
0.248E+05  0.182E-02
0.250E+05  0.182E-02
0.251E+05  0.182E-02
0.253E+05  0.182E-02
0.254E+05  0.182E-02
0.256E+05  0.182E-02
0.257E+05  0.182E-02
0.259E+05  0.182E-02
0.261E+05  0.182E-02
0.262E+05  0.182E-02
0.264E+05  0.182E-02
0.265E+05  0.182E-02
0.267E+05  0.182E-02
0.268E+05  0.182E-02
0.270E+05  0.182E-02
0.271E+05  0.182E-02
0.273E+05  0.182E-02
0.275E+05  0.182E-02
0.276E+05  0.182E-02
0.278E+05  0.182E-02
0.279E+05  0.182E-02
0.281E+05  0.182E-02
0.282E+05  0.181E-02
0.284E+05  0.181E-02
0.286E+05  0.181E-02
0.287E+05  0.181E-02
0.289E+05  0.181E-02
0.290E+05  0.181E-02
0.292E+05  0.181E-02
0.293E+05  0.181E-02
0.295E+05  0.181E-02
0.297E+05  0.181E-02
0.298E+05  0.181E-02
0.300E+05  0.181E-02
0.301E+05  0.181E-02
0.303E+05  0.180E-02
0.304E+05  0.180E-02
0.306E+05  0.180E-02
0.307E+05  0.180E-02
0.309E+05  0.180E-02
0.311E+05  0.180E-02
0.312E+05  0.180E-02
0.314E+05  0.180E-02
0.315E+05  0.180E-02
0.317E+05  0.180E-02
0.318E+05  0.180E-02
0.320E+05  0.179E-02
0.322E+05  0.179E-02
0.323E+05  0.179E-02
0.325E+05  0.179E-02
0.326E+05  0.179E-02
0.328E+05  0.179E-02
0.329E+05  0.179E-02
0.331E+05  0.179E-02
0.333E+05  0.179E-02
0.334E+05  0.178E-02
0.336E+05  0.178E-02
0.337E+05  0.178E-02
0.339E+05  0.178E-02
0.340E+05  0.178E-02
0.342E+05  0.178E-02
0.343E+05  0.178E-02
0.345E+05  0.178E-02
0.347E+05  0.177E-02
0.348E+05  0.177E-02
0.350E+05  0.177E-02
0.351E+05  0.177E-02
0.353E+05  0.177E-02
0.354E+05  0.177E-02
0.356E+05  0.177E-02
0.358E+05  0.176E-02
0.359E+05  0.176E-02
0.361E+05  0.176E-02
0.362E+05  0.176E-02
0.364E+05  0.176E-02
0.365E+05  0.176E-02
0.367E+05  0.176E-02
0.369E+05  0.175E-02
0.370E+05  0.175E-02
0.372E+05  0.175E-02
0.373E+05  0.175E-02
0.375E+05  0.175E-02
0.376E+05  0.175E-02
0.378E+05  0.175E-02
0.379E+05  0.174E-02
0.381E+05  0.174E-02
0.383E+05  0.174E-02
0.384E+05  0.174E-02
0.386E+05  0.174E-02
0.387E+05  0.174E-02
0.389E+05  0.173E-02
0.390E+05  0.173E-02
0.392E+05  0.173E-02
0.394E+05  0.173E-02
0.395E+05  0.173E-02
0.397E+05  0.173E-02
0.398E+05  0.172E-02
0.400E+05  0.172E-02
0.401E+05  0.172E-02
0.403E+05  0.172E-02
0.404E+05  0.172E-02
0.406E+05  0.172E-02
0.408E+05  0.171E-02
0.409E+05  0.171E-02
0.411E+05  0.171E-02
0.412E+05  0.171E-02
0.414E+05  0.171E-02
0.415E+05  0.170E-02
0.417E+05  0.170E-02
0.419E+05  0.170E-02
0.420E+05  0.170E-02
0.422E+05  0.170E-02
0.423E+05  0.170E-02
0.425E+05  0.169E-02
0.426E+05  0.169E-02
0.428E+05  0.169E-02
0.430E+05  0.169E-02
0.431E+05  0.169E-02
0.433E+05  0.168E-02
0.434E+05  0.168E-02
0.436E+05  0.168E-02
0.437E+05  0.168E-02
0.439E+05  0.168E-02
0.440E+05  0.167E-02
0.442E+05  0.167E-02
0.444E+05  0.167E-02
0.445E+05  0.167E-02
0.447E+05  0.167E-02
0.448E+05  0.166E-02
0.450E+05  0.166E-02
0.451E+05  0.166E-02
0.453E+05  0.166E-02
0.455E+05  0.166E-02
0.456E+05  0.165E-02
0.458E+05  0.165E-02
0.459E+05  0.165E-02
0.461E+05  0.165E-02
0.462E+05  0.164E-02
0.464E+05  0.164E-02
0.466E+05  0.164E-02
0.467E+05  0.164E-02
0.469E+05  0.164E-02
0.470E+05  0.163E-02
0.472E+05  0.163E-02
0.473E+05  0.163E-02
0.475E+05  0.163E-02
0.476E+05  0.163E-02
0.478E+05  0.162E-02
0.480E+05  0.162E-02
0.481E+05  0.162E-02
0.483E+05  0.162E-02
0.484E+05  0.161E-02
0.486E+05  0.161E-02
0.487E+05  0.161E-02
0.489E+05  0.161E-02
0.491E+05  0.161E-02
0.492E+05  0.160E-02
0.494E+05  0.160E-02
0.495E+05  0.160E-02
0.497E+05  0.160E-02
0.498E+05  0.159E-02
0.500E+05  0.159E-02
0.502E+05  0.159E-02
0.503E+05  0.159E-02
0.505E+05  0.158E-02
0.506E+05  0.158E-02
0.508E+05  0.158E-02
0.509E+05  0.158E-02
0.511E+05  0.157E-02
0.512E+05  0.157E-02
0.514E+05  0.157E-02
0.516E+05  0.157E-02
0.517E+05  0.156E-02
0.519E+05  0.156E-02
0.520E+05  0.156E-02
0.522E+05  0.156E-02
0.523E+05  0.156E-02
0.525E+05  0.155E-02
0.527E+05  0.155E-02
0.528E+05  0.155E-02
0.530E+05  0.155E-02
0.531E+05  0.154E-02
0.533E+05  0.154E-02
0.534E+05  0.154E-02
0.536E+05  0.154E-02
0.537E+05  0.153E-02
0.539E+05  0.153E-02
0.541E+05  0.153E-02
0.542E+05  0.153E-02
0.544E+05  0.152E-02
0.545E+05  0.152E-02
0.547E+05  0.152E-02
0.548E+05  0.151E-02
0.550E+05  0.151E-02
0.552E+05  0.151E-02
0.553E+05  0.151E-02
0.555E+05  0.150E-02
0.556E+05  0.150E-02
0.558E+05  0.150E-02
0.559E+05  0.150E-02
0.561E+05  0.149E-02
0.563E+05  0.149E-02
0.564E+05  0.149E-02
0.566E+05  0.149E-02
0.567E+05  0.148E-02
0.569E+05  0.148E-02
0.570E+05  0.148E-02
0.572E+05  0.148E-02
0.573E+05  0.147E-02
0.575E+05  0.147E-02
0.577E+05  0.147E-02
0.578E+05  0.146E-02
0.580E+05  0.146E-02
0.581E+05  0.146E-02
0.583E+05  0.146E-02
0.584E+05  0.145E-02
0.586E+05  0.145E-02
0.588E+05  0.145E-02
0.589E+05  0.145E-02
0.591E+05  0.144E-02
0.592E+05  0.144E-02
0.594E+05  0.144E-02
0.595E+05  0.144E-02
0.597E+05  0.143E-02
0.599E+05  0.143E-02
0.600E+05  0.143E-02
0.602E+05  0.142E-02
0.603E+05  0.142E-02
0.605E+05  0.142E-02
0.606E+05  0.142E-02
0.608E+05  0.141E-02
0.609E+05  0.141E-02
0.611E+05  0.141E-02
0.613E+05  0.140E-02
0.614E+05  0.140E-02
0.616E+05  0.140E-02
0.617E+05  0.140E-02
0.619E+05  0.139E-02
0.620E+05  0.139E-02
0.622E+05  0.139E-02
0.624E+05  0.138E-02
0.625E+05  0.138E-02
0.627E+05  0.138E-02
0.628E+05  0.138E-02
0.630E+05  0.137E-02
0.631E+05  0.137E-02
0.633E+05  0.137E-02
0.635E+05  0.136E-02
0.636E+05  0.136E-02
0.638E+05  0.136E-02
0.639E+05  0.136E-02
0.641E+05  0.135E-02
0.642E+05  0.135E-02
0.644E+05  0.135E-02
0.645E+05  0.134E-02
0.647E+05  0.134E-02
0.649E+05  0.134E-02
0.650E+05  0.134E-02
0.652E+05  0.133E-02
0.653E+05  0.133E-02
0.655E+05  0.133E-02
0.656E+05  0.132E-02
0.658E+05  0.132E-02
0.660E+05  0.132E-02
0.661E+05  0.132E-02
0.663E+05  0.131E-02
0.664E+05  0.131E-02
0.666E+05  0.131E-02
0.667E+05  0.130E-02
0.669E+05  0.130E-02
0.670E+05  0.130E-02
0.672E+05  0.130E-02
0.674E+05  0.129E-02
0.675E+05  0.129E-02
0.677E+05  0.129E-02
0.678E+05  0.128E-02
0.680E+05  0.128E-02
0.681E+05  0.128E-02
0.683E+05  0.127E-02
0.685E+05  0.127E-02
0.686E+05  0.127E-02
0.688E+05  0.127E-02
0.689E+05  0.126E-02
0.691E+05  0.126E-02
0.692E+05  0.126E-02
0.694E+05  0.125E-02
0.696E+05  0.125E-02
0.697E+05  0.125E-02
0.699E+05  0.124E-02
0.700E+05  0.124E-02
0.702E+05  0.124E-02
0.703E+05  0.124E-02
0.705E+05  0.123E-02
0.706E+05  0.123E-02
0.708E+05  0.123E-02
0.710E+05  0.122E-02
0.711E+05  0.122E-02
0.713E+05  0.122E-02
0.714E+05  0.121E-02
0.716E+05  0.121E-02
0.717E+05  0.121E-02
0.719E+05  0.120E-02
0.721E+05  0.120E-02
0.722E+05  0.120E-02
0.724E+05  0.120E-02
0.725E+05  0.119E-02
0.727E+05  0.119E-02
0.728E+05  0.119E-02
0.730E+05  0.118E-02
0.732E+05  0.118E-02
0.733E+05  0.118E-02
0.735E+05  0.117E-02
0.736E+05  0.117E-02
0.738E+05  0.117E-02
0.739E+05  0.117E-02
0.741E+05  0.116E-02
0.742E+05  0.116E-02
0.744E+05  0.116E-02
0.746E+05  0.115E-02
0.747E+05  0.115E-02
0.749E+05  0.115E-02
0.750E+05  0.114E-02
0.752E+05  0.114E-02
0.753E+05  0.114E-02
0.755E+05  0.113E-02
0.757E+05  0.113E-02
0.758E+05  0.113E-02
0.760E+05  0.113E-02
0.761E+05  0.112E-02
0.763E+05  0.112E-02
0.764E+05  0.112E-02
0.766E+05  0.111E-02
0.768E+05  0.111E-02
0.769E+05  0.111E-02
0.771E+05  0.110E-02
0.772E+05  0.110E-02
0.774E+05  0.110E-02
0.775E+05  0.109E-02
0.777E+05  0.109E-02
0.778E+05  0.109E-02
0.780E+05  0.108E-02
0.782E+05  0.108E-02
0.783E+05  0.108E-02
0.785E+05  0.108E-02
0.786E+05  0.107E-02
0.788E+05  0.107E-02
0.789E+05  0.107E-02
0.791E+05  0.106E-02
0.793E+05  0.106E-02
0.794E+05  0.106E-02
0.796E+05  0.105E-02
0.797E+05  0.105E-02
0.799E+05  0.105E-02
0.800E+05  0.104E-02
0.802E+05  0.104E-02
0.804E+05  0.104E-02
0.805E+05  0.103E-02
0.807E+05  0.103E-02
0.808E+05  0.103E-02
0.810E+05  0.103E-02
0.811E+05  0.102E-02
0.813E+05  0.102E-02
0.814E+05  0.102E-02
0.816E+05  0.101E-02
0.818E+05  0.101E-02
0.819E+05  0.101E-02
0.821E+05  0.100E-02
0.822E+05  0.100E-02
0.824E+05  0.997E-03
0.825E+05  0.994E-03
0.827E+05  0.991E-03
0.829E+05  0.988E-03
0.830E+05  0.985E-03
0.832E+05  0.981E-03
0.833E+05  0.978E-03
0.835E+05  0.975E-03
0.836E+05  0.972E-03
0.838E+05  0.969E-03
0.839E+05  0.966E-03
0.841E+05  0.963E-03
0.843E+05  0.960E-03
0.844E+05  0.956E-03
0.846E+05  0.953E-03
0.847E+05  0.950E-03
0.849E+05  0.947E-03
0.850E+05  0.944E-03
0.852E+05  0.941E-03
0.854E+05  0.938E-03
0.855E+05  0.934E-03
0.857E+05  0.931E-03
0.858E+05  0.928E-03
0.860E+05  0.925E-03
0.861E+05  0.922E-03
0.863E+05  0.919E-03
0.865E+05  0.916E-03
0.866E+05  0.913E-03
0.868E+05  0.909E-03
0.869E+05  0.906E-03
0.871E+05  0.903E-03
0.872E+05  0.900E-03
0.874E+05  0.897E-03
0.875E+05  0.894E-03
0.877E+05  0.891E-03
0.879E+05  0.888E-03
0.880E+05  0.884E-03
0.882E+05  0.881E-03
0.883E+05  0.878E-03
0.885E+05  0.875E-03
0.886E+05  0.872E-03
0.888E+05  0.869E-03
0.890E+05  0.866E-03
0.891E+05  0.863E-03
0.893E+05  0.859E-03
0.894E+05  0.856E-03
0.896E+05  0.853E-03
0.897E+05  0.850E-03
0.899E+05  0.847E-03
0.901E+05  0.844E-03
0.902E+05  0.841E-03
0.904E+05  0.838E-03
0.905E+05  0.835E-03
0.907E+05  0.831E-03
0.908E+05  0.828E-03
0.910E+05  0.825E-03
0.911E+05  0.822E-03
0.913E+05  0.819E-03
0.915E+05  0.816E-03
0.916E+05  0.813E-03
0.918E+05  0.810E-03
0.919E+05  0.807E-03
0.921E+05  0.804E-03
0.922E+05  0.800E-03
0.924E+05  0.797E-03
0.926E+05  0.794E-03
0.927E+05  0.791E-03
0.929E+05  0.788E-03
0.930E+05  0.785E-03
0.932E+05  0.782E-03
0.933E+05  0.779E-03
0.935E+05  0.776E-03
0.937E+05  0.773E-03
0.938E+05  0.770E-03
0.940E+05  0.767E-03
0.941E+05  0.764E-03
0.943E+05  0.760E-03
0.944E+05  0.757E-03
0.946E+05  0.754E-03
0.947E+05  0.751E-03
0.949E+05  0.748E-03
0.951E+05  0.745E-03
0.952E+05  0.742E-03
0.954E+05  0.739E-03
0.955E+05  0.736E-03
0.957E+05  0.733E-03
0.958E+05  0.730E-03
0.960E+05  0.727E-03
0.962E+05  0.724E-03
0.963E+05  0.721E-03
0.965E+05  0.718E-03
0.966E+05  0.715E-03
0.968E+05  0.712E-03
0.969E+05  0.709E-03
0.971E+05  0.706E-03
0.972E+05  0.703E-03
0.974E+05  0.700E-03
0.976E+05  0.697E-03
0.977E+05  0.694E-03
0.979E+05  0.691E-03
0.980E+05  0.687E-03
0.982E+05  0.684E-03
0.983E+05  0.681E-03
0.985E+05  0.678E-03
0.987E+05  0.675E-03
0.988E+05  0.672E-03
0.990E+05  0.669E-03
0.991E+05  0.666E-03
0.993E+05  0.664E-03
0.994E+05  0.661E-03
0.996E+05  0.658E-03
0.998E+05  0.655E-03
0.999E+05  0.652E-03
0.100E+06  0.649E-03
0.100E+06  0.646E-03
0.100E+06  0.643E-03
0.101E+06  0.640E-03
0.101E+06  0.637E-03
0.101E+06  0.634E-03
0.101E+06  0.631E-03
0.101E+06  0.628E-03
0.101E+06  0.625E-03
0.101E+06  0.622E-03
0.102E+06  0.619E-03
0.102E+06  0.616E-03
0.102E+06  0.613E-03
0.102E+06  0.610E-03
0.102E+06  0.607E-03
0.102E+06  0.604E-03
0.103E+06  0.601E-03
0.103E+06  0.599E-03
0.103E+06  0.596E-03
0.103E+06  0.593E-03
0.103E+06  0.590E-03
0.103E+06  0.587E-03
0.104E+06  0.584E-03
0.104E+06  0.581E-03
0.104E+06  0.578E-03
0.104E+06  0.575E-03
0.104E+06  0.572E-03
0.104E+06  0.570E-03
0.104E+06  0.567E-03
0.105E+06  0.564E-03
0.105E+06  0.561E-03
0.105E+06  0.558E-03
0.105E+06  0.555E-03
0.105E+06  0.552E-03
0.105E+06  0.550E-03
0.106E+06  0.547E-03
0.106E+06  0.544E-03
0.106E+06  0.541E-03
0.106E+06  0.538E-03
0.106E+06  0.535E-03
0.106E+06  0.533E-03
0.106E+06  0.530E-03
0.107E+06  0.527E-03
0.107E+06  0.524E-03
0.107E+06  0.521E-03
0.107E+06  0.518E-03
0.107E+06  0.516E-03
0.107E+06  0.513E-03
0.108E+06  0.510E-03
0.108E+06  0.507E-03
0.108E+06  0.505E-03
0.108E+06  0.502E-03
0.108E+06  0.499E-03
0.108E+06  0.496E-03
0.109E+06  0.493E-03
0.109E+06  0.491E-03
0.109E+06  0.488E-03
0.109E+06  0.485E-03
0.109E+06  0.482E-03
0.109E+06  0.480E-03
0.109E+06  0.477E-03
0.110E+06  0.474E-03
0.110E+06  0.471E-03
0.110E+06  0.469E-03
0.110E+06  0.466E-03
0.110E+06  0.463E-03
0.110E+06  0.461E-03
0.111E+06  0.458E-03
0.111E+06  0.455E-03
0.111E+06  0.453E-03
0.111E+06  0.450E-03
0.111E+06  0.447E-03
0.111E+06  0.444E-03
0.111E+06  0.442E-03
0.112E+06  0.439E-03
0.112E+06  0.436E-03
0.112E+06  0.434E-03
0.112E+06  0.431E-03
0.112E+06  0.429E-03
0.112E+06  0.426E-03
0.113E+06  0.423E-03
0.113E+06  0.421E-03
0.113E+06  0.418E-03
0.113E+06  0.415E-03
0.113E+06  0.413E-03
0.113E+06  0.410E-03
0.114E+06  0.408E-03
0.114E+06  0.405E-03
0.114E+06  0.402E-03
0.114E+06  0.400E-03
0.114E+06  0.397E-03
0.114E+06  0.395E-03
0.114E+06  0.392E-03
0.115E+06  0.389E-03
0.115E+06  0.387E-03
0.115E+06  0.384E-03
0.115E+06  0.382E-03
0.115E+06  0.379E-03
0.115E+06  0.377E-03
0.116E+06  0.374E-03
0.116E+06  0.372E-03
0.116E+06  0.369E-03
0.116E+06  0.367E-03
0.116E+06  0.364E-03
0.116E+06  0.362E-03
0.116E+06  0.359E-03
0.117E+06  0.357E-03
0.117E+06  0.354E-03
0.117E+06  0.352E-03
0.117E+06  0.349E-03
0.117E+06  0.347E-03
0.117E+06  0.344E-03
0.118E+06  0.342E-03
0.118E+06  0.339E-03
0.118E+06  0.337E-03
0.118E+06  0.335E-03
0.118E+06  0.332E-03
0.118E+06  0.330E-03
0.119E+06  0.327E-03
0.119E+06  0.325E-03
0.119E+06  0.323E-03
0.119E+06  0.320E-03
0.119E+06  0.318E-03
0.119E+06  0.315E-03
0.119E+06  0.313E-03
0.120E+06  0.311E-03
0.120E+06  0.308E-03
0.120E+06  0.306E-03
0.120E+06  0.304E-03
0.120E+06  0.301E-03
0.120E+06  0.299E-03
0.121E+06  0.297E-03
0.121E+06  0.294E-03
0.121E+06  0.292E-03
0.121E+06  0.290E-03
0.121E+06  0.287E-03
0.121E+06  0.285E-03
0.122E+06  0.283E-03
0.122E+06  0.281E-03
0.122E+06  0.278E-03
0.122E+06  0.276E-03
0.122E+06  0.274E-03
0.122E+06  0.271E-03
0.122E+06  0.269E-03
0.123E+06  0.267E-03
0.123E+06  0.265E-03
0.123E+06  0.263E-03
0.123E+06  0.260E-03
0.123E+06  0.258E-03
0.123E+06  0.256E-03
0.124E+06  0.254E-03
0.124E+06  0.252E-03
0.124E+06  0.249E-03
0.124E+06  0.247E-03
0.124E+06  0.245E-03
0.124E+06  0.243E-03
0.124E+06  0.241E-03
0.125E+06  0.239E-03
0.125E+06  0.236E-03
0.125E+06  0.234E-03
0.125E+06  0.232E-03
0.125E+06  0.230E-03
0.125E+06  0.228E-03
0.126E+06  0.226E-03
0.126E+06  0.224E-03
0.126E+06  0.222E-03
0.126E+06  0.220E-03
0.126E+06  0.218E-03
0.126E+06  0.216E-03
0.127E+06  0.214E-03
0.127E+06  0.212E-03
0.127E+06  0.209E-03
0.127E+06  0.207E-03
0.127E+06  0.205E-03
0.127E+06  0.203E-03
0.127E+06  0.201E-03
0.128E+06  0.199E-03
0.128E+06  0.197E-03
0.128E+06  0.195E-03
0.128E+06  0.194E-03
0.128E+06  0.192E-03
0.128E+06  0.190E-03
0.129E+06  0.188E-03
0.129E+06  0.186E-03
0.129E+06  0.184E-03
0.129E+06  0.182E-03
0.129E+06  0.180E-03
0.129E+06  0.178E-03
0.129E+06  0.176E-03
0.130E+06  0.174E-03
0.130E+06  0.172E-03
0.130E+06  0.171E-03
0.130E+06  0.169E-03
0.130E+06  0.167E-03
0.130E+06  0.165E-03
0.131E+06  0.163E-03
0.131E+06  0.161E-03
0.131E+06  0.160E-03
0.131E+06  0.158E-03
0.131E+06  0.156E-03
0.131E+06  0.154E-03
0.132E+06  0.152E-03
0.132E+06  0.151E-03
0.132E+06  0.149E-03
0.132E+06  0.147E-03
0.132E+06  0.145E-03
0.132E+06  0.144E-03
0.132E+06  0.142E-03
0.133E+06  0.140E-03
0.133E+06  0.138E-03
0.133E+06  0.137E-03
0.133E+06  0.135E-03
0.133E+06  0.133E-03
0.133E+06  0.132E-03
0.134E+06  0.130E-03
0.134E+06  0.128E-03
0.134E+06  0.127E-03
0.134E+06  0.125E-03
0.134E+06  0.123E-03
0.134E+06  0.122E-03
0.134E+06  0.120E-03
0.135E+06  0.119E-03
0.135E+06  0.117E-03
0.135E+06  0.115E-03
0.135E+06  0.114E-03
0.135E+06  0.112E-03
0.135E+06  0.111E-03
0.136E+06  0.109E-03
0.136E+06  0.108E-03
0.136E+06  0.106E-03
0.136E+06  0.105E-03
0.136E+06  0.103E-03
0.136E+06  0.102E-03
0.137E+06  0.100E-03
0.137E+06  0.987E-04
0.137E+06  0.973E-04
0.137E+06  0.958E-04
0.137E+06  0.943E-04
0.137E+06  0.929E-04
0.137E+06  0.915E-04
0.138E+06  0.901E-04
0.138E+06  0.887E-04
0.138E+06  0.873E-04
0.138E+06  0.859E-04
0.138E+06  0.845E-04
0.138E+06  0.831E-04
0.139E+06  0.818E-04
0.139E+06  0.804E-04
0.139E+06  0.791E-04
0.139E+06  0.778E-04
0.139E+06  0.764E-04
0.139E+06  0.751E-04
0.139E+06  0.738E-04
0.140E+06  0.726E-04
0.140E+06  0.713E-04
0.140E+06  0.700E-04
0.140E+06  0.688E-04
0.140E+06  0.675E-04
0.140E+06  0.663E-04
0.141E+06  0.651E-04
0.141E+06  0.638E-04
0.141E+06  0.626E-04
0.141E+06  0.614E-04
0.141E+06  0.603E-04
0.141E+06  0.591E-04
0.142E+06  0.579E-04
0.142E+06  0.568E-04
0.142E+06  0.556E-04
0.142E+06  0.545E-04
0.142E+06  0.534E-04
0.142E+06  0.523E-04
0.142E+06  0.512E-04
0.143E+06  0.501E-04
0.143E+06  0.490E-04
0.143E+06  0.480E-04
0.143E+06  0.469E-04
0.143E+06  0.459E-04
0.143E+06  0.448E-04
0.144E+06  0.438E-04
0.144E+06  0.428E-04
0.144E+06  0.418E-04
0.144E+06  0.408E-04
0.144E+06  0.398E-04
0.144E+06  0.389E-04
0.145E+06  0.379E-04
0.145E+06  0.370E-04
0.145E+06  0.360E-04
0.145E+06  0.351E-04
0.145E+06  0.342E-04
0.145E+06  0.333E-04
0.145E+06  0.324E-04
0.146E+06  0.315E-04
0.146E+06  0.307E-04
0.146E+06  0.298E-04
0.146E+06  0.290E-04
0.146E+06  0.281E-04
0.146E+06  0.273E-04
0.147E+06  0.265E-04
0.147E+06  0.257E-04
0.147E+06  0.249E-04
0.147E+06  0.242E-04
0.147E+06  0.234E-04
0.147E+06  0.227E-04
0.147E+06  0.219E-04
0.148E+06  0.212E-04
0.148E+06  0.205E-04
0.148E+06  0.198E-04
0.148E+06  0.191E-04
0.148E+06  0.184E-04
0.148E+06  0.177E-04
0.149E+06  0.171E-04
0.149E+06  0.164E-04
0.149E+06  0.158E-04
0.149E+06  0.152E-04
0.149E+06  0.146E-04
0.149E+06  0.140E-04
0.150E+06  0.134E-04
0.150E+06  0.128E-04
0.150E+06  0.123E-04
0.150E+06  0.117E-04
0.150E+06  0.112E-04
0.150E+06  0.106E-04
0.150E+06  0.101E-04
0.151E+06  0.963E-05
0.151E+06  0.915E-05
0.151E+06  0.867E-05
0.151E+06  0.821E-05
0.151E+06  0.776E-05
0.151E+06  0.732E-05
0.152E+06  0.690E-05
0.152E+06  0.648E-05
0.152E+06  0.608E-05
0.152E+06  0.569E-05
0.152E+06  0.532E-05
0.152E+06  0.496E-05
0.152E+06  0.461E-05
0.153E+06  0.427E-05
0.153E+06  0.394E-05
0.153E+06  0.363E-05
0.153E+06  0.333E-05
0.153E+06  0.304E-05
0.153E+06  0.277E-05
0.154E+06  0.251E-05
0.154E+06  0.226E-05
0.154E+06  0.202E-05
0.154E+06  0.180E-05
0.154E+06  0.159E-05
0.154E+06  0.139E-05
0.155E+06  0.121E-05
0.155E+06  0.104E-05
0.155E+06  0.877E-06
0.155E+06  0.731E-06
0.155E+06  0.599E-06
0.155E+06  0.480E-06
0.155E+06  0.374E-06
0.156E+06  0.281E-06
0.156E+06  0.201E-06
0.156E+06  0.135E-06
0.156E+06  0.817E-07
0.156E+06  0.417E-07
0.156E+06  0.150E-07
0.157E+06  0.167E-08