0.001 0.011524349787967509 0.00030307217491979977
0.0012067926406393288 0.015693125956977173 0.0003951516504627648
0.0014563484775012444 0.021606467373199722 0.0005151577688260393
0.0017575106248547913 0.02947025062137086 0.0006628540892990469
0.0021209508879201904 0.039913463553287266 0.0008498446494957823
0.002559547922699536 0.05088508332724483 0.0009985314576317222
0.0030888435964774815 0.06557657287840724 0.0011936644446451424
0.003727593720314938 0.08744604962149972 0.0014316283579834388
0.004498432668969444 0.10894741328105019 0.0016549208295413883
0.005428675439323859 0.1404551006469084 0.0018996750464091742
0.006551285568595509 0.16723758360856028 0.0020619651560931473
0.0079060432109077 0.20925327057466228 0.0022717669719591843
0.009540954763499945 0.252823361151371 0.0025428022326168015
0.01151395399326447 0.30084985187141916 0.002748325481097767
0.013894954943731374 0.35697415432861046 0.0029808645536046705
0.016768329368110076 0.4121297589962954 0.003183013076191837
0.020235896477251564 0.47124361660296565 0.003350522033604042
0.02442053094548651 0.5246576948762839 0.003420450641156486
0.029470517025518096 0.5846787422737773 0.0034613063368474674
0.03556480306223128 0.6419779775856683 0.003450088846309654
0.04291934260128776 0.6870395254336541 0.0034209035471254416
0.0517947467923121 0.7302819188611515 0.003312279076168134
0.0625055192527397 0.7611215025419746 0.0032843966920221394
0.07543120063354615 0.7991661145740807 0.0030884608852791433
0.09102981779915217 0.8289967092647279 0.002944927201588064
0.10985411419875583 0.8465939767992815 0.0028540270494677063
0.13257113655901082 0.8747843848770893 0.0026164845923797196
0.15998587196060574 0.8887988694861604 0.0025225529025581016
0.19306977288832497 0.9116279147362486 0.002293417998222763
0.2329951810515372 0.9225777943827279 0.002161793119775661
0.2811768697974228 0.9331438446765973 0.002029561919682657
0.3393221771895326 0.943775168216519 0.0018672553885484314
0.4094915062380423 0.9484960104936324 0.0018242545341971305
0.49417133613238334 0.9569985728883752 0.0016603490650153108
0.5963623316594643 0.9622858641771818 0.0015875090334949258
0.7196856730011514 0.9667532251477845 0.0015078575334629039
0.868511373751352 0.9711498412962369 0.001408414392791389
1.0481131341546852 0.975937497490203 0.0012866831624369713
1.2648552168552958 0.9783376777374597 0.0012511671105271656
1.5264179671752318 0.9791379059100407 0.001219724813892758
1.8420699693267144 0.9844364876273305 0.0010333787143724281
2.2229964825261934 0.9860171375459591 0.0010110042926593738
2.6826957952797246 0.9871148314096512 0.0009553233538907986
3.2374575428176433 0.9876781949386135 0.0009631080619293496
3.906939937054613 0.989360962308155 0.0008940462946949898
4.714866363457389 0.9906817144028295 0.000844330707618995
5.689866029018293 0.99193839559351 0.0007940080392183004
6.866488450042998 0.9924105509078927 0.000772058453076607
8.286427728546842 0.992003637971026 0.0008087899664909323
10.0 0.9938989752160478 0.0007053857942246161
