0.001 0.011591977448140176 0.0002989187781628115
0.0012067926406393288 0.0157725733338969 0.0003991162093911127
0.0014563484775012444 0.021400039032366203 0.0005134902858875037
0.0017575106248547913 0.030324111345911887 0.0006845345475983507
0.0021209508879201904 0.03940748416462656 0.000836473563339605
0.002559547922699536 0.05107562068946234 0.0010082985795104138
0.0030888435964774815 0.06773417933783057 0.0012327513030099704
0.003727593720314938 0.0872463854782229 0.0014380089454050255
0.004498432668969444 0.1101089473774683 0.0016390999221312223
0.005428675439323859 0.14292959115311799 0.0019180939800981294
0.006551285568595509 0.16973048616702238 0.002065840307033613
0.0079060432109077 0.20944416211235706 0.002315129516779696
0.009540954763499945 0.25374932656128146 0.0025645227982686904
0.01151395399326447 0.3086882570326551 0.002793565995836778
0.013894954943731374 0.35668479924209573 0.002995649896088353
0.016768329368110076 0.41227758470046955 0.003182475759762911
0.020235896477251564 0.4748054437889349 0.0033420462683790273
0.02442053094548651 0.5341351911661225 0.003402815853796
0.029470517025518096 0.5836923424952484 0.003467268166765736
0.03556480306223128 0.6403366387107985 0.003465060731786928
0.04291934260128776 0.6924574733965004 0.0033814566414216113
0.0517947467923121 0.729343027788619 0.003320766960920798
0.0625055192527397 0.7682704596261098 0.0031978766450101283
0.07543120063354615 0.8002502516555416 0.003069263407038858
0.09102981779915217 0.832643058409653 0.0028810330249503958
0.10985411419875583 0.8543902783660311 0.0027812193898295447
0.13257113655901082 0.8725771335810522 0.002668312054845111
0.15998587196060574 0.8974802792549638 0.002423793499279169
0.19306977288832497 0.9115524288560289 0.0022775247456094812
0.2329951810515372 0.9225321157366808 0.0021854026164542626
0.2811768697974228 0.9350140366329993 0.0020054085895051888
0.3393221771895326 0.9410575397982311 0.0019420171594225768
0.4094915062380423 0.9518097347696474 0.001762295117556381
0.49417133613238334 0.954966129318767 0.0017302603841141677
0.5963623316594643 0.9617898287708433 0.0016156721947059728
0.7196856730011514 0.9697683154916198 0.0014296332245489604
0.868511373751352 0.9724400652071952 0.001373646915526776
1.0481131341546852 0.9762542178039197 0.0012860715848060107
1.2648552168552958 0.9789622995402794 0.001205370463713817
1.5264179671752318 0.9820502380678908 0.0011375934582024845
1.8420699693267144 0.9828156822358646 0.0011183519129648236
2.2229964825261934 0.9851164983984192 0.0010521690845244945
2.6826957952797246 0.9871364750857458 0.0009601719841105593
3.2374575428176433 0.9878500300849222 0.0009644520674524418
3.906939937054613 0.9902337524431849 0.0008474027621773511
4.714866363457389 0.9922587400200693 0.0007710173173526709
5.689866029018293 0.9916004864802477 0.0007944242600560703
6.866488450042998 0.9921353749516364 0.0007994949006365965
8.286427728546842 0.9927842806939597 0.0007864901749892931
10.0 0.9938573803885078 0.0007283887040140642
