0.001 0.04414958349628447 0.0004880679602838445
0.0012067926406393288 0.05249846423080376 0.0005774795246403742
0.0014563484775012444 0.0627617564316449 0.0006664104534286341
0.0017575106248547913 0.07330396389690486 0.0007668234780722214
0.0021209508879201904 0.08786144747713343 0.0009066672601348908
0.002559547922699536 0.10259346310656278 0.0010360834345767237
0.0030888435964774815 0.12045292884623532 0.0011792879759844914
0.003727593720314938 0.14218562933874648 0.0013320142505596796
0.004498432668969444 0.1682108897171967 0.0015135641266350724
0.005428675439323859 0.1927621610273351 0.0016747627211330096
0.006551285568595509 0.22392007399188596 0.0018426636181457473
0.0079060432109077 0.2588864037123663 0.002008301432993675
0.009540954763499945 0.29805547614244915 0.002189591078418987
0.01151395399326447 0.33563763801967306 0.0023504094086391615
0.013894954943731374 0.37828514989942036 0.0024754186874628124
0.016768329368110076 0.42407798407899416 0.0026271786728999207
0.020235896477251564 0.46810175962465356 0.002759107459709005
0.02442053094548651 0.5190619828346205 0.0028341247004070595
0.029470517025518096 0.5710136242120183 0.0029086849753264515
0.03556480306223128 0.6083774774136619 0.0029782765634473263
0.04291934260128776 0.6579370729177159 0.002950831383138416
0.0517947467923121 0.6927554466902135 0.0029702519469108125
0.0625055192527397 0.7383289865998957 0.0028969832102128733
0.07543120063354615 0.7634130309586252 0.002867339835610936
0.09102981779915217 0.8069088766376019 0.002682176957003395
0.10985411419875583 0.8316891157657368 0.0026102072758506954
0.13257113655901082 0.8557364304365206 0.0024550739694954643
0.15998587196060574 0.8757005073229428 0.0023633303702186915
0.19306977288832497 0.8899305514866177 0.0022805003629950264
0.2329951810515372 0.9079644507321872 0.002114194031347292
0.2811768697974228 0.9191840521176052 0.0020072173968297418
0.3393221771895326 0.9335962565247468 0.0018532258812049452
0.4094915062380423 0.9384607509601436 0.0018220771541990963
0.49417133613238334 0.9500288046248772 0.0016508945581115778
0.5963623316594643 0.9532461286117072 0.0016475203315424803
0.7196856730011514 0.9643126543016733 0.0014272558211934421
0.868511373751352 0.9664491960405938 0.001421048047065207
1.0481131341546852 0.9711552207349708 0.001309149826742342
1.2648552168552958 0.9755794613034455 0.0012245394258362978
1.5264179671752318 0.9763477024944739 0.001214146352443184
1.8420699693267144 0.979953066192856 0.001085969541200815
2.2229964825261934 0.9815110245294223 0.0010857901611507578
2.6826957952797246 0.9838619713767579 0.0010110533170816702
3.2374575428176433 0.9863994747548995 0.0009326987807705406
3.906939937054613 0.9881510460444499 0.0008692810256747735
4.714866363457389 0.989507650790611 0.0008258756944397332
5.689866029018293 0.9899950468906454 0.00085821202719564
6.866488450042998 0.9912365745365107 0.000796360614303206
8.286427728546842 0.992057104033894 0.0007693804376782368
10.0 0.992704604689138 0.0007512379603495303
