0.001 0.044214150661573345 0.0004879601962586487
0.0012067926406393288 0.05269277876074766 0.0005695151942525219
0.0014563484775012444 0.0629550215079442 0.0006723634875404714
0.0017575106248547913 0.07556322012222727 0.0007857363278020715
0.0021209508879201904 0.08971987813436814 0.0009267679283204991
0.002559547922699536 0.1046178133519576 0.0010368064689018717
0.0030888435964774815 0.12228708787668177 0.0011803659040483159
0.003727593720314938 0.14676338561903368 0.0013559317269469092
0.004498432668969444 0.16875964220573192 0.0015241407596590741
0.005428675439323859 0.1994212678083121 0.0017081846346114673
0.006551285568595509 0.22428029093091906 0.0018367745244461358
0.0079060432109077 0.26216444175169135 0.0019828877544650282
0.009540954763499945 0.2982726118240881 0.0021752031330220262
0.01151395399326447 0.33715809945627395 0.0023129245159476306
0.013894954943731374 0.38228726062407326 0.002484596176756917
0.016768329368110076 0.4264490291910758 0.002635850767029899
0.020235896477251564 0.4740729345924586 0.002770816908430855
0.02442053094548651 0.5181521960456182 0.002847105102787511
0.029470517025518096 0.5692490798567508 0.0029097935410824166
0.03556480306223128 0.6210478106022032 0.0029399611787563474
0.04291934260128776 0.6629394529394494 0.002962117047290977
0.0517947467923121 0.7051317961707401 0.002918602687920374
0.0625055192527397 0.7368043003994827 0.0029340347476763218
0.07543120063354615 0.7758903379487978 0.002793562121140062
0.09102981779915217 0.807711153978902 0.0027016412896540077
0.10985411419875583 0.8282062954196127 0.0026359699971101637
0.13257113655901082 0.8589801964114542 0.0024450708700438245
0.15998587196060574 0.8746843772792574 0.0023709983083720926
0.19306977288832497 0.8990383926291894 0.0021739949829036277
0.2329951810515372 0.9121468775315581 0.0020605232023395135
0.2811768697974228 0.9239792503078821 0.0019376863444041418
0.3393221771895326 0.9361375164904688 0.0017967920004959453
0.4094915062380423 0.9425488997749244 0.0017450522188373575
0.49417133613238334 0.9516057293842887 0.0016001174596184376
0.5963623316594643 0.9574887813719979 0.001537265344464443
0.7196856730011514 0.9628520736119072 0.0014593774583125006
0.868511373751352 0.9677413595839833 0.0013618954450229826
1.0481131341546852 0.9731222063588191 0.0012529797423537182
1.2648552168552958 0.9759404987727054 0.001215912986639329
1.5264179671752318 0.9771401958528783 0.0011877540846561433
1.8420699693267144 0.9825567474801393 0.0010123871309310507
2.2229964825261934 0.9844887198115577 0.000986150667559393
2.6826957952797246 0.9857642934034433 0.0009393614081297603
3.2374575428176433 0.9864851989322592 0.0009512802303471024
3.906939937054613 0.9882704192329577 0.0008877891032528541
4.714866363457389 0.9895252412976125 0.0008492337497472512
5.689866029018293 0.9910458684930571 0.0008026225554469861
6.866488450042998 0.9915203635568669 0.0007842185830552584
8.286427728546842 0.9911766416401826 0.0008246910945672638
10.0 0.9930884603757507 0.0007237373476353076
