0.001 0.000733282317635973 3.389467255789866e-05
0.0012067926406393288 0.001201257396177451 5.508903145945079e-05
0.0014563484775012444 0.0019046192031496136 8.490596775943769e-05
0.0017575106248547913 0.0032669899292955902 0.00013704018398698212
0.0021209508879201904 0.004872219709306975 0.0001983275218817537
0.002559547922699536 0.007213491767781529 0.0002819635570598185
0.0030888435964774815 0.011208198451644655 0.00041439919216709834
0.003727593720314938 0.016249855936613863 0.0005580770215537367
0.004498432668969444 0.022789909361994574 0.0007230644462005158
0.005428675439323859 0.03391370607613693 0.0009518580287625646
0.006551285568595509 0.04291817542110737 0.0011152111675406613
0.0079060432109077 0.05925625532574848 0.0013686683842078597
0.009540954763499945 0.07930267662857735 0.0015958813136512648
0.01151395399326447 0.10591221883125583 0.0018296390932942752
0.013894954943731374 0.13470222751434993 0.0020751439234795526
0.016768329368110076 0.1711344357546639 0.0023155949633688303
0.020235896477251564 0.21867517400397488 0.0025902353874849736
0.02442053094548651 0.26833639996404957 0.0028323769751785488
0.029470517025518096 0.32169630895307316 0.0030993501515552096
0.03556480306223128 0.38630501751166757 0.00332442856590628
0.04291934260128776 0.45055048436500744 0.0034769126633452567
0.0517947467923121 0.5066464078437184 0.0035998959880243625
0.0625055192527397 0.5666431330303021 0.0036543600139883736
0.07543120063354615 0.619795877637571 0.003649607644637247
0.09102981779915217 0.6750153150397343 0.0035869710064534823
0.10985411419875583 0.7182524045149697 0.003499313717030449
0.13257113655901082 0.7572249300985778 0.0034067705394780234
0.15998587196060574 0.800257655507525 0.0031979622205287883
0.19306977288832497 0.825919086689462 0.003043753055221347
0.2329951810515372 0.8520930001480094 0.0028969144079426462
0.2811768697974228 0.8737892972167658 0.0027138832469428813
0.3393221771895326 0.8889995820173464 0.0026038706921801234
0.4094915062380423 0.9071529383022789 0.002394551262421932
0.49417133613238334 0.9165648307045688 0.0023166718492279225
0.5963623316594643 0.9305449844506768 0.0021462192683518134
0.7196856730011514 0.9427883936176228 0.0019394637545092914
0.868511373751352 0.9490933573180284 0.001854873141354245
1.0481131341546852 0.9568990843791461 0.0017261381208531566
1.2648552168552958 0.9618415494912013 0.0016352542662746421
1.5264179671752318 0.9682526028546127 0.0015013466723868105
1.8420699693267144 0.9704259561409577 0.0014656966796394594
2.2229964825261934 0.974659468172531 0.0013603420895630799
2.6826957952797246 0.9770369875529082 0.0012840121644701699
3.2374575428176433 0.9802035798885674 0.0012226620806425747
3.906939937054613 0.9834078196945315 0.0011141711677378188
4.714866363457389 0.9872091680764188 0.000982518812981072
5.689866029018293 0.9860052270440363 0.001028991173889434
6.866488450042998 0.9880844183385822 0.0009704782443340239
8.286427728546842 0.9891174411925493 0.0009140628165842785
10.0 0.9910399679466018 0.0008428264413438388
