0.001 0.000741739081094389 3.496710561395959e-05
0.0012067926406393288 0.0011834437690723789 5.5290359122883674e-05
0.0014563484775012444 0.0019228583036624957 8.423989135508848e-05
0.0017575106248547913 0.003090298694593096 0.00013065831318586913
0.0021209508879201904 0.005001234916477221 0.0002008281567289452
0.002559547922699536 0.007099303451546669 0.00027492058739350244
0.0030888435964774815 0.010541866364432276 0.00039528285254316204
0.003727593720314938 0.016164474948910334 0.0005526802692234028
0.004498432668969444 0.023091094444396987 0.0007474505778221199
0.005428675439323859 0.033194133946798286 0.0009475974493134637
0.006551285568595509 0.04243979135062133 0.0011184200541798836
0.0079060432109077 0.05744631419324327 0.0013152476229528508
0.009540954763499945 0.0780107759194918 0.0015692553725352386
0.01151395399326447 0.1003327473548142 0.001746594529721691
0.013894954943731374 0.13332651971220838 0.002037664032542247
0.016768329368110076 0.17093892123965043 0.0023099234612416323
0.020235896477251564 0.21665730776887027 0.0025812494555900838
0.02442053094548651 0.26198381195698367 0.0028165292476739767
0.029470517025518096 0.32073087801562183 0.003071130406332953
0.03556480306223128 0.38721216177676704 0.0033262748610855737
0.04291934260128776 0.4473253757064347 0.0034916372881228647
0.0517947467923121 0.5084489402749258 0.003613041956741366
0.0625055192527397 0.5628885128683505 0.0036788476182595914
0.07543120063354615 0.6204855073664375 0.0036600970097650613
0.09102981779915217 0.673580592629981 0.003605137111094777
0.10985411419875583 0.7098165806443515 0.0035585787011589067
0.13257113655901082 0.759053847695099 0.003402542653631834
0.15998587196060574 0.7875341997160729 0.0032852083607736015
0.19306977288832497 0.8274849025491425 0.0030352908556738945
0.2329951810515372 0.8504153301051854 0.0029065407779215167
0.2811768697974228 0.8703539857003294 0.0027459733673682596
0.3393221771895326 0.8910695129588475 0.0025701619230670014
0.4094915062380423 0.9040277461506021 0.002464216518953834
0.49417133613238334 0.9182365481199547 0.0022895365204716796
0.5963623316594643 0.9294819886806306 0.002144371754468799
0.7196856730011514 0.9391962994016918 0.00201948228329753
0.868511373751352 0.9470314759736815 0.0018929504263147418
1.0481131341546852 0.956030867539115 0.0017427602972876766
1.2648552168552958 0.9616976127145179 0.0016378357217200358
1.5264179671752318 0.9637968870563421 0.0016145169651217584
1.8420699693267144 0.9712823147575824 0.0014227624395618502
2.2229964825261934 0.9754058874682376 0.0013273463595110313
2.6826957952797246 0.977275445345212 0.0012877907792737508
3.2374575428176433 0.9794644852490597 0.0012374261112661623
3.906939937054613 0.982159693520069 0.0011541032026171235
4.714866363457389 0.9842174169718797 0.0010779259564623624
5.689866029018293 0.9869517168866656 0.0009962049650279695
6.866488450042998 0.9876886533581041 0.000965986473990365
8.286427728546842 0.9878466144360318 0.0009777324503645382
10.0 0.9902444838146275 0.0008608393497037766
