0.001 0.04416499638148575 0.0004991064606440379
0.0012067926406393288 0.052739913727721 0.0005776129554711392
0.0014563484775012444 0.06156349081580047 0.0006562539179281313
0.0017575106248547913 0.07538824835782622 0.0008092860559739548
0.0021209508879201904 0.08808718216382258 0.000899881248346243
0.002559547922699536 0.10299616363433876 0.0010188491734428023
0.0030888435964774815 0.12247760716435058 0.0011964742210674264
0.003727593720314938 0.14344525996214744 0.0013573885214163304
0.004498432668969444 0.16819159482320778 0.00152060043753493
0.005428675439323859 0.19577272592068326 0.0016992624199785788
0.006551285568595509 0.2260405337802716 0.0018274182448174353
0.0079060432109077 0.260114876750649 0.002025960430696459
0.009540954763499945 0.29959353860740606 0.0021968369746987273
0.01151395399326447 0.3388812302335324 0.002356625721595956
0.013894954943731374 0.3787891044231992 0.0024954250138702052
0.016768329368110076 0.43002239795433833 0.0026487146958034035
0.020235896477251564 0.46890534539920165 0.0027633038252818046
0.02442053094548651 0.5241858560543353 0.002840397850303852
0.029470517025518096 0.5693596475282163 0.002906517279766816
0.03556480306223128 0.6184210010060964 0.002919188676580923
0.04291934260128776 0.6636258802968378 0.002952162223745307
0.0517947467923121 0.700435776456163 0.002943066438920063
0.0625055192527397 0.740684918355726 0.0028835953898608165
0.07543120063354615 0.7726198438459618 0.0028272363082198887
0.09102981779915217 0.8116057609481593 0.0026567949913961462
0.10985411419875583 0.8333902078888521 0.0026179666180767423
0.13257113655901082 0.8527696675654506 0.0025225314594568564
0.15998587196060574 0.8768050582958811 0.0023586582775802344
0.19306977288832497 0.8983404921824049 0.0021814377735815153
0.2329951810515372 0.907162145033934 0.0021172075416444345
0.2811768697974228 0.9190200254255513 0.0020381308052054795
0.3393221771895326 0.9295926280395969 0.001909349397095263
0.4094915062380423 0.9407297378742882 0.0017778776004174503
0.49417133613238334 0.9500636908551625 0.0016491690306717837
0.5963623316594643 0.9557983566531848 0.001578506007812297
0.7196856730011514 0.9644962285919191 0.0013993675491067907
0.868511373751352 0.9658470116471474 0.0013954817232494068
1.0481131341546852 0.9744441231871155 0.0012141185119962602
1.2648552168552958 0.9761233338689941 0.0012001208426189601
1.5264179671752318 0.9779056945242344 0.0011543510485846253
1.8420699693267144 0.9823669319492448 0.0010341201925326495
2.2229964825261934 0.9844683738073478 0.0009762893064472477
2.6826957952797246 0.9844732055084265 0.0010115029861856653
3.2374575428176433 0.9874618789672946 0.0009146852690408631
3.906939937054613 0.9879095436513484 0.000873775013947238
4.714866363457389 0.9891478709154901 0.0008769937417970108
5.689866029018293 0.9900456820680558 0.0008469721025055525
6.866488450042998 0.9917024006474753 0.0007653192605714478
8.286427728546842 0.9911871310439634 0.0008276870791621025
10.0 0.9931303270760252 0.0007344476581436066
