0.001 0.04519578709527619 0.0005077184559459238
0.0012067926406393288 0.05342588609099005 0.0005863256885782847
0.0014563484775012444 0.06386150592666427 0.0006821855472864881
0.0017575106248547913 0.07748665719691615 0.0008091419409835221
0.0021209508879201904 0.08780001812808082 0.0008835280826600584
0.002559547922699536 0.10537288083799122 0.0010483665441392072
0.0030888435964774815 0.12469053974559521 0.001202068495750563
0.003727593720314938 0.14784920653196254 0.0013468962916995874
0.004498432668969444 0.17066566881246686 0.001513690427698809
0.005428675439323859 0.1967488467761802 0.0016659465894348741
0.006551285568595509 0.22941415126885387 0.001865640557406782
0.0079060432109077 0.2622779656722555 0.002013550786689447
0.009540954763499945 0.30184291560391174 0.002201279755142107
0.01151395399326447 0.3412994327889086 0.002345597157226588
0.013894954943731374 0.38418019320324676 0.0024893267391801702
0.016768329368110076 0.4326781028643248 0.0026442218517185494
0.020235896477251564 0.47529917307641234 0.0027361380984308585
0.02442053094548651 0.5234611674452061 0.0028238219156775995
0.029470517025518096 0.5739001933220121 0.0029221582354041877
0.03556480306223128 0.623858674643001 0.0029225236168716373
0.04291934260128776 0.6673388179264904 0.0029277155571015034
0.0517947467923121 0.7127615560072736 0.0029087532869843478
0.0625055192527397 0.7475093744466339 0.0028305150868274034
0.07543120063354615 0.7861143776264821 0.002750346864280252
0.09102981779915217 0.8133291874397351 0.0026287018666892154
0.10985411419875583 0.835771602575036 0.0025882564961489827
0.13257113655901082 0.8602511970931653 0.002448865410245622
0.15998587196060574 0.8825856095800515 0.0022538630021477785
0.19306977288832497 0.9020672717220505 0.0021362514122874915
0.2329951810515372 0.911695885517938 0.0020533571982654674
0.2811768697974228 0.9242639124931297 0.0019290002578135803
0.3393221771895326 0.9367476632398093 0.0018015064829470862
0.4094915062380423 0.9408062471928819 0.0017776434779037424
0.49417133613238334 0.9518242375109601 0.001613503751964571
0.5963623316594643 0.9610857726304765 0.0014526164182225001
0.7196856730011514 0.9634556157557581 0.0014610546760724422
0.868511373751352 0.9679727546100969 0.0013772622265049129
1.0481131341546852 0.9742404809731483 0.0012277753727979969
1.2648552168552958 0.9766473067251749 0.0011860373137983094
1.5264179671752318 0.9776825729209848 0.001174063649706264
1.8420699693267144 0.983208316499672 0.0010156285859501588
2.2229964825261934 0.9841265659921528 0.0010136098180822711
2.6826957952797246 0.9869733179596546 0.0009187321783171576
3.2374575428176433 0.9890082295166492 0.0008443228570542157
3.906939937054613 0.9872437756036481 0.0009488092638373253
4.714866363457389 0.990435727628347 0.0007934264728473114
5.689866029018293 0.989981785900538 0.0008504634189451774
6.866488450042998 0.9917257823425732 0.0007868541724250617
8.286427728546842 0.9933418002133362 0.0007038475968785557
10.0 0.9941471927864776 0.0006907925795999202
