0.001 0.0008147978594444826 3.651726077186933e-05
0.0012067926406393288 0.0012749209428189546 5.7077991713692025e-05
0.0014563484775012444 0.002009013070333177 8.744016310834255e-05
0.0017575106248547913 0.003318196234717263 0.00013543041793097566
0.0021209508879201904 0.004463626445636289 0.000187410228496889
0.002559547922699536 0.007331286128013637 0.0002873691507880048
0.0030888435964774815 0.011178915086809542 0.0004115205363993453
0.003727593720314938 0.01608804814488675 0.0005475343541858942
0.004498432668969444 0.022897326819713626 0.000730397046359765
0.005428675439323859 0.031244820483882718 0.0009053390650592887
0.006551285568595509 0.044863785727627024 0.0011671244702943977
0.0079060432109077 0.05885503754311775 0.0013358173570842916
0.009540954763499945 0.08054868092753548 0.0016003930602174563
0.01151395399326447 0.10443109370846014 0.0018104309383563597
0.013894954943731374 0.13457849246103598 0.0020294617395131896
0.016768329368110076 0.1760049685662286 0.0023422654278063156
0.020235896477251564 0.21519081834549555 0.002573632982666157
0.02442053094548651 0.26582099855211794 0.0028387321654284505
0.029470517025518096 0.3271861828672974 0.0031007731776677245
0.03556480306223128 0.38974964413112223 0.0033455727140184422
0.04291934260128776 0.4507026332384161 0.0034867763700754196
0.0517947467923121 0.5199668526140585 0.0036168780462300775
0.0625055192527397 0.5716775711503805 0.0036319130572826696
0.07543120063354615 0.6355607395228029 0.0036208753429968405
0.09102981779915217 0.6783650106851811 0.00357001177723254
0.10985411419875583 0.7211550220281296 0.003514845092454031
0.13257113655901082 0.7620094137922306 0.0033813615338163395
0.15998587196060574 0.7961353302099313 0.003209791621877584
0.19306977288832497 0.8318429282348032 0.0030064176979319093
0.2329951810515372 0.8486921545782578 0.0029060433557316473
0.2811768697974228 0.870339209969498 0.002736965516411903
0.3393221771895326 0.8927003892734483 0.0025456768766878367
0.4094915062380423 0.9015720825348624 0.002495601382361404
0.49417133613238334 0.9194314097992137 0.002275662085799715
0.5963623316594643 0.9343944445744311 0.0020659086724674966
0.7196856730011514 0.9408456733987789 0.002002946323161228
0.868511373751352 0.9485107951024427 0.0018947296843329039
1.0481131341546852 0.9577597867150575 0.0016987429997027447
1.2648552168552958 0.9624586194728714 0.0016367719695139738
1.5264179671752318 0.9646142771430976 0.001595401504513138
1.8420699693267144 0.9731011537589257 0.0013883776586358049
2.2229964825261934 0.9753433232374784 0.0013380354907327038
2.6826957952797246 0.9796646535830652 0.001212673182986735
3.2374575428176433 0.9827961869624529 0.0011179744990076445
3.906939937054613 0.9813119547825901 0.00119437929150776
4.714866363457389 0.9851450930972971 0.0010450883562013425
5.689866029018293 0.9855336588767084 0.0010633566902670268
6.866488450042998 0.9883129281206702 0.0009538811227511225
8.286427728546842 0.990474565852874 0.0008519412636083108
10.0 0.9922788683917703 0.0007766831981201144
