0.001 0.0015462266530516591 2.0250033751347584e-05
0.0012067926406393288 0.002243076060140371 2.919372948118952e-05
0.0014563484775012444 0.0031734897377711487 4.17265251155354e-05
0.0017575106248547913 0.004567825892193633 5.869903813155324e-05
0.0021209508879201904 0.0066079133114279555 8.461093024937905e-05
0.002559547922699536 0.009572286028515854 0.0001204059032651785
0.0030888435964774815 0.013121833127056129 0.0001635019735236384
0.003727593720314938 0.018339448889252583 0.00022547293809785656
0.004498432668969444 0.025146709278397954 0.0003125242482476708
0.005428675439323859 0.03465394106543237 0.0004183105676319697
0.006551285568595509 0.04817281913800248 0.0005635349087641701
0.0079060432109077 0.06340605594058452 0.0007297759273737624
0.009540954763499945 0.08818071237235577 0.000978128843155025
0.01151395399326447 0.11689657241144892 0.001239089247307415
0.013894954943731374 0.14706229158250322 0.0015136388448896254
0.016768329368110076 0.19064976004673995 0.0018713261669563636
0.020235896477251564 0.24055968796226765 0.00222001432366823
0.02442053094548651 0.28249141045016896 0.002509203322223057
0.029470517025518096 0.3448414668425009 0.0028107032184621285
0.03556480306223128 0.409326659234396 0.003100962283259668
0.04291934260128776 0.4708319309833475 0.003317741284014539
0.0517947467923121 0.5243988324346592 0.0034274309098182728
0.0625055192527397 0.5782232430891717 0.0035102740439334635
0.07543120063354615 0.6352003785195782 0.0035093656633865115
0.09102981779915217 0.6823005384692735 0.0034775376061204916
0.10985411419875583 0.7224825648069536 0.0034037348261973083
0.13257113655901082 0.7569243413966377 0.0033202325283345014
0.15998587196060574 0.7927697075292467 0.0031692250000568273
0.19306977288832497 0.8173409890574894 0.0030884911091846406
0.2329951810515372 0.8390611070946892 0.0029417953190781555
0.2811768697974228 0.862088227769886 0.0027742439991245388
0.3393221771895326 0.8837497943719352 0.0025994548583137883
0.4094915062380423 0.904501861663428 0.0023728596568986775
0.49417133613238334 0.9111102691869805 0.0023468030861354167
0.5963623316594643 0.9221947856508683 0.0022234018896137163
0.7196856730011514 0.9373627943161411 0.002015060428164875
0.868511373751352 0.9427469378390333 0.0019483882833079408
1.0481131341546852 0.9530017014502464 0.0017769536225285367
1.2648552168552958 0.9559342277861395 0.001748243662528908
1.5264179671752318 0.9622084986433143 0.0016380955202673548
1.8420699693267144 0.9656431720157632 0.0015536547552854618
2.2229964825261934 0.9692729943498866 0.0014777502110788058
2.6826957952797246 0.9727477339207721 0.0013975673707510034
3.2374575428176433 0.9750798966990339 0.0013418467225396833
3.906939937054613 0.9768942538707924 0.0013123842097804476
4.714866363457389 0.9816179868828498 0.0011639524687131308
5.689866029018293 0.983743869282378 0.0011128768256986213
6.866488450042998 0.9840787120433336 0.0011001925986808526
8.286427728546842 0.9864514908404972 0.0010074964556419184
10.0 0.9866121344048486 0.0010342166235588193
