0.001 0.01769432428068984 0.0001398245666986336
0.0012067926406393288 0.021482682607581745 0.00016769033593242819
0.0014563484775012444 0.02582636466165178 0.00020408317130367288
0.0017575106248547913 0.030948749210533585 0.00024130340094384985
0.0021209508879201904 0.03675602294281848 0.00028787928435230754
0.002559547922699536 0.0441766643180703 0.00034132989452614274
0.0030888435964774815 0.05304682482377229 0.00041221530924757737
0.003727593720314938 0.06383873553832368 0.00048672499536967125
0.004498432668969444 0.07718720774845811 0.0005871756751887486
0.005428675439323859 0.0903853425161681 0.0006913090987129134
0.006551285568595509 0.10714225212876115 0.0007984297922878236
0.0079060432109077 0.1268272797442581 0.0009423711813998344
0.009540954763499945 0.14817620647096874 0.0010978029026454746
0.01151395399326447 0.17343790446760937 0.0012597590028252579
0.013894954943731374 0.2028342689925358 0.0014591765857528234
0.016768329368110076 0.2408422746752184 0.001673993447412041
0.020235896477251564 0.27413942495525206 0.0018616711020567063
0.02442053094548651 0.3154638502662088 0.0020847342912438506
0.029470517025518096 0.3624256501203961 0.0023024088243414564
0.03556480306223128 0.4112480807795029 0.0024944505810739607
0.04291934260128776 0.4632696670437006 0.0026723659533001427
0.0517947467923121 0.5075243522198857 0.0028257296852157218
0.0625055192527397 0.554971241957031 0.0029409215178119457
0.07543120063354615 0.6097392994499161 0.0029697559447088894
0.09102981779915217 0.6464852690587037 0.0030205032289665544
0.10985411419875583 0.691148946723277 0.0030084464854899374
0.13257113655901082 0.7300453065763962 0.0029654901887233164
0.15998587196060574 0.7615544580574978 0.0029348628492379923
0.19306977288832497 0.7958769162741113 0.0028064445425938435
0.2329951810515372 0.8195509207323474 0.002728092862045276
0.2811768697974228 0.8455518058959381 0.00262972862502663
0.3393221771895326 0.8675024982986055 0.002474904190319804
0.4094915062380423 0.8826633097223945 0.002381088337948124
0.49417133613238334 0.8961188105425284 0.002297282442035817
0.5963623316594643 0.9110698902512955 0.002127590017708002
0.7196856730011514 0.923028393594694 0.002029820520001119
0.868511373751352 0.9333969816550755 0.0019054595762623655
1.0481131341546852 0.9420947927161571 0.0018128889207282464
1.2648552168552958 0.9469263944113511 0.0017432545048888712
1.5264179671752318 0.9571142333355444 0.0015838588379387328
1.8420699693267144 0.95718102010406 0.001622719580865599
2.2229964825261934 0.9670851738911439 0.0013999346367958548
2.6826957952797246 0.9694944967914042 0.00137133337442547
3.2374575428176433 0.97322771862267 0.0013055586896842358
3.906939937054613 0.9749934469680116 0.00127441496370296
4.714866363457389 0.981067004284816 0.0010870260173755004
5.689866029018293 0.979884002799187 0.0011637769280646762
6.866488450042998 0.9808617617690134 0.001145706179690243
8.286427728546842 0.985612999298616 0.0009934167347752107
10.0 0.9853186800744 0.0010424973059384988
