0.001 1.799601456507739e-05 3.31730564754373e-07
0.0012067926406393288 3.153801438790243e-05 5.767066463236611e-07
0.0014563484775012444 5.5926668638757046e-05 1.027557502978155e-06
0.0017575106248547913 9.390448924355249e-05 1.7035482575338786e-06
0.0021209508879201904 0.00015898532320221098 2.916534168032438e-06
0.002559547922699536 0.00026867052983388644 4.806266246125598e-06
0.0030888435964774815 0.0004700995506931051 8.464875515447916e-06
0.003727593720314938 0.0007925821875473612 1.4007296253144187e-05
0.004498432668969444 0.0013901011995672147 2.407653217955716e-05
0.005428675439323859 0.0022536960910010933 3.9134907559313225e-05
0.006551285568595509 0.0036063763628209067 6.1941944624689e-05
0.0079060432109077 0.005913559345690222 9.910137883993171e-05
0.009540954763499945 0.009366036539450775 0.00015388520757914973
0.01151395399326447 0.014503125758172218 0.00023004441562813358
0.013894954943731374 0.022826779732830663 0.000356994325253424
0.016768329368110076 0.036077937089003066 0.000532548320039789
0.020235896477251564 0.05131608046181376 0.0007351150174564827
0.02442053094548651 0.07484077941211086 0.0010137362529739282
0.029470517025518096 0.10690710412196729 0.0013564054662320447
0.03556480306223128 0.146670138362603 0.0017325586972161697
0.04291934260128776 0.1967939359009303 0.002157740985343062
0.0517947467923121 0.24749968642176287 0.0025384497273583505
0.0625055192527397 0.3058854028469765 0.0029064231480202514
0.07543120063354615 0.373394036979475 0.0031850671258771292
0.09102981779915217 0.42889130872568604 0.003443108147293067
0.10985411419875583 0.4944577196211234 0.0035995867809003198
0.13257113655901082 0.5545619325780458 0.0036968798996033286
0.15998587196060574 0.6079617506867978 0.0037446266532650853
0.19306977288832497 0.6600920049971655 0.003671904864160297
0.2329951810515372 0.7006008625877473 0.0036304716409986987
0.2811768697974228 0.7457262533303516 0.0035031656392594448
0.3393221771895326 0.7800854181302419 0.003355723667219388
0.4094915062380423 0.8060951524425827 0.0032237049792754975
0.49417133613238334 0.8308966275840148 0.003118809855340267
0.5963623316594643 0.8530221196695124 0.0029410529341304865
0.7196856730011514 0.8744183277181333 0.002767718043281755
0.868511373751352 0.8913479075764155 0.002614220675439029
1.0481131341546852 0.906883076420862 0.0024635070725431483
1.2648552168552958 0.914660724283045 0.0023742364811798746
1.5264179671752318 0.9311433927944348 0.0021514774850703243
1.8420699693267144 0.9334968386918167 0.0021530805005250285
2.2229964825261934 0.9471919619024562 0.0019166990863609102
2.6826957952797246 0.9520454102915102 0.0018460457754097708
3.2374575428176433 0.9585790108716173 0.0017312449352898896
3.906939937054613 0.961776862739848 0.001676587740687124
4.714866363457389 0.9699883146794888 0.0014685650528446414
5.689866029018293 0.9697391010163458 0.001497323117693234
6.866488450042998 0.9717579124369775 0.0014783181145592902
8.286427728546842 0.9783906815960196 0.001265158164090099
10.0 0.9792498385836823 0.0012651489622608012
