0.001 1.9513089831431764e-05 3.60376326940697e-07
0.0012067926406393288 3.3759442234337576e-05 6.094867913177509e-07
0.0014563484775012444 6.0709578266938224e-05 1.0970210038753015e-06
0.0017575106248547913 0.00010185718266407799 1.8426833515107634e-06
0.0021209508879201904 0.00017569295574777164 3.151293100814445e-06
0.002559547922699536 0.0003010507956346983 5.350801659699211e-06
0.0030888435964774815 0.0005121055793142817 9.0026193856718e-06
0.003727593720314938 0.0008631750407844148 1.4990083307905557e-05
0.004498432668969444 0.001432417879998047 2.4749688272812275e-05
0.005428675439323859 0.0023370146178891735 4.0542216747821953e-05
0.006551285568595509 0.004078713966904562 6.810353026307971e-05
0.0079060432109077 0.0063911642961706275 0.0001057800412130016
0.009540954763499945 0.010306817667955144 0.00016505971125331973
0.01151395399326447 0.016353608959581815 0.00025336366886463766
0.013894954943731374 0.02505339909662799 0.0003719489629624022
0.016768329368110076 0.03812192937532683 0.0005519348266228352
0.020235896477251564 0.05588836228225696 0.0007773504546729025
0.02442053094548651 0.08063051139383494 0.0010576846767662697
0.029470517025518096 0.11373611254346828 0.0014061377312374823
0.03556480306223128 0.15431432833131947 0.0017736177689511765
0.04291934260128776 0.20266198458948675 0.0021914290015697772
0.0517947467923121 0.2560133374584579 0.0025715497026337656
0.0625055192527397 0.3214554576967816 0.002941717830523733
0.07543120063354615 0.3843158546636814 0.003232978009637638
0.09102981779915217 0.45194298233902735 0.003483337461544506
0.10985411419875583 0.5159787990539894 0.003613731588720883
0.13257113655901082 0.5721774552972646 0.003661495760916305
0.15998587196060574 0.633047012677664 0.0036757136006860093
0.19306977288832497 0.6706023090797842 0.003664245634933543
0.2329951810515372 0.712279407726147 0.0035809866651625635
0.2811768697974228 0.7559638964192773 0.0034359728393045857
0.3393221771895326 0.7908592609137093 0.003287756512055554
0.4094915062380423 0.8214978457302079 0.0031312283248799504
0.49417133613238334 0.8452490984604274 0.0029637835874137958
0.5963623316594643 0.8655641469948059 0.0028140576175260845
0.7196856730011514 0.8843410777718429 0.00266039408801303
0.868511373751352 0.9021375486954976 0.0024795100729766407
1.0481131341546852 0.9135285637713825 0.0023496321627140136
1.2648552168552958 0.9240331717273069 0.00223869265714155
1.5264179671752318 0.9348034685828676 0.002114424134777761
1.8420699693267144 0.9466009752730729 0.0019116665835315278
2.2229964825261934 0.951386659621257 0.001846750407302073
2.6826957952797246 0.9564140095485003 0.001733622535219835
3.2374575428176433 0.9589383879442787 0.0017320291915527194
3.906939937054613 0.9669772132966448 0.0015644253184547887
4.714866363457389 0.968958656716449 0.0015122855447288616
5.689866029018293 0.9740283461144389 0.0013960246207193152
6.866488450042998 0.9772832066689449 0.0013175032509124452
8.286427728546842 0.9811199785794817 0.0011993698021974405
10.0 0.9802293202490684 0.0012456545555121418
