0.001 1.903256010811851e-05 3.448883869124779e-07
0.0012067926406393288 3.382464597788694e-05 6.189200742210354e-07
0.0014563484775012444 5.618173616887723e-05 1.030731553905699e-06
0.0017575106248547913 9.979427522215967e-05 1.820387025205571e-06
0.0021209508879201904 0.00016615980983063184 3.01206239410706e-06
0.002559547922699536 0.0002956765358828739 5.398036906561675e-06
0.0030888435964774815 0.0004952210005716821 8.830697252984283e-06
0.003727593720314938 0.0008383245865385284 1.4824959729566834e-05
0.004498432668969444 0.0013865122485954028 2.4050473990205106e-05
0.005428675439323859 0.00238143275760767 4.0584170207684735e-05
0.006551285568595509 0.00385785766348562 6.590151338951565e-05
0.0079060432109077 0.006477971316807017 0.00010649362643384777
0.009540954763499945 0.010275228193381232 0.00016547565096975252
0.01151395399326447 0.015956065119163053 0.000248292275337226
0.013894954943731374 0.02427445336441752 0.00036489642628449606
0.016768329368110076 0.03635106798939057 0.0005361868890828963
0.020235896477251564 0.05416572670910562 0.0007602021911806483
0.02442053094548651 0.0803403518362572 0.0010603181807760154
0.029470517025518096 0.11179667978096595 0.001388384648717153
0.03556480306223128 0.15061222411969022 0.0017749822097800926
0.04291934260128776 0.19747240175990236 0.0021685935704796916
0.0517947467923121 0.2519186352734456 0.002567924943428252
0.0625055192527397 0.320081593382983 0.0029409375534768566
0.07543120063354615 0.37743576621460967 0.0032228135260668842
0.09102981779915217 0.4500729286003185 0.0034879482856783987
0.10985411419875583 0.5054253562381259 0.0036071487261727098
0.13257113655901082 0.5606306024062473 0.0036943221620786863
0.15998587196060574 0.6203692352014964 0.0037112449575881345
0.19306977288832497 0.6716471831380317 0.0036424288987027984
0.2329951810515372 0.7223821336571902 0.0035129759355288746
0.2811768697974228 0.7510499614908628 0.0034648657241760756
0.3393221771895326 0.7853218433634251 0.003336406878449831
0.4094915062380423 0.8164492232256795 0.003162090306875924
0.49417133613238334 0.8410762596085577 0.003020478086580137
0.5963623316594643 0.8602027877672718 0.0028794122200198357
0.7196856730011514 0.8837232220863888 0.0026555789285440863
0.868511373751352 0.90035983582652 0.0025081014276492346
1.0481131341546852 0.9114310581355947 0.002403247721058058
1.2648552168552958 0.9271252381652509 0.0021874076373017914
1.5264179671752318 0.936476638750076 0.002071318246348808
1.8420699693267144 0.94258061279434 0.0019915654329809114
2.2229964825261934 0.9525406071533605 0.0018150455256471425
2.6826957952797246 0.9556611594520323 0.001766456922725207
3.2374575428176433 0.9583942702995424 0.0017559037507300062
3.906939937054613 0.9661342180738779 0.0015694139780872847
4.714866363457389 0.9709341095677088 0.0014721560944234038
5.689866029018293 0.9733720142310737 0.0014117641787706797
6.866488450042998 0.9767718109095822 0.0013253583360146011
8.286427728546842 0.9797191455531132 0.001235574814280684
10.0 0.9810533039393889 0.0012127723327050534
