0.001 0.004352775545232973 2.2965807670704913e-06
0.0012067926406393288 0.007246978970772983 3.8067695076470118e-06
0.0014563484775012444 0.011947692370038046 5.9634673103957846e-06
0.0017575106248547913 0.01943928048351871 9.3577606093862e-06
0.0021209508879201904 0.031195263760761337 1.4543145669813525e-05
0.002559547922699536 0.04915304971215964 2.353127440325203e-05
0.0030888435964774815 0.07585153692265083 3.224576039213715e-05
0.003727593720314938 0.1143591989359551 4.5201501116756804e-05
0.004498432668969444 0.16758800353653566 6.140703260540319e-05
0.005428675439323859 0.23820478292788866 7.889668519869716e-05
0.006551285568595509 0.32683486782286747 9.625609112082812e-05
0.0079060432109077 0.4310266121011792 0.00010760406041216841
0.009540954763499945 0.5458329454331634 0.0001138748307377198
0.01151395399326447 0.6617649686230782 0.00011078369237356548
0.013894954943731374 0.7682545679585654 9.628140765425783e-05
0.016768329368110076 0.8560163572368001 7.199795202712531e-05
0.020235896477251564 0.9205735432909058 4.959094910557469e-05
0.02442053094548651 0.9617105747512771 2.8873589917344875e-05
0.029470517025518096 0.9843219411645169 1.43586479249431e-05
0.03556480306223128 0.9946704931547998 5.732343893074351e-06
0.04291934260128776 0.9985556231654904 1.8436853700373263e-06
0.0517947467923121 0.9997022837795112 4.526791661231399e-07
0.0625055192527397 0.9999555326144532 7.880504798046578e-08
0.07543120063354615 0.9999955254894367 9.224549650664088e-09
0.09102981779915217 0.9999997183337226 6.643985831120877e-10
0.10985411419875583 0.999999990013404 2.7103231578725525e-11
0.13257113655901082 0.9999999998221306 5.536453103196499e-13
0.15998587196060574 0.9999999999986132 4.831378139953464e-15
0.19306977288832497 0.9999999999999958 1.46744271630834e-17
0.2329951810515372 1.0 0.0
0.2811768697974228 1.0 0.0
0.3393221771895326 1.0 0.0
0.4094915062380423 1.0 0.0
0.49417133613238334 1.0 0.0
0.5963623316594643 1.0 0.0
0.7196856730011514 1.0 0.0
0.868511373751352 1.0 0.0
1.0481131341546852 1.0 0.0
1.2648552168552958 1.0 0.0
1.5264179671752318 1.0 0.0
1.8420699693267144 1.0 0.0
2.2229964825261934 1.0 0.0
2.6826957952797246 1.0 0.0
3.2374575428176433 1.0 0.0
3.906939937054613 1.0 0.0
4.714866363457389 1.0 0.0
5.689866029018293 1.0 0.0
6.866488450042998 1.0 0.0
8.286427728546842 1.0 0.0
10.0 1.0 0.0
