0.001 0.04875806206646825 2.050604292794057e-05
0.0012067926406393288 0.06768311598365626 2.7717128602651307e-05
0.0014563484775012444 0.0931526184578695 3.707168816554079e-05
0.0017575106248547913 0.12671333451518987 4.836292724127666e-05
0.0021209508879201904 0.17020355625183428 6.176947744095695e-05
0.002559547922699536 0.22519282907616625 7.800176800115409e-05
0.0030888435964774815 0.292459565518486 9.254385222818745e-05
0.003727593720314938 0.3720131973892338 0.00010567513345785784
0.004498432668969444 0.4628829979452919 0.00011884145841868738
0.005428675439323859 0.5610454886246901 0.0001246084354246786
0.006551285568595509 0.6607370370248168 0.00012166204462786983
0.0079060432109077 0.7553435133032673 0.00010721929491865508
0.009540954763499945 0.8382703546907362 9.01353082454534e-05
0.01151395399326447 0.9034721280006297 6.675259425184115e-05
0.013894954943731374 0.9490440434137749 4.2159898290147006e-05
0.016768329368110076 0.9768739013918557 2.3403455099843776e-05
0.020235896477251564 0.9911859032278786 1.0472948035370458e-05
0.02442053094548651 0.9972950454945463 3.8739434963927e-06
0.029470517025518096 0.999353797426362 1.0875544511368382e-06
0.03556480306223128 0.9998859708564399 2.2514812960961175e-07
0.04291934260128776 0.9999859440977329 3.1680120531107077e-08
0.0517947467923121 0.9999988858867975 2.940900956675147e-09
0.0625055192527397 0.9999999469878034 1.5532316415152341e-10
0.07543120063354615 0.9999999986646974 4.414248993946077e-12
0.09102981779915217 0.9999999999841506 5.761234830056148e-14
0.10985411419875583 0.9999999999999243 2.973591777880482e-16
0.13257113655901082 1.0 3.984633588144605e-18
0.15998587196060574 1.0 8.845628357364394e-19
0.19306977288832497 1.0 5.249840747695028e-19
0.2329951810515372 1.0 2.1086055290290614e-18
0.2811768697974228 1.0 0.0
0.3393221771895326 1.0 0.0
0.4094915062380423 1.0 0.0
0.49417133613238334 1.0 0.0
0.5963623316594643 1.0 0.0
0.7196856730011514 1.0 0.0
0.868511373751352 1.0 0.0
1.0481131341546852 1.0 0.0
1.2648552168552958 1.0 0.0
1.5264179671752318 1.0 0.0
1.8420699693267144 1.0 0.0
2.2229964825261934 1.0 0.0
2.6826957952797246 1.0 0.0
3.2374575428176433 1.0 0.0
3.906939937054613 1.0 0.0
4.714866363457389 1.0 0.0
5.689866029018293 1.0 0.0
6.866488450042998 1.0 0.0
8.286427728546842 1.0 0.0
10.0 1.0 0.0
