0.001 0.13354513473277388 2.9088656202587683e-05
0.0012067926406393288 0.15882029702050968 3.404647190110465e-05
0.0014563484775012444 0.18841506497817986 3.984916785192109e-05
0.0017575106248547913 0.2226830522559001 4.5967043272433436e-05
0.0021209508879201904 0.262174054768848 5.2643373041093056e-05
0.002559547922699536 0.3072138858730057 6.053490937811653e-05
0.0030888435964774815 0.3577795402195085 6.668753193262813e-05
0.003727593720314938 0.41380449362916416 7.229628221869172e-05
0.004498432668969444 0.47523004268717406 7.93469924267415e-05
0.005428675439323859 0.5408003944847607 8.38686834096813e-05
0.006551285568595509 0.6089143374240259 8.583189126890227e-05
0.0079060432109077 0.6777697597158991 8.288030070213052e-05
0.009540954763499945 0.7452456696598226 8.058608428720476e-05
0.01151395399326447 0.8080106060444465 7.361156580554048e-05
0.013894954943731374 0.8634121215770898 6.163515158040391e-05
0.016768329368110076 0.9095459881281944 4.944997949497369e-05
0.020235896477251564 0.9448773279607864 3.537217628114367e-05
0.02442053094548651 0.969752496470446 2.3469535883405344e-05
0.029470517025518096 0.9853120772286027 1.352513668552231e-05
0.03556480306223128 0.9938587584285091 6.741877855328213e-06
0.04291934260128776 0.9978514592360797 2.756601846431192e-06
0.0517947467923121 0.9993975324429349 9.251581015647518e-07
0.0625055192527397 0.9998690713873719 2.3022868107952514e-07
0.07543120063354615 0.9999793333079975 4.242080668100511e-08
0.09102981779915217 0.9999977626616288 5.26831372458226e-09
0.10985411419875583 0.9999998467038684 4.086828777517321e-10
0.13257113655901082 0.9999999939967589 1.8567260721893137e-11
0.15998587196060574 0.9999999998784391 4.1461977966729847e-13
0.19306977288832497 0.9999999999988971 4.155772167422934e-15
0.2329951810515372 0.999999999999996 1.5710585533678984e-17
0.2811768697974228 1.0 0.0
0.3393221771895326 1.0 0.0
0.4094915062380423 1.0 0.0
0.49417133613238334 1.0 0.0
0.5963623316594643 1.0 0.0
0.7196856730011514 1.0 0.0
0.868511373751352 1.0 0.0
1.0481131341546852 1.0 0.0
1.2648552168552958 1.0 0.0
1.5264179671752318 1.0 0.0
1.8420699693267144 1.0 0.0
2.2229964825261934 1.0 0.0
2.6826957952797246 1.0 0.0
3.2374575428176433 1.0 0.0
3.906939937054613 1.0 0.0
4.714866363457389 1.0 0.0
5.689866029018293 1.0 0.0
6.866488450042998 1.0 0.0
8.286427728546842 1.0 0.0
10.0 1.0 0.0
