0.001 0.0011421995878957228 1.0507521782329488e-06
0.0012067926406393288 0.0019391239158605058 1.7170083862728161e-06
0.0014563484775012444 0.0032729740965174218 2.864005570350182e-06
0.0017575106248547913 0.005477599538227946 4.695970398957263e-06
0.0021209508879201904 0.009080044292541807 7.543366555996531e-06
0.002559547922699536 0.01489094903337921 1.2112817521942927e-05
0.0030888435964774815 0.02406507488788691 1.89921971532638e-05
0.003727593720314938 0.03837375781053179 2.9498957093310097e-05
0.004498432668969444 0.05984302090164788 4.362720929138266e-05
0.005428675439323859 0.09137850131253618 6.155508121964993e-05
0.006551285568595509 0.13625370154617 8.580886352764483e-05
0.0079060432109077 0.19712139546432655 0.00011423503580547181
0.009540954763499945 0.27558084085836726 0.00014096629671224317
0.01151395399326447 0.37149746944798817 0.00016473822711449038
0.013894954943731374 0.48091850628424593 0.00017677915859399973
0.016768329368110076 0.5979232541202578 0.00018405744671357477
0.020235896477251564 0.7106262852185653 0.00016466010157747336
0.02442053094548651 0.8096955755243338 0.00013506477644548493
0.029470517025518096 0.8877152019309149 9.945289061698882e-05
0.03556480306223128 0.9413079836954972 6.129113479316793e-05
0.04291934260128776 0.9735434309099761 3.3017686242991996e-05
0.0517947467923121 0.9899775722949739 1.4973141079841039e-05
0.0625055192527397 0.9968957357014466 5.411626253529628e-06
0.07543120063354615 0.9992455833684675 1.519976873261251e-06
0.09102981779915217 0.999864019092057 3.225171554011696e-07
0.10985411419875583 0.999982602025501 4.646400523588669e-08
0.13257113655901082 0.9999985405501044 4.332095202422536e-09
0.15998587196060574 0.9999999273743441 2.471071478653278e-10
0.19306977288832497 0.9999999980178703 7.2602967115539515e-12
0.2329951810515372 0.9999999999745484 1.0240406168982452e-13
0.2811768697974228 0.9999999999998669 5.855616964284952e-16
0.3393221771895326 1.0 2.9534227939739508e-18
0.4094915062380423 1.0 0.0
0.49417133613238334 1.0 0.0
0.5963623316594643 1.0 0.0
0.7196856730011514 1.0 0.0
0.868511373751352 1.0 0.0
1.0481131341546852 1.0 0.0
1.2648552168552958 1.0 0.0
1.5264179671752318 1.0 0.0
1.8420699693267144 1.0 0.0
2.2229964825261934 1.0 0.0
2.6826957952797246 1.0 0.0
3.2374575428176433 1.0 0.0
3.906939937054613 1.0 0.0
4.714866363457389 1.0 0.0
5.689866029018293 1.0 0.0
6.866488450042998 1.0 0.0
8.286427728546842 1.0 0.0
10.0 1.0 0.0
