0.001 0.0032028051404428695 1.9678830107295836e-06
0.0012067926406393288 0.005364111484164532 3.263753934362192e-06
0.0014563484775012444 0.00889678852239454 5.200573462270781e-06
0.0017575106248547913 0.014586511189565348 8.220706258019714e-06
0.0021209508879201904 0.0236296318183116 1.32806089201051e-05
0.002559547922699536 0.03762264640472793 1.981266451083107e-05
0.0030888435964774815 0.05880450438654332 2.9768530564755206e-05
0.003727593720314938 0.08988831988249302 4.234261886033586e-05
0.004498432668969444 0.1341084426799534 5.970018716939049e-05
0.005428675439323859 0.19411885268799495 7.764306679771825e-05
0.006551285568595509 0.27197189609458267 9.735339631058458e-05
0.0079060432109077 0.36760047086206155 0.00011652294157898262
0.009540954763499945 0.47683265262175684 0.00012569408007645646
0.01151395399326447 0.5933765072368402 0.00013007444603015095
0.013894954943731374 0.7067430354810791 0.00011952302790807955
0.016768329368110076 0.8066320739610667 9.885648751943088e-05
0.020235896477251564 0.8851316178159788 7.079153490394282e-05
0.02442053094548651 0.9398125576548808 4.541695879681953e-05
0.029470517025518096 0.9727369307143306 2.464334204062713e-05
0.03556480306223128 0.9896008784490952 1.1207392955723892e-05
0.04291934260128776 0.9967564000465059 4.09522961003029e-06
0.0517947467923121 0.9992096361023243 1.1973895037982012e-06
0.0625055192527397 0.9998555534074148 2.534271010785521e-07
0.07543120063354615 0.9999814502675148 3.7795884065627966e-08
0.09102981779915217 0.9999984356630064 3.6648696425231987e-09
0.10985411419875583 0.9999999211349597 2.1355874622496717e-10
0.13257113655901082 0.9999999978510131 6.679825854581416e-12
0.15998587196060574 0.9999999999716889 9.470373497942298e-14
0.19306977288832497 0.9999999999998499 5.640519574905509e-16
0.2329951810515372 1.0 2.9579266819034084e-18
0.2811768697974228 1.0 0.0
0.3393221771895326 1.0 0.0
0.4094915062380423 1.0 0.0
0.49417133613238334 1.0 0.0
0.5963623316594643 1.0 0.0
0.7196856730011514 1.0 0.0
0.868511373751352 1.0 0.0
1.0481131341546852 1.0 0.0
1.2648552168552958 1.0 0.0
1.5264179671752318 1.0 0.0
1.8420699693267144 1.0 0.0
2.2229964825261934 1.0 0.0
2.6826957952797246 1.0 0.0
3.2374575428176433 1.0 0.0
3.906939937054613 1.0 0.0
4.714866363457389 1.0 0.0
5.689866029018293 1.0 0.0
6.866488450042998 1.0 0.0
8.286427728546842 1.0 0.0
10.0 1.0 0.0
