0.001 0.002385115731753038 1.6143805125546452e-06
0.0012067926406393288 0.004011659560429948 2.678966901961152e-06
0.0014563484775012444 0.006697865179840244 4.403662884505714e-06
0.0017575106248547913 0.011056639921419142 7.098598684596002e-06
0.0021209508879201904 0.018042644235868325 1.1240283701313346e-05
0.002559547922699536 0.029029110100506385 1.772559805605881e-05
0.0030888435964774815 0.04584622474401022 2.6413700448703423e-05
0.003727593720314938 0.07092304101325599 3.8352285956532624e-05
0.004498432668969444 0.10741833041414152 5.543363449965464e-05
0.005428675439323859 0.15828036504081708 7.560271033401688e-05
0.006551285568595509 0.22590699367178427 9.804954629529655e-05
0.0079060432109077 0.3114890512900547 0.00011679113486008722
0.009540954763499945 0.4140488966294195 0.00013675847086249955
0.01151395399326447 0.5276669251594602 0.00014647520756515516
0.013894954943731374 0.6437556992011448 0.00013956272571578253
0.016768329368110076 0.7525105855912935 0.00012384247024224498
0.020235896477251564 0.8436155635903573 9.535850287615359e-05
0.02442053094548651 0.911990596155439 6.647923923594502e-05
0.029470517025518096 0.9565856795254707 3.948061806248001e-05
0.03556480306223128 0.981690543923122 1.9999926907655572e-05
0.04291934260128776 0.9935684439833007 8.23812607470151e-06
0.0517947467923121 0.998193711674905 2.772535631413242e-06
0.0625055192527397 0.9996072671767459 6.905308782743681e-07
0.07543120063354615 0.9999380012593063 1.272580117246595e-07
0.09102981779915217 0.999993288000737 1.580488366794937e-08
0.10985411419875583 0.9999995401116798 1.226048337185402e-09
0.13257113655901082 0.9999999819902774 5.570178172052455e-11
0.15998587196060574 0.9999999996353165 1.2438593389893392e-12
0.19306977288832497 0.9999999999966925 1.2467312298866403e-14
0.2329951810515372 0.9999999999999886 4.6579298172084267e-17
0.2811768697974228 1.0 0.0
0.3393221771895326 1.0 0.0
0.4094915062380423 1.0 0.0
0.49417133613238334 1.0 0.0
0.5963623316594643 1.0 0.0
0.7196856730011514 1.0 0.0
0.868511373751352 1.0 0.0
1.0481131341546852 1.0 0.0
1.2648552168552958 1.0 0.0
1.5264179671752318 1.0 0.0
1.8420699693267144 1.0 0.0
2.2229964825261934 1.0 0.0
2.6826957952797246 1.0 0.0
3.2374575428176433 1.0 0.0
3.906939937054613 1.0 0.0
4.714866363457389 1.0 0.0
5.689866029018293 1.0 0.0
6.866488450042998 1.0 0.0
8.286427728546842 1.0 0.0
10.0 1.0 0.0
