0.001 7.446329882448921e-06 1.1738958304376908e-07
0.0012067926406393288 1.0673632187270179e-05 1.6784826269861973e-07
0.0014563484775012444 3.4380590859439e-05 1.3175921115145137e-05
0.0017575106248547913 2.3258138161111536e-05 3.596831188005587e-07
0.0021209508879201904 3.3223538908445304e-05 5.131376176905432e-07
0.002559547922699536 4.915407483305688e-05 7.730494289711357e-07
0.0030888435964774815 9.805335216829548e-05 2.9263441242638806e-05
0.003727593720314938 9.910495694658953e-05 1.535530096781833e-06
0.004498432668969444 0.00023943052128454388 6.550336697916652e-05
0.005428675439323859 0.00021016455865584756 3.3024332608084526e-06
0.006551285568595509 0.0003781935731668753 6.625857900365661e-05
0.0079060432109077 0.0004507987667997659 6.913058734997024e-06
0.009540954763499945 0.0006364096280546969 9.811386109165985e-06
0.01151395399326447 0.001114764105728297 0.000128479406202591
0.013894954943731374 0.0013763054738732776 2.1017517711395494e-05
0.016768329368110076 0.0019341800547505773 2.938422178707274e-05
0.020235896477251564 0.002737271917130007 4.1818329671701666e-05
0.02442053094548651 0.004126617076573011 0.00015260514351361304
0.029470517025518096 0.0054619527461759005 8.28026299684469e-05
0.03556480306223128 0.008235529714801801 0.0001561548556328902
0.04291934260128776 0.01132892174090917 0.00016776299691672846
0.0517947467923121 0.01601917829595153 0.00025052288349356545
0.0625055192527397 0.022349647635934035 0.00031772623108990795
0.07543120063354615 0.03077978514523997 0.00043830600622239485
0.09102981779915217 0.042080904224667315 0.0005646931020269033
0.10985411419875583 0.057063209279639225 0.0007591113249295123
0.13257113655901082 0.07532446793541708 0.0009582176691715956
0.15998587196060574 0.09788229819321266 0.001226771189060407
0.19306977288832497 0.12843502551107086 0.001514675411617392
0.2329951810515372 0.16149911232239672 0.0018277727711476077
0.2811768697974228 0.2060450890499762 0.0021823805737677775
0.3393221771895326 0.2469788757758109 0.002503644528763912
0.4094915062380423 0.30217285555014395 0.002850907954264922
0.49417133613238334 0.3542272745281145 0.0031079166173891485
0.5963623316594643 0.4025504025198387 0.003338372822094242
0.7196856730011514 0.46441511144165076 0.0035173430218398876
0.868511373751352 0.5099858510192544 0.0036427256475190795
1.0481131341546852 0.5610281999596586 0.0037212877280195533
1.2648552168552958 0.6082924043408335 0.0037325652914390493
1.5264179671752318 0.6530522414870237 0.0036838289713299476
1.8420699693267144 0.6925673455910896 0.0036375913180484326
2.2229964825261934 0.7262231583548834 0.003526027355049421
2.6826957952797246 0.7568451876738818 0.003435899973004838
3.2374575428176433 0.7894397680042531 0.0032777014519313453
3.906939937054613 0.8092584402031815 0.003203454566724368
4.714866363457389 0.8358996784765018 0.0030067401043892346
5.689866029018293 0.8553022524972764 0.0028663211209922317
6.866488450042998 0.8745766181490299 0.0026988390162722615
8.286427728546842 0.8932840351044442 0.002515267555769002
10.0 0.9014333480112314 0.002448352304746765
