0.001 6.770739081890917e-06 1.0734322920923066e-07
0.0012067926406393288 9.58258584653039e-06 1.5250668211763886e-07
0.0014563484775012444 1.4039278094092009e-05 2.236815519608369e-07
0.0017575106248547913 1.9724466704430154e-05 3.1959424335311046e-07
0.0021209508879201904 2.937321364814673e-05 4.7044339307966683e-07
0.002559547922699536 4.1923672613368036e-05 6.763305542395847e-07
0.0030888435964774815 6.140390973617673e-05 9.889957007459534e-07
0.003727593720314938 9.029247951267671e-05 1.447479075560498e-06
0.004498432668969444 0.00012937732426318284 2.0530929879337017e-06
0.005428675439323859 0.00018590045274668302 2.945856252985002e-06
0.006551285568595509 0.0002720244751250811 4.334745637459495e-06
0.0079060432109077 0.0004630518760947248 6.550866741379023e-05
0.009540954763499945 0.0005654051464104746 8.980033453766396e-06
0.01151395399326447 0.000809474411604488 1.2836672845376553e-05
0.013894954943731374 0.0012257750905987593 1.919115127391672e-05
0.016768329368110076 0.001723667022502852 2.696862636942113e-05
0.020235896477251564 0.0025622916425721708 0.00010456752716033373
0.02442053094548651 0.003585748619109333 5.5937436429818666e-05
0.029470517025518096 0.005079156217425018 7.812603726035556e-05
0.03556480306223128 0.007151645154514625 0.00010777590029148216
0.04291934260128776 0.01015194734301832 0.00015129842463419222
0.0517947467923121 0.014005290565598981 0.00020850265418648428
0.0625055192527397 0.01937750549530371 0.0002841579066759196
0.07543120063354615 0.027116278903064353 0.00038905650425560346
0.09102981779915217 0.03781828517465316 0.0005304235611546973
0.10985411419875583 0.0504977729730802 0.0006880668764604958
0.13257113655901082 0.06669324640464658 0.0008827439966500667
0.15998587196060574 0.08906472589329878 0.0011400840661622094
0.19306977288832497 0.11881979073736752 0.001435519309860962
0.2329951810515372 0.14988220295501015 0.0017493548525447209
0.2811768697974228 0.18911711884227908 0.002093035769447941
0.3393221771895326 0.23322327457401207 0.0024346865845596304
0.4094915062380423 0.278583071097089 0.0027663881236720455
0.49417133613238334 0.32798804652648705 0.003035708218072403
0.5963623316594643 0.3830963977539302 0.0032885898418558612
0.7196856730011514 0.4314370166056676 0.0034954527557533536
0.868511373751352 0.4894237628122126 0.0036433238568921358
1.0481131341546852 0.5399703050730745 0.0037028600290851988
1.2648552168552958 0.5895328702732086 0.003743296544660419
1.5264179671752318 0.623577816214917 0.0037638489653341943
1.8420699693267144 0.674766824883907 0.0036715297485278514
2.2229964825261934 0.7017432461730835 0.0036308349956376516
2.6826957952797246 0.746271920742051 0.003480424350222722
3.2374575428176433 0.7632240921147886 0.00343683676857697
3.906939937054613 0.7953361690836583 0.0032745745166613905
4.714866363457389 0.8261271323597909 0.003069010885816788
5.689866029018293 0.8422303103113904 0.002981581185443582
6.866488450042998 0.8556349871011398 0.00287172132312197
8.286427728546842 0.8805297348333022 0.0026595272282219306
10.0 0.8980894542888058 0.0024578946934828653
