0.001 0.0010254077590907045 1.3366045685372942e-05
0.0012067926406393288 0.0012346738772145113 1.1546695056625076e-05
0.0014563484775012444 0.0015045776031931937 1.923161383835713e-05
0.0017575106248547913 0.0017845883938302357 1.6791593376683986e-05
0.0021209508879201904 0.002165661616770511 2.0344747282309363e-05
0.002559547922699536 0.0026608776384536856 2.4650273475323095e-05
0.0030888435964774815 0.0031364199962437083 2.964764118250191e-05
0.003727593720314938 0.0038128260905508768 3.6011227883435685e-05
0.004498432668969444 0.004542332856842205 4.261428559436649e-05
0.005428675439323859 0.0054929246139042405 6.528856543228367e-05
0.006551285568595509 0.006564228480952245 6.090266645861135e-05
0.0079060432109077 0.007989654414656058 7.521939228034501e-05
0.009540954763499945 0.009701659719704724 9.094412625152546e-05
0.01151395399326447 0.011591556579014145 0.00010814656093747101
0.013894954943731374 0.013965144595702026 0.00014919003375290187
0.016768329368110076 0.016880929490625463 0.0001750002357640197
0.020235896477251564 0.02029515719701215 0.00018827901995248944
0.02442053094548651 0.024186373463255383 0.00022491244056741164
0.029470517025518096 0.02944565759368377 0.00028127161679510494
0.03556480306223128 0.035296268820504476 0.000338961339066346
0.04291934260128776 0.04198160946741215 0.00038706131133005187
0.0517947467923121 0.05109464556829176 0.0004662095470095861
0.0625055192527397 0.06109242518025822 0.0005525268063696447
0.07543120063354615 0.07320382348009956 0.0006535359538156196
0.09102981779915217 0.08668246289919215 0.0007573909055988688
0.10985411419875583 0.1017553318102551 0.0008916243947096117
0.13257113655901082 0.12079204889805678 0.0010492354831870446
0.15998587196060574 0.14070252620515822 0.001207279676430861
0.19306977288832497 0.1649758117680838 0.0013972537356479625
0.2329951810515372 0.1902521166818823 0.0015861220810846333
0.2811768697974228 0.22282971035402474 0.0017903396587912643
0.3393221771895326 0.2624286149895828 0.0020353350867574373
0.4094915062380423 0.2979606377494497 0.002266217030231065
0.49417133613238334 0.3332822813318487 0.0024670897768934415
0.5963623316594643 0.380857625541772 0.002689653380792883
0.7196856730011514 0.42110978581331066 0.00285816394434776
0.868511373751352 0.46591877678328003 0.0030182335853396313
1.0481131341546852 0.515587834197218 0.0031391907895513844
1.2648552168552958 0.5612549720230838 0.0032177599880146433
1.5264179671752318 0.5983148613373469 0.00327435760049415
1.8420699693267144 0.6376129608841908 0.003264309819528774
2.2229964825261934 0.6760909441754226 0.003252558564377194
2.6826957952797246 0.709940805501902 0.0032108421911514386
3.2374575428176433 0.7406066316276514 0.0031299053010486345
3.906939937054613 0.7727155968660712 0.0030528730601026167
4.714866363457389 0.7918681066526709 0.002974262539173558
5.689866029018293 0.8216835354677502 0.0028132615357148484
6.866488450042998 0.8402704726317466 0.0027086944304060695
8.286427728546842 0.8583887065565646 0.0025711947524352714
10.0 0.8759480439360743 0.002438732670459336
