0.001 0.29769803569047476 0.0012164753216566818
0.0012067926406393288 0.3742438412833602 0.0014956825511583415
0.0014563484775012444 0.4564835380302582 0.0018030028118674118
0.0017575106248547913 0.5432204052863597 0.002106212462937013
0.0021209508879201904 0.627869465755763 0.002384246478468528
0.002559547922699536 0.7023679516781197 0.0026205500108670283
0.0030888435964774815 0.7688433263094864 0.0027459274042864294
0.003727593720314938 0.8226000893803103 0.002766633200161295
0.004498432668969444 0.8531900022425208 0.002761818769676459
0.005428675439323859 0.8840544470259097 0.0025910031639675445
0.006551285568595509 0.8968359208384507 0.0024699737239974448
0.0079060432109077 0.9128688804454002 0.0022521200987146786
0.009540954763499945 0.9235671876975186 0.002062525783031679
0.01151395399326447 0.9353717022943038 0.001832536789738415
0.013894954943731374 0.9460923636615024 0.0016307019965914869
0.016768329368110076 0.9565775887482402 0.0014075263130855897
0.020235896477251564 0.9675951913422935 0.0011969303898788906
0.02442053094548651 0.974060196447984 0.0010280539741631225
0.029470517025518096 0.9816541098175395 0.0008654547259398462
0.03556480306223128 0.9868198100284773 0.0006890276956556262
0.04291934260128776 0.9892315567680152 0.0006442477458041201
0.0517947467923121 0.9927067398113464 0.0005270632723330585
0.0625055192527397 0.9945210911202017 0.000439776466875353
0.07543120063354615 0.9968746735775201 0.0003270984883557046
0.09102981779915217 0.9975529584850641 0.00027391410573610205
0.10985411419875583 0.9987232641890285 0.00017743756710532748
0.13257113655901082 0.9988630388773061 0.00020103347187656702
0.15998587196060574 0.9994034607637406 0.00011922151640293375
0.19306977288832497 0.9997115918155725 7.19381498922463e-05
0.2329951810515372 0.999859470919035 4.5360736229674325e-05
0.2811768697974228 0.9999311908188447 2.235655138163922e-05
0.3393221771895326 0.9999344164320688 3.2006946095940975e-05
0.4094915062380423 0.999891453793061 5.44901108443914e-05
0.49417133613238334 0.9999125753235223 4.332379929868909e-05
0.5963623316594643 0.9999933582886373 4.237867384022286e-06
0.7196856730011514 0.999999901609818 4.8834644032088744e-08
0.868511373751352 0.9999956433070518 4.235412640913208e-06
1.0481131341546852 0.9999991963526561 5.964363844173763e-07
1.2648552168552958 0.9999999824319886 1.747401657138281e-08
1.5264179671752318 0.9999999659942433 3.3822414481489966e-08
1.8420699693267144 0.9999987809196406 9.48139399162422e-07
2.2229964825261934 0.9999945568978905 3.8484694595578525e-06
2.6826957952797246 0.9999999999999969 2.649076699223151e-15
3.2374575428176433 0.9999999999985132 1.304280928341148e-12
3.906939937054613 0.9999999872387638 1.1438478529106954e-08
4.714866363457389 0.9999999998883875 1.1160689978314235e-10
5.689866029018293 1.0 3.14018491736755e-20
6.866488450042998 1.0 4.965068306494546e-20
8.286427728546842 1.0 3.14018491736755e-20
10.0 1.0 2.2204460492503132e-20
