0.001 0.2997140580590274 0.0012000541759746785
0.0012067926406393288 0.37098467697485515 0.0015243811140698937
0.0014563484775012444 0.4545454177895423 0.0018223623349325735
0.0017575106248547913 0.5384813986328774 0.002137462464790275
0.0021209508879201904 0.6293998739771091 0.0023615085237535466
0.002559547922699536 0.7046819490410533 0.002593985061626176
0.0030888435964774815 0.7727799885024759 0.0027173962908030595
0.003727593720314938 0.8190036397852979 0.0027984916912199478
0.004498432668969444 0.8574951870948915 0.0027208001124897577
0.005428675439323859 0.8715512772421543 0.002732327108336008
0.006551285568595509 0.89708603302835 0.002486873267352041
0.0079060432109077 0.9082630727646399 0.0023190250887264556
0.009540954763499945 0.9222845864033785 0.0020988372130513406
0.01151395399326447 0.9376267452788614 0.0018238280467430435
0.013894954943731374 0.9461615469421435 0.0016380805020714904
0.016768329368110076 0.956117367368016 0.0014325143586013432
0.020235896477251564 0.9651239786837758 0.001252692945103952
0.02442053094548651 0.9726592148773904 0.0010714573575044666
0.029470517025518096 0.9793891683478283 0.0009187463409888345
0.03556480306223128 0.986696577076098 0.0007169927069117168
0.04291934260128776 0.9894881937494135 0.0006299726268518439
0.0517947467923121 0.9917422922782505 0.0005441356562752683
0.0625055192527397 0.9954598574445972 0.0003674291885229089
0.07543120063354615 0.9965301666275045 0.00034799222751960584
0.09102981779915217 0.9976660528238562 0.0002611124334803091
0.10985411419875583 0.9979691768275328 0.0002813297463367377
0.13257113655901082 0.9986048543646663 0.0002133528810648354
0.15998587196060574 0.9993612035483153 0.00013324913835944895
0.19306977288832497 0.9993504531840944 0.0001723099918127212
0.2329951810515372 0.9996536892083197 0.00011088224567808497
0.2811768697974228 0.999850360224786 8.906512094751545e-05
0.3393221771895326 0.9999422263039988 3.250150728858464e-05
0.4094915062380423 0.9999795595028583 8.762031705887156e-06
0.49417133613238334 0.9999741947904879 2.237126757140811e-05
0.5963623316594643 0.9999564500949866 3.31302733589852e-05
0.7196856730011514 0.9999889556248978 8.552327030140236e-06
0.868511373751352 0.9999984019460746 8.45955967523465e-07
1.0481131341546852 0.9999934721288247 5.452669218288394e-06
1.2648552168552958 0.9999853392611185 1.465319202281143e-05
1.5264179671752318 0.9999968170794192 2.244859296130816e-06
1.8420699693267144 0.9999998847015988 1.1317936589719155e-07
2.2229964825261934 0.9999999999987572 1.2154803784786125e-12
2.6826957952797246 0.9999999968459564 3.1534133136322e-09
3.2374575428176433 0.9999999983939518 1.6059667377280078e-09
3.906939937054613 0.9999999999994487 3.6911180561151064e-13
4.714866363457389 0.9999999925511572 7.4479306535197455e-09
5.689866029018293 0.9999999999999917 8.323858378913248e-15
6.866488450042998 1.0 2.2204460492503132e-20
8.286427728546842 0.9999999999975667 2.433148652009325e-12
10.0 0.9999999686725094 3.132592414689491e-08
