0.001 0.29692238850466135 0.0012251791869581005
0.0012067926406393288 0.37342060536326244 0.0014933550454557848
0.0014563484775012444 0.45881460978520383 0.0017832522291145792
0.0017575106248547913 0.5453073223004871 0.002088087684987128
0.0021209508879201904 0.6258589103086998 0.0023951536387668416
0.002559547922699536 0.7097794483793839 0.00253753664273243
0.0030888435964774815 0.7694969113270953 0.00274924153170836
0.003727593720314938 0.8214656667521205 0.0027714974515739154
0.004498432668969444 0.8519284744226072 0.0027902472395984006
0.005428675439323859 0.8771811532890686 0.0026705330468125587
0.006551285568595509 0.8994644310549178 0.0024410381794725293
0.0079060432109077 0.9153145600856722 0.002223409634720439
0.009540954763499945 0.9240804418989894 0.002044045602051335
0.01151395399326447 0.9377633685928511 0.001799182374602865
0.013894954943731374 0.9419609954132948 0.0017011184837476513
0.016768329368110076 0.9559611424987128 0.0014188491992783265
0.020235896477251564 0.965037958079704 0.0012620502285151606
0.02442053094548651 0.9752085581185567 0.0009982266669503964
0.029470517025518096 0.9802667219343868 0.0008884744022346581
0.03556480306223128 0.9856355424894009 0.0007458460678834552
0.04291934260128776 0.9887768172105965 0.000657700951451548
0.0517947467923121 0.9926084039152825 0.0005106483377959516
0.0625055192527397 0.9953996301825891 0.0003968285454031295
0.07543120063354615 0.9976871777782648 0.0002446289476182128
0.09102981779915217 0.9979914741547619 0.000219289685366218
0.10985411419875583 0.99832714997937 0.00023449250459718285
0.13257113655901082 0.9990227274625822 0.0001865725937131168
0.15998587196060574 0.9992493283452317 0.00014932188469960663
0.19306977288832497 0.9996500309263437 0.00011081625775403527
0.2329951810515372 0.9997864077076655 6.823856012101277e-05
0.2811768697974228 0.9998675145944448 6.904396406874656e-05
0.3393221771895326 0.9999299594401425 3.265082618701051e-05
0.4094915062380423 0.9999404384096784 3.5787401743212815e-05
0.49417133613238334 0.9999399753405829 3.867299983327665e-05
0.5963623316594643 0.9999634280997644 2.8144480009325575e-05
0.7196856730011514 0.9999975136096134 1.4327973036012745e-06
0.868511373751352 0.9999966177621805 3.0168868849607655e-06
1.0481131341546852 0.9999977100163907 2.1446048951385096e-06
1.2648552168552958 0.9999999092262853 5.3711669585084966e-08
1.5264179671752318 0.9999942517761752 3.9080680416765366e-06
1.8420699693267144 0.9999999966645798 2.6193613964570183e-09
2.2229964825261934 0.9999999999999535 3.3004972434263756e-14
2.6826957952797246 0.9999999787971032 2.119918931151689e-08
3.2374575428176433 0.9999999999839607 1.3995284550521234e-11
3.906939937054613 0.9999999999991134 5.958823484514676e-13
4.714866363457389 0.9999999999999132 8.678474746811714e-14
5.689866029018293 1.0 1.5769857335148087e-18
6.866488450042998 0.9999999999997166 2.833857328327572e-13
8.286427728546842 1.0 0.0
10.0 1.0 3.14018491736755e-20
