0.001 0.3489182398096015 0.0011741936317393007
0.0012067926406393288 0.4013926389013809 0.0013361727464143323
0.0014563484775012444 0.45644733523724107 0.0015307698897336058
0.0017575106248547913 0.5189734811865864 0.0016742389082048201
0.0021209508879201904 0.5800124683523507 0.0018634860477806272
0.002559547922699536 0.6390642663681542 0.0020313918821075532
0.0030888435964774815 0.7008063320405429 0.0021245124137699496
0.003727593720314938 0.7553024787923877 0.0022199421797192104
0.004498432668969444 0.8003001542925212 0.002275615396115958
0.005428675439323859 0.84415062220883 0.0022217678953723157
0.006551285568595509 0.8742276015229059 0.002186182530161134
0.0079060432109077 0.8997627641772243 0.0020563425231088462
0.009540954763499945 0.9158575282589898 0.0019166589122533496
0.01151395399326447 0.9254217114165749 0.0018220023997996746
0.013894954943731374 0.9435517585994833 0.001552170922687192
0.016768329368110076 0.9486991235556618 0.0014385616473313128
0.020235896477251564 0.9581371838170215 0.0012621791627350437
0.02442053094548651 0.9651683484579978 0.0011062355534239338
0.029470517025518096 0.9721578588725645 0.0009691831999005327
0.03556480306223128 0.9790371484219992 0.0008125759961924524
0.04291934260128776 0.9835136860575813 0.0006846272680856573
0.0517947467923121 0.9873994781154697 0.0006047180872871751
0.0625055192527397 0.9915930949316014 0.00046645962702509717
0.07543120063354615 0.9932038848512819 0.00042635696151164707
0.09102981779915217 0.9961946172099806 0.0002969264007104852
0.10985411419875583 0.9969467979986082 0.0002646700638167218
0.13257113655901082 0.9976538071566642 0.00025125326668611617
0.15998587196060574 0.9986234654858743 0.00015883519110178432
0.19306977288832497 0.9988830781549752 0.00016813375982204767
0.2329951810515372 0.9992344170455167 0.00012590815327854203
0.2811768697974228 0.9995739086924159 9.853184477060823e-05
0.3393221771895326 0.99966118303005 9.459477820266016e-05
0.4094915062380423 0.9998246217908708 7.743073645352504e-05
0.49417133613238334 0.9998756089507941 4.5884789544622745e-05
0.5963623316594643 0.9999062851079996 3.6793022782583225e-05
0.7196856730011514 0.9999547751051346 2.65599449694902e-05
0.868511373751352 0.9999589904044056 2.503572289986272e-05
1.0481131341546852 0.9999943593343754 3.305205432290163e-06
1.2648552168552958 0.9999882963161486 8.823047807020143e-06
1.5264179671752318 0.9999967301919532 2.4165126183987606e-06
1.8420699693267144 0.9999886050183684 6.786075045063299e-06
2.2229964825261934 0.9999997344317617 2.2923803573165486e-07
2.6826957952797246 0.999999937082698 4.335544635824392e-08
3.2374575428176433 0.9999999124160901 8.186587589824708e-08
3.906939937054613 0.9999999999876562 9.5590987051049e-12
4.714866363457389 0.9999999999332094 6.67816174422318e-11
5.689866029018293 0.999999999625974 3.740060914649259e-10
6.866488450042998 0.9999999661000099 3.389819360715459e-08
8.286427728546842 0.9999999999007394 9.924186389434094e-11
10.0 0.9999940905948644 5.909109657988709e-06
