0.001 0.34968986773728467 0.0011668435318283477
0.0012067926406393288 0.39875205342103165 0.0013686960258796291
0.0014563484775012444 0.4565196139642737 0.0015322328880558725
0.0017575106248547913 0.5147801814336579 0.0017151820312239704
0.0021209508879201904 0.5814626835053128 0.0018395765729983405
0.002559547922699536 0.6415337194696523 0.0020008316087566
0.0030888435964774815 0.7031127706412763 0.0021145058196175965
0.003727593720314938 0.7550209381855939 0.0022193723161294306
0.004498432668969444 0.8047536852107595 0.0022261068036497347
0.005428675439323859 0.8362062350287506 0.0023158460756828696
0.006551285568595509 0.8745383690110915 0.0021810206555461565
0.0079060432109077 0.8963107776386791 0.0021006528906775943
0.009540954763499945 0.9155355137281854 0.0019536900001785123
0.01151395399326447 0.9322730653717121 0.0017411539603192398
0.013894954943731374 0.9407087151520005 0.001600736177438681
0.016768329368110076 0.9491345819738081 0.001431873849154969
0.020235896477251564 0.9577950270889194 0.0012729336579319185
0.02442053094548651 0.9648531991274811 0.0011144420148887315
0.029470517025518096 0.9721277455802844 0.0009704473055315315
0.03556480306223128 0.9804149796640322 0.0007784893565015571
0.04291934260128776 0.9835926594663759 0.0006929324860264303
0.0517947467923121 0.9868771497255874 0.0006097211775144669
0.0625055192527397 0.9918120138921229 0.00044228591678751407
0.07543120063354615 0.9936351340313159 0.00039774572288203377
0.09102981779915217 0.9954993828513119 0.00031839062177485225
0.10985411419875583 0.9964775956992735 0.0003135838288808701
0.13257113655901082 0.9973573883735047 0.0002495271821530942
0.15998587196060574 0.9986359037557082 0.0001670402107936748
0.19306977288832497 0.9987613724802151 0.0001856724959715779
0.2329951810515372 0.999338465201697 0.00012674235886422732
0.2811768697974228 0.9996422153128766 9.113055046650327e-05
0.3393221771895326 0.9998286420242177 4.831852359693599e-05
0.4094915062380423 0.9999026779587763 2.7120446515626155e-05
0.49417133613238334 0.9999346651032145 3.2475731668925835e-05
0.5963623316594643 0.9999075071578658 4.3001354591470184e-05
0.7196856730011514 0.9999569391570263 2.0230684011043215e-05
0.868511373751352 0.9999827405429391 7.390427009361915e-06
1.0481131341546852 0.9999751444850804 1.540928132407564e-05
1.2648552168552958 0.9999750436525288 2.4129957990941318e-05
1.5264179671752318 0.9999820430204803 1.0557887620414031e-05
1.8420699693267144 0.9999977559547045 1.9729966515802563e-06
2.2229964825261934 0.9999999922694689 6.4359631307309976e-09
2.6826957952797246 0.9999996713162711 3.245796240262528e-07
3.2374575428176433 0.9999997682331716 2.3154338159285597e-07
3.906939937054613 0.9999999930670398 4.286185831778377e-09
4.714866363457389 0.9999994963260674 4.990974418139699e-07
5.689866029018293 0.9999999994732396 5.267338836608206e-10
6.866488450042998 0.9999999999999992 5.477774927177543e-16
8.286427728546842 0.9999999909936756 9.005874183931123e-09
10.0 0.9999989746038369 1.0253448883054243e-06
