0.001 0.34708833624873603 0.0011890719895573517
0.0012067926406393288 0.4012804760223466 0.0013348107007843729
0.0014563484775012444 0.4601066230632432 0.0014981072154341246
0.0017575106248547913 0.5204112332593077 0.0016668942857156527
0.0021209508879201904 0.5789541537323643 0.0018622249035138748
0.002559547922699536 0.645818399915389 0.001950071416842415
0.0030888435964774815 0.7009408220564768 0.0021345378367261876
0.003727593720314938 0.7569350895897473 0.0021962644163233598
0.004498432668969444 0.8005467852921864 0.0022809081034720667
0.005428675439323859 0.8409598623606347 0.0022602822644031463
0.006551285568595509 0.8765790268960384 0.002147130469651217
0.0079060432109077 0.9025392166874373 0.0020168875191121324
0.009540954763499945 0.9164154696704041 0.0019109759285293223
0.01151395399326447 0.9320414907354194 0.001727284865714212
0.013894954943731374 0.9361367229599479 0.0016572946188532726
0.016768329368110076 0.9486522252965877 0.0014269069898039841
0.020235896477251564 0.9576564648898104 0.001277656063291493
0.02442053094548651 0.9674334305740909 0.0010548443009543264
0.029470517025518096 0.9728473998728837 0.0009433591804504276
0.03556480306223128 0.9788103335145095 0.0008075315940475079
0.04291934260128776 0.9830300894616204 0.0007153943654852344
0.0517947467923121 0.9879741477285419 0.0005754089532728734
0.0625055192527397 0.9918854237450921 0.0004541100629670303
0.07543120063354615 0.995059416504531 0.000316467967538847
0.09102981779915217 0.9957260813643474 0.0002893656872827633
0.10985411419875583 0.9967912117571559 0.00027806339016583155
0.13257113655901082 0.9980049563370105 0.00021369691913576138
0.15998587196060574 0.9985151284538745 0.0001821527235835355
0.19306977288832497 0.999211606624873 0.0001270228210103271
0.2329951810515372 0.9994663413007653 9.414919395113717e-05
0.2811768697974228 0.9996579471063683 7.830106604729442e-05
0.3393221771895326 0.9997965804316779 5.2648024420406454e-05
0.4094915062380423 0.9998535655777417 4.9673611043917976e-05
0.49417133613238334 0.9998614778413776 5.0399950526397755e-05
0.5963623316594643 0.9999186744043669 3.894514780529139e-05
0.7196856730011514 0.9999738460517182 9.255116503064291e-06
0.868511373751352 0.9999827205660474 1.0970981161583229e-05
1.0481131341546852 0.9999876712581834 8.987385985735455e-06
1.2648552168552958 0.9999963680979188 1.7448953210691447e-06
1.5264179671752318 0.9999753884839822 1.4306912309399694e-05
1.8420699693267144 0.9999995274913641 3.3369009163028434e-07
2.2229964825261934 0.9999999982277843 1.2473071770087374e-09
2.6826957952797246 0.9999991456214073 8.430209103462728e-07
3.2374575428176433 0.9999999697193925 2.31219291330307e-08
3.906939937054613 0.9999999912736983 5.435267588080973e-09
4.714866363457389 0.9999999982991065 1.7007981123096794e-09
5.689866029018293 0.9999999999928401 7.159089291882142e-12
6.866488450042998 0.9999999969150629 3.0734401217665925e-09
8.286427728546842 1.0 3.0642155479654324e-18
10.0 0.9999999999999991 6.602365076385482e-16
