0.001 0.05358120875377341 0.00024958397681496274
0.0012067926406393288 0.08189982123220461 0.00037420839945441074
0.0014563484775012444 0.12107778891094378 0.0005445444522652304
0.0017575106248547913 0.17448125335587947 0.0007758471041289748
0.0021209508879201904 0.24293901860282313 0.0010595401416676777
0.002559547922699536 0.3242336619531713 0.001404565292054547
0.0030888435964774815 0.41927103087495204 0.001766436585896957
0.003727593720314938 0.5223324750499482 0.002121318937165024
0.004498432668969444 0.6134048797808624 0.0025017898823734503
0.005428675439323859 0.7054192779285557 0.0027048810557476722
0.006551285568595509 0.7687175512658038 0.002924652741633985
0.0079060432109077 0.8214282543002439 0.0029498550204767084
0.009540954763499945 0.8536791739839887 0.0029307855093934063
0.01151395399326447 0.8743465967494338 0.0028142739775764997
0.013894954943731374 0.8913432040572846 0.0026497381150924707
0.016768329368110076 0.9039601149083152 0.0024479617275678035
0.020235896477251564 0.921759319760178 0.0021669326642260543
0.02442053094548651 0.9297916471503805 0.0019818548154873204
0.029470517025518096 0.9464884679580493 0.0016961524846583992
0.03556480306223128 0.9552632074766485 0.0014794645925328659
0.04291934260128776 0.9637214306072633 0.0013357628603907106
0.0517947467923121 0.9737851608997004 0.0011135797500985767
0.0625055192527397 0.9790707755592113 0.0009820301727201958
0.07543120063354615 0.9862451571699671 0.0007556019116178682
0.09102981779915217 0.9892116933640429 0.0006767957116288697
0.10985411419875583 0.9931978742680659 0.0005052424553882645
0.13257113655901082 0.9947704762461504 0.00045940397116979106
0.15998587196060574 0.9967455536419835 0.0003492637155668037
0.19306977288832497 0.9981789291926514 0.0002488432064282872
0.2329951810515372 0.9988472359221808 0.00017738120378057477
0.2811768697974228 0.999332460537129 0.00012940373395420372
0.3393221771895326 0.9994754486825937 0.00012055527677006749
0.4094915062380423 0.9994920374036322 0.0001456026142583188
0.49417133613238334 0.9995961427510945 0.00013358363635225482
0.5963623316594643 0.9998760639473298 4.199936270228824e-05
0.7196856730011514 0.9999853722804637 5.39967022167127e-06
0.868511373751352 0.9999521651205611 3.3330214566556e-05
1.0481131341546852 0.9999719178962901 1.5142943016748299e-05
1.2648552168552958 0.9999974547839962 2.283964038826511e-06
1.5264179671752318 0.9999964610587125 3.171301117575868e-06
1.8420699693267144 0.9999742215653059 1.8499310648352084e-05
2.2229964825261934 0.9999465049040186 3.781807147721508e-05
2.6826957952797246 0.9999999987177253 9.665658042289547e-10
3.2374575428176433 0.999999972457644 2.1117173168385136e-08
3.906939937054613 0.9999975101728754 1.9490100895689e-06
4.714866363457389 0.9999998170882325 1.8290208126711166e-07
5.689866029018293 0.9999999999995108 4.854305769921534e-13
6.866488450042998 0.9999999999971063 2.893390188100493e-12
8.286427728546842 1.0 4.113072894017012e-18
10.0 1.0 9.992007221626409e-20
