0.001 0.05386782643243259 0.0002499547668539769
0.0012067926406393288 0.0816428348928512 0.0003722393277802366
0.0014563484775012444 0.12049489709301306 0.0005507499461716971
0.0017575106248547913 0.17428598675314075 0.0007693369287197019
0.0021209508879201904 0.24296943038453084 0.00106682333174248
0.002559547922699536 0.3238557072947636 0.001411659986133694
0.0030888435964774815 0.4197039826607028 0.001766933938314229
0.003727593720314938 0.5199806118098942 0.0021487081411967384
0.004498432668969444 0.6123950725844692 0.002506092888233946
0.005428675439323859 0.702401516640869 0.002737023671541662
0.006551285568595509 0.7697189835354246 0.0029199456996311813
0.0079060432109077 0.8216585507341022 0.00295617502448328
0.009540954763499945 0.8515311406619674 0.0029357349840531395
0.01151395399326447 0.8690624499740769 0.00289324682082401
0.013894954943731374 0.8968740783173073 0.002580002899018402
0.016768329368110076 0.9033910893722792 0.002471811953989636
0.020235896477251564 0.9180666017153352 0.0022169285688214573
0.02442053094548651 0.9292059085746539 0.002013993541037035
0.029470517025518096 0.9420110537491985 0.0017810112609542273
0.03556480306223128 0.9549236405012247 0.0015307063656468539
0.04291934260128776 0.9632060360764504 0.00132714853521551
0.0517947467923121 0.9718897451775931 0.0011594710620149427
0.0625055192527397 0.9805541995944408 0.0009264856667622522
0.07543120063354615 0.9843924455523676 0.0008364151779521983
0.09102981779915217 0.9909120759782442 0.0006044273707618745
0.10985411419875583 0.9926518156380849 0.0005226263795778204
0.13257113655901082 0.9945790138149321 0.00048655644854034654
0.15998587196060574 0.9965551228388263 0.00035291635880283797
0.19306977288832497 0.9973854329879549 0.00033803712109130605
0.2329951810515372 0.9981270780655425 0.00027219895949478085
0.2811768697974228 0.9989761458504625 0.00020272241771700155
0.3393221771895326 0.9992091627060876 0.0001790701019324923
0.4094915062380423 0.9996187374663136 0.00012994483612033633
0.49417133613238334 0.9996847685682242 0.00010719343882365806
0.5963623316594643 0.9997567681351626 9.017881151277444e-05
0.7196856730011514 0.9998838910917315 6.319368839796052e-05
0.868511373751352 0.9998944397029543 6.0404106992753544e-05
1.0481131341546852 0.9999834026256289 9.628136988910162e-06
1.2648552168552958 0.9999671585505726 2.4286114920458604e-05
1.5264179671752318 0.9999903645206959 7.092774374766936e-06
1.8420699693267144 0.9999671765918416 1.947186088329203e-05
2.2229964825261934 0.9999992048708322 6.861885594206402e-07
2.6826957952797246 0.999999811304491 1.3002653091030588e-07
3.2374575428176433 0.9999997374492996 2.453980264305931e-07
3.906939937054613 0.9999999999629685 2.8677293682526733e-11
4.714866363457389 0.9999999997996283 2.003447185293072e-10
5.689866029018293 0.9999999988779258 1.122014077772853e-09
6.866488450042998 0.9999998983345016 1.0166011036738135e-07
8.286427728546842 0.9999999997022183 2.977252962008407e-10
10.0 0.9999832987803904 1.6700384527811308e-05
