0.001 0.06831699905988392 0.0010327221284304258
0.0012067926406393288 0.09086188861199306 0.0013142863747625216
0.0014563484775012444 0.11584421908954202 0.0015957970666435498
0.0017575106248547913 0.14208627959078443 0.0018938711822129224
0.0021209508879201904 0.17947901429852606 0.00223841702881184
0.002559547922699536 0.2171498067810645 0.002554087159581852
0.0030888435964774815 0.263912855579278 0.0028547677497975303
0.003727593720314938 0.3063262221950731 0.0030807926443012635
0.004498432668969444 0.3526003224156044 0.0032704476794357495
0.005428675439323859 0.41154910499600167 0.0034631809469370277
0.006551285568595509 0.4590741272512702 0.0035429692106155597
0.0079060432109077 0.5102281291561299 0.003622671239596154
0.009540954763499945 0.5597098666903123 0.0036360436564096994
0.01151395399326447 0.6075773866280264 0.003642286666730628
0.013894954943731374 0.6510023546246066 0.0035828069834756443
0.016768329368110076 0.6927129889162932 0.0034921344053659175
0.020235896477251564 0.7294541730095238 0.0033931532605016345
0.02442053094548651 0.7657469565058413 0.0032803998277485856
0.029470517025518096 0.800172742861992 0.0031285587567169777
0.03556480306223128 0.8299716684585795 0.0029581178903506904
0.04291934260128776 0.8528229235321639 0.0027890247435944805
0.0517947467923121 0.869303902805091 0.002681587136227858
0.0625055192527397 0.8869950661434263 0.002563269288829816
0.07543120063354615 0.9059134757017707 0.0023293266153954855
0.09102981779915217 0.9217218622786111 0.002165302431347843
0.10985411419875583 0.9286449383784744 0.0020836560732830915
0.13257113655901082 0.9382965369100921 0.0019586846956841713
0.15998587196060574 0.9478241704867989 0.0018237009655873884
0.19306977288832497 0.9564952226501511 0.0016710771141691015
0.2329951810515372 0.9630386899959682 0.0015524459579276187
0.2811768697974228 0.9684334746676398 0.0014392324326823961
0.3393221771895326 0.9701904333119253 0.0014179033768581045
0.4094915062380423 0.9753372552058951 0.0013092131455736708
0.49417133613238334 0.9786944360009602 0.001218778834048405
0.5963623316594643 0.9809089678782897 0.0011639905837185637
0.7196856730011514 0.9824398658370024 0.001135666298470252
0.868511373751352 0.9883847879692872 0.0008971016196674034
1.0481131341546852 0.9866535676240564 0.0009912302142744622
1.2648552168552958 0.9898438456527278 0.0008765344759746531
1.5264179671752318 0.9882398481381475 0.0009508918903260508
1.8420699693267144 0.990699945431291 0.0008492409871817346
2.2229964825261934 0.9910855391599823 0.0008413104925458283
2.6826957952797246 0.9921843722854866 0.0008143917097252981
3.2374575428176433 0.9937946317293023 0.0006977542610996201
3.906939937054613 0.9932082308097706 0.0007586291010712198
4.714866363457389 0.9945563350356776 0.0006837144520598364
5.689866029018293 0.9953542501055621 0.0006384540386288825
6.866488450042998 0.9942674746395361 0.0007224091820621019
8.286427728546842 0.9962293189443157 0.0005970021391586132
10.0 0.9955236524283871 0.000657352871125777
