0.001 0.12377535315521077 0.0011562845077516737
0.0012067926406393288 0.14462247496945282 0.0013381949960382356
0.0014563484775012444 0.16605944042712303 0.0014876395140073196
0.0017575106248547913 0.19518493796162623 0.0017304564552525965
0.0021209508879201904 0.2270577738755228 0.0019430958163505663
0.002559547922699536 0.2640117062468041 0.002180444789228189
0.0030888435964774815 0.2972145529497408 0.0023727628308364344
0.003727593720314938 0.3375767251542758 0.0025640282358636956
0.004498432668969444 0.3783117944941946 0.0027229363151105327
0.005428675439323859 0.41824068723440117 0.002871188377770038
0.006551285568595509 0.4603383434864665 0.0029932471369050915
0.0079060432109077 0.5022798119764866 0.003057935845474712
0.009540954763499945 0.5496926974898682 0.0031114566890441493
0.01151395399326447 0.5936470070594964 0.0031624039619550987
0.013894954943731374 0.6298505295525252 0.003136983668306837
0.016768329368110076 0.67874428181253 0.0031036990885546477
0.020235896477251564 0.7153388803276928 0.0030219662009186867
0.02442053094548651 0.7487547170331609 0.002952248995926505
0.029470517025518096 0.7760249811572663 0.0029001769295870254
0.03556480306223128 0.8066039431487381 0.0027654868602499092
0.04291934260128776 0.8318528734197628 0.0026575978249638436
0.0517947467923121 0.853560156062317 0.0025189450596555378
0.0625055192527397 0.8767427244623542 0.002354440747337442
0.07543120063354615 0.8940467376048064 0.0022093828695389423
0.09102981779915217 0.9080218993479464 0.0021098469105976566
0.10985411419875583 0.9200160405994722 0.0019968837864299768
0.13257113655901082 0.9319076822467445 0.0018563643365997016
0.15998587196060574 0.9442201659582091 0.0017087048444876783
0.19306977288832497 0.9507824774595325 0.0016047634979199997
0.2329951810515372 0.9574189983468882 0.0015031408774852698
0.2811768697974228 0.9645967938067109 0.0013854122512790236
0.3393221771895326 0.9706757622443037 0.0012857913353142645
0.4094915062380423 0.9718727064579049 0.001293203915088829
0.49417133613238334 0.9756563039305635 0.0011902810629416962
0.5963623316594643 0.9797371889994323 0.0010832419926011143
0.7196856730011514 0.9802794244854024 0.0010970043196130463
0.868511373751352 0.9833432443998122 0.0010110816770859956
1.0481131341546852 0.9852635251487878 0.0009871726339575962
1.2648552168552958 0.9862408669073902 0.0009373304525076731
1.5264179671752318 0.9889427380126897 0.0008572124831108974
1.8420699693267144 0.9904848369578394 0.0007974026997738557
2.2229964825261934 0.9911326728773986 0.0007982098077638217
2.6826957952797246 0.9914534941259908 0.0008060818561315035
3.2374575428176433 0.9919595762100416 0.0007756832441256174
3.906939937054613 0.9937526096579581 0.0006866850468663924
4.714866363457389 0.9935867068094604 0.0007030814578513401
5.689866029018293 0.9942466937138179 0.0006732592066081487
6.866488450042998 0.9944426534344835 0.0006871721593745793
8.286427728546842 0.9957190913389544 0.000609361538217325
10.0 0.9956354481414248 0.0006117805704830335
