0.001 0.005676039835562153 2.0158357570758083e-05
0.0012067926406393288 0.00810462695604868 2.7600189249081467e-05
0.0014563484775012444 0.011584583016744336 3.957623928069688e-05
0.0017575106248547913 0.016433714465884448 5.480718532122024e-05
0.0021209508879201904 0.023312913264116837 7.573478923508579e-05
0.002559547922699536 0.032727743106259484 0.00010434626540028311
0.0030888435964774815 0.04614564502514488 0.00014420967649959087
0.003727593720314938 0.06419758292781284 0.0001959461314584908
0.004498432668969444 0.08766813069157037 0.00024766665016348296
0.005428675439323859 0.11976572372420682 0.00032317743231664024
0.006551285568595509 0.16079531489629514 0.0004096630551224753
0.0079060432109077 0.2131010937551479 0.0005070771650492299
0.009540954763499945 0.27580029451099847 0.0005719484730341109
0.01151395399326447 0.35336886844150656 0.0006687277239244029
0.013894954943731374 0.4392835660098954 0.0007077585766563045
0.016768329368110076 0.5347106227852015 0.0007213604383320823
0.020235896477251564 0.6332452111491149 0.000689967078827172
0.02442053094548651 0.728711761096261 0.000605843332462054
0.029470517025518096 0.8127153710309558 0.0004682913961422334
0.03556480306223128 0.8827556084867633 0.0003354505226530554
0.04291934260128776 0.9346711376911367 0.00021472673265649693
0.0517947467923121 0.9677843285055877 0.00011445866184053798
0.0625055192527397 0.9865567749621794 5.275403514988701e-05
0.07543120063354615 0.9953525035645718 1.944723505016861e-05
0.09102981779915217 0.998715874508128 5.750016476725056e-06
0.10985411419875583 0.9997317618082747 1.2902373164752458e-06
0.13257113655901082 0.9999592471006122 2.093286209458293e-07
0.15998587196060574 0.9999957387106279 2.2740986685514935e-08
0.19306977288832497 0.9999997274601455 1.5611885719312164e-09
0.2329951810515372 0.9999999899516293 6.158599621620584e-11
0.2811768697974228 0.999999999811399 1.2218562054880516e-12
0.3393221771895326 0.999999999998444 1.0785530729320654e-14
0.4094915062380423 0.9999999999999952 3.569105775505621e-17
0.49417133613238334 1.0 1.8972798734337085e-18
0.5963623316594643 1.0 1.0539519733670683e-18
0.7196856730011514 1.0 1.1776740121916978e-18
0.868511373751352 1.0 1.711472801039727e-18
1.0481131341546852 1.0 0.0
1.2648552168552958 1.0 0.0
1.5264179671752318 1.0 0.0
1.8420699693267144 1.0 0.0
2.2229964825261934 1.0 0.0
2.6826957952797246 1.0 0.0
3.2374575428176433 1.0 0.0
3.906939937054613 1.0 0.0
4.714866363457389 1.0 0.0
5.689866029018293 1.0 0.0
6.866488450042998 1.0 0.0
8.286427728546842 1.0 0.0
10.0 1.0 0.0
