0.001 0.005672846232878722 1.992783390949988e-05
0.0012067926406393288 0.008170974627873494 2.893709250621871e-05
0.0014563484775012444 0.011623407761321158 4.0250802390793615e-05
0.0017575106248547913 0.01649059668949664 5.5323013444053195e-05
0.0021209508879201904 0.023462543011381398 7.898757182782335e-05
0.002559547922699536 0.032946648977709866 0.00010650317728565914
0.0030888435964774815 0.04619334541494294 0.0001460177436342607
0.003727593720314938 0.06424886956983494 0.0001955077794383829
0.004498432668969444 0.08829423313968658 0.00025351354356037544
0.005428675439323859 0.11963525666427605 0.000323642938343853
0.006551285568595509 0.1605265791709096 0.00040227454795553055
0.0079060432109077 0.2135569140282673 0.0005025775539742006
0.009540954763499945 0.27664488954874866 0.0005902388743492083
0.01151395399326447 0.35285416290025734 0.0006644873317909936
0.013894954943731374 0.43894959330420724 0.0007052072632628574
0.016768329368110076 0.5366665891242969 0.0007420643830799043
0.020235896477251564 0.6325491139597648 0.0006844752709061713
0.02442053094548651 0.7284618273897815 0.0006057127132120202
0.029470517025518096 0.8143132690843866 0.0004889222564946908
0.03556480306223128 0.8833246838439766 0.00034053308269205965
0.04291934260128776 0.9344267443573746 0.00021273444258086582
0.0517947467923121 0.9679672204631301 0.00011567462326273322
0.0625055192527397 0.9866463211732865 5.296948361014737e-05
0.07543120063354615 0.9953630848972125 1.9413081165199736e-05
0.09102981779915217 0.998727953735625 5.784927316469184e-06
0.10985411419875583 0.9997325642362366 1.2846985220982337e-06
0.13257113655901082 0.9999587840309269 2.0551876965387546e-07
0.15998587196060574 0.9999957861831601 2.246551129086937e-08
0.19306977288832497 0.9999997299473317 1.5588173225706931e-09
0.2329951810515372 0.9999999900580636 6.053817763686034e-11
0.2811768697974228 0.999999999815043 1.213920795393247e-12
0.3393221771895326 0.9999999999984577 1.0628918937031187e-14
0.4094915062380423 0.9999999999999951 3.5905745479142894e-17
0.49417133613238334 1.0 1.1197302359209766e-18
0.5963623316594643 1.0 1.8323725679694434e-18
0.7196856730011514 1.0 9.394350098415573e-19
0.868511373751352 1.0 1.8103104769976725e-18
1.0481131341546852 1.0 0.0
1.2648552168552958 1.0 0.0
1.5264179671752318 1.0 0.0
1.8420699693267144 1.0 0.0
2.2229964825261934 1.0 0.0
2.6826957952797246 1.0 0.0
3.2374575428176433 1.0 0.0
3.906939937054613 1.0 0.0
4.714866363457389 1.0 0.0
5.689866029018293 1.0 0.0
6.866488450042998 1.0 0.0
8.286427728546842 1.0 0.0
10.0 1.0 0.0
