0.001 0.005707107082617961 2.0523391044813165e-05
0.0012067926406393288 0.008203434870838085 2.9190523548918215e-05
0.0014563484775012444 0.011652713935151986 4.0390821512114274e-05
0.0017575106248547913 0.016586356818735548 5.761411569716685e-05
0.0021209508879201904 0.02359944863371263 7.949227017173403e-05
0.002559547922699536 0.03301333566619728 0.0001066428939097235
0.0030888435964774815 0.046402271711927345 0.00014934658499475388
0.003727593720314938 0.06398594950962602 0.00019445770304511386
0.004498432668969444 0.08844098265578383 0.0002596506197185555
0.005428675439323859 0.12024353229586045 0.00033777852734679856
0.006551285568595509 0.16081761495762456 0.00040770193973971807
0.0079060432109077 0.2136422462283986 0.0005067702152453745
0.009540954763499945 0.27787953081218536 0.0006015274526882799
0.01151395399326447 0.3535470428086397 0.0006700385568330941
0.013894954943731374 0.44060824778380603 0.0007167410183729164
0.016768329368110076 0.5361382075977719 0.0007356655871667486
0.020235896477251564 0.6339381871827318 0.0006982420404827254
0.02442053094548651 0.7289671306975652 0.0006078126784228636
0.029470517025518096 0.8133161540001616 0.0004723941466863553
0.03556480306223128 0.8833292668802923 0.0003390995511586765
0.04291934260128776 0.9348443527771693 0.00021417721817369205
0.0517947467923121 0.9682467074884725 0.00011608467218239325
0.0625055192527397 0.9866528269897495 5.188392197042393e-05
0.07543120063354615 0.9954078621091791 1.9421176676676946e-05
0.09102981779915217 0.9987395133627797 5.743528640062695e-06
0.10985411419875583 0.9997345988425393 1.2669417647091734e-06
0.13257113655901082 0.999959904757006 2.051877365259987e-07
0.15998587196060574 0.999995864603042 2.2181874840364137e-08
0.19306977288832497 0.9999997337409241 1.5230795842066868e-09
0.2329951810515372 0.9999999902487172 5.943602356889435e-11
0.2811768697974228 0.9999999998178019 1.1728353825224894e-12
0.3393221771895326 0.9999999999985073 1.0486234825553632e-14
0.4094915062380423 0.9999999999999952 3.4838748980763564e-17
0.49417133613238334 1.0 1.2368900994279967e-18
0.5963623316594643 1.0 9.937581424690589e-19
0.7196856730011514 1.0 1.157830082874839e-18
0.868511373751352 1.0 1.8335829870607982e-18
1.0481131341546852 1.0 0.0
1.2648552168552958 1.0 0.0
1.5264179671752318 1.0 0.0
1.8420699693267144 1.0 0.0
2.2229964825261934 1.0 0.0
2.6826957952797246 1.0 0.0
3.2374575428176433 1.0 0.0
3.906939937054613 1.0 0.0
4.714866363457389 1.0 0.0
5.689866029018293 1.0 0.0
6.866488450042998 1.0 0.0
8.286427728546842 1.0 0.0
10.0 1.0 0.0
