0.001 0.04375835403894635 6.940681695735086e-05
0.0012067926406393288 0.05263243522767803 8.349915673719317e-05
0.0014563484775012444 0.06299798014883198 9.78117432508014e-05
0.0017575106248547913 0.07550385856358899 0.00011765125234038737
0.0021209508879201904 0.09058980150434309 0.000139632643457908
0.002559547922699536 0.10791886961318485 0.0001606540084584641
0.0030888435964774815 0.12896203286339172 0.00019341372320912334
0.003727593720314938 0.15294697177334737 0.0002207682223821991
0.004498432668969444 0.181907461466525 0.00026000067938736183
0.005428675439323859 0.2150214777790651 0.00030134553092305336
0.006551285568595509 0.2527520135426951 0.0003312567435259466
0.0079060432109077 0.2969193126588719 0.0003794765882690708
0.009540954763499945 0.34618738464025645 0.0004236775311864895
0.01151395399326447 0.40050843265792785 0.0004551491537515904
0.013894954943731374 0.46027696574220484 0.0004827553416218606
0.016768329368110076 0.524739122834215 0.0005081284384313817
0.020235896477251564 0.5916717747919622 0.0005143101785110071
0.02442053094548651 0.6600416581827646 0.000498502216564211
0.029470517025518096 0.7264884841905279 0.0004534263948478254
0.03556480306223128 0.7902524888947917 0.00040613536951904255
0.04291934260128776 0.8476296545893718 0.00034111055761729256
0.0517947467923121 0.8963203506876942 0.00026469201535277934
0.0625055192527397 0.9341587346283339 0.00018481792126161906
0.07543120063354615 0.962145837095967 0.00011949585944814215
0.09102981779915217 0.9805062371115099 6.824193372522253e-05
0.10985411419875583 0.9911592244061661 3.3052363099952864e-05
0.13257113655901082 0.9966096229280456 1.3808979831488118e-05
0.15998587196060574 0.9989196525505164 4.610100686260543e-06
0.19306977288832497 0.9997291069874711 1.2405691168392525e-06
0.2329951810515372 0.9999487653850611 2.5011697043044286e-07
0.2811768697974228 0.9999930683869359 3.56171695376102e-08
0.3393221771895326 0.9999993824680692 3.409121044507982e-09
0.4094915062380423 0.999999966618932 1.9793937658415342e-10
0.49417133613238334 0.9999999989804854 6.294004495044075e-12
0.5963623316594643 0.9999999999851118 9.90409049738676e-14
0.7196856730011514 0.9999999999999089 6.487695798439121e-16
0.868511373751352 1.0 2.7332915232357314e-18
1.0481131341546852 1.0 0.0
1.2648552168552958 1.0 0.0
1.5264179671752318 1.0 0.0
1.8420699693267144 1.0 0.0
2.2229964825261934 1.0 0.0
2.6826957952797246 1.0 0.0
3.2374575428176433 1.0 0.0
3.906939937054613 1.0 0.0
4.714866363457389 1.0 0.0
5.689866029018293 1.0 0.0
6.866488450042998 1.0 0.0
8.286427728546842 1.0 0.0
10.0 1.0 0.0
