0.001 0.04364457769146759 6.784240671814653e-05
0.0012067926406393288 0.05253692805143946 8.261288481518251e-05
0.0014563484775012444 0.06292023152042162 9.745401765125533e-05
0.0017575106248547913 0.07532275483199494 0.00011409118270677706
0.0021209508879201904 0.09033132959647808 0.00013826503687584541
0.002559547922699536 0.10780808978286256 0.00016029162807945042
0.0030888435964774815 0.1286864637735734 0.0001903229989973337
0.003727593720314938 0.15326133389267635 0.00022271517927528582
0.004498432668969444 0.1817833619750803 0.00025551908563970947
0.005428675439323859 0.2145114844582561 0.00029043725138636474
0.006551285568595509 0.25251654935905216 0.00032771914375793126
0.0079060432109077 0.29686176154124255 0.00037693076553376283
0.009540954763499945 0.34530419362811965 0.00041613059314026007
0.01151395399326447 0.40003080892089854 0.00045150942553652296
0.013894954943731374 0.4591591579556962 0.00047507408558266186
0.016768329368110076 0.525104623281505 0.00051269611478007
0.020235896477251564 0.5906506605072244 0.0005039149452202114
0.02442053094548651 0.6596338997036112 0.0004957260908907832
0.029470517025518096 0.7275225951769878 0.00046946427685064745
0.03556480306223128 0.790216027768461 0.0004047580894985074
0.04291934260128776 0.8469819689377833 0.0003358931108046986
0.0517947467923121 0.8957517029376099 0.00026193644359467786
0.0625055192527397 0.9342117143645219 0.00018748213675025217
0.07543120063354615 0.9619030796848989 0.00011826926257533778
0.09102981779915217 0.9803996079678327 6.807405632265281e-05
0.10985411419875583 0.9911272947079169 3.3234039860527226e-05
0.13257113655901082 0.9965479134009123 1.3636568662539513e-05
0.15998587196060574 0.9989091482863419 4.64646957323935e-06
0.19306977288832497 0.9997276075341851 1.2585903441941605e-06
0.2329951810515372 0.9999482416448413 2.5203151286572246e-07
0.2811768697974228 0.9999930513545985 3.6563770906808766e-08
0.3393221771895326 0.9999993704651744 3.4328806198995134e-09
0.4094915062380423 0.999999965618959 2.0286114885549674e-10
0.49417133613238334 0.9999999989736845 6.456340168958253e-12
0.5963623316594643 0.9999999999848538 1.0105385867826383e-13
0.7196856730011514 0.9999999999999057 6.69545838737098e-16
0.868511373751352 1.0 2.7879422245160212e-18
1.0481131341546852 1.0 0.0
1.2648552168552958 1.0 0.0
1.5264179671752318 1.0 0.0
1.8420699693267144 1.0 0.0
2.2229964825261934 1.0 0.0
2.6826957952797246 1.0 0.0
3.2374575428176433 1.0 0.0
3.906939937054613 1.0 0.0
4.714866363457389 1.0 0.0
5.689866029018293 1.0 0.0
6.866488450042998 1.0 0.0
8.286427728546842 1.0 0.0
10.0 1.0 0.0
