0.001 0.04364862362169742 6.844082276257434e-05
0.0012067926406393288 0.052357160322829464 7.960034041508028e-05
0.0014563484775012444 0.06283076635642063 9.599597544106744e-05
0.0017575106248547913 0.07520310997639085 0.00011287521688497385
0.0021209508879201904 0.09008732205097511 0.00013361814455725593
0.002559547922699536 0.10746553081566942 0.0001572663480961795
0.0030888435964774815 0.12863762994693728 0.00018840805273078566
0.003727593720314938 0.15319437030989347 0.00022288302851501947
0.004498432668969444 0.1811439861353273 0.0002493287157512335
0.005428675439323859 0.2146338044467217 0.0002907930100884963
0.006551285568595509 0.25271823053660364 0.00033300000471531697
0.0079060432109077 0.296484817203294 0.00037978760430349323
0.009540954763499945 0.344724014994775 0.0004038181671939163
0.01151395399326447 0.4003764449980017 0.0004544577260002348
0.013894954943731374 0.4593802843531178 0.00047677644761007145
0.016768329368110076 0.5237414793169954 0.0004974129327907198
0.020235896477251564 0.5911386635832898 0.000506906199385795
0.02442053094548651 0.6598032881029079 0.0004946536660601656
0.029470517025518096 0.7258955649569724 0.0004469396427334165
0.03556480306223128 0.7895276017151978 0.000397512640478099
0.04291934260128776 0.8473439816684273 0.0003383844372546551
0.0517947467923121 0.8953178386494659 0.00025738043623772355
0.0625055192527397 0.9339394887115486 0.00018640801818291892
0.07543120063354615 0.9618336039477686 0.0001175812865643157
0.09102981779915217 0.9802680307650037 6.72816531382641e-05
0.10985411419875583 0.9911067380478684 3.3090927424962934e-05
0.13257113655901082 0.9965794457339813 1.3861782655259466e-05
0.15998587196060574 0.998903323330066 4.679746608025816e-06
0.19306977288832497 0.999725890397717 1.254248198047087e-06
0.2329951810515372 0.9999480293128082 2.5468696787451956e-07
0.2811768697974228 0.9999929563277463 3.640620351292626e-08
0.3393221771895326 0.9999993691226031 3.4744531527230003e-09
0.4094915062380423 0.9999999654401316 2.0229311624763293e-10
0.49417133613238334 0.9999999989527069 6.50164045681546e-12
0.5963623316594643 0.9999999999847079 1.023328277851541e-13
0.7196856730011514 0.9999999999999052 6.803168801020448e-16
0.868511373751352 1.0 2.8238321297668494e-18
1.0481131341546852 1.0 0.0
1.2648552168552958 1.0 0.0
1.5264179671752318 1.0 0.0
1.8420699693267144 1.0 0.0
2.2229964825261934 1.0 0.0
2.6826957952797246 1.0 0.0
3.2374575428176433 1.0 0.0
3.906939937054613 1.0 0.0
4.714866363457389 1.0 0.0
5.689866029018293 1.0 0.0
6.866488450042998 1.0 0.0
8.286427728546842 1.0 0.0
10.0 1.0 0.0
