0.001 9.15519309972261e-05 5.945962724630009e-07
0.0012067926406393288 0.00015800007793215034 1.0178806785373795e-06
0.0014563484775012444 0.0002696481896568624 1.6643912688034734e-06
0.0017575106248547913 0.00046758285621284994 2.9361396314558897e-06
0.0021209508879201904 0.0007956385159433465 4.9195997493008256e-06
0.002559547922699536 0.0013722685461291279 8.41355732693919e-06
0.0030888435964774815 0.002323362229968863 1.3875324522448563e-05
0.003727593720314938 0.0038393009282230253 2.1631695196707374e-05
0.004498432668969444 0.006414362735503919 3.6201965238422835e-05
0.005428675439323859 0.010691121374248555 5.827583995761275e-05
0.006551285568595509 0.017181979549036053 8.763965899937656e-05
0.0079060432109077 0.02761528200280991 0.00013582805169231834
0.009540954763499945 0.04369734641775894 0.00020147633429989288
0.01151395399326447 0.0673411504742952 0.00028579547729493284
0.013894954943731374 0.10098825527237316 0.0003882084366603592
0.016768329368110076 0.14927052893582704 0.0005237544509996283
0.020235896477251564 0.21276161855605852 0.0006531065786810456
0.02442053094548651 0.2927379297547136 0.0007575500692336836
0.029470517025518096 0.3902384156296141 0.0008428565772218155
0.03556480306223128 0.4985662623541255 0.00084659508135259
0.04291934260128776 0.6114920530088905 0.0007831614061309142
0.0517947467923121 0.7216216707276091 0.0006706920276672219
0.0625055192527397 0.8161182041054751 0.000495245199900837
0.07543120063354615 0.890773424622056 0.0003336788315565275
0.09102981779915217 0.9425989592247044 0.0001943789440859111
0.10985411419875583 0.9738029037600517 9.705644094223029e-05
0.13257113655901082 0.989919577343114 4.1333147077813414e-05
0.15998587196060574 0.9968192008866131 1.4048910582707156e-05
0.19306977288832497 0.9991958225317409 3.700898592503135e-06
0.2329951810515372 0.9998479333006773 7.45835424065076e-07
0.2811768697974228 0.9999794845147412 1.063854710275689e-07
0.3393221771895326 0.9999981748707382 1.0123711122122526e-08
0.4094915062380423 0.9999999002251354 5.864356000783564e-10
0.49417133613238334 0.9999999970618548 1.8895182969131945e-11
0.5963623316594643 0.9999999999560599 2.9234090577520334e-13
0.7196856730011514 0.9999999999997313 1.949457486450244e-15
0.868511373751352 0.9999999999999997 4.620155466884414e-18
1.0481131341546852 1.0 0.0
1.2648552168552958 1.0 0.0
1.5264179671752318 1.0 0.0
1.8420699693267144 1.0 0.0
2.2229964825261934 1.0 0.0
2.6826957952797246 1.0 0.0
3.2374575428176433 1.0 0.0
3.906939937054613 1.0 0.0
4.714866363457389 1.0 0.0
5.689866029018293 1.0 0.0
6.866488450042998 1.0 0.0
8.286427728546842 1.0 0.0
10.0 1.0 0.0
