0.001 0.11665502029932018 0.0008672341143747741
0.0010473708979594498 0.12526184690312153 0.0009239777725231206
0.001096985797892384 0.1339548047820748 0.000987635431304308
0.0011489510001873086 0.1446107230298784 0.0010476795289104531
0.0012033778407775893 0.1536123767932278 0.0011135774214492019
0.0012603829296797275 0.1646178265376376 0.0011676109654484223
0.001320088400831418 0.17628427293117424 0.0012412629369046514
0.0013826221737646563 0.18768743312393718 0.001316185018510253
0.001448118227674533 0.19909206244652106 0.001371025822580041
0.0015167168884709225 0.21140912183233582 0.0014389189111637132
0.0015885651294280528 0.22319626865413925 0.0015043615398420177
0.001663816886076129 0.23846761529633964 0.0015876516351212182
0.0017426333860096508 0.2505126998114025 0.0016759167849885737
0.0018251834943190425 0.2704645280494533 0.001746654491971466
0.0019116440753857017 0.28383701578282133 0.0018225800141266038
0.0020022003718155844 0.29707192164979995 0.0018685600823031784
0.002097046401323233 0.31460269643774996 0.001954921422089966
0.002196385372416547 0.329371551174609 0.0020305228465896073
0.002300430119772917 0.35128680409163554 0.00209713276330008
0.0024094035602395245 0.36241805213245354 0.002173214583472119
0.0025235391704347657 0.3786733621521882 0.002228965338371498
0.0026430814869741054 0.4014831083948302 0.002317080844230664
0.0027682866303920667 0.421346639439212 0.00238863686932229
0.002899422853882875 0.43883378429810754 0.0024299457179014967
0.0030367711180354575 0.45621088618063793 0.002491253442424608
0.0031806256927941192 0.47747906971487636 0.0025176508000516653
0.0033312947879346735 0.498608223410297 0.0025751472572571603
0.0034891012134067737 0.5137360795657882 0.002636815502918727
0.0036543830709572546 0.533931945489277 0.0026385636635842358
0.003827494478516311 0.5552695360919329 0.0026971687295502447
0.004008806328898464 0.5695860267404025 0.002717755615375253
0.00419870708444391 0.5879949020965805 0.0027550867176954165
0.004397603609302721 0.60945030614917 0.0027229882593182413
0.004605922041145104 0.6232514406699571 0.0027930710996002923
0.004824108704165369 0.6407345560976955 0.002789799275233271
0.00505263106533568 0.6630153592279318 0.0027709585370274577
0.005291978735958442 0.6711414494870345 0.002794356957868475
0.005542664520663107 0.6860072568058045 0.0027887796257787816
0.005805225516094896 0.7047440410810725 0.002776566792788303
0.006080224261649427 0.7204765529763244 0.002748968625592828
0.006368249944718587 0.7373351939109418 0.002740720862345433
0.006669919663030122 0.7587408600018187 0.0026726531881846676
0.0069858797467852495 0.7627117145662015 0.0026780759516569054
0.007316807143427192 0.774454916620595 0.00267054285196592
0.007663410868007463 0.7869008605153125 0.002623124759131097
0.008026433522257174 0.8082852904146095 0.0024915428800209747
0.008406652885618326 0.8097330068962447 0.002510815620989176
0.008804883581643464 0.8271365923247919 0.002441438992693116
0.009221978823334321 0.832008939859223 0.002452571108179742
0.009658832241158708 0.8412325716690643 0.002443152890046106
0.01011637979766207 0.8484517006226355 0.002416253868924094
0.010595601792776159 0.8629867383712228 0.0022822370375067996
0.011097524964120722 0.8707992945470916 0.0022887117725842805
0.011623224686798524 0.8768247482125052 0.002245796886095417
0.012173827277396614 0.8831679508586225 0.0022036808182789545
0.012750512407130135 0.8907037106432395 0.0021599118906817745
0.013354515629298987 0.8968435925688063 0.002126723707671846
0.013987131026472387 0.9018225390991648 0.0020743247010476394
0.014649713983072856 0.9126143539163662 0.001976178517921549
0.015343684089300124 0.9140818347523114 0.0019763213183178153
0.01607052818261639 0.9193361956015608 0.0019375588789449299
0.016831803533309566 0.9274541769364023 0.0018262162649751472
0.01762914118095948 0.9268540815108339 0.0018517358988468483
0.018464249428955436 0.9338404246620463 0.0017516220278741184
0.01933891750455231 0.9376804363386831 0.0017247323841832354
0.020255019392306676 0.9395433543569219 0.0017291887429890203
0.021214517849106298 0.9433887170799621 0.0016786080004525016
0.02221946860939524 0.9455653645394757 0.0016760009778740096
0.023272024789604086 0.9487896353538139 0.0016110083113044327
0.024374441501222206 0.9513547180344096 0.0015599866143051367
0.025529080682395178 0.9545730427646598 0.001509031526752036
0.026738416158399468 0.9541219486426633 0.0015824049476859392
0.02800503894183631 0.9598141409858701 0.001453547994085123
0.02933166278390044 0.9607584721304232 0.0014350333735253962
0.030721129988617576 0.9640241164713452 0.0013883579107876105
0.03217641750250737 0.9673452485134733 0.0013332725373367221
0.03370064329271928 0.9670175147921849 0.001336645831810492
0.0352970730273065 0.9692638408501192 0.001291231472622994
0.036969127071950283 0.9720098940212214 0.001234484104950776
0.03872038781812555 0.9729709341673577 0.0012293456859437913
0.040554607358408296 0.9746127386901551 0.0011806086141372388
0.04247571552536898 0.9749913447358524 0.001202686357763272
0.04448782831127585 0.9772012570247997 0.0011307917089178254
0.046595256686646824 0.9784592804753365 0.0011127049535325235
0.04880251583654431 0.9793140624320642 0.0010650186965532825
0.051114334834401684 0.9791320287720111 0.0011111416312231932
0.053535666774107246 0.983112522577448 0.0009956709732799414
0.05607169938205458 0.9812741567805539 0.0010585236488089929
0.05872786613189483 0.981407874145803 0.0010768566315570616
0.061509857885805014 0.9835763906663222 0.0009860715397815977
0.06442363508721373 0.9846893472631365 0.0009547779141951366
0.06747544053110693 0.9838774157079666 0.0010134682082319079
0.07067181273927492 0.9867624533488389 0.0009029656258116163
0.07401959996915644 0.9889817191551395 0.0008117386987322216
0.0775259748862946 0.9872825790682115 0.0008644633536585163
0.08119844993184012 0.9896065803923281 0.0007895069009673101
0.08504489341802678 0.9880921642725027 0.0008638736254172882
0.0890735463861044 0.9877392750020976 0.0008772826561568686
0.09329304026284686 0.990088853696512 0.0007969031778116825
0.09771241535346496 0.9908632098475738 0.0007581439387336199
0.10234114021054527 0.9904990825316395 0.000784728396794102
0.10718913192051276 0.9900450938523468 0.0008182577728017803
0.11226677735108136 0.9902611598692816 0.0008049689503322283
0.1175849554052157 0.990306118718582 0.0008055893696796701
0.12315506032928261 0.9919369929047862 0.0007352345712677621
0.1289890261253308 0.9920511592120558 0.0007371419461779736
0.13509935211980265 0.9924501183373886 0.0007184672763614846
0.1414991297434576 0.9917416475989695 0.0007453239402254578
0.14820207057988585 0.9931061574364612 0.0006443674412230417
0.1552225357427048 0.9939649117550367 0.0006258815605100943
0.1625755666443795 0.9929744739240377 0.0006959610680787827
0.17027691722258995 0.9939875315573158 0.000641082203932207
0.17834308769319093 0.9936455579948336 0.0006684167432514321
0.1867913599020783 0.9942185507013382 0.0006199438633229634
0.19563983435170648 0.9944268383187189 0.0006120100682471359
0.20490746898158482 0.9952006225814355 0.0005631779631562905
0.21461411978584036 0.9956745706185759 0.0005354099011187687
0.22478058335487253 0.9946245347924075 0.0006212687822960577
0.2354286414322418 0.9960804862303928 0.0005188042439513413
0.2465811075822604 0.9946918915874999 0.0006266714763105554
0.2582618760682677 0.9949512268137172 0.0006112624481856552
0.27049597304631345 0.9967307229705515 0.0004921637668430217
0.2833096101839324 0.9955734201565325 0.0005680341020751504
0.29673024081888694 0.9963557089954316 0.000518084817858639
0.3107866187782014 0.9953098148182151 0.0005976955680347048
0.325508859983506 0.9966204934650569 0.0005057118994582912
0.3409285069746811 0.996481983185617 0.0004968505954459367
0.35707859649004625 0.9973247451697096 0.0004493603152089082
0.3739937302478798 0.9974207086849197 0.00041657645454003906
0.39171014908092605 0.9973653476538898 0.0004201197377277264
0.41026581058271944 0.9969329634842278 0.0004646026495607491
0.4297004704320839 0.9962294920575898 0.0005468873349063804
0.4500557675700497 0.9970512386100503 0.0004301849176615513
0.4713753134116724 0.9972889167497769 0.00043754201321218435
0.4937047852839004 0.9967844978024325 0.0005135361631234236
0.517092024289676 0.9977414101072644 0.0003866928916823073
0.5415871378079471 0.9975976332162297 0.00040266216749234294
0.5672426068491978 0.9972294876196818 0.0004600599287909681
0.5941133984965034 0.9972700721692408 0.00045696036384268646
0.6222570836730231 0.9972982369329316 0.000468072912146576
0.6517339604882427 0.9979245349307757 0.00040060398272303947
0.6826071834272386 0.9977071867738468 0.00041848129319486027
0.7149428986597577 0.9975046202201177 0.0004366713355032027
0.7488103857590023 0.9970898536841092 0.0004916753621709762
0.7842822061337682 0.997297775205485 0.0004510936028159776
0.821434358491943 0.9979723914666467 0.00041842280468046126
0.8603464416684501 0.99846835646822 0.00033318685415568685
0.9011018251665018 0.9974496012644771 0.00045881587227198067
0.9437878277775381 0.9979887945274731 0.00040569319578782556
0.9884959046625587 0.9982576061211986 0.00036805620180510845
1.0353218432956626 0.998221601682321 0.00038702302417774256
1.0843659686896108 0.9984821544860788 0.0003572130089175836
1.135733358343105 0.9980084964178549 0.00042870438135165644
1.1895340673703196 0.9986650979268997 0.00030195361404728013
1.2458833642950082 0.9980645427765925 0.00041723398320644013
1.3049019780144029 0.9983361125822814 0.00037989802266743367
1.3667163564620073 0.9982991828682647 0.00039098670101579317
1.4314589375234785 0.998380046299667 0.00037797359751233197
1.4992684327860455 0.9984791740956173 0.0003640582970323292
1.5702901247293775 0.9983962826903376 0.000376833673980607
1.6446761779946644 0.9992129592767971 0.00024849914751432693
1.7225859653987874 0.9984546142987974 0.000375468169051571
1.8041864093920719 0.9977176085442508 0.0004591254405901985
1.8896523396912097 0.9985065272605469 0.0003746331209898964
1.9791668678535574 0.9989796329671775 0.00030086890852975607
2.072921779595372 0.9979385346100657 0.00044703677962942357
2.171117945694505 0.998860000385568 0.00033168371439819456
2.2739657523579275 0.9980731933359817 0.00043555497806200514
2.381685551976158 0.9989661498127984 0.00031618765206363654
2.4945081352303164 0.9987650681766143 0.00034628774376102686
2.612675225563329 0.9992814755222517 0.00026453144846508964
2.736439997074672 0.9981721258352246 0.0004239099150242437
2.8660676169482504 0.9981896568176433 0.0004238891135430863
3.001835813575589 0.9983848751168225 0.000399687409713935
3.1440354715915 0.9984929203893226 0.000387009979561978
3.2929712550971515 0.9984922862978884 0.0003870087995705317
3.44896226040576 0.998394032934305 0.00039967970538316264
3.6123426997094303 0.9991976245004014 0.00028272978662901226
3.7834626171319288 0.9989978461746212 0.00031606945455237115
3.9626886387014784 0.9981985985258401 0.00042388164191180266
4.150404757850477 0.998798589290324 0.0003462019150291188
4.347013158125026 0.9987990960265859 0.00034620200513891473
4.552935074866948 0.9985995666615709 0.00037390358796219074
4.768611697714469 0.9982998047672427 0.00041195987408009464
4.99450511585514 0.9979997096033818 0.0004467660325591431
5.2310993080562636 0.9989998533390709 0.0003160695681822624
5.478901179593945 0.9981999473791154 0.0004238820370493424
5.738441648302393 0.998699956113864 0.00036032067485364055
6.010276782070382 0.9988999763157541 0.00033148000668601295
6.294988990221888 0.9990999793632255 0.0002998649634529378
6.593188271333548 0.998599991467903 0.00037390372773731304
6.905513520162331 0.9982999969519176 0.00041195994825295824
7.2326338964835335 0.9981999979385772 0.0004238820581933308
7.575250258771913 0.9990999993602024 0.00029986496941938315
7.934096665797492 0.998299999414305 0.000411959949267992
8.309941949353396 0.9989999997788814 0.00031606961251562984
8.703591361485167 0.9982999998741254 0.0004119599494577157
9.115888299750829 0.9988999999558184 0.00033148001446585017
9.547716114208056 0.9984999999875718 0.0003870077518555301
10.0 0.9989999999911906 0.0003160696125827949
