0.001 0.1179256348551397 0.0008774880890872258
0.0010473708979594498 0.12575062577331825 0.0009267914271735189
0.001096985797892384 0.13221753358785748 0.0009792632655809758
0.0011489510001873086 0.14374529199466624 0.001054397286037981
0.0012033778407775893 0.15316303099429318 0.0010970490073121846
0.0012603829296797275 0.16430648641425155 0.0011706007053259224
0.001320088400831418 0.1756929261726928 0.0012449599545067435
0.0013826221737646563 0.18526850183701007 0.0013058660395058091
0.001448118227674533 0.19825983178151377 0.0013757950434021453
0.0015167168884709225 0.21153760657196252 0.001445498741578812
0.0015885651294280528 0.2244335178207363 0.0015121682950203
0.001663816886076129 0.23831240947613525 0.0015766839972852903
0.0017426333860096508 0.25412010031832966 0.0016530674326356047
0.0018251834943190425 0.264394683329938 0.0017427515492520933
0.0019116440753857017 0.2816690022648212 0.0018126812923864991
0.0020022003718155844 0.2979196378936098 0.0018839310734574438
0.002097046401323233 0.31295503889080273 0.001958083346806739
0.002196385372416547 0.3297069213820947 0.0020269860080867207
0.002300430119772917 0.34927332427618674 0.002102878326103173
0.0024094035602395245 0.36372151648110473 0.002150390265869635
0.0025235391704347657 0.3853206729103258 0.002239058373336865
0.0026430814869741054 0.4006828574915943 0.002295664834782114
0.0027682866303920667 0.4160916430045854 0.0023648064444578144
0.002899422853882875 0.4339773550358222 0.002425467909109941
0.0030367711180354575 0.45448938552608553 0.0024744538237894504
0.0031806256927941192 0.4731151979500111 0.0025043299828462103
0.0033312947879346735 0.49330649515562275 0.0025911150478835506
0.0034891012134067737 0.5163075015236266 0.002600556899016664
0.0036543830709572546 0.5272270974999455 0.0026590731612691197
0.003827494478516311 0.5520891781300376 0.002661191842962512
0.004008806328898464 0.5702993845702202 0.0027017916575642915
0.00419870708444391 0.5879435725817657 0.0027460562299952635
0.004397603609302721 0.6030720867763595 0.0027535705854048425
0.004605922041145104 0.6243223005527869 0.0027438116050935283
0.004824108704165369 0.644466469956317 0.0027658323635731262
0.00505263106533568 0.6596371911055264 0.002763746960244026
0.005291978735958442 0.6740729226988096 0.0027882489962004512
0.005542664520663107 0.6911629986895983 0.0027612868410444563
0.005805225516094896 0.7089382191856639 0.0027589020296169657
0.006080224261649427 0.7196198328556457 0.002760553680630252
0.006368249944718587 0.7291913471266406 0.0027791162827508044
0.006669919663030122 0.752122800101537 0.0026936372525961467
0.0069858797467852495 0.7647323777248056 0.0026650438141555145
0.007316807143427192 0.7741343227691088 0.0026520241518198724
0.007663410868007463 0.7898714520321004 0.0026116497234848655
0.008026433522257174 0.7971765776349623 0.0026192905246671333
0.008406652885618326 0.8108669472007356 0.0025308540444344075
0.008804883581643464 0.8288332907917626 0.002437590787982416
0.009221978823334321 0.8346342428272681 0.002448300883625205
0.009658832241158708 0.8496615794964387 0.0023771096562702223
0.01011637979766207 0.8548878604297419 0.0023434026063590633
0.010595601792776159 0.8578741663336592 0.002347904741801765
0.011097524964120722 0.866446008692548 0.00229952963861401
0.011623224686798524 0.8759464701076426 0.0022216893690851867
0.012173827277396614 0.8868437995127688 0.002166796674897366
0.012750512407130135 0.8905130513086497 0.0021337944232795833
0.013354515629298987 0.8988532877569589 0.0020562217938472718
0.013987131026472387 0.9009720027151649 0.0020779371660825607
0.014649713983072856 0.9109626741743032 0.00198676862739231
0.015343684089300124 0.9138969708056062 0.001971025938122034
0.01607052818261639 0.9209609177259894 0.001893133253699154
0.016831803533309566 0.9269157091065856 0.0018231717471735131
0.01762914118095948 0.9290046984531013 0.0018438429001697192
0.018464249428955436 0.9300880740003798 0.0018546501877454947
0.01933891750455231 0.9357788246798285 0.0017684051929988892
0.020255019392306676 0.9381366510579524 0.0017294503507687777
0.021214517849106298 0.9420193854695923 0.0017022268640303228
0.02221946860939524 0.949349054321608 0.0015717890370374298
0.023272024789604086 0.948675904199182 0.001627833653734245
0.024374441501222206 0.9524712045770519 0.0015352744110251225
0.025529080682395178 0.9556663115606047 0.0014955389999066807
0.026738416158399468 0.9551521500563945 0.0015496554201395601
0.02800503894183631 0.96026026363035 0.0014527061071739028
0.02933166278390044 0.9597310902841573 0.0014604696877316037
0.030721129988617576 0.9630160085830707 0.001424815210693392
0.03217641750250737 0.9657934261600741 0.0013529901584551798
0.03370064329271928 0.9681049749365517 0.001331458561225479
0.0352970730273065 0.9700753528384004 0.0012702717442188457
0.036969127071950283 0.9715805937513473 0.0012417092669327764
0.03872038781812555 0.9728252890101514 0.001245015576362184
0.040554607358408296 0.9721249075268841 0.0012604330368458224
0.04247571552536898 0.9765928268921829 0.0011335238292631508
0.04448782831127585 0.9767841019938349 0.001145021390339758
0.046595256686646824 0.9772329178963766 0.0011555087710501412
0.04880251583654431 0.9759462871105865 0.0012118283855088554
0.051114334834401684 0.9796600643334228 0.0010940697603912326
0.053535666774107246 0.980723339441191 0.0010681498460925318
0.05607169938205458 0.9838823327327877 0.0009683429457351248
0.05872786613189483 0.9825459234832642 0.0010213935976589518
0.061509857885805014 0.9840828589118124 0.0009601284822077249
0.06442363508721373 0.9837472041279441 0.0009946032284766028
0.06747544053110693 0.9853153945593982 0.0009282882776622833
0.07067181273927492 0.9855766669836398 0.000950195505939731
0.07401959996915644 0.987179986760053 0.0008578780347314699
0.0775259748862946 0.9873298779531302 0.0008769714440138555
0.08119844993184012 0.9871962105085635 0.000894551826003782
0.08504489341802678 0.9880120071451329 0.0008560652450160115
0.0890735463861044 0.9887218667011233 0.0008492585446635926
0.09329304026284686 0.9887461566462169 0.0008612147908184675
0.09771241535346496 0.9905736575969332 0.0007719668127408965
0.10234114021054527 0.9903591990172055 0.0007801345424995263
0.10718913192051276 0.9902913536879092 0.0007877238209949353
0.11226677735108136 0.9908925052681882 0.0007691224190177134
0.1175849554052157 0.992097891380884 0.0007081285290299971
0.12315506032928261 0.9923524544910964 0.000689491383619141
0.1289890261253308 0.9920114140147922 0.0007321919462220724
0.13509935211980265 0.9925112967399811 0.0006962208401939312
0.1414991297434576 0.9921351032613515 0.0007445924400590932
0.14820207057988585 0.992285592614921 0.0007290851929862212
0.1552225357427048 0.992515620482327 0.0007120871480963331
0.1625755666443795 0.9933484485723706 0.0006687956323246919
0.17027691722258995 0.9949305223552514 0.0005651633224951201
0.17834308769319093 0.9939221906144048 0.0006321619913522563
0.1867913599020783 0.9947626464664647 0.0005966840113961595
0.19563983435170648 0.9933968295867671 0.0006847369130178039
0.20490746898158482 0.9939629366768986 0.0006463397008396306
0.21461411978584036 0.9956080357513192 0.0005522149610795044
0.22478058335487253 0.9949683167973817 0.0006059905996630569
0.2354286414322418 0.9951308420187226 0.0005979311930693899
0.2465811075822604 0.9947522977349968 0.0006335996901896581
0.2582618760682677 0.9949954715050444 0.0005959137629011146
0.27049597304631345 0.9952975991008414 0.0005860678928073233
0.2833096101839324 0.9960003456727307 0.0005220258356401149
0.29673024081888694 0.9959764846624622 0.0005236968205328256
0.3107866187782014 0.9960733743233153 0.0005317143841909452
0.325508859983506 0.9964145383999781 0.0005129261694725171
0.3409285069746811 0.9967676461711792 0.000485481037584444
0.35707859649004625 0.9960905148167378 0.0005417738902919196
0.3739937302478798 0.9975270586982586 0.0004017047791199786
0.39171014908092605 0.9969933797600079 0.00045725624442882973
0.41026581058271944 0.9966204905787621 0.000495858440900278
0.4297004704320839 0.9972193094564563 0.0004597655820431529
0.4500557675700497 0.9967529971941802 0.0005178931635057033
0.4713753134116724 0.9976763179686488 0.00039728940604693663
0.4937047852839004 0.9975771486377787 0.0004172980676953099
0.517092024289676 0.9978685564939511 0.00040181604440443953
0.5415871378079471 0.9972592900698796 0.0004665284370414895
0.5672426068491978 0.9972096148180147 0.00045731257088748624
0.5941133984965034 0.9977661343352174 0.00042566654955622876
0.6222570836730231 0.9979028690712012 0.00040336714236250933
0.6517339604882427 0.9973966867481954 0.0004406479907229005
0.6826071834272386 0.9977232865031191 0.00040812167888896106
0.7149428986597577 0.9975011908710291 0.0004513153185327097
0.7488103857590023 0.9977532146507597 0.00040326813061954353
0.7842822061337682 0.9977795295890606 0.00042603493653250405
0.821434358491943 0.9976935305661082 0.00042966923644067795
0.8603464416684501 0.9975852647261403 0.00043555249331269833
0.9011018251665018 0.9981426552258732 0.0003842810489725431
0.9437878277775381 0.9984845121399425 0.00033060725149168003
0.9884959046625587 0.9983155457942193 0.000375517715540574
1.0353218432956626 0.9984256119338694 0.0003511277264650787
1.0843659686896108 0.9981867988390443 0.000379013239849733
1.135733358343105 0.9985067640621188 0.00033507713640103763
1.1895340673703196 0.9978645684920204 0.0004235996901797982
1.2458833642950082 0.9981084044217409 0.0003972793796501426
1.3049019780144029 0.9980733818952507 0.0004073547663425976
1.3667163564620073 0.9987329230736206 0.0003357315239419059
1.4314589375234785 0.9978679176990816 0.0004394620260942245
1.4992684327860455 0.9979813516018212 0.0004273467732694327
1.5702901247293775 0.9987326110469267 0.0003211722484791708
1.6446761779946644 0.9982999288205155 0.00038973822471410365
1.7225859653987874 0.9985732721746965 0.00036193050260583656
1.8041864093920719 0.9983082346453986 0.00040058799426909527
1.8896523396912097 0.9987784130573742 0.00033273304480887426
1.9791668678535574 0.9986024352700813 0.00036109648681084005
2.072921779595372 0.9983231186175131 0.00040013682412751205
2.171117945694505 0.998822937135095 0.0003319470928501283
2.2739657523579275 0.9992645178017181 0.00026470846736578616
2.381685551976158 0.9990564970949101 0.00030006105303935287
2.4945081352303164 0.9982553193307214 0.0004120684141648828
2.612675225563329 0.9985641584134181 0.0003739803874197763
2.736439997074672 0.9991775483153278 0.000282782461799245
2.8660676169482504 0.9987847342163432 0.00034622277438553994
3.001835813575589 0.9986836313377134 0.0003603353902655618
3.1440354715915 0.9984888711517422 0.00038701341876471585
3.2929712550971515 0.9984963239875684 0.0003870088167401189
3.44896226040576 0.998692186239778 0.0003603220982186668
3.6123426997094303 0.9987977073930188 0.00034620240624214533
3.7834626171319288 0.9987975159339909 0.0003462021336766094
3.9626886387014784 0.9986980867630854 0.0003603203904103004
4.150404757850477 0.9986986622271378 0.00036032039861711676
4.347013158125026 0.9984987978621593 0.0003870073955632021
4.552935074866948 0.9985990933583493 0.0003739034491960735
4.768611697714469 0.9987996840550512 0.0003462021579153492
4.99450511585514 0.9984998564452424 0.0003870077000209102
5.2310993080562636 0.9983997653153136 0.00039967978176937174
5.478901179593945 0.9986998702218863 0.0003603206451324334
5.738441648302393 0.9987998964109933 0.0003462022178561974
6.010276782070382 0.9983999472685758 0.0003996798509809372
6.294988990221888 0.9984999796345244 0.0003870077440115102
6.593188271333548 0.9985999885045891 0.0003739037266359936
6.905513520162331 0.9987999931592236 0.00034620225065965226
7.2326338964835335 0.998699996347737 0.0003603206891803971
7.575250258771913 0.9985999978161327 0.00037390373010821203
7.934096665797492 0.9991999992686856 0.00028272955254632137
8.309941949353396 0.9987999995022426 0.00034620225285309154
8.703591361485167 0.998799999632509 0.00034620225289822763
9.115888299750829 0.9990999998561332 0.00029986496956814593
9.547716114208056 0.9985999999636338 0.00037390373091187196
10.0 0.9985999999861213 0.0003739037309202917
