0.001 0.19282258135655697 0.0009424084169783642
0.0010473708979594498 0.2024963274564133 0.0009786280524105488
0.001096985797892384 0.2098487261969422 0.0010238903813814667
0.0011489510001873086 0.22067818460430685 0.0010408638646507721
0.0012033778407775893 0.22772823651275456 0.0010835117249003452
0.0012603829296797275 0.23722963334393024 0.0011269415036893418
0.001320088400831418 0.2468443512218255 0.0011702271314570744
0.0013826221737646563 0.25584763732614285 0.0011933649450363458
0.001448118227674533 0.26601062350997706 0.001237823609645295
0.0015167168884709225 0.2768197950102725 0.001283399127554061
0.0015885651294280528 0.2903354482388294 0.0013164084004710272
0.001663816886076129 0.29605205098600784 0.001359140793578439
0.0017426333860096508 0.30737962951039793 0.0014073184521313322
0.0018251834943190425 0.3199615659662148 0.0014444595703729532
0.0019116440753857017 0.3317529537199342 0.0014934215021340405
0.0020022003718155844 0.34130687538559185 0.001532072248586697
0.002097046401323233 0.3537821749893112 0.001577512613136765
0.002196385372416547 0.3667312433663831 0.0016112451149001138
0.002300430119772917 0.3808584203300564 0.0016539001955413227
0.0024094035602395245 0.3919980071736461 0.0017114110667949126
0.0025235391704347657 0.40702044928810377 0.00173778483663514
0.0026430814869741054 0.41994729032194344 0.0017827463119783247
0.0027682866303920667 0.4343461417753148 0.0018007938949825316
0.002899422853882875 0.4452319310967943 0.0018738519046846436
0.0030367711180354575 0.4554450718208149 0.0018840413486650965
0.0031806256927941192 0.47450261439353725 0.0019143956465555864
0.0033312947879346735 0.4887776680632505 0.0019495789550298996
0.0034891012134067737 0.5021649131326704 0.0019909176987427035
0.0036543830709572546 0.5147173698471342 0.0020179754392726655
0.003827494478516311 0.5295128368426842 0.002030312453439838
0.004008806328898464 0.5427417539710752 0.0020864216838006266
0.00419870708444391 0.5602988938633927 0.002121556893899655
0.004397603609302721 0.5726610392778239 0.002132751527460897
0.004605922041145104 0.5896110647430611 0.0021499889663015755
0.004824108704165369 0.6002054910318441 0.0021794111233099547
0.00505263106533568 0.6133922825296377 0.0021565499888704437
0.005291978735958442 0.6347666963100026 0.002169377394078337
0.005542664520663107 0.6469962435494383 0.002182009870891086
0.005805225516094896 0.6570946128187397 0.0022222200764541317
0.006080224261649427 0.6743473874594624 0.002214120108038549
0.006368249944718587 0.6875542264429628 0.0022616250756281354
0.006669919663030122 0.7004448069552431 0.002210634405048355
0.0069858797467852495 0.7104581610396783 0.0022274581364305148
0.007316807143427192 0.7259736306463285 0.002216789096634309
0.007663410868007463 0.7324466566904407 0.0022609547581020303
0.008026433522257174 0.750294194231723 0.0021926521862671087
0.008406652885618326 0.7591164957151757 0.002210810757266879
0.008804883581643464 0.7700063468283367 0.0022226194370860864
0.009221978823334321 0.7869078175325952 0.0021490147154440693
0.009658832241158708 0.7957024392718828 0.0021489519710043915
0.01011637979766207 0.8068700245281218 0.002126777845729436
0.010595601792776159 0.8132654435212276 0.0021601339837942594
0.011097524964120722 0.8236180600677855 0.0020749598186955024
0.011623224686798524 0.8385468440858951 0.0020033523390967202
0.012173827277396614 0.8448051529740737 0.002014311537297982
0.012750512407130135 0.8531037227918883 0.0019733842239168767
0.013354515629298987 0.8586681149986143 0.0019691019198709316
0.013987131026472387 0.8670663101187889 0.0019344160933564439
0.014649713983072856 0.8802762930057093 0.0018526522489580475
0.015343684089300124 0.8806344059129481 0.0018844791030659083
0.01607052818261639 0.8866350201858153 0.0018754165136294606
0.016831803533309566 0.8938243411571657 0.0018106590738097522
0.01762914118095948 0.9035187676378907 0.0017348376122067787
0.018464249428955436 0.9043039620494746 0.0017765284214882257
0.01933891750455231 0.9094856068517725 0.0017516081639024918
0.020255019392306676 0.9142098306484315 0.0017145283813690554
0.021214517849106298 0.9208689951408221 0.0016478817902344553
0.02221946860939524 0.926769715906604 0.0015952218260906462
0.023272024789604086 0.9300313646600312 0.0015646297724399
0.024374441501222206 0.9347075968979583 0.0015181758624540683
0.025529080682395178 0.9375675549209409 0.001503874839785655
0.026738416158399468 0.9404239171010582 0.0015002212185365924
0.02800503894183631 0.9468239797276765 0.0014208968637296861
0.02933166278390044 0.9494287699824239 0.0013679515602381758
0.030721129988617576 0.950804619860725 0.001392564418115556
0.03217641750250737 0.954282843529638 0.0013538893011163522
0.03370064329271928 0.955952205592976 0.00134985781383902
0.0352970730273065 0.9557484955103311 0.0013793514647466327
0.036969127071950283 0.9619485274050503 0.0012443400985413817
0.03872038781812555 0.9610185087664398 0.001279479469467692
0.040554607358408296 0.9648270411016531 0.0011964771211720516
0.04247571552536898 0.9679043369685812 0.0011707569809309164
0.04448782831127585 0.9684382488400514 0.0011854019804013658
0.046595256686646824 0.9713079146401058 0.0011292144184670014
0.04880251583654431 0.9721760548223958 0.001106442498188912
0.051114334834401684 0.9741573421204855 0.0010829392784315658
0.053535666774107246 0.9756934305619237 0.001015571477576968
0.05607169938205458 0.9765985749854897 0.0010165580840236028
0.05872786613189483 0.9775653039946461 0.0010062334593175235
0.061509857885805014 0.9773236710401326 0.0010474008936282476
0.06442363508721373 0.9814721695111817 0.0009120152845691064
0.06747544053110693 0.9807696906790905 0.0009572528119501044
0.07067181273927492 0.9817313929605472 0.000939337236188083
0.07401959996915644 0.9822988661804859 0.0009320996559024371
0.0775259748862946 0.9840087966482469 0.0008571950192293924
0.08119844993184012 0.985142701294779 0.0008325643401064495
0.08504489341802678 0.9842468229870533 0.0008817185786970784
0.0890735463861044 0.9860197333405732 0.0008255345067724418
0.09329304026284686 0.9873845233966533 0.0007933519684360342
0.09771241535346496 0.9881544253573508 0.0007774156644078576
0.10234114021054527 0.9861677625369435 0.0008605114849366636
0.10718913192051276 0.9883063832237334 0.0007742397377926523
0.11226677735108136 0.9892418657665756 0.0007448091734017011
0.1175849554052157 0.9879200889424081 0.0008096291653048593
0.12315506032928261 0.9895238844822423 0.000736748998058628
0.1289890261253308 0.9890636311156179 0.0007658504159747309
0.13509935211980265 0.9898420777533623 0.0007513777206347948
0.1414991297434576 0.9907713434114006 0.0006781168103630093
0.14820207057988585 0.9918803621591488 0.000661821754846482
0.1552225357427048 0.9912835098964246 0.0006957132901470653
0.1625755666443795 0.9904937805564868 0.0007453271050622005
0.17027691722258995 0.9931804125417876 0.0005987438047488204
0.17834308769319093 0.9926960264590289 0.0006465979202707514
0.1867913599020783 0.9942566620014083 0.0005579644694018266
0.19563983435170648 0.9929288557380623 0.0006368095807761146
0.20490746898158482 0.9939970667137248 0.0005877338641553702
0.21461411978584036 0.9944335954230014 0.0005567651724904481
0.22478058335487253 0.9942999633457082 0.0005345816953784893
0.2354286414322418 0.9938361999230998 0.0006112977893137122
0.2465811075822604 0.9927755969927082 0.0006732993410140878
0.2582618760682677 0.994855580600214 0.000536588209604933
0.27049597304631345 0.9942506753177337 0.0005947768107680413
0.2833096101839324 0.9935223612658661 0.000665983595362647
0.29673024081888694 0.9960989053908519 0.0004736101426536404
0.3107866187782014 0.9958181660673469 0.0005096087526353109
0.325508859983506 0.9950990328583872 0.0005431569654548099
0.3409285069746811 0.9949165418123997 0.0005718004062802942
0.35707859649004625 0.9968892689199547 0.0004367761380562222
0.3739937302478798 0.9969545663257798 0.0004183392565908524
0.39171014908092605 0.9958530374545588 0.0005220477133474677
0.41026581058271944 0.9973713098195504 0.0003878528925199329
0.4297004704320839 0.9970214607436326 0.0004015343868959669
0.4500557675700497 0.995717289054184 0.0005370298610706528
0.4713753134116724 0.9965234794165994 0.0004828304193390826
0.4937047852839004 0.9963455435717575 0.0004800213867142201
0.517092024289676 0.9963650930869997 0.0004952677335799108
0.5415871378079471 0.9966246011485984 0.0004910244492388334
0.5672426068491978 0.9974294063460775 0.00040922329929751885
0.5941133984965034 0.9978013487671252 0.00037457996081875495
0.6222570836730231 0.9969572301646654 0.0004545957110297371
0.6517339604882427 0.9965228834386706 0.00048727726762291953
0.6826071834272386 0.9977200153749771 0.0003842889642413361
0.7149428986597577 0.9971759598730973 0.00045965936898880496
0.7488103857590023 0.9973060799104182 0.00043569746584545745
0.7842822061337682 0.9975390999304539 0.00042100401764058235
0.821434358491943 0.9972363881091847 0.0004662785687318477
0.8603464416684501 0.997491938099918 0.0004397979035663001
0.9011018251665018 0.9971533569350675 0.0004807049286035077
0.9437878277775381 0.9972454934368374 0.00046537436228608254
0.9884959046625587 0.9978678725562536 0.0003786131084897905
1.0353218432956626 0.9981855068616813 0.0003633699417445078
1.0843659686896108 0.9977601512182822 0.00040708210121412786
1.135733358343105 0.9978666220869309 0.0004171641189168703
1.1895340673703196 0.9974735142490737 0.0004540648317212361
1.2458833642950082 0.9980252175627106 0.00037464718875291193
1.3049019780144029 0.9984621620932672 0.00033768852455458027
1.3667163564620073 0.9976718475320544 0.0004317663127317365
1.4314589375234785 0.9991692215162313 0.0002394006228769313
1.4992684327860455 0.9982037944748794 0.00036577496556419975
1.5702901247293775 0.9979528892178885 0.00042141892192514686
1.6446761779946644 0.9973913531594537 0.00046970467717362565
1.7225859653987874 0.9980080649259613 0.00040936797539551555
1.8041864093920719 0.9988024222756586 0.00030849850737759267
1.8896523396912097 0.9983342893558284 0.00036879170750118447
1.9791668678535574 0.9982259455799045 0.00039225914638412124
2.072921779595372 0.9985914768906736 0.0003381246117873632
2.171117945694505 0.9985254646628633 0.00036346316761400087
2.2739657523579275 0.998118925770448 0.000414638448920796
2.381685551976158 0.9986733519155401 0.00034823954020871925
2.4945081352303164 0.9984210095741746 0.00037635328132654383
2.612675225563329 0.9985395860706469 0.0003623792076773158
2.736439997074672 0.9986485985761243 0.0003480269735529211
2.8660676169482504 0.9985033877285452 0.00037484382629479775
3.001835813575589 0.9989141464722652 0.0003169492802951887
3.1440354715915 0.9988942942505821 0.00031703261070522367
3.2929712550971515 0.9986398470980914 0.00036073354922928425
3.44896226040576 0.9981479270355161 0.00042413983873003413
3.6123426997094303 0.9983429333649693 0.00039993938973091045
3.7834626171319288 0.9986203189557756 0.00036067097367887754
3.9626886387014784 0.9989614552465149 0.00031623516761655556
4.150404757850477 0.998869940671244 0.00033158207961424046
4.347013158125026 0.9981768424432726 0.0004239288396561177
4.552935074866948 0.9979773128367767 0.00044679999699684815
4.768611697714469 0.9977870134047662 0.00046853904259310257
4.99450511585514 0.9990882178582903 0.00029988441955772926
5.2310993080562636 0.9992847543495956 0.00026450583071970445
5.478901179593945 0.9983831938757123 0.0003996891474210329
5.738441648302393 0.9985866634902657 0.0003739095162179927
6.010276782070382 0.998293334627228 0.0004119610399084928
6.294988990221888 0.9987937187310918 0.00034620341858951435
6.593188271333548 0.9971974501433398 0.000528408263954546
6.905513520162331 0.9978963532421734 0.0004577753262059791
7.2326338964835335 0.9987971136393504 0.000346201919680361
7.575250258771913 0.998098699562977 0.0004354752109619136
7.934096665797492 0.9983987115217348 0.0003996794943312236
8.309941949353396 0.9984990777946036 0.00038700746756067933
8.703591361485167 0.9982996101836729 0.00041195980912006825
9.115888299750829 0.9982997298997405 0.0004119598478788952
9.547716114208056 0.9991997956358658 0.0002827295023056052
10.0 0.9987997676875692 0.000346202177079016
