0.001 0.012750332595340294 0.00013797590049346607
0.0010473708979594498 0.014350879737324658 0.00015449410477821757
0.001096985797892384 0.016109892156059596 0.00017302504330617973
0.0011489510001873086 0.01824183960232574 0.0001922230684586607
0.0012033778407775893 0.020288605157965538 0.00021676409555504116
0.0012603829296797275 0.022669894216931094 0.00023724855063798317
0.001320088400831418 0.02551369535864961 0.0002650752970090091
0.0013826221737646563 0.02849966926161348 0.0002948718293513409
0.001448118227674533 0.03141416755472798 0.0003205998971834082
0.0015167168884709225 0.03484939885937722 0.0003529179460063504
0.0015885651294280528 0.038327459440098265 0.0003862683893908887
0.001663816886076129 0.04307818133240406 0.0004293925031908662
0.0017426333860096508 0.04740182478630646 0.00047340606046672516
0.0018251834943190425 0.05384208479175283 0.0005258110357970864
0.0019116440753857017 0.05897415695727611 0.0005767930880890246
0.0020022003718155844 0.06371699159905006 0.0006111168505700523
0.002097046401323233 0.07086929646820869 0.000669430563002701
0.002196385372416547 0.07745660497514331 0.000733442004956586
0.002300430119772917 0.08667377703116928 0.0007958782329817285
0.0024094035602395245 0.09281669551248181 0.0008609246518584011
0.0025235391704347657 0.10080212370590179 0.0009282545310896144
0.0026430814869741054 0.11285074878785313 0.0010173030724210269
0.0027682866303920667 0.12404769701379365 0.0010999265124539532
0.002899422853882875 0.13383577269328356 0.0011629178340812156
0.0030367711180354575 0.14508285123996756 0.001252430622747988
0.0031806256927941192 0.15769195347109935 0.0013226441222406863
0.0033312947879346735 0.17257927011912125 0.0014260156885552522
0.0034891012134067737 0.18477389429901428 0.0015149824586596682
0.0036543830709572546 0.19871720357833647 0.0015933866067162348
0.003827494478516311 0.2166851758538256 0.001698245013008141
0.004008806328898464 0.22923154611136784 0.0017804918253184728
0.00419870708444391 0.24668612394678371 0.0018893386120964366
0.004397603609302721 0.26351235197062833 0.0019453226845086338
0.004605922041145104 0.2811623788175257 0.002068340792348981
0.004824108704165369 0.2993083693515586 0.0021630814429634037
0.00505263106533568 0.3214564551910637 0.0022361971094592417
0.005291978735958442 0.334045337069426 0.0023291250786888693
0.005542664520663107 0.35189637123309087 0.0024044637135002375
0.005805225516094896 0.37462720012211886 0.0024769526077592615
0.006080224261649427 0.39535415885796427 0.0025602998972139366
0.006368249944718587 0.41909324921900043 0.0026286324943860743
0.006669919663030122 0.4470765115550734 0.0026835096655115505
0.0069858797467852495 0.45675071173650733 0.002748107379873564
0.007316807143427192 0.47710063476354564 0.002808114389930557
0.007663410868007463 0.4977661430461779 0.002865384234510082
0.008026433522257174 0.5263309426384698 0.0028672876347904806
0.008406652885618326 0.53543015494661 0.0029403361991100847
0.008804883581643464 0.5627293243251633 0.0029215672333292586
0.009221978823334321 0.5792528461717368 0.0029947798396986335
0.009658832241158708 0.5981544731901649 0.002992320102265296
0.01011637979766207 0.6145509691741541 0.0030101432732144912
0.010595601792776159 0.6385808753595719 0.002987275098357161
0.011097524964120722 0.6607054825580936 0.0029930159344192736
0.011623224686798524 0.6755274557925228 0.002999571545284061
0.012173827277396614 0.6897097385330977 0.002984829628310427
0.012750512407130135 0.7077339239937929 0.002961351224499135
0.013354515629298987 0.723699253723516 0.0029388180976986085
0.013987131026472387 0.7375149961745711 0.0029365368203706087
0.014649713983072856 0.7594227688850752 0.0028456213739200403
0.015343684089300124 0.7665608973221222 0.0028501269360158748
0.01607052818261639 0.781242641171773 0.002809466504557581
0.016831803533309566 0.7951844657516733 0.0027140492005983067
0.01762914118095948 0.8018043382440037 0.0027559082185304247
0.018464249428955436 0.8167024333854238 0.00267512555947871
0.01933891750455231 0.827109546851787 0.0026194095034408342
0.020255019392306676 0.8352913560809356 0.0025941333627243286
0.021214517849106298 0.8460033016266152 0.0025433935218041916
0.02221946860939524 0.8554057569282517 0.002509767025686453
0.023272024789604086 0.8608601059310352 0.0024582903302832228
0.024374441501222206 0.8681216375808534 0.0024250130430019338
0.025529080682395178 0.8772432141733232 0.0023686152176982025
0.026738416158399468 0.883186120384988 0.0023586426617321684
0.02800503894183631 0.8930081377860756 0.002250350515639109
0.02933166278390044 0.8961539226383224 0.0022336374465868896
0.030721129988617576 0.9053052885500933 0.002151381792590311
0.03217641750250737 0.913298118096435 0.002062373992056031
0.03370064329271928 0.9150420458062188 0.002078116468641215
0.0352970730273065 0.9197755091515348 0.0020175472478953897
0.036969127071950283 0.9267196837374422 0.0019367522578143828
0.03872038781812555 0.9297740252202417 0.001901549354770282
0.040554607358408296 0.9342877776250818 0.0018576340570212143
0.04247571552536898 0.9361075480147488 0.00182854715899144
0.04448782831127585 0.9411844558644964 0.001766068385813098
0.046595256686646824 0.9449769243043687 0.0017154274795677293
0.04880251583654431 0.9472829961185074 0.0017003502611766111
0.051114334834401684 0.9494967103917208 0.0016831701796917043
0.053535666774107246 0.9567672228402735 0.0015308367168534902
0.05607169938205458 0.9552182615925785 0.0015987223753203606
0.05872786613189483 0.9570244739960606 0.0015812505096413287
0.061509857885805014 0.959867647265788 0.0015102841225489588
0.06442363508721373 0.9629262683890338 0.0014588340903665285
0.06747544053110693 0.9634133025283591 0.001474118619764083
0.07067181273927492 0.9684874752375794 0.0013544210615325076
0.07401959996915644 0.9723308491446547 0.0012510604581484441
0.0775259748862946 0.969347672013947 0.0013435057682883288
0.08119844993184012 0.9749051893465325 0.0012160540838209086
0.08504489341802678 0.9727251267820877 0.0012834050528393968
0.0890735463861044 0.9724644030982703 0.0013010333533990898
0.09329304026284686 0.9769374354276031 0.0011696859221444395
0.09771241535346496 0.9788531910147278 0.001130819579839174
0.10234114021054527 0.9791057982181964 0.001141171013382786
0.10718913192051276 0.9783344470441978 0.0011584455259331364
0.11226677735108136 0.9794252769058694 0.001147992800696269
0.1175849554052157 0.9800747977047868 0.0011424126441957137
0.12315506032928261 0.982824593415066 0.001046036528075784
0.1289890261253308 0.9833491812374264 0.0010334433692925442
0.13509935211980265 0.9843522240614673 0.0010082919654181802
0.1414991297434576 0.9830801040362716 0.001057459233486463
0.14820207057988585 0.9843845619684043 0.0009959374932563452
0.1552225357427048 0.9869280398817558 0.0009161700038121761
0.1625755666443795 0.985747202637167 0.0009709439480685302
0.17027691722258995 0.9873161648875511 0.0009041349533103656
0.17834308769319093 0.9878177651512253 0.0009173333687753944
0.1867913599020783 0.9877311971627474 0.0008932643288264414
0.19563983435170648 0.9882157813418522 0.0008733744683145191
0.20490746898158482 0.9895841868639129 0.0008172271266574562
0.21461411978584036 0.990619290514362 0.0007746921069160631
0.22478058335487253 0.989694384143862 0.0008407253283383823
0.2354286414322418 0.9917276716258522 0.0007327372802666928
0.2465811075822604 0.9902963501792091 0.0008286214490220628
0.2582618760682677 0.990740651870882 0.0008077462413021138
0.27049597304631345 0.9937349890891899 0.0006516223831431323
0.2833096101839324 0.9919867088670071 0.0007587812108450938
0.29673024081888694 0.9931956443234714 0.0006894190389567794
0.3107866187782014 0.9918803850964978 0.0007711169244252731
0.325508859983506 0.9938026607583806 0.0006578099641393719
0.3409285069746811 0.9932434709126912 0.0006861801219746616
0.35707859649004625 0.9949850405082705 0.0005874982590201009
0.3739937302478798 0.9945702920670386 0.0005985454646230725
0.39171014908092605 0.9945932153706297 0.0006043799508045264
0.41026581058271944 0.994227763841112 0.0006394456298248166
0.4297004704320839 0.9936933644392102 0.0006820054343733522
0.4500557675700497 0.9939158348295587 0.0006494468939837856
0.4713753134116724 0.9948765888468534 0.0006022263209984761
0.4937047852839004 0.9949126153066378 0.0006235876665491392
0.517092024289676 0.9953810697665351 0.0005629855911994617
0.5415871378079471 0.9952856590733762 0.0005750681530246782
0.5672426068491978 0.995174288032941 0.0005946517306119931
0.5941133984965034 0.9950738987569253 0.0005921929255925054
0.6222570836730231 0.9956857593118366 0.0005735329228600909
0.6517339604882427 0.9966234980611521 0.0005103606009328511
0.6826071834272386 0.9958409950535594 0.0005419729272033764
0.7149428986597577 0.9958237694025571 0.0005630255911998602
0.7488103857590023 0.9956852938474469 0.0005887620950198821
0.7842822061337682 0.9956456608506749 0.0005874514169491747
0.821434358491943 0.9971474785017254 0.0004846009910467182
0.8603464416684501 0.9970553853767605 0.00045151868464121724
0.9011018251665018 0.9961006577784628 0.0005542152756410832
0.9437878277775381 0.9967183489817153 0.0004955345091786023
0.9884959046625587 0.997081985340109 0.0004699910817173284
1.0353218432956626 0.9972824826099828 0.0004604218231342339
1.0843659686896108 0.9976270652332653 0.0004263470288755384
1.135733358343105 0.9973707565991184 0.0004670591327178386
1.1895340673703196 0.9972234017610017 0.0004328428458987705
1.2458833642950082 0.9973021992420583 0.0004671037560968528
1.3049019780144029 0.9974865350114189 0.00044153284813138767
1.3667163564620073 0.9976198620769868 0.00043877971334352215
1.4314589375234785 0.9976461672196496 0.0004329286964358226
1.4992684327860455 0.9976521137077745 0.0004226974036109088
1.5702901247293775 0.9976004652101724 0.0004309029657742242
1.6446761779946644 0.9984228754772075 0.0003210226656982333
1.7225859653987874 0.9977390713552495 0.0004169493240775252
1.8041864093920719 0.9967891204421856 0.0005028217523568796
1.8896523396912097 0.9979497706636583 0.0004030953947420049
1.9791668678535574 0.998232839109879 0.000345939366464825
2.072921779595372 0.9974898101421761 0.00046362485118792417
2.171117945694505 0.9985325891994212 0.0003465304294095121
2.2739657523579275 0.9978333987598833 0.0004433226364370705
2.381685551976158 0.9986279859047854 0.00032982113884435615
2.4945081352303164 0.998381694404384 0.0003593291207396506
2.612675225563329 0.9990424547945715 0.0002737603672218293
2.736439997074672 0.9977673987186257 0.000432628241707682
2.8660676169482504 0.9980176001629331 0.0004271788462052423
3.001835813575589 0.9980975507852021 0.00040482444582077686
3.1440354715915 0.9983354043234142 0.0003895221155732754
3.2929712550971515 0.9982937806994416 0.00038975703647605884
3.44896226040576 0.9982128260720521 0.0004017412788824929
3.6123426997094303 0.9991119173011664 0.0002839162938507867
3.7834626171319288 0.9989057920129603 0.00031702842191240455
3.9626886387014784 0.9981265338372588 0.00042433345226855414
4.150404757850477 0.9987109470740106 0.0003467682295160146
4.347013158125026 0.9987305674539457 0.0003465622352739909
4.552935074866948 0.998559030472831 0.0003740595406122283
4.768611697714469 0.9982770854379077 0.00041202070788595583
4.99450511585514 0.9979573971006311 0.000446843495004284
5.2310993080562636 0.9989727272945016 0.00031612996566044577
5.478901179593945 0.9981874578364414 0.0004238952315081847
5.738441648302393 0.9986864480460877 0.00036033396629829665
6.010276782070382 0.9988904026886183 0.0003314874979883925
6.294988990221888 0.9990888848720763 0.0002998719104098482
6.593188271333548 0.9985938087219527 0.0003739048241736297
6.905513520162331 0.9982969775899805 0.00041195980952418726
7.2326338964835335 0.9981971658196811 0.0004238815833688556
7.575250258771913 0.9990987611506709 0.0002998649173557109
7.934096665797492 0.9982983768919699 0.0004119594925521755
8.309941949353396 0.9989991079195292 0.0003160694351213731
8.703591361485167 0.9982992474595037 0.0004119596847187352
9.115888299750829 0.9988996012117048 0.0003314799021105072
9.547716114208056 0.9984998273005312 0.0003870076897366302
10.0 0.9989998076524538 0.00031606955590418514
