0.001 0.012600245331612676 0.00013663259670554175
0.0010473708979594498 0.014254167216514298 0.000155359900517797
0.001096985797892384 0.016045129818162383 0.00017192561038803896
0.0011489510001873086 0.01814078908523294 0.0001918322729105099
0.0012033778407775893 0.019788850190831958 0.00021189371533736684
0.0012603829296797275 0.022470216121820614 0.00023653889529443354
0.001320088400831418 0.02496682737510264 0.0002630964251189436
0.0013826221737646563 0.02758093176183276 0.0002923957585012493
0.001448118227674533 0.03195126280893219 0.0003247246582052705
0.0015167168884709225 0.034559072675753935 0.00035099018599475456
0.0015885651294280528 0.03824092605063361 0.0003884560776475288
0.001663816886076129 0.04230225365488151 0.0004273094681880645
0.0017426333860096508 0.04672991269064324 0.000465204957486796
0.0018251834943190425 0.05179261948854653 0.0005144256860754636
0.0019116440753857017 0.05876554246535807 0.0005662607467542414
0.0020022003718155844 0.0631639871298461 0.0006062006693463169
0.002097046401323233 0.07023826827740881 0.0006790607117212467
0.002196385372416547 0.07705055797782087 0.0007312672232887399
0.002300430119772917 0.08655682526466524 0.0008023993465578165
0.0024094035602395245 0.0920384865036719 0.0008583540046389263
0.0025235391704347657 0.10278839118141157 0.0009343589239332425
0.0026430814869741054 0.11284010242006864 0.0010136503660873838
0.0027682866303920667 0.12274673574641841 0.001077292217087925
0.002899422853882875 0.13425617873453385 0.0011709106688956778
0.0030367711180354575 0.14122649949987823 0.0012297955475073364
0.0031806256927941192 0.15606841184393033 0.0013334320117456167
0.0033312947879346735 0.16896020213198357 0.0014187854894633783
0.0034891012134067737 0.18475522264440727 0.0015161386182246828
0.0036543830709572546 0.19495430599670663 0.0015822643962146662
0.003827494478516311 0.21303388883687957 0.0016763942099674535
0.004008806328898464 0.2272733424098242 0.001764440423854606
0.00419870708444391 0.24737864225493053 0.0018844843375122285
0.004397603609302721 0.25837696882953193 0.0019463707491693286
0.004605922041145104 0.2804138460138872 0.0020589620738078267
0.004824108704165369 0.29428530754674787 0.0021290754763000647
0.00505263106533568 0.31942687241803075 0.0022140851253918195
0.005291978735958442 0.3359677535454355 0.0023257133555311493
0.005542664520663107 0.3506552996027068 0.0024064186639361986
0.005805225516094896 0.37747198763726675 0.0024588637418075858
0.006080224261649427 0.3911053210095504 0.0025495208975336646
0.006368249944718587 0.41777438024994246 0.0026197408853109085
0.006669919663030122 0.4386178573898741 0.00266974556995807
0.0069858797467852495 0.45630707939806864 0.0027513599445045966
0.007316807143427192 0.476874224688759 0.0027957640659087356
0.007663410868007463 0.4995371182590887 0.002845915876863784
0.008026433522257174 0.5158688328998815 0.0028930573539968944
0.008406652885618326 0.5400112060132519 0.0029404942333674977
0.008804883581643464 0.5568848144576657 0.0029556805471581326
0.009221978823334321 0.5818277209359322 0.002989097670804634
0.009658832241158708 0.5938114384940288 0.0029895542752402726
0.01011637979766207 0.6160344557004611 0.0030138554381288025
0.010595601792776159 0.6312959860445321 0.0030252265085319186
0.011097524964120722 0.656867906662577 0.003009207608705167
0.011623224686798524 0.6665265311023544 0.003012609411891546
0.012173827277396614 0.6849386846343206 0.0030275459716884324
0.012750512407130135 0.7080923036694349 0.0029710213841323985
0.013354515629298987 0.7210238542064524 0.0029498313726848465
0.013987131026472387 0.741376228513539 0.0028775740040946733
0.014649713983072856 0.7532981386650884 0.002869765371929168
0.015343684089300124 0.7621117829207898 0.0028798162853218966
0.01607052818261639 0.7811173734276421 0.0028068340872542193
0.016831803533309566 0.7902588641605919 0.0028088994762753665
0.01762914118095948 0.8010673116856882 0.002741853771700959
0.018464249428955436 0.8163472056965646 0.002671674949260156
0.01933891750455231 0.8217847254182888 0.0026788556858301214
0.020255019392306676 0.8397571871800273 0.0025482950229080976
0.021214517849106298 0.8428947695627903 0.002570954204901785
0.02221946860939524 0.8529627294103 0.002506232343725975
0.023272024789604086 0.8602147089477987 0.0024544468225050488
0.024374441501222206 0.8690343225972581 0.0024143736937283617
0.025529080682395178 0.8724660648596071 0.0024249906312254783
0.026738416158399468 0.8869521773264363 0.0022710235242867274
0.02800503894183631 0.8867627019690766 0.0023105670114031062
0.02933166278390044 0.8990678738410303 0.0021928059469169896
0.030721129988617576 0.9057655765201196 0.0021491933544650287
0.03217641750250737 0.9134697942217106 0.002055159434770599
0.03370064329271928 0.9134308943014213 0.002066496165296928
0.0352970730273065 0.9201562509636838 0.0019979356208002564
0.036969127071950283 0.9261523050484868 0.0019732182896387905
0.03872038781812555 0.9291281724426783 0.001926388696610115
0.040554607358408296 0.9364402698377966 0.0018167876591991961
0.04247571552536898 0.9363589968567334 0.0018372101394102062
0.04448782831127585 0.9384953041005516 0.001840468289986599
0.046595256686646824 0.9440349506311395 0.001773150238539142
0.04880251583654431 0.9461145959374473 0.0017204045815325999
0.051114334834401684 0.9478603047824122 0.0016865367059384398
0.053535666774107246 0.9543145313407247 0.0015980312915217507
0.05607169938205458 0.9529098598994374 0.0016253246395910826
0.05872786613189483 0.9562949054188034 0.001579293572581332
0.061509857885805014 0.9601557487276352 0.0015058404265410913
0.06442363508721373 0.9602295517195313 0.0015197263207881167
0.06747544053110693 0.96577159119362 0.001397396021150597
0.07067181273927492 0.9656252095960525 0.0014231003676587167
0.07401959996915644 0.9673283281797447 0.0013885025530404578
0.0775259748862946 0.9725451933823075 0.001257150357324602
0.08119844993184012 0.9719975125367529 0.001311685609072785
0.08504489341802678 0.9737777029102641 0.0012455899802409668
0.0890735463861044 0.9745536741011916 0.0012196365039577359
0.09329304026284686 0.9739098639300315 0.0012800499880620511
0.09771241535346496 0.9764040946205489 0.0012097335123697455
0.10234114021054527 0.9761896950096156 0.0012078304778824845
0.10718913192051276 0.9791006558619881 0.001145685668257862
0.11226677735108136 0.9795268615110275 0.0011362917599605663
0.1175849554052157 0.9802530345220697 0.0011153603208969112
0.12315506032928261 0.9814598660199212 0.0010748572673586036
0.1289890261253308 0.9837050925501549 0.0010021316018745583
0.13509935211980265 0.983596190611267 0.0010230085974078924
0.1414991297434576 0.9852909508097948 0.000970934489561306
0.14820207057988585 0.9853914230590081 0.0009730658061609789
0.1552225357427048 0.9846264672754527 0.001005783480451059
0.1625755666443795 0.9860845264306681 0.0009637133442159424
0.17027691722258995 0.9894992353192079 0.0008114918139497941
0.17834308769319093 0.987490135980873 0.0009320614543278595
0.1867913599020783 0.9882545494171955 0.000896350973988467
0.19563983435170648 0.9901230626300901 0.0008107649647793478
0.20490746898158482 0.9891529997649378 0.0008741952694508845
0.21461411978584036 0.990792060789931 0.0007900022888639292
0.22478058335487253 0.9911056123065045 0.0007589888291031693
0.2354286414322418 0.9912483960899701 0.000749851881636831
0.2465811075822604 0.9890022421792489 0.0008806358619008592
0.2582618760682677 0.9907848904892482 0.0008006803284466151
0.27049597304631345 0.9908186814905695 0.0008086907265112284
0.2833096101839324 0.9929879196099297 0.0006934345495389507
0.29673024081888694 0.9925527289540154 0.000713255461606023
0.3107866187782014 0.9910367611151146 0.0008080654187649898
0.325508859983506 0.9937802473093045 0.0006375632669066777
0.3409285069746811 0.9928510601106711 0.0007026697804428071
0.35707859649004625 0.9926321848625385 0.0007346511103283887
0.3739937302478798 0.9928271298524615 0.0007218625214388155
0.39171014908092605 0.9943531787862514 0.0006206327977688938
0.41026581058271944 0.9941566908382264 0.0006449784205954963
0.4297004704320839 0.9943460494069983 0.000623764417534056
0.4500557675700497 0.9950567801983691 0.0005981638298971573
0.4713753134116724 0.9949219973506435 0.0006185636999967921
0.4937047852839004 0.9946387787251304 0.0006449470988456051
0.517092024289676 0.9940490635546334 0.0006681702589450104
0.5415871378079471 0.9944141581041424 0.0006598816699547348
0.5672426068491978 0.9945307143342755 0.0006504342249725354
0.5941133984965034 0.9957027679700615 0.0005699228342089069
0.6222570836730231 0.9952978362469097 0.000610265437488693
0.6517339604882427 0.9954272263941615 0.0005859509385140837
0.6826071834272386 0.9962878484980312 0.0005324595666114005
0.7149428986597577 0.9951385099122293 0.0006083775109322082
0.7488103857590023 0.9964683611054236 0.0005053951951195083
0.7842822061337682 0.9965915070924682 0.0005199018388218226
0.821434358491943 0.9964460637255079 0.0005170088191818714
0.8603464416684501 0.9970872827919891 0.0004600267636803526
0.9011018251665018 0.9955896453115832 0.0005889859311288473
0.9437878277775381 0.997299550118685 0.0004539696912152091
0.9884959046625587 0.9977809925036123 0.0004168554039842815
1.0353218432956626 0.9976061353246474 0.00041571516302668936
1.0843659686896108 0.9979123870002904 0.0003925803050588086
1.135733358343105 0.9970381406767661 0.0004807387312955788
1.1895340673703196 0.9979075855665078 0.0004104966317871004
1.2458833642950082 0.9970847072545838 0.00048021592437296894
1.3049019780144029 0.9973271604435762 0.000459607915750803
1.3667163564620073 0.9977276431728355 0.0004176560313430119
1.4314589375234785 0.9976407175255788 0.00042795196393037956
1.4992684327860455 0.9975523548131616 0.00044826606076745477
1.5702901247293775 0.9966532296442874 0.0005180156246704613
1.6446761779946644 0.9977655411693015 0.0004198596368234098
1.7225859653987874 0.9971151984152903 0.0005042252477550302
1.8041864093920719 0.9971979540934711 0.00047235705089694634
1.8896523396912097 0.9982464204152613 0.0003440462495129112
1.9791668678535574 0.9968649410124277 0.0005158373355020331
2.072921779595372 0.9985909345899731 0.000327610030711883
2.171117945694505 0.9979420677493482 0.0004101827512953553
2.2739657523579275 0.9974560954999572 0.00045759831452607346
2.381685551976158 0.9981275428976787 0.0003910764632649181
2.4945081352303164 0.9988348117324438 0.00029902872629907525
2.612675225563329 0.9982874930303095 0.00037331857184318736
2.736439997074672 0.9984363545016544 0.0003571951670259513
2.8660676169482504 0.9983559487607385 0.00036932475002515985
3.001835813575589 0.9983826972613752 0.0003787697197903931
3.1440354715915 0.9986618173898589 0.0003368391191461643
3.2929712550971515 0.9984506255920335 0.0003648626603454071
3.44896226040576 0.9977835109391464 0.000449515569437935
3.6123426997094303 0.9988954195828721 0.00031771122268606754
3.7834626171319288 0.998457485589148 0.00037551884001424125
3.9626886387014784 0.9987465207154242 0.00034675656700339686
4.150404757850477 0.9984722635800024 0.00037493426577829266
4.347013158125026 0.9985718854213105 0.00036121500317553857
4.552935074866948 0.9982203502325672 0.00041235213922826184
4.768611697714469 0.9982272622625776 0.0004122487668058789
4.99450511585514 0.9980585661794379 0.00043559740415323835
5.2310993080562636 0.9988690307911596 0.0003315804196398783
5.478901179593945 0.9979620850960189 0.000446829347609242
5.738441648302393 0.997979083007465 0.00044679165917287653
6.010276782070382 0.9986883688200618 0.00036033523524602084
6.294988990221888 0.9985847845707547 0.0003739162028414794
6.593188271333548 0.9981925180564769 0.0004238848734717919
6.905513520162331 0.998992860405009 0.00031607310328963265
7.2326338964835335 0.9981917025174222 0.000423882218344436
7.575250258771913 0.9984967002969614 0.00038700764359313774
7.934096665797492 0.9989974328588674 0.000316069601202283
8.309941949353396 0.9983983248204055 0.000399679493468502
8.703591361485167 0.998698446861539 0.00036032033901033106
9.115888299750829 0.9983990711563269 0.00039967957704599454
9.547716114208056 0.9987994210560337 0.0003462020895409208
10.0 0.9978994720001092 0.0004577759208391041
