0.001 0.012774531248864547 0.00014000240833511978
0.0010473708979594498 0.014171186846705677 0.00015430981774479046
0.001096985797892384 0.01639463827754051 0.000176475149156163
0.0011489510001873086 0.018257213809731068 0.0001946176887231373
0.0012033778407775893 0.020057900249872945 0.00021197214171517572
0.0012603829296797275 0.022518991675211122 0.00023693427741104382
0.001320088400831418 0.025697109714954616 0.00026664642502739023
0.0013826221737646563 0.02795448386137187 0.0002914971945833451
0.001448118227674533 0.031324487785403386 0.00032186235919254714
0.0015167168884709225 0.03566841668484459 0.0003656830197721276
0.0015885651294280528 0.03941700032114878 0.00039723238005011423
0.001663816886076129 0.04378475608173171 0.0004393490964903498
0.0017426333860096508 0.04730002545381418 0.0004768115607260547
0.0018251834943190425 0.05426750741309886 0.0005303801277014707
0.0019116440753857017 0.05931226710603644 0.0005743355688507186
0.0020022003718155844 0.06398001136672073 0.0006249629692101114
0.002097046401323233 0.0712165258964176 0.0006819237685843702
0.002196385372416547 0.07783108838355875 0.0007352890138145613
0.002300430119772917 0.08607367561203885 0.000800654402973255
0.0024094035602395245 0.09551148605220765 0.0008680518318892398
0.0025235391704347657 0.10381051195416927 0.0009343607860684172
0.0026430814869741054 0.11318278039890586 0.0010101337434397246
0.0027682866303920667 0.12405280110396726 0.0010876532437110703
0.002899422853882875 0.1346724515708213 0.0011694315354107338
0.0030367711180354575 0.14514072763667046 0.0012389470613400346
0.0031806256927941192 0.15922913546474418 0.0013423356261747876
0.0033312947879346735 0.17363705472243415 0.0014290756090857856
0.0034891012134067737 0.1835996041247631 0.0015129522185591763
0.0036543830709572546 0.19933509834025373 0.0016053856741291353
0.003827494478516311 0.21582073776345898 0.0016965926339525378
0.004008806328898464 0.23003555596410769 0.0017826198156169046
0.00419870708444391 0.2502529293433021 0.0018829529007606558
0.004397603609302721 0.2658668578544532 0.001973168382686927
0.004605922041145104 0.2824007733487681 0.002057039483075726
0.004824108704165369 0.3014008757863274 0.00215675379066518
0.00505263106533568 0.3207459063831022 0.0022484104393750716
0.005291978735958442 0.3423884143894816 0.002325316048711566
0.005542664520663107 0.35646553736498826 0.0023997083999451876
0.005805225516094896 0.3778997644850311 0.002495481813662499
0.006080224261649427 0.406410349107052 0.0025650902248071728
0.006368249944718587 0.423126270543258 0.0026198148322947863
0.006669919663030122 0.44566657394814263 0.0026843802937628787
0.0069858797467852495 0.45956932984951054 0.002737085978562263
0.007316807143427192 0.4790814505872343 0.0028096218257304194
0.007663410868007463 0.500249937588589 0.0028637731546571326
0.008026433522257174 0.5258087063892951 0.0028608228978542994
0.008406652885618326 0.5401457831380072 0.0029544458642237763
0.008804883581643464 0.5647281538161923 0.002952246091174861
0.009221978823334321 0.5818831950289163 0.0029908281383525105
0.009658832241158708 0.6018098670946244 0.0029827331202344196
0.01011637979766207 0.6266645322635808 0.002984648959904575
0.010595601792776159 0.6444099934861314 0.0029620795564955834
0.011097524964120722 0.6578302198410405 0.0029956719431299106
0.011623224686798524 0.6770230336316392 0.0029970704161856217
0.012173827277396614 0.6912405080571572 0.002990369545670629
0.012750512407130135 0.712338426624792 0.002932384281289167
0.013354515629298987 0.7292774321974383 0.0029214524981866514
0.013987131026472387 0.7336833473322717 0.0029476989423177446
0.014649713983072856 0.7575930923982409 0.0028319176380340707
0.015343684089300124 0.7683002052374822 0.002849231534488427
0.01607052818261639 0.7806854318863404 0.002809907357567111
0.016831803533309566 0.7933061534565904 0.0027406276352701917
0.01762914118095948 0.8068268345858971 0.0027018798759006622
0.018464249428955436 0.8179951451565843 0.0026765628691406335
0.01933891750455231 0.8293078187030727 0.0026230800571574986
0.020255019392306676 0.8391724633388514 0.002564382788251969
0.021214517849106298 0.844350816158358 0.0025719843904596852
0.02221946860939524 0.8582876513501742 0.0024602839746736245
0.023272024789604086 0.8664645381691204 0.0024144561044012027
0.024374441501222206 0.8715331143727965 0.002391177550045295
0.025529080682395178 0.8808396099401292 0.002302897020084818
0.026738416158399468 0.886816161943937 0.00228653814191746
0.02800503894183631 0.8976842671837978 0.0021679309010001206
0.02933166278390044 0.9022037696193452 0.002170022756481659
0.030721129988617576 0.902371341096039 0.002204842689779211
0.03217641750250737 0.9092328368371638 0.0021090927789717043
0.03370064329271928 0.9215535375101032 0.0019540654212305076
0.0352970730273065 0.9226890111447538 0.001968555519111625
0.036969127071950283 0.928470164726915 0.001899144580547894
0.03872038781812555 0.9295577137617427 0.0019401376813127824
0.040554607358408296 0.9366482857791151 0.0018142233186358942
0.04247571552536898 0.9375281639882386 0.0018298275155620952
0.04448782831127585 0.942206784631763 0.0017592586268851543
0.046595256686646824 0.9460065553022505 0.0017229413940667059
0.04880251583654431 0.9504378397574524 0.0016455641479822068
0.051114334834401684 0.9531874250093948 0.0016015976997930015
0.053535666774107246 0.9528940645538718 0.0016250434484145464
0.05607169938205458 0.9551667555662793 0.0015777718858273578
0.05872786613189483 0.9587851420330815 0.0015370831524264062
0.061509857885805014 0.9594439309031327 0.0015398085662448326
0.06442363508721373 0.9632655774976628 0.0014690197192456498
0.06747544053110693 0.9650789948794755 0.0014452497044261888
0.07067181273927492 0.967663346524526 0.0013632857954162829
0.07401959996915644 0.9678933343354748 0.0013747962554187094
0.0775259748862946 0.9743945931443119 0.001216450285067633
0.08119844993184012 0.9738841684322577 0.0012524684641381648
0.08504489341802678 0.9738439896539998 0.001235326838633839
0.0890735463861044 0.9750264458579301 0.0012326724889128364
0.09329304026284686 0.9760179666519329 0.0012192505864279729
0.09771241535346496 0.975941692008923 0.0012183456881132751
0.10234114021054527 0.9796014594397828 0.00113570587974885
0.10718913192051276 0.9792986615203229 0.001133168923256722
0.11226677735108136 0.9812798575421909 0.001086221675084191
0.1175849554052157 0.980806538084278 0.001092534496341626
0.12315506032928261 0.98301063665987 0.0010306504284069997
0.1289890261253308 0.9838406476215461 0.001011436461162856
0.13509935211980265 0.9854081400275198 0.0009500901638606858
0.1414991297434576 0.985052705397271 0.0009903196159179992
0.14820207057988585 0.9855211057876573 0.0009784056793979653
0.1552225357427048 0.985195757405153 0.0010104154699882388
0.1625755666443795 0.9869226261030328 0.0009276943613271902
0.17027691722258995 0.9872575885526438 0.0009020282640950962
0.17834308769319093 0.9865491673774651 0.0009524357867554729
0.1867913599020783 0.9863203648630428 0.0009648175186537651
0.19563983435170648 0.9886320719899946 0.0008635948823184718
0.20490746898158482 0.9894298827861198 0.0008454035430335785
0.21461411978584036 0.9899790421861675 0.000824462702916919
0.22478058335487253 0.9918529421426597 0.0007208182912728808
0.2354286414322418 0.9912353674853268 0.0007622362270613657
0.2465811075822604 0.99218178314377 0.0006944183406516969
0.2582618760682677 0.9927097209439933 0.0006863095440978715
0.27049597304631345 0.9911770631399582 0.0007909723933124991
0.2833096101839324 0.9923559097245764 0.000718269086710484
0.29673024081888694 0.9917921273373537 0.0007746147358372773
0.3107866187782014 0.9938433194213935 0.0006348004794222418
0.325508859983506 0.9932601932316014 0.0006956652935222903
0.3409285069746811 0.9944290375622088 0.0006185052432421097
0.35707859649004625 0.9936482763435214 0.0006714869480007556
0.3739937302478798 0.9935765959845441 0.0006899773600063823
0.39171014908092605 0.9941782181606063 0.0006472928321371306
0.41026581058271944 0.9949659236522773 0.000602606339708738
0.4297004704320839 0.995342798596698 0.0005583171596835771
0.4500557675700497 0.9953634794338897 0.0005661173281852456
0.4713753134116724 0.9954572883095534 0.0005559302383695765
0.4937047852839004 0.9961778873397897 0.0005132986425890048
0.517092024289676 0.995127584375205 0.0005975621024450678
0.5415871378079471 0.9935179097258088 0.0006975251048898806
0.5672426068491978 0.994920429730708 0.0006132333589788009
0.5941133984965034 0.9956686883166942 0.0005794468861738923
0.6222570836730231 0.9960518871958236 0.0005441132774241635
0.6517339604882427 0.9959107148507046 0.0005701524391877153
0.6826071834272386 0.9961167027830581 0.0005448256298397557
0.7149428986597577 0.996541201992586 0.0005176298290067189
0.7488103857590023 0.9954920553330714 0.0006011660970550256
0.7842822061337682 0.9958479674355918 0.0005666182577479031
0.821434358491943 0.9967877997068332 0.0004911965919152781
0.8603464416684501 0.996998548576388 0.0004684924752566776
0.9011018251665018 0.996320265732458 0.0005331525965834823
0.9437878277775381 0.9974610290846726 0.00044373218178958356
0.9884959046625587 0.9970517778084008 0.0004897160635151475
1.0353218432956626 0.9967955754998852 0.000490565677462477
1.0843659686896108 0.9978113218985045 0.00042161232396797905
1.135733358343105 0.9971244070720923 0.0004649936405372528
1.1895340673703196 0.9974726684368769 0.0004434690511356564
1.2458833642950082 0.9978765626530752 0.00039466812365148124
1.3049019780144029 0.9984759543029182 0.0003372608787561665
1.3667163564620073 0.9977441445394782 0.00041557559976564004
1.4314589375234785 0.9975554853171626 0.00044469040422291835
1.4992684327860455 0.9980049802081153 0.0003957488339077166
1.5702901247293775 0.9982692423859088 0.00037526191475331704
1.6446761779946644 0.9976887978265431 0.00043368144828513346
1.7225859653987874 0.9981886180629584 0.00038635737645785105
1.8041864093920719 0.9977037435356894 0.00043711348988804613
1.8896523396912097 0.9982178530871441 0.0003815982624835455
1.9791668678535574 0.9985379709422385 0.000318026722155997
2.072921779595372 0.9981536739800143 0.0003817938576848569
2.171117945694505 0.9986518061513331 0.00031887275117393804
2.2739657523579275 0.9972685021960201 0.0004895731223748375
2.381685551976158 0.9973627018269479 0.00048655707125032116
2.4945081352303164 0.9986199016118051 0.00033965795302415925
2.612675225563329 0.9980848268012542 0.0003963709451901111
2.736439997074672 0.9988444940661393 0.00030638331271417126
2.8660676169482504 0.9980500912203552 0.00041609241963686363
3.001835813575589 0.9982947941095421 0.00039017198384781656
3.1440354715915 0.998488974149256 0.00037544534554079386
3.2929712550971515 0.9987855568573095 0.00033302945172781156
3.44896226040576 0.9988790635082467 0.0003175487737985788
3.6123426997094303 0.998851421860616 0.0003319495796881564
3.7834626171319288 0.998896902623139 0.0003169590330937904
3.9626886387014784 0.9985332772702815 0.0003742992605833067
4.150404757850477 0.9988489481204255 0.0003317626485956465
4.347013158125026 0.9987615392509848 0.0003463655710128078
4.552935074866948 0.9989715065313718 0.0003161765559421708
4.768611697714469 0.9989730963154638 0.0003161488055360967
4.99450511585514 0.9987754342153661 0.0003462515867164103
5.2310993080562636 0.9982820748918675 0.00041198032963412316
5.478901179593945 0.9985821846577866 0.0003739205692157637
5.738441648302393 0.9987871567661827 0.0003462117832686249
6.010276782070382 0.9990886120945112 0.00029987233701903217
6.294988990221888 0.9983911098809529 0.00039968101010001223
6.593188271333548 0.9978956550665711 0.00045777562334953426
6.905513520162331 0.9985966375980999 0.00037390347818167213
7.2326338964835335 0.9988979274844162 0.00033147982439404546
7.575250258771913 0.998898215081514 0.0003314797220146471
7.934096665797492 0.9983986952306574 0.00039967947463245596
8.309941949353396 0.9993992218615984 0.00024487537019555046
8.703591361485167 0.9979997246608233 0.00044676604541183876
9.115888299750829 0.9987995969054322 0.0003462021263192639
9.547716114208056 0.9982998715033613 0.0004119598987086947
10.0 0.9982998663438685 0.00041195989579819153
