0.8114854566873291 0.005146509592571294 0.832437299402489 0.0029184950136749606
0.9012254285303638 0.004283769891656861 0.9003663578378631 0.002426537872549168
0.9346331521411121 0.0035482734836222722 0.9343904587087318 0.0020201175386061337
0.9495098256184752 0.003195030303038538 0.9477985067083726 0.0018301997982538292
0.9590078018743383 0.0030137836524094376 0.9541740059555425 0.001749312290221556
0.9632567103997157 0.0029659900779471565 0.9558334925951227 0.0017425215385702898
0.969082172396696 0.0027220593673351508 0.9630186485599612 0.001588772356173687
0.9717321697033052 0.002472188402861824 0.9695982852941123 0.0014295509468580736
0.9752427606177979 0.002397271921839258 0.9715158573788515 0.0014071954570828169
0.9765632602024056 0.002399163594257056 0.9714679865801082 0.001410412436960301
0.9793224042519921 0.0022197829398686924 0.975672564505834 0.001295009211519477
0.981032019633882 0.0022874283586598134 0.9741903923171247 0.0013710585543020067
0.9810174900335568 0.0021987573845176083 0.9761690583769063 0.0013005999620930703
0.9834938618201939 0.002085715629068023 0.9785898470879069 0.0012426161893617476
0.9845081139041704 0.001927752151526631 0.9817551648699202 0.0011335470034238662
0.9847035523049384 0.0019014934949886664 0.9822646954742645 0.001114224008705276
0.9852118592012674 0.0019472598054643263 0.9813995648397342 0.0011574978993838983
0.985571090176146 0.0020061756087673506 0.98023498116489 0.001206070537385912
0.9861544659455772 0.0020209547503118055 0.9799614861725455 0.0012237342814991382
