0.8162097401949929 0.005061804355813415 0.8388550764983005 0.002850951746644307
0.9022605489094087 0.0040294815680306136 0.9111448677630737 0.002270595425501467
0.9357110682274534 0.003424472078677923 0.9388594084385743 0.00193096949634462
0.9476859639805668 0.0032041296833363628 0.9473546959436837 0.0018264943407828196
0.962660451231474 0.0027913591509826554 0.9607756110664637 0.0016066410090767576
0.9655732574082312 0.0026635577300055196 0.9644213935814383 0.001521048721682561
0.9705934506788867 0.002526734671233478 0.9681647992250204 0.0014606327814587605
0.9735634466502557 0.0023721657736061157 0.9720608291025219 0.0013691077626049005
0.9765071855841615 0.002357637507912912 0.9724567359585439 0.0013720829519430304
0.9770219665604006 0.0022746640166733823 0.9744146759146526 0.0013066399771976204
0.9798480292598006 0.0022196785102560615 0.9756938601384598 0.0013038546070010518
0.9816195935461788 0.0020918354416506364 0.9784585898138605 0.001228887762417581
0.9832015273766698 0.002013590846408249 0.9800732120821968 0.001183373951173575
0.9853929781637666 0.0019637574636384263 0.9810618369298248 0.0011689551860069726
0.9851177327735074 0.0019627771231677275 0.9810872810254719 0.0011705383621889377
0.9864156354182616 0.0019445316382417745 0.9814475499959177 0.0011753138932943336
0.9858452447863093 0.001738555442531403 0.9852533187591758 0.001000513057984888
0.9864859192182932 0.0018825193815479562 0.9826439248823282 0.0011193783967378525
0.9881354497527627 0.001791871038482555 0.9842811051137873 0.0010678566228068665
