0.8066032110019212 0.005339318603072469 0.820036323372531 0.0030299717773880227
0.8957724660536953 0.004472823234294894 0.8910349947712884 0.002542060404644036
0.9275468095271231 0.0038772738776732497 0.9213609465990723 0.0022106420840125682
0.9446355159661929 0.0035008375295974056 0.9372286182472808 0.002015820232997908
0.9541638065213289 0.0032424549876123084 0.9467038649381788 0.0018848888452848809
0.9614383787039821 0.0030278432233357138 0.9539083313080204 0.0017665393203647342
0.964530197143833 0.002886219373283954 0.9582317167400972 0.0016683395506931326
0.9693480462293507 0.0027901613637772854 0.9611905314047022 0.0016520116678315172
0.9741317666240641 0.0026656288333434127 0.9647440001734074 0.0015897292964927577
0.9767833609429354 0.0024989562782039 0.9690682226719273 0.00148963236436929
0.9767564459919909 0.0024396212307147562 0.9705309686698365 0.0014384016544206153
0.9792346046912377 0.0023847969047084 0.9719038598740988 0.0014326108104244495
0.9799801694193598 0.0022720468862107153 0.9745475025016491 0.0013529311827749546
0.9810861748583741 0.002295381287742655 0.9740123098932825 0.0013729534145536487
0.9830544326943371 0.0021280374547646267 0.9776993061141176 0.001266333215346489
0.9827427658769747 0.002191132610393643 0.9763620989294157 0.001306236161595272
0.9834202184419817 0.002088931511691922 0.9785518914030432 0.0012496551571201408
0.9829056258441408 0.002119178186358152 0.9779163839669762 0.0012625995942471945
0.985364737819837 0.002059162996402127 0.9791639707143263 0.0012420040963681887
