0.8109972906065019 0.005208823848331511 0.8289394339733656 0.002953363110724691
0.9007981117201829 0.004217396654411604 0.9030651930225883 0.002379679500555043
0.9331395642582312 0.0037093414698399964 0.928383732705694 0.002139217466066645
0.946923045163448 0.0032826097223615986 0.9447872610691284 0.0018720265505667122
0.9562624563220643 0.0030326849680635576 0.9533901924119437 0.0017329398879689065
0.9647141289054559 0.002869855294501191 0.9587110572204492 0.0016682699520934414
0.9674710461027235 0.002738417691987752 0.9624927233059081 0.0015994040341222753
0.9714381356953111 0.002583121913398367 0.9667990975488973 0.001500873290702973
0.9749119171756139 0.0024170759856841388 0.9710123579530151 0.0014128893005434635
0.9772743616194751 0.0023670544166352336 0.9722495493929321 0.0013891454498849423
0.9790588116850962 0.002250636754983739 0.9749987272797638 0.0013205355563256991
0.979520803717726 0.0022947593279009112 0.974008099716222 0.001354977094789368
0.981591735909402 0.0022220152996126263 0.9756643116955085 0.0013206433728798171
0.9840854617610956 0.001988697247497298 0.9805744467574438 0.0011846936891732485
0.9843638098128595 0.0021008093548343415 0.9783193808997256 0.0012661396853107872
0.9846278576288668 0.0020425668043539294 0.9795254036980532 0.0012277698182690995
0.9850491891284303 0.002046574821770838 0.9794263970175665 0.0012259198107479764
0.984708824673842 0.001980028278415883 0.9807715860988899 0.0011724922368598623
0.9856790429982139 0.0020545432674479052 0.9792670292283776 0.0012432999565489755
