0.812507887449053 0.005121719849168962 0.8343398511283191 0.0028843467594289584
0.9045289931897956 0.004066749889562236 0.9099709963466414 0.002302242933329427
0.9345113048759854 0.0035930976198123073 0.9328054616452595 0.002049950529604792
0.9491675298160919 0.0032481388663538357 0.9460801369377546 0.0018748614020897107
0.9570906166963987 0.0029613717424882622 0.9555667490026608 0.0016922391514319836
0.9667676555236926 0.0026811499057513917 0.964008048127659 0.001547212722965355
0.9692320698051418 0.0026013363881608295 0.9662109160757724 0.0015016271767887366
0.973879805223041 0.0024871858071363363 0.9692704446928434 0.0014645819677002305
0.97681876544138 0.002320678027527564 0.9733536023630178 0.0013550731361050973
0.9782050428062868 0.0022475458350249377 0.9750531503505528 0.001308962833441204
0.9790074405384009 0.002167173661683384 0.9768179475541249 0.0012548684600473638
0.9798227622144319 0.0021885601395844876 0.9763722187203612 0.0012679578911199412
0.9835464315492022 0.002099501857573699 0.9783135451230146 0.0012566223454866248
0.9833344698039751 0.002085163415380112 0.9786103944929935 0.0012288579000805013
0.9835324030365831 0.0019884837380240304 0.9805907085300031 0.0011649744438150872
0.9856089497423235 0.0019026726679698778 0.9822546541395962 0.0011346679332052997
0.9864008521125691 0.0018418118276876554 0.9833830009237656 0.0010934222741929827
0.9854660895654901 0.0019299360386481213 0.9817289251541348 0.0011473604711593208
0.98733984446433 0.0019366253292218108 0.9816076650828374 0.0011704306066406794
