0.8165386751424861 0.005104523883330846 0.8366763764772324 0.0028817182460884
0.9039281768288747 0.004085892208461559 0.9091010831095655 0.002310204993623456
0.9342464438563753 0.0035229059726980044 0.9352216421389509 0.0020036809725660415
0.9490097341208844 0.0032077479844347142 0.9473654932532226 0.0018243037409699377
0.959505511084454 0.0028594601608459883 0.958704077399017 0.0016315549570016124
0.9637105554584185 0.002735711077606231 0.9623758095850109 0.0015670578398346124
0.9702606854602652 0.002578544318514084 0.9668218258396782 0.0014971727741856385
0.973087052692637 0.002458487902007876 0.9699409571140016 0.0014298253061279932
0.9749554701227695 0.002429968718908761 0.9707211570147573 0.0014238891560035079
0.9771240598031731 0.002368695765188769 0.972227818478805 0.001392220917364083
0.9807531321122356 0.0022571668501977127 0.9748510029870892 0.0013488583694143434
0.9819105229234281 0.0021100193386090777 0.978083335721154 0.0012408606019696533
0.9818654245353519 0.0021554131047595735 0.9771091315124307 0.001262022996190662
0.9836554816558921 0.001920657124138605 0.9819049416497623 0.0011144449074461397
0.984936414733241 0.0019437229708942235 0.9814456252759685 0.001147202498591702
0.9856263692349256 0.002005346247404673 0.9802467685402142 0.0011971880820811653
0.9861038504970868 0.0018923638733583212 0.9824377468969011 0.0011217626138754376
0.9863265643768532 0.001795680977723106 0.9842083313903746 0.0010449061624861276
0.9869646921315 0.0017753834247418413 0.984587139690205 0.001034946866520882
