0.001 0.04960631688434023 2.1540311955629653e-05
0.0012067926406393288 0.06887686356482513 2.9074045795895653e-05
0.0014563484775012444 0.0947844395104367 3.961500066170559e-05
0.0017575106248547913 0.12876857539159117 5.088997740808832e-05
0.0021209508879201904 0.17277887981975631 6.637796622092446e-05
0.002559547922699536 0.22848390621663128 8.366535656700572e-05
0.0030888435964774815 0.29648066303463744 9.935792527239571e-05
0.003727593720314938 0.3769445009166339 0.0001126651932774457
0.004498432668969444 0.4679908350511621 0.00012384847870385666
0.005428675439323859 0.5663358491404759 0.00013063063441643187
0.006551285568595509 0.6661677967642988 0.00012732486534334763
0.0079060432109077 0.7605158881003805 0.00011425353860544484
0.009540954763499945 0.8422968526280773 9.422880231301383e-05
0.01151395399326447 0.9063271724053882 6.877244168199623e-05
0.013894954943731374 0.9509625633426589 4.3233578564846705e-05
0.016768329368110076 0.9778784231041685 2.357267736411228e-05
0.020235896477251564 0.9916916166337227 1.0735716858862479e-05
0.02442053094548651 0.9974728638413355 3.871213772503948e-06
0.029470517025518096 0.9994037776484209 1.066237050757873e-06
0.03556480306223128 0.9998965020045373 2.1697260491477926e-07
0.04291934260128776 0.9999875160589732 3.0308797941294276e-08
0.0517947467923121 0.9999990295718111 2.7411045363901817e-09
0.0625055192527397 0.9999999552419111 1.429783907484666e-10
0.07543120063354615 0.9999999989146839 3.979211823901109e-12
0.09102981779915217 0.9999999999875592 5.008603043633424e-14
0.10985411419875583 0.9999999999999436 2.4983308341045065e-16
0.13257113655901082 1.0 2.0775117876176927e-18
0.15998587196060574 1.0 2.0699035705756006e-18
0.19306977288832497 1.0 1.9974143356237502e-18
0.2329951810515372 1.0 7.591847593814708e-19
0.2811768697974228 1.0 0.0
0.3393221771895326 1.0 0.0
0.4094915062380423 1.0 0.0
0.49417133613238334 1.0 0.0
0.5963623316594643 1.0 0.0
0.7196856730011514 1.0 0.0
0.868511373751352 1.0 0.0
1.0481131341546852 1.0 0.0
1.2648552168552958 1.0 0.0
1.5264179671752318 1.0 0.0
1.8420699693267144 1.0 0.0
2.2229964825261934 1.0 0.0
2.6826957952797246 1.0 0.0
3.2374575428176433 1.0 0.0
3.906939937054613 1.0 0.0
4.714866363457389 1.0 0.0
5.689866029018293 1.0 0.0
6.866488450042998 1.0 0.0
8.286427728546842 1.0 0.0
10.0 1.0 0.0
