0.001 0.08150644306896619 2.5886941274466434e-05
0.0012067926406393288 0.11144951564158775 3.447437260545384e-05
0.0014563484775012444 0.15049639790094724 4.416005645927224e-05
0.0017575106248547913 0.20039695430594437 5.550643863479982e-05
0.0021209508879201904 0.26246720653035366 6.881678828869751e-05
0.002559547922699536 0.3369577033116761 7.917974660000691e-05
0.0030888435964774815 0.42338273475405075 9.057272686332158e-05
0.003727593720314938 0.5191091939174137 9.786980210879419e-05
0.004498432668969444 0.6188907103195154 9.755706579161556e-05
0.005428675439323859 0.7168043695706677 9.181528403981677e-05
0.006551285568595509 0.8054702667730584 7.958518105795142e-05
0.0079060432109077 0.8781979010057696 5.985423341625926e-05
0.009540954763499945 0.9322166803409007 4.170355395472715e-05
0.01151395399326447 0.9671057634056813 2.4668025398084404e-05
0.013894954943731374 0.9864684129156022 1.2277316850674617e-05
0.016768329368110076 0.9954444082072332 5.025587555981106e-06
0.020235896477251564 0.9987819128839878 1.5852960889719977e-06
0.02442053094548651 0.9997541227680323 3.7758896531211696e-07
0.029470517025518096 0.9999647187940609 6.472667146560087e-08
0.03556480306223128 0.9999966085424696 7.277151021789794e-09
0.04291934260128776 0.9999997974030884 4.935154707449644e-10
0.0517947467923121 0.9999999933299759 1.9170891757104305e-11
0.0625055192527397 0.9999999998899634 3.560768122095551e-13
0.07543120063354615 0.9999999999992235 2.8343139491579282e-15
0.09102981779915217 0.9999999999999982 8.134079126433646e-18
0.10985411419875583 1.0 5.756054031998178e-19
0.13257113655901082 1.0 2.1236334871006746e-18
0.15998587196060574 1.0 1.0180206354657574e-18
0.19306977288832497 1.0 1.9144829539285863e-18
0.2329951810515372 1.0 0.0
0.2811768697974228 1.0 0.0
0.3393221771895326 1.0 0.0
0.4094915062380423 1.0 0.0
0.49417133613238334 1.0 0.0
0.5963623316594643 1.0 0.0
0.7196856730011514 1.0 0.0
0.868511373751352 1.0 0.0
1.0481131341546852 1.0 0.0
1.2648552168552958 1.0 0.0
1.5264179671752318 1.0 0.0
1.8420699693267144 1.0 0.0
2.2229964825261934 1.0 0.0
2.6826957952797246 1.0 0.0
3.2374575428176433 1.0 0.0
3.906939937054613 1.0 0.0
4.714866363457389 1.0 0.0
5.689866029018293 1.0 0.0
6.866488450042998 1.0 0.0
8.286427728546842 1.0 0.0
10.0 1.0 0.0
