0.001 0.0024510433890282263 1.7104192068645466e-06
0.0012067926406393288 0.004125332741380098 2.8275068413335605e-06
0.0014563484775012444 0.006889214374104919 4.746112768288202e-06
0.0017575106248547913 0.011353756950511199 7.5300097258998475e-06
0.0021209508879201904 0.018505266094467253 1.2334258369007835e-05
0.002559547922699536 0.02976724918052437 1.9442083394502656e-05
0.0030888435964774815 0.0469797155515918 2.8974756313425005e-05
0.003727593720314938 0.07268403413287002 4.11773454298398e-05
0.004498432668969444 0.10975546822693469 5.8231071514568646e-05
0.005428675439323859 0.16143251355994365 8.02435864626635e-05
0.006551285568595509 0.23018814674431318 0.00010359456247262198
0.0079060432109077 0.3170128035475437 0.00012589170837751273
0.009540954763499945 0.42003177117463786 0.00014630149790306532
0.01151395399326447 0.5337700159635834 0.0001542779730299945
0.013894954943731374 0.6499201539302568 0.0001452779264048427
0.016768329368110076 0.7576503184432993 0.00012827239500824318
0.020235896477251564 0.8480519301136723 0.00010004226078874574
0.02442053094548651 0.9149077442754129 6.842765163641569e-05
0.029470517025518096 0.9583007644790253 3.9900161272593716e-05
0.03556480306223128 0.9825641198322764 2.0034585403635748e-05
0.04291934260128776 0.9939441033415677 8.20810683349431e-06
0.0517947467923121 0.9983162775921061 2.721853910538201e-06
0.0625055192527397 0.9996399330988274 6.784771833551724e-07
0.07543120063354615 0.9999443090617212 1.2425031216459093e-07
0.09102981779915217 0.9999940803517098 1.509955812048985e-08
0.10985411419875583 0.999999605423772 1.1561985298405436e-09
0.13257113655901082 0.9999999849878776 5.0725523319594894e-11
0.15998587196060574 0.9999999997077416 1.117643648283942e-12
0.19306977288832497 0.9999999999974538 1.0753139533972556e-14
0.2329951810515372 0.9999999999999917 3.7947401868605147e-17
0.2811768697974228 1.0 0.0
0.3393221771895326 1.0 0.0
0.4094915062380423 1.0 0.0
0.49417133613238334 1.0 0.0
0.5963623316594643 1.0 0.0
0.7196856730011514 1.0 0.0
0.868511373751352 1.0 0.0
1.0481131341546852 1.0 0.0
1.2648552168552958 1.0 0.0
1.5264179671752318 1.0 0.0
1.8420699693267144 1.0 0.0
2.2229964825261934 1.0 0.0
2.6826957952797246 1.0 0.0
3.2374575428176433 1.0 0.0
3.906939937054613 1.0 0.0
4.714866363457389 1.0 0.0
5.689866029018293 1.0 0.0
6.866488450042998 1.0 0.0
8.286427728546842 1.0 0.0
10.0 1.0 0.0
