0.001 0.0019637152884994925 1.490055253794824e-06
0.0012067926406393288 0.003319785503197498 2.5487753780381113e-06
0.0014563484775012444 0.005560353694953305 4.444824980372389e-06
0.0017575106248547913 0.009203953835890349 6.627102941429396e-06
0.0021209508879201904 0.015092873609230706 1.1160035509372459e-05
0.002559547922699536 0.02440129869318657 1.6717397758522614e-05
0.0030888435964774815 0.03876741846190784 2.535152304079772e-05
0.003727593720314938 0.060632832454036965 3.9366179777689584e-05
0.004498432668969444 0.09251983418962775 5.625216893185192e-05
0.005428675439323859 0.1374370435333671 7.390265834345417e-05
0.006551285568595509 0.19887420874669862 9.893369513536986e-05
0.0079060432109077 0.27815784358578255 0.00012949596678679337
0.009540954763499945 0.3743082956162792 0.0001439848985882604
0.01151395399326447 0.48471306021785393 0.00015990867479195547
0.013894954943731374 0.6010563433900982 0.00016093647763949784
0.016768329368110076 0.7138777563315348 0.0001469617656913963
0.020235896477251564 0.8125053183955471 0.00012062924962939219
0.02442053094548651 0.8895152888056306 8.679637533183126e-05
0.029470517025518096 0.9425926068405973 5.517139999688121e-05
0.03556480306223128 0.9742726387672901 2.9456151573935292e-05
0.04291934260128776 0.9902693234401942 1.3068979089911476e-05
0.0517947467923121 0.997012503074543 4.756850350658035e-06
0.0625055192527397 0.9992824245383869 1.3537936738921526e-06
0.07543120063354615 0.9998712860306279 2.8256052301923877e-07
0.09102981779915217 0.9999838144420632 4.124063728066853e-08
0.10985411419875583 0.9999986769066228 3.9308660931635906e-09
0.13257113655901082 0.9999999347055236 2.1677581342164157e-10
0.15998587196060574 0.9999999982759662 6.461698957893111e-12
0.19306977288832497 0.9999999999784368 9.051263046616401e-14
0.2329951810515372 0.99999999999989 5.051035368175427e-16
0.2811768697974228 1.0 2.8666981843472623e-18
0.3393221771895326 1.0 0.0
0.4094915062380423 1.0 0.0
0.49417133613238334 1.0 0.0
0.5963623316594643 1.0 0.0
0.7196856730011514 1.0 0.0
0.868511373751352 1.0 0.0
1.0481131341546852 1.0 0.0
1.2648552168552958 1.0 0.0
1.5264179671752318 1.0 0.0
1.8420699693267144 1.0 0.0
2.2229964825261934 1.0 0.0
2.6826957952797246 1.0 0.0
3.2374575428176433 1.0 0.0
3.906939937054613 1.0 0.0
4.714866363457389 1.0 0.0
5.689866029018293 1.0 0.0
6.866488450042998 1.0 0.0
8.286427728546842 1.0 0.0
10.0 1.0 0.0
