0.001 0.005399399622180034 2.79528494669645e-06
0.0012067926406393288 0.00895848721559043 4.593234914953675e-06
0.0014563484775012444 0.014686850724090149 7.28340244123715e-06
0.0017575106248547913 0.02376707143711326 1.1389034106082947e-05
0.0021209508879201904 0.03786353791438676 1.7810269356880097e-05
0.002559547922699536 0.059123760291653116 2.570360582450962e-05
0.0030888435964774815 0.0904090079836444 3.759499554902447e-05
0.003727593720314938 0.13487049890471098 5.2507566756955024e-05
0.004498432668969444 0.19514702971737757 6.870992544792802e-05
0.005428675439323859 0.273413772985137 8.670959044048844e-05
0.006551285568595509 0.3692854703503052 0.00010339387460398008
0.0079060432109077 0.4784915805393619 0.00011012703923968442
0.009540954763499945 0.5951011732759939 0.00011340822929806092
0.01151395399326447 0.7082316722561529 0.00010445924845758554
0.013894954943731374 0.8078151086592239 8.63866215402936e-05
0.016768329368110076 0.8863346153579892 6.367032037138681e-05
0.020235896477251564 0.9405053584538348 4.0409073285574365e-05
0.02442053094548651 0.9730960441666422 2.2008333779827965e-05
0.029470517025518096 0.9897862874085825 1.0167354351382802e-05
0.03556480306223128 0.9968344480277501 3.7278794095709244e-06
0.04291934260128776 0.9992277104863361 1.055654322421645e-06
0.0517947467923121 0.9998604266651635 2.2979475186740814e-07
0.0625055192527397 0.9999821538946537 3.4093887101990325e-08
0.07543120063354615 0.9999985101848026 3.313819652931667e-09
0.09102981779915217 0.9999999255927898 1.9314141137948403e-10
0.10985411419875583 0.999999997987998 5.954042899455177e-12
0.13257113655901082 0.9999999999741244 8.697368225028921e-14
0.15998587196060574 0.9999999999998647 5.130337274051147e-16
0.19306977288832497 1.0 2.8717244308928795e-18
0.2329951810515372 1.0 0.0
0.2811768697974228 1.0 0.0
0.3393221771895326 1.0 0.0
0.4094915062380423 1.0 0.0
0.49417133613238334 1.0 0.0
0.5963623316594643 1.0 0.0
0.7196856730011514 1.0 0.0
0.868511373751352 1.0 0.0
1.0481131341546852 1.0 0.0
1.2648552168552958 1.0 0.0
1.5264179671752318 1.0 0.0
1.8420699693267144 1.0 0.0
2.2229964825261934 1.0 0.0
2.6826957952797246 1.0 0.0
3.2374575428176433 1.0 0.0
3.906939937054613 1.0 0.0
4.714866363457389 1.0 0.0
5.689866029018293 1.0 0.0
6.866488450042998 1.0 0.0
8.286427728546842 1.0 0.0
10.0 1.0 0.0
