0.001 0.07458022852858537 0.0001860124582788766
0.0012067926406393288 0.10232694366304276 0.00024354539463394264
0.0014563484775012444 0.13844361252533632 0.0003162933193366954
0.0017575106248547913 0.1847902675242052 0.0004019381260887479
0.0021209508879201904 0.24217172659437983 0.0005038404907992119
0.002559547922699536 0.3122046799474791 0.000596783660592393
0.0030888435964774815 0.3941635087011758 0.0007006745317995993
0.003727593720314938 0.4853726440126309 0.0007913600272713855
0.004498432668969444 0.5818253734702635 0.0007939657668748055
0.005428675439323859 0.6804837885242292 0.0008102386690378979
0.006551285568595509 0.7700385623079553 0.0007536281603930209
0.0079060432109077 0.8476216609771685 0.0006957721604839428
0.009540954763499945 0.9084258054134765 0.0005821766596662016
0.01151395399326447 0.9487651557946487 0.000602967667925427
0.013894954943731374 0.9753005034838247 0.00046888025132353454
0.016768329368110076 0.9882485435189221 0.000534768660534122
0.020235896477251564 0.9940615004669918 0.0005420949419229385
0.02442053094548651 0.9962533834293347 0.0005410121001816426
0.029470517025518096 0.9971791554564358 0.0005113523024126735
0.03556480306223128 0.9969381824285356 0.0005445129709351462
0.04291934260128776 0.9973754349002153 0.0005038902896199411
0.0517947467923121 0.9972177499323468 0.0005158652823805056
0.0625055192527397 0.9967928739215058 0.0005490804327514662
0.07543120063354615 0.9979726096527207 0.0004317653112338533
0.09102981779915217 0.9974115119199891 0.00047997269123978596
0.10985411419875583 0.9974359512105974 0.0004674263990480641
0.13257113655901082 0.9979039955578773 0.000410525564245797
0.15998587196060574 0.9977631104160609 0.00040778523701015084
0.19306977288832497 0.9983860429859099 0.0003290520213397183
0.2329951810515372 0.9980029756699882 0.0003419041237155529
0.2811768697974228 0.9988668133516776 0.00023601386495585605
0.3393221771895326 0.998821144321804 0.00021490553024411128
0.4094915062380423 0.9990577419615635 0.0001663025377815929
0.49417133613238334 0.999550319930246 9.576659561157587e-05
0.5963623316594643 0.9997543866324593 5.6294015319340665e-05
0.7196856730011514 0.9997662540315849 4.125467351612444e-05
0.868511373751352 0.9999098896237593 1.799953355671499e-05
1.0481131341546852 0.9999531258756872 8.40578192166417e-06
1.2648552168552958 0.9999801448544893 3.2148043298052014e-06
1.5264179671752318 0.9999969915354097 6.558111076558019e-07
1.8420699693267144 0.9999992550070348 1.4881222822770694e-07
2.2229964825261934 0.9999998218084339 2.8118154831268476e-08
2.6826957952797246 0.9999999910381594 2.0019235316540637e-09
3.2374575428176433 0.9999999991323497 1.5559287855983204e-10
3.906939937054613 0.9999999999606131 6.21515639047312e-12
4.714866363457389 0.9999999999993586 1.0524768304512507e-13
5.689866029018293 0.9999999999999951 8.142396189741935e-16
6.866488450042998 1.0 1.7298115565333844e-18
8.286427728546842 1.0 0.0
10.0 1.0 1.1537776118301385e-19
