0.001 0.059514833301259715 0.00016923007959895598
0.0012067926406393288 0.08172452521768396 0.0002243022117380996
0.0014563484775012444 0.11195575255114454 0.0002961531165805424
0.0017575106248547913 0.14983035277180506 0.0003847898271764255
0.0021209508879201904 0.20033489527447226 0.0004781857458892323
0.002559547922699536 0.2607141466265102 0.0005948205150805256
0.0030888435964774815 0.33340614408832 0.0007106843514316372
0.003727593720314938 0.4186797305609756 0.0008252097698484759
0.004498432668969444 0.5110781304140314 0.0008771231056639184
0.005428675439323859 0.6087805458375875 0.00088979493928218
0.006551285568595509 0.7033792220792756 0.0009003878785159385
0.0079060432109077 0.7906616609832771 0.0008175108304133284
0.009540954763499945 0.864095146820698 0.0007361122854746628
0.01151395399326447 0.9195561056007675 0.0006005278775547408
0.013894954943731374 0.956028884025336 0.0005904491802225228
0.016768329368110076 0.9778482533473778 0.0005935431445770234
0.020235896477251564 0.9900720255651546 0.0005156288118954462
0.02442053094548651 0.99499374153633 0.0005130441397663133
0.029470517025518096 0.9972112719033829 0.00046154007106357536
0.03556480306223128 0.9971323391021899 0.0005175230403674652
0.04291934260128776 0.9972620664022408 0.0005131024913832857
0.0517947467923121 0.9969282137843811 0.0005418089309566422
0.0625055192527397 0.9965097697335068 0.0005727062697802597
0.07543120063354615 0.9975118342134097 0.0004781998620397757
0.09102981779915217 0.997590028230542 0.00046317270973051647
0.10985411419875583 0.9976923560884429 0.0004435063289171651
0.13257113655901082 0.9977427644469404 0.000425979796109554
0.15998587196060574 0.9968683545824853 0.0004822075419694236
0.19306977288832497 0.9981842983591487 0.00034895989173003734
0.2329951810515372 0.9983553917282254 0.00031036632191193457
0.2811768697974228 0.9989160823363873 0.00023083768116346159
0.3393221771895326 0.9987032587539842 0.00022536090813324913
0.4094915062380423 0.9993816431622761 0.00013479476672839812
0.49417133613238334 0.9997342799587817 7.364956056198204e-05
0.5963623316594643 0.9995863353809841 7.300916853621215e-05
0.7196856730011514 0.9998027768391498 3.7904340288356956e-05
0.868511373751352 0.9998702410582133 2.158752751712305e-05
1.0481131341546852 0.9999531258756872 8.40578192166417e-06
1.2648552168552958 0.9999864149004402 2.6607914325517e-06
1.5264179671752318 0.9999955589332238 7.96401839362112e-07
1.8420699693267144 0.9999990464090046 1.6830273243591429e-07
2.2229964825261934 0.9999998841754821 2.2685508007371067e-08
2.6826957952797246 0.9999999883496073 2.281857775086988e-09
3.2374575428176433 0.9999999990203947 1.6529348806432666e-10
3.906939937054613 0.99999999997046 5.385184694618869e-12
4.714866363457389 0.99999999999948 9.480359869538115e-14
5.689866029018293 0.9999999999999957 7.589719694927161e-16
6.866488450042998 1.0 2.135325743809934e-18
8.286427728546842 1.0 0.0
10.0 1.0 1.489520491948364e-19
