0.001 0.06612243145666247 0.0001750932313021541
0.0012067926406393288 0.09072382803038193 0.0002322982265241355
0.0014563484775012444 0.12375532664908824 0.00030625512477661885
0.0017575106248547913 0.16577609933291218 0.0003957753816631631
0.0021209508879201904 0.21852385725553714 0.0004878640757278762
0.002559547922699536 0.2837411483244627 0.000607634539300438
0.0030888435964774815 0.36177739562968986 0.000697338540759534
0.003727593720314938 0.4502103073974618 0.0007873921122824036
0.004498432668969444 0.5442556298467465 0.0008493808067965724
0.005428675439323859 0.6426154310715341 0.000868384956291867
0.006551285568595509 0.7360333915231633 0.0008404664135573918
0.0079060432109077 0.8197867373237235 0.0007408011931031212
0.009540954763499945 0.8859108690889392 0.0007079201244268129
0.01151395399326447 0.9338314092223007 0.0006368891641686427
0.013894954943731374 0.9668226997829812 0.0005214032102566153
0.016768329368110076 0.983371980248094 0.0005886922810942418
0.020235896477251564 0.9931562101804866 0.0004544230274374127
0.02442053094548651 0.9956121700091382 0.0005408048444856212
0.029470517025518096 0.9976937289629484 0.00044019361197998044
0.03556480306223128 0.9971993997355868 0.0005175563776621411
0.04291934260128776 0.9975645179208643 0.0004849147198122989
0.0517947467923121 0.9967375865367967 0.0005584285547490723
0.0625055192527397 0.9969814998960254 0.000532739695596899
0.07543120063354615 0.9985255333269657 0.00036832138436773985
0.09102981779915217 0.9978578029520749 0.0004367490935033037
0.10985411419875583 0.9971795463315584 0.0004901671802268585
0.13257113655901082 0.997903995557877 0.00041052556424579697
0.15998587196060574 0.997539421457667 0.0004276244135344111
0.19306977288832497 0.9977808091056262 0.0003856736082188578
0.2329951810515372 0.9985903357670505 0.0002874010033804557
0.2811768697974228 0.9982755855351616 0.0002909687085866766
0.3393221771895326 0.9988211443218039 0.00021490553024411128
0.4094915062380423 0.9992049697800692 0.00015279694264037916
0.49417133613238334 0.9995094399239047 0.00010001492184644225
0.5963623316594643 0.9995604813422957 7.524857822748404e-05
0.7196856730011514 0.9997808631546108 3.9948672959220736e-05
0.868511373751352 0.99990268079366 1.8703788631121338e-05
1.0481131341546852 0.9999561500127394 8.130922670480807e-06
1.2648552168552958 0.9999822348698062 3.04151090215724e-06
1.5264179671752318 0.9999968482751911 6.712104350704032e-07
1.8420699693267144 0.9999988974104117 1.8092896144171803e-07
2.2229964825261934 0.9999998663563255 2.4363257740443715e-08
2.6826957952797246 0.9999999861091472 2.491000765311753e-09
3.2374575428176433 0.9999999990763722 1.6051745660497484e-10
3.906939937054613 0.9999999999753832 4.917211094162667e-12
4.714866363457389 0.9999999999994281 9.94158925324621e-14
5.689866029018293 0.9999999999999957 7.589719694927161e-16
6.866488450042998 1.0 1.849246339494305e-18
8.286427728546842 1.0 0.0
10.0 1.0 8.005932084973441e-20
