0.001 0.0987061116972589 0.0002043421607658474
0.0012067926406393288 0.13310902755353393 0.000266958279300628
0.0014563484775012444 0.17803371538391813 0.00033694449257618003
0.0017575106248547913 0.23574087265810184 0.0004194168294979865
0.0021209508879201904 0.3043822321279259 0.0005068600171219524
0.002559547922699536 0.3849994724474498 0.0005947790647962939
0.0030888435964774815 0.47472995532518314 0.0006504975957106505
0.003727593720314938 0.5731684854067185 0.0006906010545815936
0.004498432668969444 0.6707341175792547 0.0007125418635036651
0.005428675439323859 0.7631162731669758 0.0006554965606442572
0.006551285568595509 0.8417612883793403 0.0006678306725295954
0.0079060432109077 0.904350789568895 0.0005628889507768251
0.009540954763499945 0.9474492230281436 0.0005502625512769471
0.01151395399326447 0.9732577421929034 0.0006054161365542902
0.013894954943731374 0.9878889073750761 0.0005434557624232548
0.016768329368110076 0.9947131331113802 0.0004758385318621333
0.020235896477251564 0.9962321224575013 0.0005426578071252274
0.02442053094548651 0.996775306837313 0.0005502096932612444
0.029470517025518096 0.9963300015373832 0.000598381787397814
0.03556480306223128 0.9974508181163028 0.0004988075572177871
0.04291934260128776 0.9983490434298956 0.00040003439988263163
0.0517947467923121 0.9968342044446079 0.000550183076670158
0.0625055192527397 0.9973588435697996 0.0004984323496012185
0.07543120063354615 0.997051068830781 0.000520467554469089
0.09102981779915217 0.9983040940178108 0.0003886977256047448
0.10985411419875583 0.9967522048667672 0.0005258599515677164
0.13257113655901082 0.997500917780546 0.0004481521617522089
0.15998587196060574 0.9972411695131419 0.0004527090950761788
0.19306977288832497 0.9981170501502283 0.00035534554291622475
0.2329951810515372 0.9981791836991067 0.00032652097439884927
0.2811768697974228 0.9983248545198712 0.000286796279280209
0.3393221771895326 0.99901762026817 0.00019623019774405034
0.4094915062380423 0.9991460786526668 0.00015833912107221214
0.49417133613238334 0.9993663599017103 0.00011362858637098926
0.5963623316594643 0.9997543866324593 5.6294015319340665e-05
0.7196856730011514 0.9997954722776367 3.859795551824489e-05
0.868511373751352 0.9998846587184118 2.0357001008893122e-05
1.0481131341546852 0.9999576620812657 7.989905158845857e-06
1.2648552168552958 0.9999874599080986 2.556662012651888e-06
1.5264179671752318 0.999996131974098 7.433963100460339e-07
1.8420699693267144 0.9999992252073163 1.5175168394618838e-07
2.2229964825261934 0.9999998797206928 2.3116492827418796e-08
2.6826957952797246 0.9999999856610552 2.530732368765402e-09
3.2374575428176433 0.9999999991323497 1.5559287855983204e-10
3.906939937054613 0.9999999999625823 6.0583932967041904e-12
4.714866363457389 0.9999999999994627 9.636587333677117e-14
5.689866029018293 0.9999999999999969 6.475459064455792e-16
6.866488450042998 1.0 2.2331771168436428e-18
8.286427728546842 1.0 0.0
10.0 1.0 1.4217791915866693e-19
