0.001 0.17859286091656787 0.00023145306215834082
0.0012067926406393288 0.2109936784491263 0.0002701621435751339
0.0014563484775012444 0.2489899719007764 0.00030222974183609667
0.0017575106248547913 0.2909883160298602 0.00036042473779707406
0.0021209508879201904 0.3404975044075087 0.0004020352462908662
0.002559547922699536 0.39509078256412733 0.00044099217010412016
0.0030888435964774815 0.45201752764867914 0.0005192141318610656
0.003727593720314938 0.5181354144876427 0.0005153924423903358
0.004498432668969444 0.5844170749016653 0.0005761101837379904
0.005428675439323859 0.6518337547150455 0.0005861478888422179
0.006551285568595509 0.7207548462390476 0.0005789048705018818
0.0079060432109077 0.7825284236973523 0.0006252250229075875
0.009540954763499945 0.8411864911862369 0.000572797184752551
0.01151395399326447 0.8902848052749927 0.0005398168316099667
0.013894954943731374 0.9289580421734396 0.0005611834653818946
0.016768329368110076 0.9568495083354377 0.0005753656372262134
0.020235896477251564 0.9776981238552309 0.00036356552737000676
0.02442053094548651 0.9871656689433738 0.0005371121481272524
0.029470517025518096 0.9938184699883331 0.00046279308661941956
0.03556480306223128 0.9962911528324037 0.00046536871500334545
0.04291934260128776 0.9964147594855979 0.0005377835931248417
0.0517947467923121 0.9973728397791624 0.00047238309999695434
0.0625055192527397 0.9979346955808481 0.0004185169052485683
0.07543120063354615 0.9971001238860095 0.0004890728468246812
0.09102981779915217 0.9976901532952974 0.00042828605242633226
0.10985411419875583 0.9975684775741589 0.00042914732712167854
0.13257113655901082 0.9977745162094076 0.0003990886366385572
0.15998587196060574 0.99725159073742 0.0004283485894475783
0.19306977288832497 0.9985805993703385 0.00029562493435774897
0.2329951810515372 0.998882985805248 0.00024952207015160665
0.2811768697974228 0.9987621839740285 0.00024725355753691086
0.3393221771895326 0.9990152784026437 0.00020509238300825828
0.4094915062380423 0.9992096436863208 0.00016831907520957232
0.49417133613238334 0.9993313665105917 0.00013925929528713258
0.5963623316594643 0.9993470110633265 0.00012108105111281087
0.7196856730011514 0.9993879133140876 0.00010044009989288042
0.868511373751352 0.9997491301685107 5.342676120050526e-05
1.0481131341546852 0.9997452620392036 4.298315572752104e-05
1.2648552168552958 0.9998856951491132 2.1968261465554103e-05
1.5264179671752318 0.9999449632528067 1.0993581641586987e-05
1.8420699693267144 0.9999770001089583 4.790290448930997e-06
2.2229964825261934 0.9999861096004988 2.310895706487468e-06
2.6826957952797246 0.9999975547118436 5.462359974992173e-07
3.2374575428176433 0.9999989613862892 1.7781771875721984e-07
3.906939937054613 0.9999997822904614 3.5249984270306494e-08
4.714866363457389 0.9999999817564172 3.7194842983166984e-09
5.689866029018293 0.9999999977416807 3.866396171008641e-10
6.866488450042998 0.9999999998878099 1.9800852728154814e-11
8.286427728546842 0.9999999999972806 5.226611530991322e-13
10.0 0.9999999999999667 6.795479951724721e-15
