0.001 0.16585181286108686 0.00023960057168328304
0.0012067926406393288 0.1968238991531627 0.0002695420999156242
0.0014563484775012444 0.2322981787245999 0.0003120143070484334
0.0017575106248547913 0.27298032360512936 0.00036230261207692143
0.0021209508879201904 0.31882910329191266 0.0004125951574813977
0.002559547922699536 0.3707278771056468 0.00045034892547745107
0.0030888435964774815 0.427824101020003 0.000517042645216894
0.003727593720314938 0.48953126333739055 0.0005763207252443624
0.004498432668969444 0.5550711316711378 0.0005637248582094754
0.005428675439323859 0.6238557983892035 0.0006111742259408129
0.006551285568595509 0.6912305609259607 0.0006083845446795967
0.0079060432109077 0.7567564903066679 0.0006197510747863251
0.009540954763499945 0.8178262203354836 0.000576160979939669
0.01151395399326447 0.8691214585283443 0.0006107673604095296
0.013894954943731374 0.9130028687082329 0.0004989890256325144
0.016768329368110076 0.9459438610951837 0.0005329752247575248
0.020235896477251564 0.9686926314715347 0.0005240026444519794
0.02442053094548651 0.9832772174798751 0.0005136633682221795
0.029470517025518096 0.9915283862521306 0.00048082851972095603
0.03556480306223128 0.9949324239248505 0.0005077165765503659
0.04291934260128776 0.9968902223186147 0.0004658088630225743
0.0517947467923121 0.9972834376080678 0.0004723378252796996
0.0625055192527397 0.997061014956125 0.0004978744253282283
0.07543120063354615 0.9981738770536771 0.00038800068314617136
0.09102981779915217 0.9976898397048106 0.00042828588335881495
0.10985411419875583 0.9977204264748986 0.0004155617845813109
0.13257113655901082 0.9981334644305936 0.00036558138406898004
0.15998587196060574 0.9979889688174537 0.0003666112206899037
0.19306977288832497 0.9985188862993593 0.00030196805288580387
0.2329951810515372 0.9981010758689212 0.0003251087036254513
0.2811768697974228 0.9988612092561063 0.00023718105507175308
0.3393221771895326 0.9987155805251874 0.00023414982291374196
0.4094915062380423 0.9988503908164666 0.00020289869322404048
0.49417133613238334 0.9993604375318704 0.00013620510307965213
0.5963623316594643 0.9995721796621794 9.805543115320031e-05
0.7196856730011514 0.9994706277311028 9.343083121357156e-05
0.868511373751352 0.999714920646035 5.69445563551027e-05
1.0481131341546852 0.999774374949009 4.046059531775284e-05
1.2648552168552958 0.9998391265061595 2.6047495057158272e-05
1.5264179671752318 0.9999537691323578 1.007780401108295e-05
1.8420699693267144 0.999975000118433 4.993722431898954e-06
2.2229964825261934 0.9999845662227766 2.4354089670132692e-06
2.6826957952797246 0.9999975547118436 5.462359974992173e-07
3.2374575428176433 0.9999990530286754 1.6981724046795046e-07
3.906939937054613 0.9999997708320647 3.6162090222973944e-08
4.714866363457389 0.9999999718744766 4.615245587880481e-09
5.689866029018293 0.999999997475996 4.0866883437717956e-10
6.866488450042998 0.9999999999263751 1.6049372187093706e-11
8.286427728546842 0.9999999999967769 5.688587393046803e-13
10.0 0.9999999999999625 7.20661109712342e-15
