0.001 0.0048312479889351155 1.872168255641297e-05
0.0012067926406393288 0.008035793239664022 3.0310727016941945e-05
0.0014563484775012444 0.013182153412524772 4.8407154155679784e-05
0.0017575106248547913 0.02135119959200554 7.564181860159389e-05
0.0021209508879201904 0.033945653821354255 0.00011831587177956054
0.002559547922699536 0.05309861064133025 0.0001762685103620828
0.0030888435964774815 0.08147843422436601 0.00025721973654585143
0.003727593720314938 0.12175714834592996 0.00036597596221682005
0.004498432668969444 0.17601004082333394 0.00048399169597433526
0.005428675439323859 0.2491552005304463 0.0006224179358873911
0.006551285568595509 0.33723222769612465 0.0007562262779540814
0.0079060432109077 0.44097111886379664 0.0008574026821661988
0.009540954763499945 0.5540261094176717 0.0009138043066199301
0.01151395399326447 0.664271138142455 0.000923602450341262
0.013894954943731374 0.7664459563778071 0.0008109530565989921
0.016768329368110076 0.8523513496091151 0.0007342651345871004
0.020235896477251564 0.9146360527382636 0.0006414287724119564
0.02442053094548651 0.9560821887455815 0.0005771520569545669
0.029470517025518096 0.9795711743680698 0.0005246881805215796
0.03556480306223128 0.9902333428827602 0.0005546389239294161
0.04291934260128776 0.9952521240346337 0.0005176804409144333
0.0517947467923121 0.9965990527427231 0.0005365287013759969
0.0625055192527397 0.9965177485081927 0.000580287887019131
0.07543120063354615 0.9977984963740221 0.00046614101327733506
0.09102981779915217 0.9971232003835877 0.0005332002160957412
0.10985411419875583 0.9970414724546476 0.0005393257032188246
0.13257113655901082 0.997458367671057 0.0004978061765650139
0.15998587196060574 0.9971074744209922 0.0005273077481264567
0.19306977288832497 0.9977346985262687 0.0004618475103343678
0.2329951810515372 0.9968925836786484 0.0005320107714282936
0.2811768697974228 0.9979959891522916 0.00041738432612254626
0.3393221771895326 0.997561036108299 0.00044462340733200157
0.4094915062380423 0.9976418020662108 0.0004162069040357245
0.49417133613238334 0.9985850436422881 0.0003013376896848918
0.5963623316594643 0.9989838432293503 0.00023290077973590003
0.7196856730011514 0.9986601163333336 0.00023648092667742917
0.868511373751352 0.9992385792690595 0.00015209367188442723
1.0481131341546852 0.9993711941657805 0.00011276167375934622
1.2648552168552958 0.9995375229916362 7.488099687408251e-05
1.5264179671752318 0.9998643382673134 2.957271674844851e-05
1.8420699693267144 0.9999257478482283 1.4831855699957178e-05
2.2229964825261934 0.9999538770896675 7.278072488832406e-06
2.6826957952797246 0.9999926731010268 1.6367052524203235e-06
3.2374575428176433 0.9999971599537651 5.09296112678888e-07
3.906939937054613 0.999999312535582 1.0848005539396256e-07
4.714866363457389 0.9999999156240712 1.3845631515621369e-08
5.689866029018293 0.9999999924279928 1.2260056888248828e-09
6.866488450042998 0.9999999997791256 4.8148114884110136e-11
8.286427728546842 0.9999999999903306 1.7065762179139412e-12
10.0 0.9999999999998875 2.1619833276381743e-14
