0.001 0.30172866831507617 5.198899063114873e-06
0.0012067926406393288 0.3516998528230708 5.819693159839089e-06
0.0014563484775012444 0.40728525198727467 6.396402914706554e-06
0.0017575106248547913 0.46805508801764406 6.8655131089009714e-06
0.0021209508879201904 0.5331482601513767 7.3658571136722475e-06
0.002559547922699536 0.6011742368080971 7.565564197209029e-06
0.0030888435964774815 0.6702265546244051 7.527814795302406e-06
0.003727593720314938 0.7378275925433045 7.295909068621501e-06
0.004498432668969444 0.8012314287501937 6.625193357708637e-06
0.005428675439323859 0.8576751376566546 5.732845697039342e-06
0.006551285568595509 0.904901279506 4.6539067609885726e-06
0.0079060432109077 0.9415424799901426 3.413166070124374e-06
0.009540954763499945 0.9675030804227521 2.2884341884793257e-06
0.01151395399326447 0.9839977031081171 1.387620812095988e-06
0.013894954943731374 0.9931963279664807 7.00309287224086e-07
0.016768329368110076 0.9975753230096106 3.019363995336725e-07
0.020235896477251564 0.9993021715857607 1.0591465238956651e-07
0.02442053094548651 0.9998446949994514 2.8507404041072636e-08
0.029470517025518096 0.9999746764240491 5.556526709544527e-09
0.03556480306223128 0.9999971617977762 7.518059711311026e-10
0.04291934260128776 0.9999997976646621 6.565341362912585e-11
0.0517947467923121 0.9999999916472933 3.2022942452991194e-12
0.0625055192527397 0.9999999998217216 8.3530204240349e-14
0.07543120063354615 0.9999999999982785 9.821055329397684e-16
0.09102981779915217 0.9999999999999934 4.704726445221876e-18
0.10985411419875583 1.0 0.0
0.13257113655901082 1.0 0.0
0.15998587196060574 1.0 0.0
0.19306977288832497 1.0 0.0
0.2329951810515372 1.0 0.0
0.2811768697974228 1.0 0.0
0.3393221771895326 1.0 0.0
0.4094915062380423 1.0 0.0
0.49417133613238334 1.0 0.0
0.5963623316594643 1.0 0.0
0.7196856730011514 1.0 0.0
0.868511373751352 1.0 0.0
1.0481131341546852 1.0 0.0
1.2648552168552958 1.0 0.0
1.5264179671752318 1.0 0.0
1.8420699693267144 1.0 0.0
2.2229964825261934 1.0 0.0
2.6826957952797246 1.0 0.0
3.2374575428176433 1.0 0.0
3.906939937054613 1.0 0.0
4.714866363457389 1.0 0.0
5.689866029018293 1.0 0.0
6.866488450042998 1.0 0.0
8.286427728546842 1.0 0.0
10.0 1.0 0.0
