0.001 0.005017231486833074 6.954952214227177e-05
0.0012067926406393288 0.0070701084800094596 9.593286609131999e-05
0.0014563484775012444 0.009989467542794898 0.00013605568451895524
0.0017575106248547913 0.014036280183193023 0.00018418109596188775
0.0021209508879201904 0.019810126701750783 0.00025792124898648886
0.002559547922699536 0.027220995758289252 0.00034888546632403777
0.0030888435964774815 0.0370186328168366 0.0004641056540487823
0.003727593720314938 0.05061818704802074 0.0006132346901585274
0.004498432668969444 0.07156992860805698 0.0008246587808213117
0.005428675439323859 0.09290971639516127 0.0010170739694274132
0.006551285568595509 0.11929227529814528 0.0012608891444214573
0.0079060432109077 0.15803678336097252 0.0015704126917474178
0.009540954763499945 0.20181725744720677 0.0018711558743852235
0.01151395399326447 0.2480394942448768 0.002163990458935092
0.013894954943731374 0.30878781336107475 0.0024509069244281327
0.016768329368110076 0.36942034859212197 0.002675903048570904
0.020235896477251564 0.43299983144368054 0.0028454852232566645
0.02442053094548651 0.5035128492082706 0.002966873002089597
0.029470517025518096 0.5716430313782689 0.003014205621401363
0.03556480306223128 0.6358020828206609 0.0030059818251872918
0.04291934260128776 0.692406809965398 0.002918270093218427
0.0517947467923121 0.7487110691489673 0.0027520821510275072
0.0625055192527397 0.7982121998979874 0.002586717118295853
0.07543120063354615 0.843408028012447 0.0023258316322175994
0.09102981779915217 0.8721464200764655 0.002164029039367073
0.10985411419875583 0.9081504971807258 0.0018132102464918894
0.13257113655901082 0.9299871849877122 0.0016320451531288763
0.15998587196060574 0.9459090418017757 0.0014471561738596255
0.19306977288832497 0.9602628307614712 0.001241826201152147
0.2329951810515372 0.9734574375903688 0.0010256562023127516
0.2811768697974228 0.980917544717873 0.0009161694565278746
0.3393221771895326 0.9843503307793561 0.0008836403245801234
0.4094915062380423 0.9880524983477651 0.0008346037403720883
0.49417133613238334 0.9895221307640674 0.0008116466204548979
0.5963623316594643 0.9912518464601775 0.000779157961454125
0.7196856730011514 0.9929418735846058 0.0006954898612709074
0.868511373751352 0.9942733528124269 0.0006185447639158109
1.0481131341546852 0.9954534455941141 0.0005498881167569188
1.2648552168552958 0.9953713975653562 0.0005769929787033676
1.5264179671752318 0.9957806793432795 0.0005554327959569075
1.8420699693267144 0.9969866104116554 0.0004732192782605837
2.2229964825261934 0.9972357128710427 0.0004527256535409148
2.6826957952797246 0.9975271357867 0.0004166828434197426
3.2374575428176433 0.9975813839629207 0.0004319743565158103
3.906939937054613 0.9979415195025889 0.0003926128099891319
4.714866363457389 0.9979598055183877 0.00039490778840848103
5.689866029018293 0.9983388402079277 0.00034568447243575677
6.866488450042998 0.9983543514726891 0.0003541509214423756
8.286427728546842 0.9986370500987558 0.00033486137528877726
10.0 0.9988986130599135 0.0002979897932230632
