0.001 0.03435128395753071 0.00024660624743245806
0.0012067926406393288 0.04134175060419066 0.0002960308124022257
0.0014563484775012444 0.04964136475682956 0.0003511551510626005
0.0017575106248547913 0.05886874606469166 0.00041014004253280294
0.0021209508879201904 0.07044696552065598 0.0004876708468257993
0.002559547922699536 0.0847048703555905 0.0005861209730985701
0.0030888435964774815 0.1003905580339099 0.000683284807214321
0.003727593720314938 0.11806111412711798 0.0007916642937405244
0.004498432668969444 0.14128145789650792 0.0009237017898475684
0.005428675439323859 0.1646678085807945 0.0010639523735353285
0.006551285568595509 0.19575335566898433 0.00123524450610693
0.0079060432109077 0.22866786656969226 0.0013948009724810847
0.009540954763499945 0.26832698798707794 0.0015952591152627227
0.01151395399326447 0.30571575507351334 0.0017492792246563869
0.013894954943731374 0.35299783344137753 0.0019357391607498315
0.016768329368110076 0.39853633549284684 0.002066324429515687
0.020235896477251564 0.452024448589191 0.0022348221897842604
0.02442053094548651 0.5070838931495817 0.0023235401186681
0.029470517025518096 0.5602292590227352 0.0023876647726439938
0.03556480306223128 0.6168350979183608 0.0024004232611519153
0.04291934260128776 0.6668269918967198 0.0023964358414755825
0.0517947467923121 0.7173083258429681 0.0023241010630477817
0.0625055192527397 0.7630604702419376 0.002246928870500128
0.07543120063354615 0.8041437877618294 0.002123912133253532
0.09102981779915217 0.844337391152449 0.0019126387647211793
0.10985411419875583 0.8711292379856473 0.0018254311357600226
0.13257113655901082 0.903591490620912 0.0015976145916780837
0.15998587196060574 0.9212090339697284 0.0014899695057451713
0.19306977288832497 0.9411765294990115 0.0012929144226832123
0.2329951810515372 0.9563937175023655 0.0011338501480325407
0.2811768697974228 0.9654221889757013 0.001040713149155828
0.3393221771895326 0.9765184954483322 0.000864815819361581
0.4094915062380423 0.982729889545963 0.000805608802769086
0.49417133613238334 0.9856007019868275 0.0007858085011753759
0.5963623316594643 0.9893087677403415 0.0006929470963787972
0.7196856730011514 0.9912037098291993 0.0006808862008363019
0.868511373751352 0.993802915716468 0.00058360209807254
1.0481131341546852 0.9943834729724027 0.0005603930370307903
1.2648552168552958 0.9951968482939266 0.000540179354661328
1.5264179671752318 0.9958700970818901 0.0005052309787475512
1.8420699693267144 0.9968199733588453 0.00044351826489940553
2.2229964825261934 0.998075925511082 0.00030845921736425975
2.6826957952797246 0.9971737012168802 0.0004309185627934172
3.2374575428176433 0.9976923392465271 0.00038645931129606387
3.906939937054613 0.9980522601535924 0.00036221281984683364
4.714866363457389 0.9979194284879687 0.00038077941646820496
5.689866029018293 0.998749400332302 0.00027378772875433265
6.866488450042998 0.9983075573865866 0.0003496573789602005
8.286427728546842 0.9976908036666907 0.0004361169522191876
10.0 0.9992015969955248 0.00022667104749162986
