0.001 0.03486016143613392 0.0002463314253300061
0.0012067926406393288 0.04098282811249448 0.0002855589172892193
0.0014563484775012444 0.050257241483642134 0.00035279012157343005
0.0017575106248547913 0.05882273651693871 0.00040858784551537513
0.0021209508879201904 0.07135629093109863 0.0004928086090376199
0.002559547922699536 0.08415334099471529 0.0005796640899479273
0.0030888435964774815 0.10057238902302418 0.0006872056613660829
0.003727593720314938 0.12065600870725753 0.0007986661472008275
0.004498432668969444 0.14298188970525297 0.0009175664884380531
0.005428675439323859 0.16696412514658424 0.0010705594171034948
0.006551285568595509 0.19703629582126175 0.001234143899499609
0.0079060432109077 0.23109045793310892 0.0014076636564181733
0.009540954763499945 0.268385003072302 0.0015800201800804904
0.01151395399326447 0.30889669121266605 0.001752227934755455
0.013894954943731374 0.3544236390539208 0.0019064785883672333
0.016768329368110076 0.4048650922801061 0.002077337036821858
0.020235896477251564 0.45576270015054926 0.0021886602053056746
0.02442053094548651 0.5073926890835552 0.0022936113421774674
0.029470517025518096 0.5640298978983885 0.002385814414056483
0.03556480306223128 0.6172843271870181 0.002395026668042475
0.04291934260128776 0.6739042340585337 0.0023606423629906614
0.0517947467923121 0.7182137570014987 0.0023124882390221937
0.0625055192527397 0.7654124832270165 0.002218297127516116
0.07543120063354615 0.8082555383335289 0.0020700797823952843
0.09102981779915217 0.8458557973786727 0.0019504835555590586
0.10985411419875583 0.87831811584139 0.001763016891732411
0.13257113655901082 0.9041839396926749 0.0015761356706010393
0.15998587196060574 0.9254946111643328 0.0013823213919779086
0.19306977288832497 0.9434988169060751 0.0012690440679555784
0.2329951810515372 0.9587178897766704 0.0011170740558312424
0.2811768697974228 0.9685528176680477 0.0010029055371959359
0.3393221771895326 0.9767678087688484 0.0008674978715079067
0.4094915062380423 0.9822878808753217 0.0008203116184291964
0.49417133613238334 0.9872395110727858 0.0007288621080758308
0.5963623316594643 0.9895026898952718 0.0006910814049375003
0.7196856730011514 0.991789678261398 0.0006553420741874614
0.868511373751352 0.993528175712776 0.000613945394746955
1.0481131341546852 0.9939226440087321 0.0006102043991618271
1.2648552168552958 0.9955091774002717 0.000499147445758292
1.5264179671752318 0.9959254869929617 0.0005165103981964337
1.8420699693267144 0.9968354482841162 0.0004454597190537584
2.2229964825261934 0.9969241571890265 0.00043968546043736775
2.6826957952797246 0.997720464526461 0.00038875518907268965
3.2374575428176433 0.9980704985432421 0.00037211119417807114
3.906939937054613 0.9981196655459887 0.0003614480704039395
4.714866363457389 0.9974656331880271 0.00046018757379194823
5.689866029018293 0.9986689907025103 0.00030789564859794204
6.866488450042998 0.9985032085093623 0.0003306717948576348
8.286427728546842 0.9985052360141992 0.00033811843496196704
10.0 0.9982957883451481 0.0003674554751167956
