0.001 0.00012002534865847274 2.5195727502547117e-06
0.0012067926406393288 0.00020904816112426357 4.43113236192157e-06
0.0014563484775012444 0.00035285329878315564 7.215695523074766e-06
0.0017575106248547913 0.0005764868034676417 1.1888592905859546e-05
0.0021209508879201904 0.0009753779171057184 1.9744840848548977e-05
0.002559547922699536 0.0016911835442624103 3.368966780988136e-05
0.0030888435964774815 0.002741505971477205 5.3651374029775195e-05
0.003727593720314938 0.004345944141686208 8.287124129760267e-05
0.004498432668969444 0.007144072819795986 0.0001304971200187096
0.005428675439323859 0.011131580572375153 0.00020289254055342283
0.006551285568595509 0.01799448486184775 0.0003122961274217791
0.0079060432109077 0.027210098070637737 0.0004422899264221183
0.009540954763499945 0.042306243052002104 0.0006498878319313991
0.01151395399326447 0.05964773285769212 0.0008826122558823142
0.013894954943731374 0.0867835215336745 0.0011840609169918616
0.016768329368110076 0.11707581900543396 0.001481638654066731
0.020235896477251564 0.1618561566386071 0.001870373618868883
0.02442053094548651 0.21252423235765586 0.0022220126900114965
0.029470517025518096 0.2693706679954365 0.0025499633511326496
0.03556480306223128 0.33645228385104264 0.0028450927530241066
0.04291934260128776 0.40373905785891007 0.0030539333938618533
0.0517947467923121 0.4754734823894444 0.003186088336994745
0.0625055192527397 0.5480850187509461 0.0032511683950067548
0.07543120063354615 0.6161956105350762 0.0032301173077205368
0.09102981779915217 0.6833543104094121 0.003099576293534096
0.10985411419875583 0.736057492881393 0.0029861557218381508
0.13257113655901082 0.7969570248288353 0.0027260548466576397
0.15998587196060574 0.8335863692226414 0.002563018665180411
0.19306977288832497 0.8731065927226733 0.0022602648030312263
0.2329951810515372 0.9051018844453267 0.001969283579116461
0.2811768697974228 0.925216484528278 0.0017684238747084048
0.3393221771895326 0.9486855520362242 0.001451014809467918
0.4094915062380423 0.9638489302201768 0.0012518324464239616
0.49417133613238334 0.971354797475984 0.0011663671117877598
0.5963623316594643 0.9792178434137059 0.0010390368093599394
0.7196856730011514 0.9841348912350779 0.0009572090999630544
0.868511373751352 0.9891731179985707 0.0008281784511645866
1.0481131341546852 0.990297606060225 0.0008047900912027594
1.2648552168552958 0.9921124916780378 0.0007478129262886179
1.5264179671752318 0.9932688255620257 0.0006900017168133944
1.8420699693267144 0.9947963385408378 0.0006037604110000549
2.2229964825261934 0.9964384314324445 0.00047777813540381066
2.6826957952797246 0.9956102665360277 0.0005787244640989099
3.2374575428176433 0.9963697163711996 0.0005245856768374067
3.906939937054613 0.9970113164802411 0.0004752779912274686
4.714866363457389 0.9969097494331458 0.0004944918754942952
5.689866029018293 0.9979255732713316 0.00038937457636498704
6.866488450042998 0.9975453839611439 0.0004449376356120951
8.286427728546842 0.9970109509767988 0.0004999758187018237
10.0 0.9987089694061764 0.00030087466602410665
