0.001 0.00010938356231275135 2.340095179339282e-06
0.0012067926406393288 0.0001877613684469257 3.953082755471003e-06
0.0014563484775012444 0.00031659783721389246 6.690526561530823e-06
0.0017575106248547913 0.0005189958609061893 1.0625692065938371e-05
0.0021209508879201904 0.0009196908371970584 1.9145744120242533e-05
0.002559547922699536 0.0015138205553933794 3.0106605031272688e-05
0.0030888435964774815 0.002603091307469283 5.105944194713395e-05
0.003727593720314938 0.004100184958250324 7.905831159066703e-05
0.004498432668969444 0.006720270336766402 0.00012564817281793606
0.005428675439323859 0.010809250907234369 0.0001967172885013984
0.006551285568595509 0.01654639856747652 0.00028932451567620024
0.0079060432109077 0.02614226857895261 0.0004340539590268138
0.009540954763499945 0.03948895154496257 0.0006120557995021041
0.01151395399326447 0.05543700713827213 0.000831549753821027
0.013894954943731374 0.08172413685251963 0.0011340719598592764
0.016768329368110076 0.11245542215139336 0.001430039562857723
0.020235896477251564 0.15418568296385202 0.001814188011833915
0.02442053094548651 0.19985276756889186 0.0021661751151619882
0.029470517025518096 0.2572187014473984 0.0025039253041416803
0.03556480306223128 0.31839610418191566 0.0027933623397231938
0.04291934260128776 0.39521617939118525 0.003022656232858426
0.0517947467923121 0.4583888897302203 0.0031977208096139707
0.0625055192527397 0.5338454731515743 0.0032763446999273145
0.07543120063354615 0.6062846241994203 0.003287985019431612
0.09102981779915217 0.6659626959698045 0.0032000882622031475
0.10985411419875583 0.732118681028606 0.0030469425588161474
0.13257113655901082 0.783562118730636 0.002812811988153565
0.15998587196060574 0.8229304401071255 0.002629534606530022
0.19306977288832497 0.8677633427838842 0.0023104297430378267
0.2329951810515372 0.893729710381509 0.0021252778759642183
0.2811768697974228 0.9228532129437194 0.0017778775523345529
0.3393221771895326 0.9430974332499296 0.0015482581963923562
0.4094915062380423 0.9584505886236213 0.0012955821550867963
0.49417133613238334 0.9699154935910106 0.0011711888906640975
0.5963623316594643 0.9784646436534855 0.001019692135219127
0.7196856730011514 0.9819014222146605 0.0010178556148059733
0.868511373751352 0.9868373486833596 0.0009157654738297754
1.0481131341546852 0.9881905965072345 0.0008945941220558615
1.2648552168552958 0.9919106108119782 0.000772509030839259
1.5264179671752318 0.9938186383890221 0.0006404216942908978
1.8420699693267144 0.9947696697514162 0.0006300765384190477
2.2229964825261934 0.9954444801819343 0.0005890286841538833
2.6826957952797246 0.9958183044716672 0.0005590630299786986
3.2374575428176433 0.9962547468750063 0.0005207187918562333
3.906939937054613 0.9950047945455827 0.0006157792686917784
4.714866363457389 0.9970266889863422 0.0004847479795218599
5.689866029018293 0.9971688642880032 0.0004611179265576978
6.866488450042998 0.997246668853479 0.0004736518618038893
8.286427728546842 0.9974392648534842 0.0004587684900720378
10.0 0.9977947945125343 0.00043930947759590513
