0.001 0.00011696089189122876 2.5052484256262694e-06
0.0012067926406393288 0.00019620304892563708 4.124363846878907e-06
0.0014563484775012444 0.00033652037253329467 7.2137256047033924e-06
0.0017575106248547913 0.0005609988151749051 1.1431518598850183e-05
0.0021209508879201904 0.0009629463870968978 1.9703224872601667e-05
0.002559547922699536 0.0015850108037765668 3.2408379404068294e-05
0.0030888435964774815 0.0025772531898997906 5.107857333687898e-05
0.003727593720314938 0.0042144338450941675 8.240478004665968e-05
0.004498432668969444 0.007295560764463451 0.00013548046244262068
0.005428675439323859 0.011030251392729938 0.00019909572070460672
0.006551285568595509 0.016753613611565285 0.00029279371288221454
0.0079060432109077 0.026765658620846323 0.00044387565729291263
0.009540954763499945 0.040367138809826085 0.0006277065603458231
0.01151395399326447 0.0582182249697001 0.0008724438799820744
0.013894954943731374 0.08495352345990849 0.0011634602975282606
0.016768329368110076 0.1170713383563359 0.0014838313218074595
0.020235896477251564 0.1565243469517186 0.001821000909757217
0.02442053094548651 0.20774785726012487 0.0021751893338923366
0.029470517025518096 0.2665834026452296 0.0025201233740628835
0.03556480306223128 0.3325169808336209 0.002832355429581453
0.04291934260128776 0.397489086209796 0.0030498711132000205
0.0517947467923121 0.46866911923402804 0.0031890051328350775
0.0625055192527397 0.5450189443749481 0.0032768747958407734
0.07543120063354615 0.6169073627257761 0.0032329356270812317
0.09102981779915217 0.6734591034820187 0.003170635581723272
0.10985411419875583 0.7394629831760736 0.0029489501769039495
0.13257113655901082 0.793647966075574 0.002756027613791465
0.15998587196060574 0.8334670818749098 0.0025474102409025457
0.19306977288832497 0.8700942226826108 0.0022880874352554413
0.2329951810515372 0.9055127489191241 0.0019498126823156547
0.2811768697974228 0.9299023899848254 0.0016807345554712297
0.3393221771895326 0.943753935740036 0.0015138164856898903
0.4094915062380423 0.9603704286893122 0.0013021685094512455
0.49417133613238334 0.9693950719952714 0.0012020995624062922
0.5963623316594643 0.9784637156016126 0.0010729293253678974
0.7196856730011514 0.9836426553343434 0.0009701141964194194
0.868511373751352 0.9875423610264837 0.0008841168172630045
1.0481131341546852 0.9902616761790421 0.000792016402161164
1.2648552168552958 0.9915184988881978 0.0007790274368401097
1.5264179671752318 0.9927168322218857 0.0007403664466084874
1.8420699693267144 0.994657578433086 0.0006248458065696265
2.2229964825261934 0.9952699775056825 0.0005987443093801381
2.6826957952797246 0.9953621378223401 0.0005761392712821742
3.2374575428176433 0.9960255485216621 0.000551987265755866
3.906939937054613 0.9966271598668118 0.0005134148348779593
4.714866363457389 0.9967446948001693 0.0005067745442104752
5.689866029018293 0.9971471710764946 0.0004678513920728909
6.866488450042998 0.9974461072890295 0.0004558707723398397
8.286427728546842 0.9978231269946224 0.00040717727972386207
10.0 0.9982054062428851 0.0003691772783214186
