0.001 0.00011179193730890952 2.4231636971887455e-06
0.0012067926406393288 0.00019430535732611513 4.126095193985591e-06
0.0014563484775012444 0.00031756486584181307 6.717304989004168e-06
0.0017575106248547913 0.0005561785829385879 1.1564006059149662e-05
0.0021209508879201904 0.0009759657138499225 2.0074930454478217e-05
0.002559547922699536 0.0015628124491296124 3.156824773901218e-05
0.0030888435964774815 0.002519132454160588 4.931522481623789e-05
0.003727593720314938 0.004241720586907907 8.272539199865247e-05
0.004498432668969444 0.006832225941901555 0.0001292063268320546
0.005428675439323859 0.011226053582988723 0.00020297423065180654
0.006551285568595509 0.01715155008850577 0.00030116058675974173
0.0079060432109077 0.026379738251669085 0.00043493464044181795
0.009540954763499945 0.03961963319814373 0.0006206185181762569
0.01151395399326447 0.05683435589352792 0.0008549256493059762
0.013894954943731374 0.08305090840927894 0.0011453599177612998
0.016768329368110076 0.11327754431514993 0.0014490738327176773
0.020235896477251564 0.1568046410610761 0.0018275519938076561
0.02442053094548651 0.2067987635782512 0.0022026921729013022
0.029470517025518096 0.26088616236301493 0.002503925766790045
0.03556480306223128 0.3215830397805974 0.0027875550340862804
0.04291934260128776 0.39593979745510416 0.003054853856135187
0.0517947467923121 0.4685792097211488 0.0032057408169327128
0.0625055192527397 0.5384148474285465 0.0032605981745917074
0.07543120063354615 0.6065311508903324 0.0032808394576988747
0.09102981779915217 0.678782656578901 0.003169471337002178
0.10985411419875583 0.7354793522164237 0.00300699774977137
0.13257113655901082 0.7826385078115059 0.0028179568837936697
0.15998587196060574 0.8293840325803343 0.002580746778972227
0.19306977288832497 0.8694486748240752 0.002291587252706562
0.2329951810515372 0.8961275378270984 0.0020780175242439305
0.2811768697974228 0.924483296621983 0.0017745426333795429
0.3393221771895326 0.9429338272139012 0.0015701149396736198
0.4094915062380423 0.9598766746537022 0.0012953431693986006
0.49417133613238334 0.9705244642487695 0.0011554385360231538
0.5963623316594643 0.9789694585271778 0.0010158969238258215
0.7196856730011514 0.9850195526290351 0.0008994743150611144
0.868511373751352 0.9870157661059258 0.0008835629779378397
1.0481131341546852 0.9896454951652282 0.0008503305469373443
1.2648552168552958 0.9916666864261111 0.0007609970217373123
1.5264179671752318 0.9931550539878096 0.0007247039497028207
1.8420699693267144 0.9934330127093235 0.0007059538573735525
2.2229964825261934 0.9950085896992632 0.0006164627926647682
2.6826957952797246 0.9969140180290497 0.0004782241618268079
3.2374575428176433 0.9958400521992258 0.0005578865969856845
3.906939937054613 0.9969526370964 0.0004826275299927981
4.714866363457389 0.996532424367313 0.0005248685920015441
5.689866029018293 0.9968732370913949 0.000493800317748875
6.866488450042998 0.9979350319117246 0.0003903842657999159
8.286427728546842 0.9978094169770748 0.00040764779302439026
10.0 0.9984394837982647 0.00035142712422549666
