0.001 0.35627783965521254 0.0019780409869036525
0.0012067926406393288 0.4318042328045946 0.002158368973656393
0.0014563484775012444 0.5056028545085317 0.0023469243716686974
0.0017575106248547913 0.5872246071255823 0.00240007164777662
0.0021209508879201904 0.67282593722385 0.002405314426363843
0.002559547922699536 0.7362580024824118 0.0023742476871542314
0.0030888435964774815 0.7988358581794531 0.0022673909611862233
0.003727593720314938 0.8499818427833671 0.002119166371907678
0.004498432668969444 0.8888242565672871 0.001907621903909306
0.005428675439323859 0.9181539518640857 0.0017233129821022583
0.006551285568595509 0.9406802339750667 0.0014917829698965252
0.0079060432109077 0.957819803790393 0.0012796319119720173
0.009540954763499945 0.967575217288467 0.0011366668612512796
0.01151395399326447 0.9775681900536441 0.0009378718540271939
0.013894954943731374 0.9850753266024309 0.0007283480293394784
0.016768329368110076 0.9886155039948695 0.0006504763082880425
0.020235896477251564 0.9916291870524224 0.0005612825568375512
0.02442053094548651 0.993677147984196 0.0004851783574433509
0.029470517025518096 0.9958047962820036 0.00040221595424380906
0.03556480306223128 0.9973015746949526 0.0003037680772741411
0.04291934260128776 0.9984428237942493 0.00021280101077315327
0.0517947467923121 0.9988468858897981 0.0002037240350406839
0.0625055192527397 0.9991992053495272 0.00016995773648857446
0.07543120063354615 0.9994508572097828 0.00011367860294752369
0.09102981779915217 0.9996327725267985 8.814005346054873e-05
0.10985411419875583 0.9996367078768867 0.00011189360826996508
0.13257113655901082 0.999928661999122 2.2696828502524474e-05
0.15998587196060574 0.9998251089056815 8.689782660184572e-05
0.19306977288832497 0.999916240551301 4.285297465455916e-05
0.2329951810515372 0.999919001218486 4.711462244435231e-05
0.2811768697974228 0.999960060140788 2.1952774110296727e-05
0.3393221771895326 0.9999972545050073 1.951618915828849e-06
0.4094915062380423 0.9999992355192018 4.6458061845251577e-07
0.49417133613238334 0.9999939048994313 5.077617648236774e-06
0.5963623316594643 0.9999965617289239 3.1735171435367574e-06
0.7196856730011514 0.9999956959704798 4.284165543351782e-06
0.868511373751352 0.9999999985639731 1.382229025265409e-09
1.0481131341546852 0.9999999999918149 8.097548327738923e-12
1.2648552168552958 0.9999999511273112 4.652977215280957e-08
1.5264179671752318 0.9999944762092693 3.905344888399277e-06
1.8420699693267144 0.9999999442245058 5.577270525452151e-08
2.2229964825261934 0.9999999992173949 7.825643751807673e-10
2.6826957952797246 1.0 2.673771110915334e-19
3.2374575428176433 0.9999999999999917 8.26348749562127e-15
3.906939937054613 0.9999999999999949 4.977191976933898e-15
4.714866363457389 1.0 0.0
5.689866029018293 1.0 2.2204460492503132e-20
6.866488450042998 1.0 0.0
8.286427728546842 1.0 0.0
10.0 1.0 0.0
