0.001 0.39254162498771394 0.0015122428484005514
0.0012067926406393288 0.44772624759867213 0.0016226876677657423
0.0014563484775012444 0.5013124193105262 0.0017672223241990337
0.0017575106248547913 0.5624800206541292 0.0018253085998760946
0.0021209508879201904 0.6294873180053056 0.0018749621554116102
0.002559547922699536 0.6828320372334165 0.0019001925953806952
0.0030888435964774815 0.7402555409288604 0.0018826654046283945
0.003727593720314938 0.7925043738639034 0.0018226014505689453
0.004498432668969444 0.8366160922805739 0.0017103707849637367
0.005428675439323859 0.874785251475855 0.0016010406229341656
0.006551285568595509 0.9063660756975216 0.0014448677609973154
0.0079060432109077 0.9324454066716035 0.0012779240209360313
0.009540954763499945 0.9487775429356261 0.0011654319843764868
0.01151395399326447 0.9639217107815746 0.0009860616942652767
0.013894954943731374 0.9747090365196327 0.0008010239866496008
0.016768329368110076 0.9810026596815061 0.0007128980302089049
0.020235896477251564 0.9860071708123642 0.0006147506303282855
0.02442053094548651 0.9893866792621401 0.0005360518849995168
0.029470517025518096 0.9928893757643171 0.00044127144596141165
0.03556480306223128 0.9951433600237415 0.0003510172311951212
0.04291934260128776 0.9968925636586621 0.00026063031057686173
0.0517947467923121 0.9977325848383687 0.00023153201497530496
0.0625055192527397 0.9984446252691103 0.00019311132081341583
0.07543120063354615 0.9989002982639172 0.00015167644056714353
0.09102981779915217 0.9992120536130781 0.00012298943605381344
0.10985411419875583 0.9993699075145062 0.00012833611156570473
0.13257113655901082 0.999725909369532 5.139351609839833e-05
0.15998587196060574 0.9996473307123169 9.367444312053541e-05
0.19306977288832497 0.9998012351905747 5.895404356866543e-05
0.2329951810515372 0.999850506090324 5.915969345755174e-05
0.2811768697974228 0.9998969015214185 3.933646461129778e-05
0.3393221771895326 0.9999771592770285 9.78046035021395e-06
0.4094915062380423 0.9999892834997967 5.098400568140898e-06
0.49417133613238334 0.9999775519707941 1.4862354929843448e-05
0.5963623316594643 0.9999859683261031 1.1083162802740121e-05
0.7196856730011514 0.9999863626841041 1.250653443148704e-05
0.868511373751352 0.9999997359562923 2.1892259500190836e-07
1.0481131341546852 0.9999999804577819 1.6517571085066842e-08
1.2648552168552958 0.9999984537524329 1.2814120072128759e-06
1.5264179671752318 0.999980023834434 1.4040574635218521e-05
1.8420699693267144 0.9999986301402143 1.3697188995631613e-06
2.2229964825261934 0.9999998381702441 1.6159316562287012e-07
2.6826957952797246 0.9999999999969845 2.9947590038979362e-12
3.2374575428176433 0.9999999994751108 5.248203762340111e-10
3.906939937054613 0.9999999995922113 4.073073357587227e-10
4.714866363457389 0.9999999999999991 6.418838347953273e-16
5.689866029018293 0.9999999999997253 2.746386234523389e-13
6.866488450042998 1.0 0.0
8.286427728546842 1.0 0.0
10.0 1.0 2.773507777052696e-17
