0.001 0.3873440149576779 0.0015013456071960528
0.0012067926406393288 0.4470437962431979 0.0016524911829257144
0.0014563484775012444 0.5060017157131879 0.0017674779360009015
0.0017575106248547913 0.5637782980656382 0.0018299221067005777
0.0021209508879201904 0.6241816093448113 0.0018905260989873723
0.002559547922699536 0.6810709072448482 0.0018888934024299078
0.0030888435964774815 0.7399677376467457 0.0018718579492808432
0.003727593720314938 0.7914725724777909 0.0018171288914349798
0.004498432668969444 0.8333848496619517 0.0017559015425377073
0.005428675439323859 0.8742858422536556 0.0016284692570520706
0.006551285568595509 0.9075628837832517 0.0014317900497728287
0.0079060432109077 0.9326811636740089 0.0012773414695286137
0.009540954763499945 0.9490120668693222 0.0011668693864253887
0.01151395399326447 0.9629388546261344 0.001014463995503297
0.013894954943731374 0.9725725472251538 0.000878229240009447
0.016768329368110076 0.9806511011194403 0.0007258971798375963
0.020235896477251564 0.9858278398431248 0.0006186032531897629
0.02442053094548651 0.988412690095821 0.0005856045878034515
0.029470517025518096 0.9924292170862931 0.00045429971630890436
0.03556480306223128 0.995051833871933 0.0003437137392365609
0.04291934260128776 0.9961399768666234 0.000323984439192503
0.0517947467923121 0.9973344003993448 0.000265984780965093
0.0625055192527397 0.9982886768117816 0.0002128071123331251
0.07543120063354615 0.9985331226752316 0.0001978020024096568
0.09102981779915217 0.99883440718522 0.00018170525696015687
0.10985411419875583 0.9995360231947356 8.117601354897855e-05
0.13257113655901082 0.99959023558952 8.865955393029916e-05
0.15998587196060574 0.9997321063634669 6.341607902625775e-05
0.19306977288832497 0.9999084797975163 3.273906567151159e-05
0.2329951810515372 0.9999006048568162 2.7631921286665056e-05
0.2811768697974228 0.9999450041895558 2.2055246196824586e-05
0.3393221771895326 0.9999687175121182 1.7606710061917816e-05
0.4094915062380423 0.9999911349477537 3.561020195330474e-06
0.49417133613238334 0.9999907947660233 4.245126798189846e-06
0.5963623316594643 0.9999830581331793 9.487409009356581e-06
0.7196856730011514 0.9999864597574382 1.017561978186173e-05
0.868511373751352 0.9999989430832237 8.505468220221969e-07
1.0481131341546852 0.9999996867895705 1.7858232641487316e-07
1.2648552168552958 0.9999998630453995 1.359626630484249e-07
1.5264179671752318 0.9999999998499421 1.383125579530227e-10
1.8420699693267144 0.9999999984634301 1.3128725320318202e-09
2.2229964825261934 0.999999999916912 4.973836647999438e-11
2.6826957952797246 0.9999993450025714 6.549646257577869e-07
3.2374575428176433 1.0 1.381157602850534e-17
3.906939937054613 0.9999999999999998 1.254752313580891e-16
4.714866363457389 0.9999999999995167 4.832512442047356e-13
5.689866029018293 0.999999999994638 5.360038503198251e-12
6.866488450042998 1.0 0.0
8.286427728546842 0.9999999999820235 1.7975618159977977e-11
10.0 1.0 0.0
