0.001 0.3916245595319452 0.0015124447894397566
0.0012067926406393288 0.4459961445627896 0.0016467434563216174
0.0014563484775012444 0.505533666775458 0.0017536186991654857
0.0017575106248547913 0.5637176085904013 0.0018452985759361304
0.0021209508879201904 0.6244554096844522 0.0018950636464075928
0.002559547922699536 0.6816210210805556 0.001910380384217959
0.0030888435964774815 0.7404478472579763 0.0018430966365045778
0.003727593720314938 0.7913055057325262 0.0018265958822901798
0.004498432668969444 0.8376110361754511 0.001704453745423358
0.005428675439323859 0.8766414627880144 0.0015779741787026842
0.006551285568595509 0.9076746476780121 0.0014478904366968626
0.0079060432109077 0.9295304180720559 0.0013210180403415148
0.009540954763499945 0.9475044681033814 0.0011991504205073112
0.01151395399326447 0.963750405205221 0.0009954242485424743
0.013894954943731374 0.9739831863175566 0.0008422190236250499
0.016768329368110076 0.9811918103051077 0.000753672707555561
0.020235896477251564 0.9857494904698564 0.000636210969031919
0.02442053094548651 0.9894046599514636 0.0005450222818939555
0.029470517025518096 0.9924411404903587 0.00048330431496417436
0.03556480306223128 0.9947648929689592 0.0003833805546372743
0.04291934260128776 0.9962860521007094 0.0003106697959544332
0.0517947467923121 0.9972555574200236 0.00027522458795572335
0.0625055192527397 0.9983264757618312 0.000188973709147551
0.07543120063354615 0.9987516150127737 0.00016568788188458275
0.09102981779915217 0.9992455710609606 0.00011639610614037785
0.10985411419875583 0.9995724827610669 7.582444025100137e-05
0.13257113655901082 0.9996103507338983 7.504557012643934e-05
0.15998587196060574 0.999754827807158 8.502616247766265e-05
0.19306977288832497 0.9998086083403694 7.342719276295419e-05
0.2329951810515372 0.9998797799315456 4.4857853256845124e-05
0.2811768697974228 0.9999796796545323 7.852009756465628e-06
0.3393221771895326 0.9999434419819252 4.0769899508695985e-05
0.4094915062380423 0.9999810608836166 9.890925129848525e-06
0.49417133613238334 0.9999715990480922 1.6875570584771255e-05
0.5963623316594643 0.9999971747737867 2.0068309108489617e-06
0.7196856730011514 0.9999982261144199 1.70393508410546e-06
0.868511373751352 0.9999989897940819 7.603276431649088e-07
1.0481131341546852 0.9999999099783546 5.698738264739847e-08
1.2648552168552958 0.9999999905199768 7.583367900860993e-09
1.5264179671752318 0.9999999983182221 1.6698917637893927e-09
1.8420699693267144 0.9999999998267218 1.7170413078720192e-10
2.2229964825261934 0.9999999973901804 2.6096864531612862e-09
2.6826957952797246 0.9999999999978698 2.1270370338414954e-12
3.2374575428176433 0.9999999999788106 2.113326833187679e-11
3.906939937054613 0.999999999105492 8.943802405732687e-10
4.714866363457389 1.0 6.061843741603918e-17
5.689866029018293 1.0 0.0
6.866488450042998 1.0 6.995286129029383e-19
8.286427728546842 1.0 0.0
10.0 1.0 0.0
