0.001 0.08681243611312621 0.0008671285782920916
0.0012067926406393288 0.12419392387220235 0.0011454947134460114
0.0014563484775012444 0.1739199943961506 0.001455984200334013
0.0017575106248547913 0.23330157175165922 0.0017729786013264298
0.0021209508879201904 0.305569452927071 0.002070721905887542
0.002559547922699536 0.3843933165317525 0.002331390534719365
0.0030888435964774815 0.47354251092191035 0.002496575020512921
0.003727593720314938 0.5648478418108002 0.0026188642557432606
0.004498432668969444 0.6510740561273587 0.002624899929106956
0.005428675439323859 0.7298622754063732 0.0025455832620203326
0.006551285568595509 0.7965527708848698 0.0024330398521734222
0.0079060432109077 0.84460681497778 0.0022960336972374703
0.009540954763499945 0.8850841119726567 0.0021061474960052933
0.01151395399326447 0.9194569813277148 0.0018236049852091557
0.013894954943731374 0.9415104541477415 0.0015719838903466767
0.016768329368110076 0.9585294959137926 0.0013596055435933375
0.020235896477251564 0.9679143756117994 0.0011809597590741253
0.02442053094548651 0.976018703740715 0.0010361162714188714
0.029470517025518096 0.983312799832923 0.0008937815077132526
0.03556480306223128 0.9881047988143833 0.0007386284573888957
0.04291934260128776 0.9913925970056507 0.0006225690184433837
0.0517947467923121 0.9937333551391162 0.0005444545423998195
0.0625055192527397 0.9959323072871814 0.0004037175029179564
0.07543120063354615 0.9969886640357557 0.00035520340285571396
0.09102981779915217 0.9980993022535404 0.00025499627573554904
0.10985411419875583 0.9988784119240217 0.00018460707377346866
0.13257113655901082 0.99898869036375 0.000182739454275689
0.15998587196060574 0.9994455534404607 0.0001542417417068751
0.19306977288832497 0.9995624566530873 0.00013930752102783137
0.2329951810515372 0.9996946924897296 0.00010428732595273518
0.2811768697974228 0.9999408632310295 2.255844894776464e-05
0.3393221771895326 0.9998736996130528 8.111315426727e-05
0.4094915062380423 0.9999460603438465 2.79430404096212e-05
0.49417133613238334 0.9999230279060961 4.525608315203836e-05
0.5963623316594643 0.9999916443988929 5.906557330162576e-06
0.7196856730011514 0.9999947649600414 5.025245530319899e-06
0.868511373751352 0.999996986688005 2.2651460138835596e-06
1.0481131341546852 0.9999997300325002 1.7088184498033176e-07
1.2648552168552958 0.9999999715616558 2.274847673070333e-08
1.5264179671752318 0.99999999495475 5.009591635141967e-09
1.8420699693267144 0.9999999994801662 5.151115078976756e-10
2.2229964825261934 0.9999999921707456 7.828855037138757e-09
2.6826957952797246 0.9999999999936093 6.381110968304355e-12
3.2374575428176433 0.9999999999364314 6.339979159595395e-11
3.906939937054613 0.9999999973164997 2.6831167231066836e-09
4.714866363457389 0.9999999999999998 1.818465983849398e-16
5.689866029018293 1.0 0.0
6.866488450042998 1.0 2.098585838708815e-18
8.286427728546842 1.0 0.0
10.0 1.0 0.0
