0.001 0.00010077171490683286 1.4949677912485866e-06
0.0012067926406393288 0.0001473559221951463 2.1373161438495292e-06
0.0014563484775012444 0.0002134294627377478 3.1500397853831517e-06
0.0017575106248547913 0.0003165294076938988 4.582000519514005e-06
0.0021209508879201904 0.00044383172184357314 6.45384560848785e-06
0.002559547922699536 0.0006494099300913382 9.418078578330427e-06
0.0030888435964774815 0.0009529452633375768 1.386756138277783e-05
0.003727593720314938 0.0013643353367108247 1.9752666779435634e-05
0.004498432668969444 0.0019456577344316912 2.8247264696648388e-05
0.005428675439323859 0.002791796034219614 4.0029688385137697e-05
0.006551285568595509 0.004079886110183389 5.787524755857889e-05
0.0079060432109077 0.005736618833387164 8.2425946304357e-05
0.009540954763499945 0.008322891272723662 0.00011725340583800992
0.01151395399326447 0.011287126511222817 0.00015799893658771866
0.013894954943731374 0.016323561045112216 0.0002218153140886272
0.016768329368110076 0.02266134635940295 0.0003079867531486078
0.020235896477251564 0.031629342037530685 0.0004167946760805341
0.02442053094548651 0.04299226225937762 0.0005537721359069744
0.029470517025518096 0.05903635509075979 0.000741967545151108
0.03556480306223128 0.07619226148970162 0.0009269444028355144
0.04291934260128776 0.10041074898510569 0.0011942030150052239
0.0517947467923121 0.13002018556175424 0.001478915842015562
0.0625055192527397 0.16774972367336755 0.0018092944256297594
0.07543120063354615 0.21507001868534598 0.0021618040126852823
0.09102981779915217 0.2614935010494994 0.002496720204963662
0.10985411419875583 0.3116577559874451 0.002805485568339878
0.13257113655901082 0.3641379646800237 0.003073583256141948
0.15998587196060574 0.4224724724641509 0.0033220333405346984
0.19306977288832497 0.4757205177736867 0.0034787943710715987
0.2329951810515372 0.5297571371194866 0.003592831902913267
0.2811768697974228 0.5882034658827204 0.0036348177276291876
0.3393221771895326 0.6293729200281178 0.003647487286220025
0.4094915062380423 0.6776291452584342 0.003591905759167312
0.49417133613238334 0.7214715740223689 0.003474327848956188
0.5963623316594643 0.7477797756156449 0.003417631579457546
0.7196856730011514 0.768463257231817 0.0033562461263343785
0.868511373751352 0.8031835219008636 0.003195522508869736
1.0481131341546852 0.8369102463567342 0.0029806416678320154
1.2648552168552958 0.8504416711659649 0.00290877101882829
1.5264179671752318 0.8723661517664599 0.002710465530577508
1.8420699693267144 0.8924084113620125 0.0025132562851732498
2.2229964825261934 0.9027968220639239 0.0024336625227021447
2.6826957952797246 0.9177068660358912 0.002261466856326057
3.2374575428176433 0.9307553298575388 0.0020947315232702954
3.906939937054613 0.9380216109484528 0.0019822510030560424
4.714866363457389 0.9462289837219263 0.0018372016863540041
5.689866029018293 0.9544593398923383 0.001701454273562515
6.866488450042998 0.9587224468211424 0.0016307254547445053
8.286427728546842 0.9649635534093706 0.0015046256653516831
10.0 0.9685887802501838 0.001429251922754911
