0.001 3.728952793616101e-07 7.530457114516762e-09
0.0012067926406393288 6.474472538660604e-07 1.307388232396676e-08
0.0014563484775012444 1.098461287903142e-06 2.2737877038806926e-08
0.0017575106248547913 1.9453963464389318e-06 3.85723099426238e-08
0.0021209508879201904 3.4627828575564033e-06 7.093463284666374e-08
0.002559547922699536 5.875227947418446e-06 1.1986533125555794e-07
0.0030888435964774815 1.084481958066965e-05 2.1543654361477946e-07
0.003727593720314938 1.799172181312282e-05 3.59571338953146e-07
0.004498432668969444 3.121535943803446e-05 6.25803238575573e-07
0.005428675439323859 5.462408364570965e-05 1.1022135220938933e-06
0.006551285568595509 9.603915598204279e-05 1.9332048616933597e-06
0.0079060432109077 0.00016142069170912624 3.148364910489391e-06
0.009540954763499945 0.00027196703710079495 5.358918074626254e-06
0.01151395399326447 0.0004642001048459342 9.114309123736902e-06
0.013894954943731374 0.0007744383124614027 1.5043422041929052e-05
0.016768329368110076 0.0013866818296996188 2.646283046298822e-05
0.020235896477251564 0.0021660522546203785 4.0612941546381094e-05
0.02442053094548651 0.0037214241275835306 6.69016957931744e-05
0.029470517025518096 0.00563523086747931 0.00010139910499920525
0.03556480306223128 0.009120922982962836 0.00016063959342812111
0.04291934260128776 0.01438193758355995 0.00024675419173739713
0.0517947467923121 0.023420802053068106 0.00038531266417451255
0.0625055192527397 0.034192184219130554 0.0005425839449202396
0.07543120063354615 0.05108000868361936 0.0007685499586942136
0.09102981779915217 0.0738482056365872 0.0010609627131414208
0.10985411419875583 0.10128343359743497 0.0013651269687398613
0.13257113655901082 0.13867763726226098 0.0017489651252301829
0.15998587196060574 0.1826890059537155 0.002156277572353443
0.19306977288832497 0.23254124400762613 0.002544999706477641
0.2329951810515372 0.2902855562866565 0.002928717194733464
0.2811768697974228 0.3491735508861411 0.003236505670440593
0.3393221771895326 0.4050039440197889 0.0034597296929298345
0.4094915062380423 0.4649166659471144 0.003647987071723631
0.49417133613238334 0.5276055319809343 0.0037534606166111793
0.5963623316594643 0.5829622640050789 0.003788740494757291
0.7196856730011514 0.6324335257235599 0.003765890575612892
0.868511373751352 0.6747091127017331 0.003699467477237369
1.0481131341546852 0.7146359318864279 0.0036388183616305604
1.2648552168552958 0.7526899553833365 0.003499669309050469
1.5264179671752318 0.7802993847791371 0.0033926510928990023
1.8420699693267144 0.8116277190633338 0.003234301669498904
2.2229964825261934 0.830952845984112 0.0031250375201795897
2.6826957952797246 0.8578790586905488 0.0029084167275223306
3.2374575428176433 0.8804393202735328 0.002714928385905507
3.906939937054613 0.8945486707984343 0.002577916150077226
4.714866363457389 0.907414112768374 0.002444282396839201
5.689866029018293 0.9197371684769665 0.0022768289666119444
6.866488450042998 0.9307998998008427 0.0021418368593847784
8.286427728546842 0.9413875121545274 0.0019620796909293873
10.0 0.9501966836812644 0.0018244669225797126
