0.001 0.2532424808895515 0.001916060084228637
0.0012067926406393288 0.31494474834133585 0.002286885652840166
0.0014563484775012444 0.3808877749779754 0.00266199850695012
0.0017575106248547913 0.44287320637650357 0.003016564175692491
0.0021209508879201904 0.5077909294832916 0.0032813731820764778
0.002559547922699536 0.5728791635635929 0.0034257350360119387
0.0030888435964774815 0.6271908623067358 0.0035003351592568168
0.003727593720314938 0.6842553380927686 0.0034212403718176924
0.004498432668969444 0.7248083393238316 0.003273598482199533
0.005428675439323859 0.7642182814781247 0.003040835888134105
0.006551285568595509 0.800626989027278 0.002792023778795897
0.0079060432109077 0.8351152445591555 0.002524595535267278
0.009540954763499945 0.8656274414100827 0.0022642777494482273
0.01151395399326447 0.8956472437610914 0.0019825136432516334
0.013894954943731374 0.9184620556927697 0.00174709719303275
0.016768329368110076 0.9385495837778389 0.0014983411622447507
0.020235896477251564 0.9526094269201943 0.0013488148090804025
0.02442053094548651 0.9686695738494898 0.0010449189717978557
0.029470517025518096 0.976786011780469 0.0009158013518581654
0.03556480306223128 0.9828827116386317 0.0007988606029422751
0.04291934260128776 0.9888197775590996 0.0006205998479431553
0.0517947467923121 0.9933915605057083 0.0004495042971488964
0.0625055192527397 0.9946471761259605 0.00042311503299180824
0.07543120063354615 0.9965038048502032 0.000349019917054471
0.09102981779915217 0.997797520583904 0.0002562941053939439
0.10985411419875583 0.9983081445055301 0.0002503350552487565
0.13257113655901082 0.9992719600111745 0.000152640583777253
0.15998587196060574 0.9990494658537503 0.0001823826446031825
0.19306977288832497 0.9995351951234624 0.00013406915209713353
0.2329951810515372 0.9996151959030807 0.00012769698684269847
0.2811768697974228 0.999815011357203 8.421604501424241e-05
0.3393221771895326 0.9999518397715262 1.5356533644305736e-05
0.4094915062380423 0.9998479694195256 8.064629689068347e-05
0.49417133613238334 0.9999817630128107 1.1650246124595834e-05
0.5963623316594643 0.9999717380853217 1.0957082812382892e-05
0.7196856730011514 0.9999528939500669 4.19286929031703e-05
0.868511373751352 0.9999988606224993 1.0771956357877957e-06
1.0481131341546852 0.9999967923977885 3.16578507522436e-06
1.2648552168552958 0.9999443235545749 4.2258424030225735e-05
1.5264179671752318 0.9999999116127594 8.549816499419734e-08
1.8420699693267144 0.9999999975672048 2.1456799481080406e-09
2.2229964825261934 0.9999999978940747 2.0903030764637576e-09
2.6826957952797246 0.9999999830832778 1.3218759265776491e-08
3.2374575428176433 0.999999999947073 5.291717612348727e-11
3.906939937054613 0.9999999999999689 3.105348532565294e-14
4.714866363457389 1.0 4.4408920985006264e-20
5.689866029018293 0.9999999999999997 4.0590180861654403e-16
6.866488450042998 0.9999999999407726 5.922445223985944e-11
8.286427728546842 1.0 2.2204460492503132e-20
10.0 1.0 0.0
