0.001 0.30096185813668463 0.0016827411529507722
0.0012067926406393288 0.34633685380476537 0.0018842304990363613
0.0014563484775012444 0.3976012435227526 0.0020966186381165953
0.0017575106248547913 0.44879722113846 0.002314426716752399
0.0021209508879201904 0.501127213952533 0.0024927836221149894
0.002559547922699536 0.5568865162092959 0.00261726679496767
0.0030888435964774815 0.6128640232811673 0.0027139158008627007
0.003727593720314938 0.6552564306203438 0.002768175452451998
0.004498432668969444 0.7030962227565867 0.0027469202053118508
0.005428675439323859 0.7500783743515161 0.002621942635589064
0.006551285568595509 0.7823167461229382 0.002539327043672113
0.0079060432109077 0.8137189552903857 0.0023559135386684946
0.009540954763499945 0.844337181178554 0.002122150094979507
0.01151395399326447 0.8696448478232345 0.001969422250574386
0.013894954943731374 0.896563324214896 0.0017354889463331539
0.016768329368110076 0.9194143315065687 0.001496532217528387
0.020235896477251564 0.9380824798675647 0.001286250805285339
0.02442053094548651 0.9495065305242144 0.001154865251006236
0.029470517025518096 0.9636996514480246 0.0009797095554424076
0.03556480306223128 0.9720051435137115 0.0008729102629775476
0.04291934260128776 0.9805160041203697 0.0006831753923871359
0.0517947467923121 0.9856515364512645 0.000615509298521289
0.0625055192527397 0.9898992902630649 0.00047874038979014733
0.07543120063354615 0.9932227280789356 0.0004024142741640711
0.09102981779915217 0.9949452284916813 0.000346794545162079
0.10985411419875583 0.9970271240504386 0.00023681589028933588
0.13257113655901082 0.9982521100142078 0.00016013871130194417
0.15998587196060574 0.9986089611905096 0.00015901952993814934
0.19306977288832497 0.9990619349500152 0.00014281912418006963
0.2329951810515372 0.9994427218916194 0.00010714578897940318
0.2811768697974228 0.9994644903845452 0.00010450037892527013
0.3393221771895326 0.999741517368856 5.2628662043775024e-05
0.4094915062380423 0.999904623243288 4.317591767179772e-05
0.49417133613238334 0.9998806104727368 4.4765520044102314e-05
0.5963623316594643 0.9999819585111888 7.674116831268275e-06
0.7196856730011514 0.9999587086848213 2.2128836693092213e-05
0.868511373751352 0.9999887929911876 6.8326249899023674e-06
1.0481131341546852 0.9999834165258448 1.150364269660123e-05
1.2648552168552958 0.999994043904937 2.8146879279580564e-06
1.5264179671752318 0.999999063831698 6.679469865164974e-07
1.8420699693267144 0.9999999834122872 1.0291539083895982e-08
2.2229964825261934 0.9999999895198831 9.860087772178907e-09
2.6826957952797246 0.9999999178149305 6.597652681909469e-08
3.2374575428176433 0.9999976736715968 2.3121761029207193e-06
3.906939937054613 0.9999933490630416 6.650344113075402e-06
4.714866363457389 0.9999999997363599 2.4629895443250247e-10
5.689866029018293 0.9999999999815078 1.7023775895253e-11
6.866488450042998 0.999999999999323 6.766388762391392e-13
8.286427728546842 1.0 0.0
10.0 1.0 0.0
