0.001 0.30117162747342147 0.0016743090111231874
0.0012067926406393288 0.34538907728639195 0.001886623184722946
0.0014563484775012444 0.3963472643145431 0.0020902990216005333
0.0017575106248547913 0.44739696331721623 0.002289043294476512
0.0021209508879201904 0.5036154886060662 0.002463752046958101
0.002559547922699536 0.5575462874768334 0.0026064683126340465
0.0030888435964774815 0.6093833671523615 0.002705149081988872
0.003727593720314938 0.6598091504757347 0.0027337754438479544
0.004498432668969444 0.7038682953907104 0.0027344971999714797
0.005428675439323859 0.7493932030990521 0.0026370171161263223
0.006551285568595509 0.7846398991011427 0.002525662810741886
0.0079060432109077 0.8181883791817756 0.0023367187841845287
0.009540954763499945 0.8470615548855176 0.002109972400191028
0.01151395399326447 0.8736006329634396 0.0018938504566494404
0.013894954943731374 0.8949905453647123 0.0017344002383995528
0.016768329368110076 0.9190593964267663 0.0014994200281491638
0.020235896477251564 0.9372567948607948 0.001289430121674709
0.02442053094548651 0.9540282377377244 0.0010888194468123074
0.029470517025518096 0.9638445029680268 0.0009656856151426245
0.03556480306223128 0.9734890608611398 0.000817030929127134
0.04291934260128776 0.9812934905946371 0.000668303937857727
0.0517947467923121 0.986572335536432 0.0005658377343841621
0.0625055192527397 0.9896070594666817 0.0005035393865155559
0.07543120063354615 0.9942445437307886 0.0003600367108844521
0.09102981779915217 0.9955244661876995 0.0003139921588909892
0.10985411419875583 0.9975411188228763 0.00020501724453612647
0.13257113655901082 0.9981487941337027 0.0001893748747288304
0.15998587196060574 0.9989766300008239 0.00012221863438115525
0.19306977288832497 0.999149596456475 0.00013021644888990013
0.2329951810515372 0.9993792346084245 0.00010808888369295053
0.2811768697974228 0.9997271514101516 5.878255683588745e-05
0.3393221771895326 0.9997572742271515 6.473035634648979e-05
0.4094915062380423 0.9999455409431095 2.0651899944118625e-05
0.49417133613238334 0.9999596085310619 1.7658230370348942e-05
0.5963623316594643 0.9999045692251255 4.1341972732089e-05
0.7196856730011514 0.9999120735524301 5.9478632692385633e-05
0.868511373751352 0.9999834503685493 1.0692509464438046e-05
1.0481131341546852 0.9999755231828836 1.3262537939207732e-05
1.2648552168552958 0.9999991187093816 5.859059289846991e-07
1.5264179671752318 0.9999973950490457 2.5527761520136692e-06
1.8420699693267144 0.9999638374270309 3.60919305370028e-05
2.2229964825261934 0.9999983375362608 1.6618821112443052e-06
2.6826957952797246 0.9999999586668813 3.489808461523698e-08
3.2374575428176433 0.9999999999889445 8.512501067125275e-12
3.906939937054613 0.9999999999978909 1.2558952880273842e-12
4.714866363457389 0.9999999999136191 8.099039600332837e-11
5.689866029018293 0.9999999999955566 4.442904185828358e-12
6.866488450042998 0.9999999999997293 1.8957983417234412e-13
8.286427728546842 0.999999999999998 1.9608778106380753e-15
10.0 1.0 3.3306690738754693e-20
