0.001 0.0516397290467116 0.0004930101892534539
0.0012067926406393288 0.07713747524886538 0.0007101194435902687
0.0014563484775012444 0.11176226100226051 0.0009922940754469943
0.0017575106248547913 0.1548409818450745 0.001365566376005173
0.0021209508879201904 0.20915096301499908 0.001791200758969192
0.002559547922699536 0.2740102298840757 0.0022420568852275
0.0030888435964774815 0.34509718220041435 0.0027296615518041726
0.003727593720314938 0.42559692470142163 0.0031583138145346557
0.004498432668969444 0.492904223382435 0.0034919922973309443
0.005428675439323859 0.5549188384362683 0.0036857753565562507
0.006551285568595509 0.6116035286939199 0.0037532319636121854
0.0079060432109077 0.6628904505293824 0.003694809249082238
0.009540954763499945 0.7061861568255242 0.003534492280700192
0.01151395399326447 0.7499958614171889 0.003277825584894928
0.013894954943731374 0.7865220826518707 0.0030134227885150306
0.016768329368110076 0.8230453676927713 0.002728834342879104
0.020235896477251564 0.8554856813426465 0.0024669509787214492
0.02442053094548651 0.8916316881503328 0.002115407909589718
0.029470517025518096 0.9172523144681721 0.0018684330598310417
0.03556480306223128 0.9376874797772851 0.001637620684588271
0.04291934260128776 0.9548768309923317 0.001367433004877807
0.0517947467923121 0.9691702076228094 0.0010878887705362801
0.0625055192527397 0.9758863908833165 0.0009774871735033555
0.07543120063354615 0.9841325918283561 0.0007942529691500195
0.09102981779915217 0.9886060262009 0.0006477147784712889
0.10985411419875583 0.9922425745075819 0.0005543126705601888
0.13257113655901082 0.9958017288034791 0.00037361545365537275
0.15998587196060574 0.9957661256057778 0.00041966190048678685
0.19306977288832497 0.9977838269510204 0.0002901393140622538
0.2329951810515372 0.9982476144743403 0.0002609488357669013
0.2811768697974228 0.999111999739376 0.00018302336051389726
0.3393221771895326 0.9994208353606701 0.00011051817711205145
0.4094915062380423 0.9994647524345847 0.00016145106040362937
0.49417133613238334 0.999816360548641 6.657088394449007e-05
0.5963623316594643 0.999708501324627 8.489892652028256e-05
0.7196856730011514 0.9998168706393995 9.119108797376398e-05
0.868511373751352 0.9999749955484749 1.7777739741651102e-05
1.0481131341546852 0.9999644164893163 2.890091052997713e-05
1.2648552168552958 0.9998328652977074 0.0001009996849533293
1.5264179671752318 0.999994027384916 5.0925918201502236e-06
1.8420699693267144 0.9999988049013037 8.528319441206761e-07
2.2229964825261934 0.9999991298706429 7.934071008926952e-07
2.6826957952797246 0.9999963145652169 2.244011341462853e-06
3.2374575428176433 0.9999998725632365 1.259665657514387e-07
3.906939937054613 0.9999999967074223 3.056556666450274e-09
4.714866363457389 0.9999999999995958 3.785136437499954e-13
5.689866029018293 0.9999999995754919 3.568504478237598e-10
6.866488450042998 0.9999998667419079 1.332513527482496e-07
8.286427728546842 0.9999999999993171 6.828071731841885e-13
10.0 1.0 0.0
