0.001 0.1003491403602953 0.0009976603623570732
0.0012067926406393288 0.13126474942868702 0.0012344141793445827
0.0014563484775012444 0.17140964279191737 0.0014861120329731437
0.0017575106248547913 0.2181787404927295 0.001731337809248025
0.0021209508879201904 0.2732948376012792 0.001993548604157167
0.002559547922699536 0.33322638409129 0.0022472843873655728
0.0030888435964774815 0.4079082108248427 0.002498467656616235
0.003727593720314938 0.47646314222895114 0.0026563398497091244
0.004498432668969444 0.5574331039645812 0.002764158888901935
0.005428675439323859 0.6177728829558088 0.0028381363429807334
0.006551285568595509 0.6868418738504861 0.0028500436460446987
0.0079060432109077 0.7488677436347332 0.0027563347447581905
0.009540954763499945 0.7954914868049212 0.0026576061218374007
0.01151395399326447 0.836325360377369 0.0024919611698159356
0.013894954943731374 0.8745893911640317 0.0022714219612574187
0.016768329368110076 0.8998072334821631 0.0020968558590079315
0.020235896477251564 0.9183071224712938 0.0019754860430879926
0.02442053094548651 0.9376232660362657 0.0017318944779571505
0.029470517025518096 0.9507517090365618 0.0015906337645595974
0.03556480306223128 0.9598879018875679 0.0014655581785231997
0.04291934260128776 0.9687902967780782 0.0013230035487381705
0.0517947467923121 0.9764678696887804 0.0011552298807074376
0.0625055192527397 0.9784650812812695 0.0011381885008527142
0.07543120063354615 0.9827493773145006 0.0010329140004164785
0.09102981779915217 0.9850649846803124 0.0009654381401602481
0.10985411419875583 0.9883747299185365 0.0008579315313473135
0.13257113655901082 0.990524594719537 0.000786548541099554
0.15998587196060574 0.9917581416187695 0.0007494471445527446
0.19306977288832497 0.9931102571692619 0.0006813376386319794
0.2329951810515372 0.9951582425692984 0.0005451122862524898
0.2811768697974228 0.9955235941991721 0.0005466845129410999
0.3393221771895326 0.9948047663704755 0.0006071122259085615
0.4094915062380423 0.9957550563316617 0.000561846483158186
0.49417133613238334 0.9961900353791894 0.0005200006179448613
0.5963623316594643 0.9972105843401505 0.000454962453195176
0.7196856730011514 0.9970706468353766 0.0004755541194353242
0.868511373751352 0.998015924539315 0.0003798248490557132
1.0481131341546852 0.9981810704241423 0.00037844910487076354
1.2648552168552958 0.9979344282708753 0.00038714538187007596
1.5264179671752318 0.9985033932751838 0.00035753794094491406
1.8420699693267144 0.9983572874013277 0.0003804797019727998
2.2229964825261934 0.9986895741907454 0.00033680218278258353
2.6826957952797246 0.9979084086245479 0.0004474725489426114
3.2374575428176433 0.9991629095774659 0.00028296035211655755
3.906939937054613 0.9984797126290023 0.0003870406827343935
4.714866363457389 0.998692945245396 0.0003603234491132361
5.689866029018293 0.9991974502830115 0.00028272950641156585
6.866488450042998 0.9976998109869132 0.0004790312296757619
8.286427728546842 0.998899923770382 0.0003314799897310356
10.0 0.9985999956262765 0.00037390372929068375
