0.001 0.10219510629157989 0.001042573490202779
0.0012067926406393288 0.13256824290331076 0.0012311408750162575
0.0014563484775012444 0.17351180050539727 0.0014931400332789482
0.0017575106248547913 0.22047035646766516 0.0017576004090507896
0.0021209508879201904 0.27885889250773377 0.0020289124683819403
0.002559547922699536 0.3372819389757084 0.002246556500816719
0.0030888435964774815 0.41080684991682226 0.002494653957693323
0.003727593720314938 0.48511659689244024 0.0026700806573891874
0.004498432668969444 0.5542399727421161 0.0027676135365376203
0.005428675439323859 0.6209824069330772 0.0028470342096005375
0.006551285568595509 0.6927504539115019 0.0028209897693010823
0.0079060432109077 0.751413046031871 0.0027566258189485114
0.009540954763499945 0.7944817194829799 0.002682526316523895
0.01151395399326447 0.8418360941712137 0.0024616176061941636
0.013894954943731374 0.8795399745248961 0.002216133398632695
0.016768329368110076 0.9037284016079142 0.0020590605186856198
0.020235896477251564 0.9236902615344212 0.0018970649873080933
0.02442053094548651 0.94033279558194 0.0017058121537868076
0.029470517025518096 0.9527919221430362 0.0015520052405292731
0.03556480306223128 0.9612605357133039 0.0014395765461293053
0.04291934260128776 0.9679498255239316 0.0013407147686510573
0.0517947467923121 0.9744875058965891 0.0011973210243997538
0.0625055192527397 0.9804289309068148 0.0010440482665844014
0.07543120063354615 0.9871916855538013 0.000832853822659047
0.09102981779915217 0.9863599854172959 0.0009232654222981819
0.10985411419875583 0.9899149425766869 0.000793897692453008
0.13257113655901082 0.9911901168397966 0.0007573823905979947
0.15998587196060574 0.9925242103987663 0.0006866671609309415
0.19306977288832497 0.9942049905546343 0.0006232893456953521
0.2329951810515372 0.9948536987435218 0.0005803983120232673
0.2811768697974228 0.9958139174917222 0.0005391128153624744
0.3393221771895326 0.996201549633935 0.000523299139345731
0.4094915062380423 0.9971858322930685 0.0004269608660695417
0.49417133613238334 0.9961485928382688 0.0005441829821608132
0.5963623316594643 0.9971529815926095 0.00048499032766744296
0.7196856730011514 0.9974115348833111 0.0004346040129941721
0.868511373751352 0.9977156737523961 0.0004238053317768917
1.0481131341546852 0.9974730262087061 0.0004667043485330629
1.2648552168552958 0.9988683265397733 0.00031058094295677665
1.5264179671752318 0.9990789441736353 0.0002729792073617255
1.8420699693267144 0.9988551213505136 0.0003189894652306047
2.2229964825261934 0.998525866186236 0.00036213831093768426
2.6826957952797246 0.9991523890005221 0.0002830465493252655
3.2374575428176433 0.9990847519760793 0.00029990329408224707
3.906939937054613 0.9991910096846084 0.0002827365187799816
4.714866363457389 0.999197800135949 0.00028272958772346366
5.689866029018293 0.998998191419389 0.0003160711779943453
6.866488450042998 0.998499931766152 0.00038700772591431274
8.286427728546842 0.9985999909741662 0.0003739037275532159
10.0 0.9983999996004804 0.00039967987173758165
