0.001 0.17656936513946914 0.0010100851683214752
0.0012067926406393288 0.20666441520363865 0.0011587846754465688
0.0014563484775012444 0.2417876835668846 0.0013309228695390007
0.0017575106248547913 0.281697778424816 0.0014702224800153306
0.0021209508879201904 0.324903717938193 0.0016355425163341426
0.002559547922699536 0.3707097410168097 0.0017919971953065154
0.0030888435964774815 0.4268867641760129 0.0019510848079760687
0.003727593720314938 0.4786582160635466 0.0020646030905470047
0.004498432668969444 0.5409205317826534 0.002159295533040658
0.005428675439323859 0.5890021915152295 0.0022495799642256757
0.006551285568595509 0.6473433977291754 0.0023117097285802095
0.0079060432109077 0.7033114651777217 0.0022993971551837945
0.009540954763499945 0.7499725121898165 0.002283735215042942
0.01151395399326447 0.7928264045549386 0.002205541497831685
0.013894954943731374 0.8358637764607327 0.0020780691985889123
0.016768329368110076 0.8676207362207841 0.0019629769203239875
0.020235896477251564 0.892167931965549 0.0018740148540661937
0.02442053094548651 0.9163065600926471 0.0016797931477541374
0.029470517025518096 0.9340135681404378 0.001556637076086313
0.03556480306223128 0.9471489299773264 0.001431877976638087
0.04291934260128776 0.9590124327623184 0.0012978605384916066
0.0517947467923121 0.9688253646044064 0.0011425377177291824
0.0625055192527397 0.9724517245466646 0.0011260994226475203
0.07543120063354615 0.9782471331059709 0.0010184693584165383
0.09102981779915217 0.9815667844019123 0.0009497665353738247
0.10985411419875583 0.9860040499676023 0.0008395373346767768
0.13257113655901082 0.9884723958699849 0.000775963525354917
0.15998587196060574 0.990253309175856 0.0007298369478978604
0.19306977288832497 0.9916800840134725 0.0006739307146051844
0.2329951810515372 0.9939866007206952 0.0005462340965878211
0.2811768697974228 0.9947220815505836 0.0005407272792260572
0.3393221771895326 0.9941096747728112 0.0005985901179499855
0.4094915062380423 0.9952950841396249 0.0005511860601286258
0.49417133613238334 0.9957861524983428 0.0005089060640871762
0.5963623316594643 0.9967216346619738 0.0004562325558198203
0.7196856730011514 0.9968007724168788 0.0004730249401835322
0.868511373751352 0.9977854319079713 0.000379919114421279
1.0481131341546852 0.9979084697383589 0.0003851326803996222
1.2648552168552958 0.9975952550315438 0.0003983787008043003
1.5264179671752318 0.9983364417932211 0.00036402355862348514
1.8420699693267144 0.9982069247897283 0.0003869393051538225
2.2229964825261934 0.9985266129073228 0.0003439197004260622
2.6826957952797246 0.9977735988539138 0.00045048220064982145
3.2374575428176433 0.9990763071099096 0.00028505064208076607
3.906939937054613 0.9984013339954617 0.00038788621409004435
4.714866363457389 0.9986431182741913 0.00036063556422446657
5.689866029018293 0.9991615393619453 0.0002828709686179071
6.866488450042998 0.9976938094506369 0.00047903495951649966
8.286427728546842 0.9988936129018539 0.0003314817318103038
10.0 0.9985988539048696 0.00037390349674301925
