0.001 0.1771996425048284 0.0010307455182473405
0.0012067926406393288 0.2091337970397235 0.0011725863767029071
0.0014563484775012444 0.24286544468327925 0.0013126789862185182
0.0017575106248547913 0.2839614133900768 0.0014847551508623872
0.0021209508879201904 0.32722704007312786 0.001641121244816921
0.002559547922699536 0.3732356655218104 0.0018087654197059852
0.0030888435964774815 0.4274112838468596 0.0019325263832364388
0.003727593720314938 0.48052514235959143 0.0020752938896231167
0.004498432668969444 0.5368390506538767 0.0021494536720657693
0.005428675439323859 0.5964704818310986 0.0022422692250111042
0.006551285568595509 0.6514332991958208 0.0022986088940242346
0.0079060432109077 0.7017353056441911 0.002274500697996966
0.009540954763499945 0.7525589990316448 0.002239991233184035
0.01151395399326447 0.7979196807225908 0.002191223635787309
0.013894954943731374 0.8371816620507442 0.0020603163723675487
0.016768329368110076 0.8685369533180881 0.001956877005673886
0.020235896477251564 0.8959849219297377 0.0017982852501873797
0.02442053094548651 0.919387836207353 0.0016518989276928424
0.029470517025518096 0.9372929375341434 0.0014813975603577758
0.03556480306223128 0.9486458782427115 0.0014055149867721222
0.04291934260128776 0.959655478686811 0.0012714887128674128
0.0517947467923121 0.9675759355871687 0.001168391242843433
0.0625055192527397 0.9744736180727493 0.0010621266748766965
0.07543120063354615 0.9814036672246935 0.000887555663248341
0.09102981779915217 0.9825279665214764 0.0009118494116132169
0.10985411419875583 0.9858421814766251 0.0008256784263315744
0.13257113655901082 0.9884891939034071 0.0007716970244743233
0.15998587196060574 0.9895698627142683 0.0007454438671215192
0.19306977288832497 0.9928662680105789 0.0006001552987328696
0.2329951810515372 0.9940203937442469 0.0005460690769565596
0.2811768697974228 0.9952183819613818 0.0005115184624772949
0.3393221771895326 0.9950729481567486 0.0005355158107989208
0.4094915062380423 0.9960143415192356 0.0004954387524103365
0.49417133613238334 0.9966654433544975 0.00044836439542313383
0.5963623316594643 0.9975627314744886 0.0003808745166094943
0.7196856730011514 0.9968646999041084 0.0004696107055118853
0.868511373751352 0.9977213825827892 0.00040434971337195805
1.0481131341546852 0.9985777597188972 0.00031080322445133785
1.2648552168552958 0.9978721791352045 0.0003945434611475534
1.5264179671752318 0.9987944346399444 0.0002991813542166866
1.8420699693267144 0.9986871886492967 0.00029046609310855105
2.2229964825261934 0.9987551039657705 0.0003097619534882741
2.6826957952797246 0.9982536148429549 0.0003911663326084408
3.2374575428176433 0.9986194979231612 0.0003613174666498047
3.906939937054613 0.9993043368376504 0.00024599442174665586
4.714866363457389 0.998866647668689 0.000331633256176761
5.689866029018293 0.9984754641151626 0.00038704973242845755
6.866488450042998 0.9986895422260299 0.00036032699835672195
8.286427728546842 0.998797254154282 0.00034620228798223543
10.0 0.9989992058277108 0.00031606945191442254
