0.001 0.011897897119826322 0.00026214048582909143
0.0012067926406393288 0.01882821848379818 0.00037024377593811614
0.0014563484775012444 0.028416040000299438 0.0005138200623397986
0.0017575106248547913 0.04315962300340875 0.0006953672145452178
0.0021209508879201904 0.062406643276024125 0.0008806667776989659
0.002559547922699536 0.09056235889475005 0.0011549715641510682
0.0030888435964774815 0.1283773807121231 0.0014608085493863004
0.003727593720314938 0.1686620459801192 0.0016926781870122865
0.004498432668969444 0.22751910499923342 0.0020094023865854984
0.005428675439323859 0.2953661234716598 0.002331931470997317
0.006551285568595509 0.36566416034625077 0.0026043245052482394
0.0079060432109077 0.44492802493331157 0.002863647179680174
0.009540954763499945 0.5299416077246324 0.003004170108520056
0.01151395399326447 0.6051455226816858 0.003080395181144325
0.013894954943731374 0.6740365355593585 0.0030452553236460316
0.016768329368110076 0.7424213940674758 0.0029237693520755147
0.020235896477251564 0.792964464133628 0.002798989779170668
0.02442053094548651 0.8395889168015579 0.0025930845439215786
0.029470517025518096 0.8726317384969919 0.0024280679656508678
0.03556480306223128 0.9024170623632254 0.002160782621615096
0.04291934260128776 0.9233073761841355 0.0019820963512078714
0.0517947467923121 0.9374317824711302 0.001827971972352844
0.0625055192527397 0.9499994088025742 0.0016501723351005915
0.07543120063354615 0.9595347517737384 0.001557822913255587
0.09102981779915217 0.9677805978859957 0.0013882008160156915
0.10985411419875583 0.975100949987375 0.0012333980760177762
0.13257113655901082 0.9782065123765721 0.0011831602874799558
0.15998587196060574 0.9827481748844077 0.0010659522529045755
0.19306977288832497 0.9870105620816978 0.0009196335311213621
0.2329951810515372 0.9895301664339439 0.000817800606516338
0.2811768697974228 0.9905702109265523 0.0008116782445936944
0.3393221771895326 0.9921528483570521 0.0007460049095365083
0.4094915062380423 0.993704295862756 0.0006722124044913186
0.49417133613238334 0.9944623310123724 0.0006135440835165015
0.5963623316594643 0.9957256220669675 0.0005321946157765896
0.7196856730011514 0.9954345658486178 0.0005786499368366023
0.868511373751352 0.9969466703729577 0.0004829037978695301
1.0481131341546852 0.996749122759179 0.0005047187859931742
1.2648552168552958 0.9967068883511325 0.0004958997041360172
1.5264179671752318 0.9982438984324883 0.00036267516550455274
1.8420699693267144 0.9983173087337059 0.00033806453096931995
2.2229964825261934 0.9978855277544735 0.0004187858240677583
2.6826957952797246 0.9976889165601702 0.0004501693124262007
3.2374575428176433 0.9982997124037094 0.00039274136012486455
3.906939937054613 0.9977728740422772 0.0004503495280504192
4.714866363457389 0.9979000957473416 0.0004476364676568398
5.689866029018293 0.9984637075899322 0.0003871808119291503
6.866488450042998 0.9993428358501107 0.0002479871243653177
8.286427728546842 0.9984920085075668 0.000387010535240751
10.0 0.9982987429849459 0.00041195966838728415
