0.001 0.011894267343448416 0.0002604810923340478
0.0012067926406393288 0.018376371079204767 0.0003562838323589558
0.0014563484775012444 0.028311499251680153 0.0005209922494545284
0.0017575106248547913 0.042066085866448936 0.0006916534745595647
0.0021209508879201904 0.06227722761347275 0.0008856600726871334
0.002559547922699536 0.09034025493612105 0.0011590933127821844
0.0030888435964774815 0.12529496198061396 0.0014084131081622845
0.003727593720314938 0.17105515853344985 0.0017194132709928119
0.004498432668969444 0.22417800907458682 0.0019988145859855962
0.005428675439323859 0.2948280369445192 0.0023573525993929767
0.006551285568595509 0.3703942734011411 0.002625837712357397
0.0079060432109077 0.4445231705273529 0.0028280537771613783
0.009540954763499945 0.5288394906972513 0.0029986296735548808
0.01151395399326447 0.6008416758447642 0.003087224349074981
0.013894954943731374 0.6709362462525524 0.003068786546276391
0.016768329368110076 0.7463748496479627 0.002891858476350621
0.020235896477251564 0.7889915024924874 0.00280688578088662
0.02442053094548651 0.8387490207126235 0.002580392237427259
0.029470517025518096 0.8709004262027511 0.002425534014388425
0.03556480306223128 0.8988007717612065 0.0022010360621421625
0.04291934260128776 0.9218025933896248 0.001986960241166062
0.0517947467923121 0.9352167669936049 0.0018668676303245394
0.0625055192527397 0.9493945684963182 0.0016819464455934251
0.07543120063354615 0.9610272998570552 0.0014824310611363902
0.09102981779915217 0.9691306666990742 0.0013494150166980877
0.10985411419875583 0.9754095211909691 0.0012160696856050848
0.13257113655901082 0.9779861989289964 0.0011983635320881548
0.15998587196060574 0.9819919736900862 0.0010728728086795633
0.19306977288832497 0.9870774613298728 0.0009101589232521261
0.2329951810515372 0.9898827892232571 0.0008006349017290215
0.2811768697974228 0.9915849304994635 0.000741318940028803
0.3393221771895326 0.9919511594904927 0.0007376110630442034
0.4094915062380423 0.9936858424043498 0.0006683903913557671
0.49417133613238334 0.9934747219959863 0.0006974213562997716
0.5963623316594643 0.9954627680349678 0.0005540607373827175
0.7196856730011514 0.9948522064721261 0.000631440817542325
0.868511373751352 0.9962999874404821 0.0005379065836463084
1.0481131341546852 0.9970944835654524 0.00046385051184897203
1.2648552168552958 0.9972095386393736 0.00046499505644271536
1.5264179671752318 0.9976533711203927 0.00043514297343540565
1.8420699693267144 0.9976922029421821 0.0004329572891170894
2.2229964825261934 0.9979634618309572 0.00040543992126434574
2.6826957952797246 0.9979696147616196 0.00041078025057210524
3.2374575428176433 0.9980886958175517 0.00038303402336394525
3.906939937054613 0.9985254018022212 0.0003645783988172917
4.714866363457389 0.9982611547283142 0.00040160304227082676
5.689866029018293 0.9982176872177412 0.0004105009660654718
6.866488450042998 0.999164419088001 0.00028287877096464724
8.286427728546842 0.9979875965722899 0.0004467738019020966
10.0 0.9984976724632258 0.0003870077237684301
