0.001 0.06890680984701664 7.477679875956487e-05
0.0012067926406393288 0.09468110579669572 9.851874285569327e-05
0.0014563484775012444 0.1285565321781248 0.00012734396728073693
0.0017575106248547913 0.1724467773270787 0.0001629999274381063
0.0021209508879201904 0.22832753656966778 0.00020466449951199485
0.002559547922699536 0.2960736029552586 0.000246146622671569
0.0030888435964774815 0.3769095454787799 0.0002835759860234666
0.003727593720314938 0.4665545105862832 0.00030578505383365594
0.004498432668969444 0.5648139772667083 0.00032296941059264576
0.005428675439323859 0.6645803967203988 0.0003139957256544026
0.006551285568595509 0.7591288890045553 0.00028129016737770237
0.0079060432109077 0.8407100571825434 0.00023399435475242975
0.009540954763499945 0.9045907580281116 0.0001719488799531581
0.01151395399326447 0.9497197383580925 0.00011238989413288711
0.013894954943731374 0.9771196652867049 6.102180669917455e-05
0.016768329368110076 0.9912277018430076 2.8055148388733702e-05
0.020235896477251564 0.9972822185739002 1.0341794715443987e-05
0.02442053094548651 0.9993355230236198 3.001168391411006e-06
0.029470517025518096 0.9998810553216204 6.385970425095491e-07
0.03556480306223128 0.9999843847648202 9.77405567921286e-08
0.04291934260128776 0.9999986948247431 9.638381233470617e-09
0.0517947467923121 0.9999999337395784 5.679323934613915e-10
0.0625055192527397 0.9999999980879914 1.856879310931463e-11
0.07543120063354615 0.9999999999732446 2.9624135024685695e-13
0.09102981779915217 0.9999999999998388 1.9435358037693336e-15
0.10985411419875583 0.9999999999999998 4.141116999478917e-18
0.13257113655901082 1.0 1.3646262398134337e-18
0.15998587196060574 1.0 1.8436389086182347e-18
0.19306977288832497 1.0 1.565060098114843e-18
0.2329951810515372 1.0 3.14018491736755e-20
0.2811768697974228 1.0 0.0
0.3393221771895326 1.0 0.0
0.4094915062380423 1.0 0.0
0.49417133613238334 1.0 0.0
0.5963623316594643 1.0 0.0
0.7196856730011514 1.0 0.0
0.868511373751352 1.0 0.0
1.0481131341546852 1.0 0.0
1.2648552168552958 1.0 0.0
1.5264179671752318 1.0 0.0
1.8420699693267144 1.0 0.0
2.2229964825261934 1.0 0.0
2.6826957952797246 1.0 0.0
3.2374575428176433 1.0 0.0
3.906939937054613 1.0 0.0
4.714866363457389 1.0 0.0
5.689866029018293 1.0 0.0
6.866488450042998 1.0 0.0
8.286427728546842 1.0 0.0
10.0 1.0 0.0
