0.001 0.14615780242789075 9.181388707777747e-05
0.0012067926406393288 0.17362337437170405 0.00010818052951015287
0.0014563484775012444 0.20570349064863563 0.00012486943751025264
0.0017575106248547913 0.24230747676617898 0.0001416575000026089
0.0021209508879201904 0.2848188087202705 0.00016160814473248475
0.002559547922699536 0.3327479120652324 0.00018345196320450195
0.0030888435964774815 0.38592066007238773 0.00020069549559598892
0.003727593720314938 0.44485465445660666 0.00022084879773301959
0.004498432668969444 0.5079527142552849 0.0002345233411051543
0.005428675439323859 0.5753566767195106 0.0002442747470851451
0.006551285568595509 0.644161067510021 0.0002448531422605747
0.0079060432109077 0.7122429328044614 0.0002364177675169304
0.009540954763499945 0.777685848323012 0.0002217071713522941
0.01151395399326447 0.8367534708884544 0.00019459340002748546
0.013894954943731374 0.8876105927479626 0.0001597240616343039
0.016768329368110076 0.9284584494693532 0.00012242341683519497
0.020235896477251564 0.9582985022460109 8.485937280598951e-05
0.02442053094548651 0.9782827560714602 5.220619603868099e-05
0.029470517025518096 0.9900371498667555 2.8534848749446564e-05
0.03556480306223128 0.9961243615327537 1.3134450622606109e-05
0.04291934260128776 0.9987589922971533 4.97442130550916e-06
0.0517947467923121 0.9996822567533025 1.506577198271389e-06
0.0625055192527397 0.99993819932042 3.439642313034539e-07
0.07543120063354615 0.9999913107241335 5.684613031176096e-08
0.09102981779915217 0.999999173586542 6.271475556834371e-09
0.10985411419875583 0.9999999520491157 4.2373780543484127e-10
0.13257113655901082 0.9999999983949026 1.621288207951101e-11
0.15998587196060574 0.9999999999728165 3.0955365202603716e-13
0.19306977288832497 0.999999999999792 2.584703169643367e-15
0.2329951810515372 0.9999999999999994 8.100984816855182e-18
0.2811768697974228 1.0 0.0
0.3393221771895326 1.0 0.0
0.4094915062380423 1.0 0.0
0.49417133613238334 1.0 0.0
0.5963623316594643 1.0 0.0
0.7196856730011514 1.0 0.0
0.868511373751352 1.0 0.0
1.0481131341546852 1.0 0.0
1.2648552168552958 1.0 0.0
1.5264179671752318 1.0 0.0
1.8420699693267144 1.0 0.0
2.2229964825261934 1.0 0.0
2.6826957952797246 1.0 0.0
3.2374575428176433 1.0 0.0
3.906939937054613 1.0 0.0
4.714866363457389 1.0 0.0
5.689866029018293 1.0 0.0
6.866488450042998 1.0 0.0
8.286427728546842 1.0 0.0
10.0 1.0 0.0
