0.001 0.0031597842998870498 6.211527706120132e-06
0.0012067926406393288 0.005295796585639677 1.0318362951207585e-05
0.0014563484775012444 0.008801811388150735 1.6697444955358935e-05
0.0017575106248547913 0.014374544590240233 2.6205955297866952e-05
0.0021209508879201904 0.02333112640593098 4.115134180621134e-05
0.002559547922699536 0.037184156981592845 6.53613679280847e-05
0.0030888435964774815 0.057948847116119626 9.3335749174577e-05
0.003727593720314938 0.08869280550416112 0.00013601046541896676
0.004498432668969444 0.13190716830555152 0.00018838711440493744
0.005428675439323859 0.19150279109067692 0.0002501305802445795
0.006551285568595509 0.2684578054010036 0.00031257119662680467
0.0079060432109077 0.36251585512676754 0.0003676546840656851
0.009540954763499945 0.4714931400638319 0.00040873654359452853
0.01151395399326447 0.5868123714359501 0.0004136934493958451
0.013894954943731374 0.6999872263961674 0.00038039462536498185
0.016768329368110076 0.8007818544923281 0.00031812525084164004
0.020235896477251564 0.8802472212372632 0.00023437360170428946
0.02442053094548651 0.9363329520634012 0.0001500170169884064
0.029470517025518096 0.9704324217857669 8.393077053931197e-05
0.03556480306223128 0.988423243377514 3.909671277331636e-05
0.04291934260128776 0.996282336685285 1.4885045495650637e-05
0.0517947467923121 0.999047141180817 4.516674216778014e-06
0.0625055192527397 0.9998146129681023 1.0317507591727386e-06
0.07543120063354615 0.999973932495854 1.7053494786740084e-07
0.09102981779915217 0.9999975207628551 1.881438874957204e-08
0.10985411419875583 0.9999998561473592 1.2712132561848718e-09
0.13257113655901082 0.9999999951847077 4.8638646238533026e-11
0.15998587196060574 0.9999999999184495 9.286609560770491e-13
0.19306977288832497 0.9999999999993759 7.754109444296862e-15
0.2329951810515372 0.9999999999999982 2.4264698248184236e-17
0.2811768697974228 1.0 0.0
0.3393221771895326 1.0 0.0
0.4094915062380423 1.0 0.0
0.49417133613238334 1.0 0.0
0.5963623316594643 1.0 0.0
0.7196856730011514 1.0 0.0
0.868511373751352 1.0 0.0
1.0481131341546852 1.0 0.0
1.2648552168552958 1.0 0.0
1.5264179671752318 1.0 0.0
1.8420699693267144 1.0 0.0
2.2229964825261934 1.0 0.0
2.6826957952797246 1.0 0.0
3.2374575428176433 1.0 0.0
3.906939937054613 1.0 0.0
4.714866363457389 1.0 0.0
5.689866029018293 1.0 0.0
6.866488450042998 1.0 0.0
8.286427728546842 1.0 0.0
10.0 1.0 0.0
