0.004642159978455603 0.17710177406059857 0.0005646531664747766 0.00010000048244597819
0.01677608611221325 0.01456257031384068 0.006867890193001533 0.00010006543364655512
0.0614554729889499 0.0013947821772196294 0.07188672221321869 0.00010547400358649074
0.23155897701661063 0.0002678806963793558 0.46172542308915965 0.0001664459450678973
0.7521495820824456 0.00019906220511879688 0.9724262940512842 0.00010456149389960615
0.9992465535570592 0.00014137508984145994 0.9999998040334965 0.00010000000000187497
0.9999999999996093 0.0001414213562372819 1.0 0.0001
1.0 0.0001414213562373095 1.0 0.0001
1.0 0.0001414213562373095 1.0 0.0001
1.0 0.0001414213562373095 1.0 0.0001
