0.002789633504703146 0.486883704985374 0.0002053886545856977 0.00010000017393698507
0.010060113955578157 0.03907867681852718 0.002559069989904765 0.00010002551425802938
0.03656736731825927 0.0034437056783687865 0.029061747835610573 0.00010273202669225066
0.13619337603638818 0.00045185382787497685 0.24217375590796797 0.00018050454746912278
0.5006625667930419 0.00033857582850258 0.8433545977203072 0.0001863894879298058
0.9793940701076831 0.00014499527904607144 0.9998502295603877 0.00010000106874822193
0.9999999401229042 0.000141421352003603 0.9999999999999988 0.0001
1.0 0.0001414213562373095 1.0 0.0001
1.0 0.0001414213562373095 1.0 0.0001
1.0 0.0001414213562373095 1.0 0.0001
