0.005228455827945539 0.14002903168985717 0.0007141473855586101 0.00010000060352862668
0.018905919386530388 0.011603416799738867 0.008619699532884372 0.00010007881354086055
0.06943889061673716 0.0011403096511179557 0.08800681948112277 0.00010623150860687511
0.262024719981649 0.0002437956188072961 0.5232543881503625 0.0001587652794080019
0.8068301264955131 0.0001754929313730478 0.9843526370312676 0.00010151079928446746
0.99973666577082 0.0001414035985643522 0.9999999760687922 0.00010000000000002814
0.9999999999999912 0.00014142135623730888 1.0 0.0001
1.0 0.0001414213562373095 1.0 0.0001
1.0 0.0001414213562373095 1.0 0.0001
1.0 0.0001414213562373095 1.0 0.0001
