0.005984702818537573 0.1073053848406854 0.0009319363707192703 0.00010000074652721134
0.021675355456764422 0.008966755797607829 0.011154942793130276 0.0001000991395317556
0.0797651755332421 0.0009127993219311796 0.11008014552366431 0.00010664923874447916
0.3015199967560557 0.00022036370268621515 0.5955716170960214 0.00014815060245138167
0.8620838813938344 0.0001570067560256936 0.9925397468769632 0.00010035002949867457
0.99993239918282 0.0001414166321149354 0.9999999984241009 0.00010000000000000013
1.0 0.0001414213562373095 1.0 0.0001
1.0 0.0001414213562373095 1.0 0.0001
1.0 0.0001414213562373095 1.0 0.0001
1.0 0.0001414213562373095 1.0 0.0001
