0.004174436189036557 0.2185118314888061 0.00045764511071810316 0.00010000038807610004
0.015075517445550694 0.01786404788105095 0.005598473842606427 0.00010005373419187892
0.0551763193632334 0.0016729271622094569 0.05990103273300609 0.00010508561434452862
0.20754189042088958 0.0002960838066719499 0.409806145471589 0.00017538084503057166
0.6998509732162687 0.00022178703041462035 0.9567767732569084 0.00011024671638848911
0.9982684463495919 0.000141337316262553 0.9999989625420985 0.00010000000005464775
0.9999999999920348 0.00014142135623674626 1.0 0.0001
1.0 0.0001414213562373095 1.0 0.0001
1.0 0.0001414213562373095 1.0 0.0001
1.0 0.0001414213562373095 1.0 0.0001
