0.001 0.032182033448632685 2.0008439530947837e-05
0.0012067926406393288 0.045077480156957686 2.6604058362129197e-05
0.0014563484775012444 0.06272397316083646 3.611282201787013e-05
0.0017575106248547913 0.08651454806846373 4.8672152942726366e-05
0.0021209508879201904 0.11801485401796781 6.349811560749793e-05
0.002559547922699536 0.15897783087722697 8.172224311088734e-05
0.0030888435964774815 0.21121263319250924 0.00010307902736957155
0.003727593720314938 0.27532773815638073 0.00012301697405730258
0.004498432668969444 0.35239540852592344 0.0001467228674779155
0.005428675439323859 0.4407054347357693 0.00016375046252126824
0.006551285568595509 0.5369237613296387 0.00016678117785446956
0.0079060432109077 0.6371963165470256 0.0001693390646414308
0.009540954763499945 0.733907675590605 0.00015584820704146282
0.01151395399326447 0.8198015076104662 0.0001298613355189576
0.013894954943731374 0.8896090531828562 9.828125665737797e-05
0.016768329368110076 0.9398718237441475 6.513525929849883e-05
0.020235896477251564 0.9716364276553153 3.759969146215815e-05
0.02442053094548651 0.9886495070572345 1.7564230251075347e-05
0.029470517025518096 0.9963138387208142 6.7968246760092445e-06
0.03556480306223128 0.9990604029598519 2.0490683304552735e-06
0.04291934260128776 0.9998191135128421 4.497056715961265e-07
0.0517947467923121 0.9999755115165433 7.071391117706844e-08
0.0625055192527397 0.9999978099155953 7.282438170606639e-09
0.07543120063354615 0.9999998786909815 4.373134388061913e-10
0.09102981779915217 0.9999999963401218 1.4609352929425157e-11
0.10985411419875583 0.9999999999462686 2.34230955297002e-13
0.13257113655901082 0.9999999999996712 1.5695222215887492e-15
0.15998587196060574 0.9999999999999997 5.1778783241852655e-18
0.19306977288832497 1.0 2.100053689373493e-18
0.2329951810515372 1.0 6.951095629092364e-19
0.2811768697974228 1.0 2.16945647012676e-18
0.3393221771895326 1.0 0.0
0.4094915062380423 1.0 0.0
0.49417133613238334 1.0 0.0
0.5963623316594643 1.0 0.0
0.7196856730011514 1.0 0.0
0.868511373751352 1.0 0.0
1.0481131341546852 1.0 0.0
1.2648552168552958 1.0 0.0
1.5264179671752318 1.0 0.0
1.8420699693267144 1.0 0.0
2.2229964825261934 1.0 0.0
2.6826957952797246 1.0 0.0
3.2374575428176433 1.0 0.0
3.906939937054613 1.0 0.0
4.714866363457389 1.0 0.0
5.689866029018293 1.0 0.0
6.866488450042998 1.0 0.0
8.286427728546842 1.0 0.0
10.0 1.0 0.0
