0.001 0.023716744354739222 1.712397209611473e-05
0.0012067926406393288 0.03341801713531203 2.346951730978081e-05
0.0014563484775012444 0.04679268357856866 3.230566485572757e-05
0.0017575106248547913 0.06505029083843039 4.3364656505278214e-05
0.0021209508879201904 0.08962768068005841 5.91182277701026e-05
0.002559547922699536 0.12221714957736252 7.716976379526901e-05
0.0030888435964774815 0.16449477977509167 9.876974089264551e-05
0.003727593720314938 0.2175793377413671 0.00012068512748198877
0.004498432668969444 0.2832505051614004 0.00014705988561928462
0.005428675439323859 0.36152494416043157 0.00016882769721015062
0.006551285568595509 0.45111447675955324 0.000188732985385028
0.0079060432109077 0.5483377988919952 0.000198592873301583
0.009540954763499945 0.6482169439552514 0.00019554288240550128
0.01151395399326447 0.7443075567330999 0.0001787901066991805
0.013894954943731374 0.8285638504640148 0.0001472514960712826
0.016768329368110076 0.8961169846880707 0.00010965931902007647
0.020235896477251564 0.944111661065029 7.085116500739505e-05
0.02442053094548651 0.9740950311492473 3.998753201736383e-05
0.029470517025518096 0.9898084907101893 1.8075802926088707e-05
0.03556480306223128 0.9967770258756425 6.910396259587543e-06
0.04291934260128776 0.9991979906635382 1.9948813744233256e-06
0.0517947467923121 0.9998500919873099 4.1952573134529454e-07
0.0625055192527397 0.9999804376199092 6.275888936161922e-08
0.07543120063354615 0.9999983231624981 6.104306240105224e-09
0.09102981779915217 0.9999999126234772 3.5050006622857203e-10
0.10985411419875583 0.9999999975300361 1.0860983825641821e-11
0.13257113655901082 0.999999999966265 1.585422506704493e-13
0.15998587196060574 0.9999999999998105 9.463771314461786e-16
0.19306977288832497 0.9999999999999998 4.084111996852257e-18
0.2329951810515372 1.0 6.288215396613194e-19
0.2811768697974228 1.0 2.196783236391233e-18
0.3393221771895326 1.0 7.0391992164730495e-19
0.4094915062380423 1.0 0.0
0.49417133613238334 1.0 0.0
0.5963623316594643 1.0 0.0
0.7196856730011514 1.0 0.0
0.868511373751352 1.0 0.0
1.0481131341546852 1.0 0.0
1.2648552168552958 1.0 0.0
1.5264179671752318 1.0 0.0
1.8420699693267144 1.0 0.0
2.2229964825261934 1.0 0.0
2.6826957952797246 1.0 0.0
3.2374575428176433 1.0 0.0
3.906939937054613 1.0 0.0
4.714866363457389 1.0 0.0
5.689866029018293 1.0 0.0
6.866488450042998 1.0 0.0
8.286427728546842 1.0 0.0
10.0 1.0 0.0
