0.001 0.027433381891601515 1.8166335287483848e-05
0.0012067926406393288 0.03859773224833022 2.5424447018533723e-05
0.0014563484775012444 0.053922756133649455 3.4274667500228956e-05
0.0017575106248547913 0.07476913427693942 4.6938580843653886e-05
0.0021209508879201904 0.10241561170646928 6.101215263673667e-05
0.002559547922699536 0.13883101306258203 7.947741414392537e-05
0.0030888435964774815 0.18550964291669175 9.93899228094721e-05
0.003727593720314938 0.24397890998440738 0.00012171775347250113
0.004498432668969444 0.31491288105447174 0.00014323795026833984
0.005428675439323859 0.39843162019779865 0.00016796928353552372
0.006551285568595509 0.4918990971465546 0.00018477882145353692
0.0079060432109077 0.5909637242653007 0.00018475586807567746
0.009540954763499945 0.6898578566475704 0.00017669079391266398
0.01151395399326447 0.7817441838472121 0.00015438321940240005
0.013894954943731374 0.8596418202465178 0.0001241550119737634
0.016768329368110076 0.9190578933944151 8.703721684298339e-05
0.020235896477251564 0.958950839337378 5.300969992083097e-05
0.02442053094548651 0.9822255505326626 2.743729612375181e-05
0.029470517025518096 0.9936270613452545 1.1836226116377361e-05
0.03556480306223128 0.9981590129654271 3.937127397366998e-06
0.04291934260128776 0.9995934855969992 1.0050344068326893e-06
0.0517947467923121 0.9999343847697988 1.8458936665491657e-07
0.0625055192527397 0.9999927989201404 2.331596693365852e-08
0.07543120063354615 0.9999994987883091 1.8482914717882774e-09
0.09102981779915217 0.9999999796626756 8.264017844140026e-11
0.10985411419875583 0.9999999995730076 1.8862624035698723e-12
0.13257113655901082 0.9999999999959025 1.8893438107954067e-14
0.15998587196060574 0.9999999999999849 7.294206165732303e-17
0.19306977288832497 1.0 1.014624798294138e-18
0.2329951810515372 1.0 2.113626720563435e-18
0.2811768697974228 1.0 8.030527940416976e-19
0.3393221771895326 1.0 5.811463456374355e-19
0.4094915062380423 1.0 0.0
0.49417133613238334 1.0 0.0
0.5963623316594643 1.0 0.0
0.7196856730011514 1.0 0.0
0.868511373751352 1.0 0.0
1.0481131341546852 1.0 0.0
1.2648552168552958 1.0 0.0
1.5264179671752318 1.0 0.0
1.8420699693267144 1.0 0.0
2.2229964825261934 1.0 0.0
2.6826957952797246 1.0 0.0
3.2374575428176433 1.0 0.0
3.906939937054613 1.0 0.0
4.714866363457389 1.0 0.0
5.689866029018293 1.0 0.0
6.866488450042998 1.0 0.0
8.286427728546842 1.0 0.0
10.0 1.0 0.0
