0.001 0.03821527808999919 2.0848641956111883e-05
0.0012067926406393288 0.05339640272012077 2.816309906078435e-05
0.0014563484775012444 0.07401122434578025 3.8937684784746794e-05
0.0017575106248547913 0.10139999389792238 5.0230060778030644e-05
0.0021209508879201904 0.13757861772408433 6.582334746898202e-05
0.002559547922699536 0.1839564367522485 8.334271609922328e-05
0.0030888435964774815 0.24215097792746046 0.0001023268157797127
0.003727593720314938 0.31296826280329804 0.00012367528793937505
0.004498432668969444 0.3961690318307347 0.00014164094293586655
0.005428675439323859 0.48932902518077515 0.00015495650068515958
0.006551285568595509 0.5882686766642382 0.0001571794936061122
0.0079060432109077 0.6873339802711035 0.00014965662262392257
0.009540954763499945 0.7796068361384164 0.00013335669732073216
0.01151395399326447 0.8577783656419732 0.00010539427885863928
0.013894954943731374 0.9177770793663622 7.571892792485769e-05
0.016768329368110076 0.958209692055509 4.622064257445521e-05
0.020235896477251564 0.981840528251047 2.4252136554558426e-05
0.02442053094548651 0.9934283513229255 1.0224625546476007e-05
0.029470517025518096 0.9981043138495923 3.5199135903560388e-06
0.03556480306223128 0.9995801660890309 9.154128421803574e-07
0.04291934260128776 0.9999319352465914 1.7042083834218165e-07
0.0517947467923121 0.9999924602272365 2.1719881571111472e-08
0.0625055192527397 0.9999994679234445 1.725668087282885e-09
0.07543120063354615 0.9999999782158521 7.849062097062509e-11
0.09102981779915217 0.9999999995420555 1.8454704425283696e-12
0.10985411419875583 0.9999999999956195 1.9304950333408858e-14
0.13257113655901082 0.9999999999999841 7.637222814555115e-17
0.15998587196060574 1.0 2.1008752377786647e-18
0.19306977288832497 1.0 8.061167227367316e-19
0.2329951810515372 1.0 2.132090750023573e-18
0.2811768697974228 1.0 8.516213916627317e-19
0.3393221771895326 1.0 0.0
0.4094915062380423 1.0 0.0
0.49417133613238334 1.0 0.0
0.5963623316594643 1.0 0.0
0.7196856730011514 1.0 0.0
0.868511373751352 1.0 0.0
1.0481131341546852 1.0 0.0
1.2648552168552958 1.0 0.0
1.5264179671752318 1.0 0.0
1.8420699693267144 1.0 0.0
2.2229964825261934 1.0 0.0
2.6826957952797246 1.0 0.0
3.2374575428176433 1.0 0.0
3.906939937054613 1.0 0.0
4.714866363457389 1.0 0.0
5.689866029018293 1.0 0.0
6.866488450042998 1.0 0.0
8.286427728546842 1.0 0.0
10.0 1.0 0.0
