0.001 0.11752615510364851 3.28947346478524e-05
0.0012067926406393288 0.1400730717913225 3.835150362271098e-05
0.0014563484775012444 0.16654083977521564 4.596836348297923e-05
0.0017575106248547913 0.19722632888934294 5.207733851345537e-05
0.0021209508879201904 0.2329553795087434 6.058176105101594e-05
0.002559547922699536 0.2738378135989894 6.902741984772272e-05
0.0030888435964774815 0.32032428357981496 7.759906660284657e-05
0.003727593720314938 0.3725117415129443 8.755217925288088e-05
0.004498432668969444 0.43030411272507835 9.59539863626351e-05
0.005428675439323859 0.4928847418967911 0.00010334614518942164
0.006551285568595509 0.5591511679489085 0.0001067589024512726
0.0079060432109077 0.6277296728604224 0.00010775699168587821
0.009540954763499945 0.6966338058662875 0.00010681795138742467
0.01151395399326447 0.7628338110855181 9.928890243682376e-05
0.013894954943731374 0.8239542203112044 8.972582934489415e-05
0.016768329368110076 0.8770010646118579 7.420616791718247e-05
0.020235896477251564 0.9202298201745289 5.781359929662256e-05
0.02442053094548651 0.9525976697965992 4.00447814252333e-05
0.029470517025518096 0.9747744081806758 2.565590451214493e-05
0.03556480306223128 0.9882080409590984 1.4257451924185556e-05
0.04291934260128776 0.9952764403576538 6.711674638423855e-06
0.0517947467923121 0.9984356456860626 2.6230474758075977e-06
0.0625055192527397 0.999586546352913 8.041714077329955e-07
0.07543120063354615 0.9999168547734764 1.8673219077383348e-07
0.09102981779915217 0.9999880458525866 3.1221563751996714e-08
0.10985411419875583 0.9999988427288994 3.4763973772789087e-09
0.13257113655901082 0.9999999309200958 2.3695010274412875e-10
0.15998587196060574 0.9999999976598396 8.812120687478626e-12
0.19306977288832497 0.9999999999610034 1.6378440721819747e-13
0.2329951810515372 0.9999999999997186 1.2945433063428512e-15
0.2811768697974228 0.9999999999999997 4.9828733892486194e-18
0.3393221771895326 1.0 0.0
0.4094915062380423 1.0 0.0
0.49417133613238334 1.0 0.0
0.5963623316594643 1.0 0.0
0.7196856730011514 1.0 0.0
0.868511373751352 1.0 0.0
1.0481131341546852 1.0 0.0
1.2648552168552958 1.0 0.0
1.5264179671752318 1.0 0.0
1.8420699693267144 1.0 0.0
2.2229964825261934 1.0 0.0
2.6826957952797246 1.0 0.0
3.2374575428176433 1.0 0.0
3.906939937054613 1.0 0.0
4.714866363457389 1.0 0.0
5.689866029018293 1.0 0.0
6.866488450042998 1.0 0.0
8.286427728546842 1.0 0.0
10.0 1.0 0.0
