0.001 0.12973014841915925 3.186343419158736e-05
0.0012067926406393288 0.15440212443954188 3.7727638025790905e-05
0.0014563484775012444 0.18326799069411073 4.444286818963972e-05
0.0017575106248547913 0.21688552552758 5.2037722707975086e-05
0.0021209508879201904 0.2553157898901907 5.868491001270505e-05
0.002559547922699536 0.29932199894170347 6.636922274314343e-05
0.0030888435964774815 0.349244735790531 7.638787681467383e-05
0.003727593720314938 0.4043325019968355 8.210574842144377e-05
0.004498432668969444 0.4651045113810364 9.174171444111148e-05
0.005428675439323859 0.5297023836796106 9.333450664937278e-05
0.006551285568595509 0.597619449808532 9.734796722949295e-05
0.0079060432109077 0.6667062491097173 9.626726499604451e-05
0.009540954763499945 0.7345342063105738 9.377002245519794e-05
0.01151395399326447 0.7981560324896866 8.519491113483046e-05
0.013894954943731374 0.8549667621669914 7.334520168944813e-05
0.016768329368110076 0.9027393315682992 5.903874124539404e-05
0.020235896477251564 0.9398611317040564 4.331757419177105e-05
0.02442053094548651 0.9663390357304285 2.8906574382659556e-05
0.029470517025518096 0.9833007972098161 1.7127081408503894e-05
0.03556480306223128 0.9928107444704195 8.56414166022545e-06
0.04291934260128776 0.9974040562841286 3.6752071535473993e-06
0.0517947467923121 0.999237806471531 1.2431790396387786e-06
0.0625055192527397 0.9998275161256138 3.364126228985475e-07
0.07543120063354615 0.9999711847979288 6.614573562460392e-08
0.09102981779915217 0.9999966512663166 8.78212949892892e-09
0.10985411419875583 0.9999997513533906 7.506641525323962e-10
0.13257113655901082 0.9999999891506636 3.700757594067077e-11
0.15998587196060574 0.9999999997486835 9.28188057696926e-13
0.19306977288832497 0.9999999999973712 1.0970750232163775e-14
0.2329951810515372 0.9999999999999889 4.941461876085239e-17
0.2811768697974228 1.0 0.0
0.3393221771895326 1.0 0.0
0.4094915062380423 1.0 0.0
0.49417133613238334 1.0 0.0
0.5963623316594643 1.0 0.0
0.7196856730011514 1.0 0.0
0.868511373751352 1.0 0.0
1.0481131341546852 1.0 0.0
1.2648552168552958 1.0 0.0
1.5264179671752318 1.0 0.0
1.8420699693267144 1.0 0.0
2.2229964825261934 1.0 0.0
2.6826957952797246 1.0 0.0
3.2374575428176433 1.0 0.0
3.906939937054613 1.0 0.0
4.714866363457389 1.0 0.0
5.689866029018293 1.0 0.0
6.866488450042998 1.0 0.0
8.286427728546842 1.0 0.0
10.0 1.0 0.0
