0.001 0.1074493910004531 3.3946628777141184e-05
0.0012067926406393288 0.1281286155645135 3.891875446876946e-05
0.0014563484775012444 0.15250655952845085 4.572056638795237e-05
0.0017575106248547913 0.1810407854393829 5.372998354145983e-05
0.0021209508879201904 0.2141610560393339 6.189022596228937e-05
0.002559547922699536 0.25235151454188515 7.116456640594729e-05
0.0030888435964774815 0.2961229256159914 8.148272499332844e-05
0.003727593720314938 0.3452265220258742 8.989586179233223e-05
0.004498432668969444 0.40023430723217773 0.00010125179421703979
0.005428675439323859 0.4603714963343656 0.00010967839015775409
0.006551285568595509 0.52465089829092 0.00011170670285880727
0.0079060432109077 0.5925771023337231 0.0001178704516884759
0.009540954763499945 0.6616647279925608 0.00011761300857282497
0.01151395399326447 0.7294192776484478 0.00011205332499445154
0.013894954943731374 0.7936161653745087 0.00010286982461585377
0.016768329368110076 0.8510354215230423 8.878574815576154e-05
0.020235896477251564 0.8995640821901736 7.268030945311616e-05
0.02442053094548651 0.937369804195777 5.301654295382279e-05
0.029470517025518096 0.9647001586024365 3.5814227969312115e-05
0.03556480306223128 0.9823234842091866 2.1388840742625773e-05
0.04291934260128776 0.9922907862367282 1.0890423910289621e-05
0.0517947467923121 0.9971796645999759 4.739831534866116e-06
0.0625055192527397 0.9991617296836717 1.6663188732399763e-06
0.07543120063354615 0.9998037731903426 4.40124579283399e-07
0.09102981779915217 0.9999661910623312 8.771857421013536e-08
0.10985411419875583 0.9999959430670513 1.204931965628773e-08
0.13257113655901082 0.9999996866823833 1.07196790183281e-09
0.15998587196060574 0.9999999854621283 5.402265343591269e-11
0.19306977288832497 0.9999999996455105 1.461466083369828e-12
0.2329951810515372 0.9999999999959728 1.8188153456263696e-14
0.2811768697974228 0.9999999999999818 8.808977538549669e-17
0.3393221771895326 1.0 0.0
0.4094915062380423 1.0 0.0
0.49417133613238334 1.0 0.0
0.5963623316594643 1.0 0.0
0.7196856730011514 1.0 0.0
0.868511373751352 1.0 0.0
1.0481131341546852 1.0 0.0
1.2648552168552958 1.0 0.0
1.5264179671752318 1.0 0.0
1.8420699693267144 1.0 0.0
2.2229964825261934 1.0 0.0
2.6826957952797246 1.0 0.0
3.2374575428176433 1.0 0.0
3.906939937054613 1.0 0.0
4.714866363457389 1.0 0.0
5.689866029018293 1.0 0.0
6.866488450042998 1.0 0.0
8.286427728546842 1.0 0.0
10.0 1.0 0.0
