0.001 0.09889642357684676 3.318592913386374e-05
0.0012067926406393288 0.11812148439336417 3.970048890171653e-05
0.0014563484775012444 0.14078015763378807 4.6275737601999275e-05
0.0017575106248547913 0.16742735758354668 5.5058780139522556e-05
0.0021209508879201904 0.19827020673257645 6.287003829725504e-05
0.002559547922699536 0.23409818115394104 7.272299625168344e-05
0.0030888435964774815 0.27511644779363015 8.19836007472262e-05
0.003727593720314938 0.32170310057660895 9.198737024816321e-05
0.004498432668969444 0.37388442098485547 0.00010121832438504335
0.005428675439323859 0.4318333180730771 0.000113626653270457
0.006551285568595509 0.4946006787247239 0.0001234102389630073
0.0079060432109077 0.5609873128961388 0.00012569074532315538
0.009540954763499945 0.629560660380956 0.00012781740872369908
0.01151395399326447 0.6983627799955289 0.00012437262188676892
0.013894954943731374 0.7646203466838767 0.00011864196951003607
0.016768329368110076 0.8254962893401433 0.00010421624129126634
0.020235896477251564 0.8782230950591154 8.660106840145355e-05
0.02442053094548651 0.9211731224525085 6.66319386667408e-05
0.029470517025518096 0.95340507806616 4.762454589219481e-05
0.03556480306223128 0.9751907355244999 2.958434817537172e-05
0.04291934260128776 0.988425784781641 1.622632741721638e-05
0.0517947467923121 0.9953772255546331 7.565959420457996e-06
0.0625055192527397 0.9984781768466819 2.9496617579085318e-06
0.07543120063354615 0.999601474035307 9.108104666403824e-07
0.09102981779915217 0.9999203681756444 2.0935110767754753e-07
0.10985411419875583 0.999988572009552 3.4253587904680204e-08
0.13257113655901082 0.9999988904090252 3.6702271298041347e-09
0.15998587196060574 0.9999999338966518 2.4526760538850875e-10
0.19306977288832497 0.9999999978043561 9.105089179636297e-12
0.2329951810515372 0.9999999999631702 1.6263041100182457e-13
0.2811768697974228 0.9999999999997388 1.2609373708539307e-15
0.3393221771895326 0.9999999999999997 5.046607877133305e-18
0.4094915062380423 1.0 0.0
0.49417133613238334 1.0 0.0
0.5963623316594643 1.0 0.0
0.7196856730011514 1.0 0.0
0.868511373751352 1.0 0.0
1.0481131341546852 1.0 0.0
1.2648552168552958 1.0 0.0
1.5264179671752318 1.0 0.0
1.8420699693267144 1.0 0.0
2.2229964825261934 1.0 0.0
2.6826957952797246 1.0 0.0
3.2374575428176433 1.0 0.0
3.906939937054613 1.0 0.0
4.714866363457389 1.0 0.0
5.689866029018293 1.0 0.0
6.866488450042998 1.0 0.0
8.286427728546842 1.0 0.0
10.0 1.0 0.0
