0.001 0.0009705825370230366 1.0284427212410347e-06
0.0012067926406393288 0.0016538034210580794 1.762740123386253e-06
0.0014563484775012444 0.002799322766625744 2.8932698838705402e-06
0.0017575106248547913 0.004708785001700275 4.867231655110522e-06
0.0021209508879201904 0.007818096089165743 7.778620250419943e-06
0.002559547922699536 0.012866760610841417 1.2538573604669269e-05
0.0030888435964774815 0.020879587973404095 1.9455598459442975e-05
0.003727593720314938 0.03337679753297959 2.980358187123249e-05
0.004498432668969444 0.05238157709340477 4.417329069782293e-05
0.005428675439323859 0.08069787704310755 6.63289004762542e-05
0.006551285568595509 0.12122364982537279 9.530651524410346e-05
0.0079060432109077 0.1768152581648934 0.0001226020794063243
0.009540954763499945 0.24983606867476574 0.00015692833537315858
0.01151395399326447 0.34092579503714404 0.0001867762750937603
0.013894954943731374 0.44735664047513685 0.00021380135986983205
0.016768329368110076 0.5628001542485442 0.00021686646439503292
0.020235896477251564 0.6775507835498531 0.0002033498650319066
0.02442053094548651 0.7817937042557818 0.00017136216896483216
0.029470517025518096 0.8666923551114561 0.00013077317209207693
0.03556480306223128 0.9274290780013636 8.47718682716261e-05
0.04291934260128776 0.965685504638827 4.76692256836019e-05
0.0517947467923121 0.9861973980004884 2.251304364192683e-05
0.0625055192527397 0.9954417355061087 8.82567611074729e-06
0.07543120063354615 0.9988049233898196 2.7305853333613817e-06
0.09102981779915217 0.999761124864854 6.279708033526776e-07
0.10985411419875583 0.9999657164556515 1.0275888115840392e-07
0.13257113655901082 0.9999966712311736 1.1010662533855118e-08
0.15998587196060574 0.9999998016899714 7.358027433593066e-10
0.19306977288832497 0.9999999934130683 2.731526753890889e-11
0.2329951810515372 0.9999999998895113 4.878912329496092e-13
0.2811768697974228 0.9999999999992156 3.7828056233681596e-15
0.3393221771895326 0.9999999999999978 1.0776766255073115e-17
0.4094915062380423 1.0 0.0
0.49417133613238334 1.0 0.0
0.5963623316594643 1.0 0.0
0.7196856730011514 1.0 0.0
0.868511373751352 1.0 0.0
1.0481131341546852 1.0 0.0
1.2648552168552958 1.0 0.0
1.5264179671752318 1.0 0.0
1.8420699693267144 1.0 0.0
2.2229964825261934 1.0 0.0
2.6826957952797246 1.0 0.0
3.2374575428176433 1.0 0.0
3.906939937054613 1.0 0.0
4.714866363457389 1.0 0.0
5.689866029018293 1.0 0.0
6.866488450042998 1.0 0.0
8.286427728546842 1.0 0.0
10.0 1.0 0.0
