0.001 0.00218734795358652 1.671059510919533e-06
0.0012067926406393288 0.003687626090478176 2.8042814382768233e-06
0.0014563484775012444 0.006166443777818542 4.647854988359251e-06
0.0017575106248547913 0.010219967145001375 7.596408111425495e-06
0.0021209508879201904 0.016669755339310807 1.191118704595694e-05
0.002559547922699536 0.026857363253349326 1.8472496717049743e-05
0.0030888435964774815 0.04265984836560639 2.8901390191283824e-05
0.003727593720314938 0.0661848131882026 4.15274829816329e-05
0.004498432668969444 0.10073128690182834 6.18629611540955e-05
0.005428675439323859 0.14876598630963944 8.066808301189901e-05
0.006551285568595509 0.21361059841467153 0.00010713828381446072
0.0079060432109077 0.29653573426732477 0.0001311071302921337
0.009540954763499945 0.3965059447686179 0.00015471971474912164
0.01151395399326447 0.5086424677935695 0.000165487910526263
0.013894954943731374 0.6250920740193449 0.0001629961552668386
0.016768329368110076 0.7357715457092213 0.00014568593156710533
0.020235896477251564 0.8302689663323365 0.00011555731929406899
0.02442053094548651 0.9024024080229787 8.133484923825289e-05
0.029470517025518096 0.9507429852885112 4.980339881631382e-05
0.03556480306223128 0.9785891034441611 2.5356016520081604e-05
0.04291934260128776 0.9922327723648064 1.0974352050594684e-05
0.0517947467923121 0.9977152081210685 3.7245421562067456e-06
0.0625055192527397 0.9994826410184414 1.0089375164694235e-06
0.07543120063354615 0.9999135570159647 1.9842756424162937e-07
0.09102981779915217 0.9999899538349059 2.634624363643888e-08
0.10985411419875583 0.9999992540603746 2.251991562237006e-09
0.13257113655901082 0.9999999674519903 1.1102272611430648e-10
0.15998587196060574 0.9999999992460513 2.784564173082516e-12
0.19306977288832497 0.9999999999921132 3.29122504127629e-14
0.2329951810515372 0.9999999999999672 1.4816433030793657e-16
0.2811768697974228 1.0 0.0
0.3393221771895326 1.0 0.0
0.4094915062380423 1.0 0.0
0.49417133613238334 1.0 0.0
0.5963623316594643 1.0 0.0
0.7196856730011514 1.0 0.0
0.868511373751352 1.0 0.0
1.0481131341546852 1.0 0.0
1.2648552168552958 1.0 0.0
1.5264179671752318 1.0 0.0
1.8420699693267144 1.0 0.0
2.2229964825261934 1.0 0.0
2.6826957952797246 1.0 0.0
3.2374575428176433 1.0 0.0
3.906939937054613 1.0 0.0
4.714866363457389 1.0 0.0
5.689866029018293 1.0 0.0
6.866488450042998 1.0 0.0
8.286427728546842 1.0 0.0
10.0 1.0 0.0
