0.001 0.0007744796640233493 8.92116806040314e-07
0.0012067926406393288 0.0013203647117002318 1.4903718408809143e-06
0.0014563484775012444 0.002238488697889616 2.5152851418932696e-06
0.0017575106248547913 0.003771057843729563 4.1195048761610485e-06
0.0021209508879201904 0.00630256058074166 6.959379202290271e-06
0.002559547922699536 0.01043498776702622 1.1138667390724908e-05
0.0030888435964774815 0.01706458964102847 1.7660659962464012e-05
0.003727593720314938 0.027398790280289926 2.69143575258081e-05
0.004498432668969444 0.043375162760043925 4.1690616562904175e-05
0.005428675439323859 0.06736091298225236 5.991913867322415e-05
0.006551285568595509 0.10230053271677508 8.609938090808947e-05
0.0079060432109077 0.15111030493043087 0.0001181236188443305
0.009540954763499945 0.21659702680761334 0.00015382948956313593
0.01151395399326447 0.30046370500635394 0.00018918164831540282
0.013894954943731374 0.40059659021177635 0.00021661453654046859
0.016768329368110076 0.5130878618897227 0.00023237798610387737
0.020235896477251564 0.629175861775428 0.00022549941695963475
0.02442053094548651 0.7395819773511595 0.000201974786316527
0.029470517025518096 0.8327807215613239 0.00015570007221046413
0.03556480306223128 0.9045082018992625 0.00011116794925262431
0.04291934260128776 0.9519607674250606 6.688174460386743e-05
0.0517947467923121 0.9791683975705506 3.376748783817018e-05
0.0625055192527397 0.9924898790499929 1.4412002513584869e-05
0.07543120063354615 0.9978132170230302 4.931541439397435e-06
0.09102981779915217 0.9995045209257581 1.2871021974272167e-06
0.10985411419875583 0.9999175110293993 2.4599906565596434e-07
0.13257113655901082 0.9999904639231975 3.204341057113477e-08
0.15998587196060574 0.9999992935903469 2.648380455117114e-09
0.19306977288832497 0.9999999690156183 1.2577208877958202e-10
0.2329951810515372 0.9999999992948447 3.146947781280677e-12
0.2811768697974228 0.9999999999926522 3.596892610165274e-14
0.3393221771895326 0.9999999999999692 1.5486865097718694e-16
0.4094915062380423 1.0 0.0
0.49417133613238334 1.0 0.0
0.5963623316594643 1.0 0.0
0.7196856730011514 1.0 0.0
0.868511373751352 1.0 0.0
1.0481131341546852 1.0 0.0
1.2648552168552958 1.0 0.0
1.5264179671752318 1.0 0.0
1.8420699693267144 1.0 0.0
2.2229964825261934 1.0 0.0
2.6826957952797246 1.0 0.0
3.2374575428176433 1.0 0.0
3.906939937054613 1.0 0.0
4.714866363457389 1.0 0.0
5.689866029018293 1.0 0.0
6.866488450042998 1.0 0.0
8.286427728546842 1.0 0.0
10.0 1.0 0.0
