0.001 0.001244326319316022 1.2452388409454506e-06
0.0012067926406393288 0.0021093931529804774 2.0100093423121736e-06
0.0014563484775012444 0.0035567450212517066 3.340638857776272e-06
0.0017575106248547913 0.00594967862150162 5.546193167302747e-06
0.0021209508879201904 0.009847465877885103 8.912852016165682e-06
0.002559547922699536 0.01610898083143757 1.422799741384856e-05
0.0030888435964774815 0.026026455533891532 2.23538206481957e-05
0.003727593720314938 0.041229377176442594 3.34716015276158e-05
0.004498432668969444 0.06423732565295265 5.075684370187267e-05
0.005428675439323859 0.09774059482684355 7.307155080325745e-05
0.006551285568595509 0.14461314276333864 9.523476483555424e-05
0.0079060432109077 0.20833167669255373 0.00012827964362899228
0.009540954763499945 0.2899539729056846 0.00015865975231221446
0.01151395399326447 0.38836630931717664 0.00018326504270284254
0.013894954943731374 0.5000941333364289 0.00019812840566587396
0.016768329368110076 0.616574264794413 0.00019579871578815565
0.020235896477251564 0.728084329533049 0.00017846362519109807
0.02442053094548651 0.8237106325058287 0.00014094410720351798
0.029470517025518096 0.897831914534817 0.00010053690164355665
0.03556480306223128 0.9479158022010122 6.210107144761968e-05
0.04291934260128776 0.9770537289390301 3.222041613510868e-05
0.0517947467923121 0.9915635064693539 1.4148786270341377e-05
0.0625055192527397 0.9974873797881806 4.991679412295833e-06
0.07543120063354615 0.9994114408886225 1.319936945078596e-06
0.09102981779915217 0.9998985768469172 2.631411381831572e-07
0.10985411419875583 0.9999878292548847 3.6147725178494534e-08
0.13257113655901082 0.9999990600474788 3.215902139175596e-09
0.15998587196060574 0.999999956386386 1.6206795681245245e-10
0.19306977288832497 0.9999999989365308 4.384398250107692e-12
0.2329951810515372 0.9999999999879179 5.4564460096323074e-14
0.2811768697974228 0.999999999999945 2.6423496116898837e-16
0.3393221771895326 1.0 0.0
0.4094915062380423 1.0 0.0
0.49417133613238334 1.0 0.0
0.5963623316594643 1.0 0.0
0.7196856730011514 1.0 0.0
0.868511373751352 1.0 0.0
1.0481131341546852 1.0 0.0
1.2648552168552958 1.0 0.0
1.5264179671752318 1.0 0.0
1.8420699693267144 1.0 0.0
2.2229964825261934 1.0 0.0
2.6826957952797246 1.0 0.0
3.2374575428176433 1.0 0.0
3.906939937054613 1.0 0.0
4.714866363457389 1.0 0.0
5.689866029018293 1.0 0.0
6.866488450042998 1.0 0.0
8.286427728546842 1.0 0.0
10.0 1.0 0.0
