0.001 0.0016271876086839708 1.4235495209535171e-06
0.0012067926406393288 0.0027545593689769442 2.3467744266339338e-06
0.0014563484775012444 0.004629861153280482 3.996752906933795e-06
0.0017575106248547913 0.007688020999589415 6.335583537197724e-06
0.0021209508879201904 0.012668056647632524 1.0263111103681375e-05
0.002559547922699536 0.020573975629250556 1.6163206687163564e-05
0.0030888435964774815 0.03292630523971691 2.480352404598939e-05
0.003727593720314938 0.051778345707239874 3.789293756407315e-05
0.004498432668969444 0.07979603573929121 5.521271444554393e-05
0.005428675439323859 0.11989874698749445 7.780148591352655e-05
0.006551285568595509 0.1750116665446129 0.00010311267356291603
0.0079060432109077 0.24757399668748523 0.0001307263951973086
0.009540954763499945 0.33831572226549317 0.00015912078789124577
0.01151395399326447 0.4441318264741042 0.00017674478939808954
0.013894954943731374 0.5595830569365605 0.00018574456883922713
0.016768329368110076 0.6746740532980972 0.00017331835533477058
0.020235896477251564 0.7793642549660992 0.00014820029895270864
0.02442053094548651 0.8644733588591936 0.00010967195482719249
0.029470517025518096 0.9262354367227293 7.340668582849403e-05
0.03556480306223128 0.9650456644038437 4.1852211465845545e-05
0.04291934260128776 0.9858974971718554 1.9964398689452655e-05
0.0517947467923121 0.995314480956869 7.847428463038283e-06
0.0625055192527397 0.9987601712132685 2.4107897202932736e-06
0.07543120063354615 0.9997505861052297 5.601181735364753e-07
0.09102981779915217 0.9999641380157053 9.366284880182266e-08
0.10985411419875583 0.9999965281910786 1.0429172863067333e-08
0.13257113655901082 0.999999792760302 7.108502315988879e-10
0.15998587196060574 0.9999999929795184 2.6436362062435158e-11
0.19306977288832497 0.99999999988301 4.913532216444798e-13
0.2329951810515372 0.9999999999991557 3.883629919028554e-15
0.2811768697974228 0.9999999999999977 1.0022436509540393e-17
0.3393221771895326 1.0 0.0
0.4094915062380423 1.0 0.0
0.49417133613238334 1.0 0.0
0.5963623316594643 1.0 0.0
0.7196856730011514 1.0 0.0
0.868511373751352 1.0 0.0
1.0481131341546852 1.0 0.0
1.2648552168552958 1.0 0.0
1.5264179671752318 1.0 0.0
1.8420699693267144 1.0 0.0
2.2229964825261934 1.0 0.0
2.6826957952797246 1.0 0.0
3.2374575428176433 1.0 0.0
3.906939937054613 1.0 0.0
4.714866363457389 1.0 0.0
5.689866029018293 1.0 0.0
6.866488450042998 1.0 0.0
8.286427728546842 1.0 0.0
10.0 1.0 0.0
