0.001 0.03556818378645604 4.3887232808112085e-05
0.0012067926406393288 0.049728879202341245 5.98836664519139e-05
0.0014563484775012444 0.06896304489636082 8.050410233360585e-05
0.0017575106248547913 0.09490847500343214 0.00010739968268626108
0.0021209508879201904 0.12884312831946804 0.00013967381421069807
0.002559547922699536 0.17269211367097723 0.0001768294018086864
0.0030888435964774815 0.22828690880101263 0.00021950139542145343
0.003727593720314938 0.2962440644443504 0.00026260300945980873
0.004498432668969444 0.3762812626435776 0.0002996234554678757
0.005428675439323859 0.4671121818546265 0.00033398004639425535
0.006551285568595509 0.5655142200531879 0.0003472261517087013
0.0079060432109077 0.6642284326971588 0.00033193241531420626
0.009540954763499945 0.7587632069644549 0.0003001179772548429
0.01151395399326447 0.8408151141012334 0.0002457060127424398
0.013894954943731374 0.9048762268074726 0.00017621476867072308
0.016768329368110076 0.949818798469807 0.0001128160764118874
0.020235896477251564 0.9770597107718108 6.096468921004227e-05
0.02442053094548651 0.9912142700508186 2.723557314325976e-05
0.029470517025518096 0.9972664706134832 9.914957101693207e-06
0.03556480306223128 0.9993344456821799 2.731295342296848e-06
0.04291934260128776 0.9998804020531057 5.64022337985508e-07
0.0517947467923121 0.9999846674549675 8.054783357829882e-08
0.0625055192527397 0.9999987073886466 7.40899627457086e-09
0.07543120063354615 0.9999999349092206 4.112024822868952e-10
0.09102981779915217 0.9999999982061801 1.4502348328076089e-11
0.10985411419875583 0.999999999976332 1.7420724315717835e-13
0.13257113655901082 0.9999999999998681 1.0376040853928127e-15
0.15998587196060574 0.9999999999999998 3.585865691168939e-18
0.19306977288832497 1.0 1.9539925233402756e-18
0.2329951810515372 1.0 1.8851573881298768e-18
0.2811768697974228 1.0 1.905448061816356e-18
0.3393221771895326 1.0 3.14018491736755e-20
0.4094915062380423 1.0 0.0
0.49417133613238334 1.0 0.0
0.5963623316594643 1.0 0.0
0.7196856730011514 1.0 0.0
0.868511373751352 1.0 0.0
1.0481131341546852 1.0 0.0
1.2648552168552958 1.0 0.0
1.5264179671752318 1.0 0.0
1.8420699693267144 1.0 0.0
2.2229964825261934 1.0 0.0
2.6826957952797246 1.0 0.0
3.2374575428176433 1.0 0.0
3.906939937054613 1.0 0.0
4.714866363457389 1.0 0.0
5.689866029018293 1.0 0.0
6.866488450042998 1.0 0.0
8.286427728546842 1.0 0.0
10.0 1.0 0.0
