0.001 0.11305167792777197 7.088477632966687e-05
0.0012067926406393288 0.13474845640643499 8.327796212753398e-05
0.0014563484775012444 0.16020397670973463 9.716502372205279e-05
0.0017575106248547913 0.19009740677202966 0.0001135329625012743
0.0021209508879201904 0.22449452491259472 0.0001307996968778697
0.002559547922699536 0.2640838066754799 0.00014877599746367323
0.0030888435964774815 0.30941830375905593 0.0001686869190536903
0.003727593720314938 0.3603433078361095 0.00018784979843782583
0.004498432668969444 0.41662086959573164 0.00020427234541992015
0.005428675439323859 0.47803281977295325 0.0002230345589534747
0.006551285568595509 0.5439037157716384 0.0002347775792822356
0.0079060432109077 0.6116067219712997 0.00023616210321926112
0.009540954763499945 0.6808083747024115 0.00023536452935778092
0.01151395399326447 0.7480822160544087 0.00022436726376908077
0.013894954943731374 0.8102276084439276 0.00019895693825394938
0.016768329368110076 0.8653135825782964 0.00017044174065505092
0.020235896477251564 0.910710094350303 0.00013382273119354315
0.02442053094548651 0.9456495926299904 9.540073133852114e-05
0.029470517025518096 0.9701318394396982 6.246711706620585e-05
0.03556480306223128 0.985445578527215 3.523064325426897e-05
0.04291934260128776 0.9939154999250531 1.7404382315064916e-05
0.0517947467923121 0.997852013486953 7.1105565948755805e-06
0.0625055192527397 0.9993857291675633 2.3185389108948215e-06
0.07543120063354615 0.9998648817246303 5.867250919972495e-07
0.09102981779915217 0.9999780929052027 1.0864206750281138e-07
0.10985411419875583 0.9999975323573832 1.341636974265188e-08
0.13257113655901082 0.999999819648258 1.0669661524973039e-09
0.15998587196060574 0.9999999922796086 4.859968941095865e-11
0.19306977288832497 0.9999999998317759 1.1669192677751022e-12
0.2329951810515372 0.9999999999982557 1.2741059476626985e-14
0.2811768697974228 0.9999999999999929 5.3776622509535066e-17
0.3393221771895326 1.0 4.7102773760513256e-20
0.4094915062380423 1.0 0.0
0.49417133613238334 1.0 0.0
0.5963623316594643 1.0 0.0
0.7196856730011514 1.0 0.0
0.868511373751352 1.0 0.0
1.0481131341546852 1.0 0.0
1.2648552168552958 1.0 0.0
1.5264179671752318 1.0 0.0
1.8420699693267144 1.0 0.0
2.2229964825261934 1.0 0.0
2.6826957952797246 1.0 0.0
3.2374575428176433 1.0 0.0
3.906939937054613 1.0 0.0
4.714866363457389 1.0 0.0
5.689866029018293 1.0 0.0
6.866488450042998 1.0 0.0
8.286427728546842 1.0 0.0
10.0 1.0 0.0
