0.001 0.21906838823171712 0.001993400661681808
0.0012067926406393288 0.2731984595388126 0.002395508794545228
0.0014563484775012444 0.3297349505490325 0.0027984656621708355
0.0017575106248547913 0.3852101143227728 0.0031510815605153564
0.0021209508879201904 0.4497242480619982 0.003415101690581353
0.002559547922699536 0.501496272647001 0.0035774613675302862
0.0030888435964774815 0.550003690385232 0.0036125062506897503
0.003727593720314938 0.6071711449896663 0.003517952257447593
0.004498432668969444 0.6564887607169945 0.0033627670442740315
0.005428675439323859 0.7047035501990526 0.0031055980879778912
0.006551285568595509 0.7479149836180834 0.0029029303332073018
0.0079060432109077 0.7909017208883482 0.0026239494416220683
0.009540954763499945 0.8304318574208428 0.0023841717140714153
0.01151395399326447 0.8685424764895547 0.0021007238110007124
0.013894954943731374 0.9014010842468572 0.001825947249488898
0.016768329368110076 0.9299281432064834 0.0015193319141649723
0.020235896477251564 0.9440639132303923 0.0014146179506012518
0.02442053094548651 0.9598373110431961 0.0012044055073074094
0.029470517025518096 0.9727458784166589 0.0009675726244080882
0.03556480306223128 0.9809775757187382 0.0008147007791216124
0.04291934260128776 0.9866920758306407 0.0006835344352909728
0.0517947467923121 0.9917176586453279 0.0005043988017340941
0.0625055192527397 0.9932679416938108 0.000486094171875908
0.07543120063354615 0.9959625307629721 0.0003660467190303655
0.09102981779915217 0.9973762473302422 0.000304857355125289
0.10985411419875583 0.9984162056619594 0.00021003017695753602
0.13257113655901082 0.9985637814813683 0.0002453571890244325
0.15998587196060574 0.9992074133570984 0.0001569344057572468
0.19306977288832497 0.9994372518798659 0.00015277168323874345
0.2329951810515372 0.9997070659924452 8.899189401562018e-05
0.2811768697974228 0.9999447038101896 2.2993043636256e-05
0.3393221771895326 0.9998863029477659 5.195156432562526e-05
0.4094915062380423 0.9999266915905307 4.4279647410177166e-05
0.49417133613238334 0.9999739248573023 1.7121084725529077e-05
0.5963623316594643 0.9999620166266051 3.139882846548821e-05
0.7196856730011514 0.999999270062942 5.350934619506399e-07
0.868511373751352 0.9999854573776887 1.3960146020222952e-05
1.0481131341546852 0.9999999650102234 2.750481606319053e-08
1.2648552168552958 0.9999999799604425 1.7092380313445496e-08
1.5264179671752318 0.9999993531511393 6.436781030093942e-07
1.8420699693267144 0.9999999999996894 3.061576237651843e-13
2.2229964825261934 0.9999999828400996 1.7148612075321133e-08
2.6826957952797246 0.9999994315977329 5.660879290666703e-07
3.2374575428176433 0.9999999999937369 5.938099049868501e-12
3.906939937054613 0.999999999999996 2.7876087615725206e-15
4.714866363457389 1.0 7.364386412590296e-20
5.689866029018293 1.0 8.660109658510528e-18
6.866488450042998 1.0 4.965068306494546e-20
8.286427728546842 1.0 5.438959822042073e-20
10.0 1.0 0.0
