0.001 0.2685828703685642 0.0017467587600895928
0.0012067926406393288 0.3108096231356335 0.0019648203260669186
0.0014563484775012444 0.3562907383933182 0.002190566788165567
0.0017575106248547913 0.40317759029163663 0.0024098576890959596
0.0021209508879201904 0.4569364561355547 0.0025802740688814557
0.002559547922699536 0.5017370613656843 0.002735846271641829
0.0030888435964774815 0.5521766806602878 0.0028271724227750174
0.003727593720314938 0.6046396454180109 0.0028559911492891947
0.004498432668969444 0.6436978655763256 0.0028438656545807482
0.005428675439323859 0.6982794418041932 0.00272786778824814
0.006551285568595509 0.7335394245974858 0.002619063004800072
0.0079060432109077 0.7754526254380079 0.002407594653730496
0.009540954763499945 0.8046676466998469 0.002216727034380405
0.01151395399326447 0.842043911766079 0.001995409699943428
0.013894954943731374 0.8709058768460549 0.001791889163216783
0.016768329368110076 0.8981898319270817 0.0015793671766398162
0.020235896477251564 0.9218822165633829 0.0013555650847457128
0.02442053094548651 0.9388940498718764 0.0012194301516748748
0.029470517025518096 0.9541762987407514 0.0010628787032843166
0.03556480306223128 0.9661259839682047 0.0009256505814742254
0.04291934260128776 0.9769311119602891 0.0007371839195831052
0.0517947467923121 0.9840593929023341 0.0005970036913437893
0.0625055192527397 0.9891915959736696 0.0004938462680656292
0.07543120063354615 0.9922350853920139 0.0004361114888208766
0.09102981779915217 0.9945212003703633 0.0003444489926677087
0.10985411419875583 0.9967164585996651 0.00026359032559874086
0.13257113655901082 0.9981354890231858 0.00017755572371226
0.15998587196060574 0.9984718484931336 0.0001747027642188642
0.19306977288832497 0.9988702942018397 0.0001412957809344287
0.2329951810515372 0.9993864492436462 0.00010940005813215849
0.2811768697974228 0.9995477369537612 8.509298292706754e-05
0.3393221771895326 0.9997302098690989 6.264794975203792e-05
0.4094915062380423 0.9998673926297863 3.650163032191112e-05
0.49417133613238334 0.9999162657605025 2.82886884497731e-05
0.5963623316594643 0.9999798417221758 9.33283317892148e-06
0.7196856730011514 0.9999791257710955 8.964173623510762e-06
0.868511373751352 0.9999812871117468 7.746985193257371e-06
1.0481131341546852 0.9999815659094693 1.1433910763331162e-05
1.2648552168552958 0.9999945869330576 4.814834380252305e-06
1.5264179671752318 0.9999842894224176 1.3743576415594001e-05
1.8420699693267144 0.9999994860289793 4.2204614505475977e-07
2.2229964825261934 0.9999999519921153 3.8068123077199016e-08
2.6826957952797246 0.9999999967605514 2.091509970063026e-09
3.2374575428176433 0.9999997436344417 2.5620275553008504e-07
3.906939937054613 0.9999999998979463 9.242640922921424e-11
4.714866363457389 0.9999999998279203 1.1453041359075013e-10
5.689866029018293 1.0 5.9730101905322804e-18
6.866488450042998 0.9999999866290767 1.3055144425598475e-08
8.286427728546842 0.9999998583086591 1.4168403105763693e-07
10.0 0.999999963502658 3.649551720535914e-08
