0.001 0.04482741079753715 0.00048348528822439354
0.0012067926406393288 0.06650911345569345 0.0007107531723695079
0.0014563484775012444 0.09755131792500095 0.0010187110066626002
0.0017575106248547913 0.1377718920976737 0.0014040093275240605
0.0021209508879201904 0.18518796401087778 0.0018629543333034218
0.002559547922699536 0.24085349217415383 0.002367130432729291
0.0030888435964774815 0.29996962146996603 0.0028679609643570817
0.003727593720314938 0.36269738030473475 0.003321879180985565
0.004498432668969444 0.41710519498805787 0.003653822622096498
0.005428675439323859 0.47509001095028025 0.003846698616727079
0.006551285568595509 0.5294992492733928 0.003879953877131601
0.0079060432109077 0.5771110978716228 0.0038240087988458114
0.009540954763499945 0.6243534222704389 0.0036526943219528773
0.01151395399326447 0.6818365840120462 0.0033655824799333207
0.013894954943731374 0.7233118336430591 0.003170011572599352
0.016768329368110076 0.7770072124648493 0.0028464675867171446
0.020235896477251564 0.8232018544088218 0.002557971752322569
0.02442053094548651 0.859749666955833 0.0023099792485450723
0.029470517025518096 0.8962108386029483 0.002004348224745881
0.03556480306223128 0.9265638902537574 0.0016795511043914018
0.04291934260128776 0.9455579897100677 0.0014420368522721067
0.0517947467923121 0.9609563950635038 0.0012353369062868306
0.0625055192527397 0.9721939516695703 0.0010539717920904667
0.07543120063354615 0.9822345759849229 0.0007998849728780561
0.09102981779915217 0.9868139923047352 0.0007084191145189718
0.10985411419875583 0.9901040291082618 0.0006216030486479961
0.13257113655901082 0.9944705287094461 0.00044423436199647793
0.15998587196060574 0.9959117255122457 0.0003804179452887363
0.19306977288832497 0.9972590967055487 0.0003032436343769769
0.2329951810515372 0.9978480149478218 0.0002934672064394761
0.2811768697974228 0.9985272101789456 0.00025483501551665374
0.3393221771895326 0.999244026584681 0.00015672596455057074
0.4094915062380423 0.999456318270528 0.0001239382275011266
0.49417133613238334 0.9997699031568446 9.469188962476038e-05
0.5963623316594643 0.9997960367258325 6.978317729173683e-05
0.7196856730011514 0.999795448757323 9.177150958293471e-05
0.868511373751352 0.9998838087383534 6.467350330819598e-05
1.0481131341546852 0.9997846471805879 9.517952949924727e-05
1.2648552168552958 0.9999990954197124 4.2589574014468665e-07
1.5264179671752318 0.9999488363433986 4.5109765323828784e-05
1.8420699693267144 0.9999910746557643 6.2007666405424595e-06
2.2229964825261934 0.9999546070861818 3.2073448901637355e-05
2.6826957952797246 0.9999961399584759 3.859743832182279e-06
3.2374575428176433 0.9999923240304044 7.675497950875912e-06
3.906939937054613 0.9999999197620113 7.176421957630509e-08
4.714866363457389 0.9999876046765721 1.239469812678955e-05
5.689866029018293 0.9999999999175617 7.572911215934426e-11
6.866488450042998 0.9999999999998476 1.077025796521876e-13
8.286427728546842 0.9999999999876694 8.718101046218341e-12
10.0 0.999999999971586 2.8254396490008425e-11
