0.001 0.010287517314216928 0.0001171506698631852
0.0012067926406393288 0.01444585734952112 0.0001614102153190614
0.0014563484775012444 0.019906243134866816 0.00022415567880695742
0.0017575106248547913 0.027859669426762837 0.0003066180820155834
0.0021209508879201904 0.03839585062602635 0.00041287176268633855
0.002559547922699536 0.05291478045953436 0.0005575542580297402
0.0030888435964774815 0.07072527391847748 0.0007255765466568341
0.003727593720314938 0.09448354722108049 0.0009407720240092128
0.004498432668969444 0.1259183736852289 0.001191828597166726
0.005428675439323859 0.1646079199107436 0.0014975664188314037
0.006551285568595509 0.20798385971578168 0.0017998260430955493
0.0079060432109077 0.2592423427284801 0.0021476221656244305
0.009540954763499945 0.31808290130383404 0.002445183974081796
0.01151395399326447 0.37859591175163926 0.002709782604690434
0.013894954943731374 0.4557301499367412 0.0029780788386285974
0.016768329368110076 0.5129622323127657 0.0031242535461213656
0.020235896477251564 0.5842407131276497 0.003209146167867023
0.02442053094548651 0.639318946007405 0.0032551101496314495
0.029470517025518096 0.6944319345345733 0.0032260182730431907
0.03556480306223128 0.7396319491072796 0.0031623946753362455
0.04291934260128776 0.7867439779526814 0.0030054975124785706
0.0517947467923121 0.8250988615447512 0.0028125075309236914
0.0625055192527397 0.8436915201042888 0.0027714260847472925
0.07543120063354615 0.8730872707176308 0.002564164667547648
0.09102981779915217 0.89285691538053 0.0023867109760770037
0.10985411419875583 0.9115246707766997 0.00223861353151457
0.13257113655901082 0.9230472811423617 0.002123793882836196
0.15998587196060574 0.9321150783999954 0.002015922980384573
0.19306977288832497 0.9453137254140264 0.0018346469665345977
0.2329951810515372 0.9540731547226665 0.0017234505715882224
0.2811768697974228 0.9597757172321073 0.0016168055612718851
0.3393221771895326 0.9661819627279505 0.0014825507054408845
0.4094915062380423 0.9691862316739036 0.0014462473329140562
0.49417133613238334 0.9768147015830334 0.0012602024438149965
0.5963623316594643 0.9773446152011819 0.0012610949938436473
0.7196856730011514 0.9796154063581249 0.0011962139081248496
0.868511373751352 0.9838623871910611 0.0010537538620756892
1.0481131341546852 0.9846819739509524 0.0010453232497441014
1.2648552168552958 0.9867754804998092 0.0009794792408947736
1.5264179671752318 0.990167798727586 0.0008316677046584028
1.8420699693267144 0.9911509773218106 0.0007927862427658404
2.2229964825261934 0.9898987663706541 0.0008822371917622882
2.6826957952797246 0.9922113539645837 0.0007542079555758903
3.2374575428176433 0.9918919627082303 0.0008017627202072361
3.906939937054613 0.9935047027407107 0.0006983948577058459
4.714866363457389 0.9938762504267361 0.0007085637363569645
5.689866029018293 0.9950495123478001 0.0006204178368321519
6.866488450042998 0.994700402717098 0.0006554887623184878
8.286427728546842 0.9960185718958803 0.0005679284774858642
10.0 0.9969689198043034 0.0005037227863362395
