0.001 0.010345636611540933 0.0001176924937213571
0.0012067926406393288 0.01477185617573702 0.0001639739184966857
0.0014563484775012444 0.020310497264340477 0.000227147999594101
0.0017575106248547913 0.028865482647165645 0.0003129714005415822
0.0021209508879201904 0.03984952416471762 0.00042979611712984
0.002559547922699536 0.05467119011396288 0.0005644002215671485
0.0030888435964774815 0.07437888759799637 0.0007448073976529545
0.003727593720314938 0.09954626118730057 0.0009648084129599549
0.004498432668969444 0.13136119364654703 0.001242279324951532
0.005428675439323859 0.16760145594141154 0.0014958918721672293
0.006551285568595509 0.2136979907017524 0.0018191456508261836
0.0079060432109077 0.2698974550900545 0.0021656326528743043
0.009540954763499945 0.326591872928453 0.002456927045616164
0.01151395399326447 0.395224623045686 0.0027300328947387487
0.013894954943731374 0.4557932819061081 0.0029543465342121273
0.016768329368110076 0.5292349573510012 0.0031412835165415963
0.020235896477251564 0.5901839600928479 0.0031976035084164533
0.02442053094548651 0.6484818170167185 0.0032270732032241593
0.029470517025518096 0.7071830172055559 0.0031601478120878235
0.03556480306223128 0.7463977642769458 0.003135873217500323
0.04291934260128776 0.7954955115292631 0.002938818385431106
0.0517947467923121 0.8231629616340204 0.002843370308664982
0.0625055192527397 0.8546885436274484 0.0026812680468420703
0.07543120063354615 0.8828847374057411 0.002459771846279679
0.09102981779915217 0.8942356300709166 0.0023838295356815383
0.10985411419875583 0.9137303371055417 0.0021917573664971567
0.13257113655901082 0.9302609504006772 0.0020104611350842735
0.15998587196060574 0.9393674337994218 0.0019155277802143321
0.19306977288832497 0.9484383821720425 0.0017794638576887282
0.2329951810515372 0.9532294932899211 0.0017209966642576225
0.2811768697974228 0.9647608808941616 0.0014893633076701134
0.3393221771895326 0.9657963834394669 0.0015111222271377487
0.4094915062380423 0.9737337492184465 0.0013094395613300097
0.49417133613238334 0.9761268448377254 0.0012723949547322028
0.5963623316594643 0.9802055631504889 0.0011590838234371969
0.7196856730011514 0.9806639106274704 0.0011559153995145343
0.868511373751352 0.9845029321587478 0.001041739869250893
1.0481131341546852 0.9868698902966367 0.0009700006314941534
1.2648552168552958 0.9869565145391682 0.0009827485619876002
1.5264179671752318 0.9898431676744082 0.0008466514322539699
1.8420699693267144 0.9909313340227107 0.0008258276010970132
2.2229964825261934 0.9924005222956915 0.0007593482251126536
2.6826957952797246 0.9923032457949201 0.000777863531008517
3.2374575428176433 0.9934259884175892 0.0007156741023985443
3.906939937054613 0.9937649662688497 0.0007061874939853541
4.714866363457389 0.9951356177013566 0.0006071424058984753
5.689866029018293 0.9942580443277554 0.0007117929174841401
6.866488450042998 0.9950874811875227 0.0006614718138898467
8.286427728546842 0.9957809635270505 0.0006158241471588596
10.0 0.9957688129703888 0.0006200063577558169
