0.001 0.05027142310193722 0.00033691189825382865
0.0012067926406393288 0.0606573583902612 0.0004015461656292627
0.0014563484775012444 0.07130000875779739 0.00047922667272319114
0.0017575106248547913 0.08631013643223191 0.0005674529689831355
0.0021209508879201904 0.10240085145225343 0.0006748713637881064
0.002559547922699536 0.12243156498006294 0.0007812867197757047
0.0030888435964774815 0.1450317698424626 0.0009199993096175549
0.003727593720314938 0.17126326853259152 0.0010688524809728739
0.004498432668969444 0.2007866006216776 0.001249000336541052
0.005428675439323859 0.2332008137204572 0.0013996569061743248
0.006551285568595509 0.2705875415217378 0.0016008501373522197
0.0079060432109077 0.3148903726823845 0.0018088817050673292
0.009540954763499945 0.3586969993513709 0.001984778551470202
0.01151395399326447 0.41140210622511675 0.002166488412366942
0.013894954943731374 0.45776515305153864 0.002336630269667508
0.016768329368110076 0.5167726891636703 0.00249814050019708
0.020235896477251564 0.5674020249839381 0.002576824977216785
0.02442053094548651 0.6184579693644977 0.0026593275925365745
0.029470517025518096 0.6726453648580545 0.0026691794088870664
0.03556480306223128 0.7127939537810203 0.002709316600043808
0.04291934260128776 0.7620303831707496 0.002605630810898789
0.0517947467923121 0.7932250138166821 0.002566768203053653
0.0625055192527397 0.828166989821511 0.0024598507075036104
0.07543120063354615 0.8589204699987444 0.0023023169205501847
0.09102981779915217 0.8746101452024116 0.002239930838412137
0.10985411419875583 0.8975974167930831 0.0020814610851290715
0.13257113655901082 0.9170465386829135 0.0019234936622308887
0.15998587196060574 0.9290961152346341 0.0018261235082201758
0.19306977288832497 0.9399916655865732 0.0017080948553955214
0.2329951810515372 0.9460143715645906 0.0016580643065220186
0.2811768697974228 0.9591338589895415 0.0014418384735542828
0.3393221771895326 0.9612406288916682 0.0014607923757611887
0.4094915062380423 0.9694827973830025 0.0012709569911116857
0.49417133613238334 0.9729973900430059 0.0012339329217717766
0.5963623316594643 0.9774659555935523 0.0011298126840635966
0.7196856730011514 0.9780975135919391 0.0011254890168885085
0.868511373751352 0.9826223104635071 0.001015131211421071
1.0481131341546852 0.985526633889229 0.0009397632473050431
1.2648552168552958 0.9857648904509628 0.0009559885329860834
1.5264179671752318 0.9885942014092297 0.0008370611964309088
1.8420699693267144 0.9900823523404079 0.0008094731216775133
2.2229964825261934 0.9915082367515864 0.0007526767231418139
2.6826957952797246 0.9914570853807265 0.0007833947208089162
3.2374575428176433 0.9927410303503651 0.0007203268080637203
3.906939937054613 0.9931597663785374 0.0007110043146937657
4.714866363457389 0.9945080454172128 0.0006166687822631347
5.689866029018293 0.9936772779523156 0.0007196518307492837
6.866488450042998 0.9946805301534732 0.0006693627796448211
8.286427728546842 0.9954080053795308 0.0006240322884300243
10.0 0.9953700148181867 0.0006284327342050373
