0.001 0.05041664022071171 0.0003404156998907001
0.0012067926406393288 0.06009111528372229 0.00039921507755102573
0.0014563484775012444 0.07190791515546524 0.0004764533149324912
0.0017575106248547913 0.08547493246120441 0.000565957214789552
0.0021209508879201904 0.1021440814141029 0.0006665000559321557
0.002559547922699536 0.12116773914547582 0.0007838436294015135
0.0030888435964774815 0.14349009410505126 0.0009123651781976642
0.003727593720314938 0.1677413923006555 0.001076639737178825
0.004498432668969444 0.1998320608112393 0.0012311098280906277
0.005428675439323859 0.23207101121004042 0.0014117460598446695
0.006551285568595509 0.27010944350226107 0.0015912847463843197
0.0079060432109077 0.3152965387232329 0.0018100554109577905
0.009540954763499945 0.3575025183906558 0.0020068102324958125
0.01151395399326447 0.40473310502231025 0.0021807883166323695
0.013894954943731374 0.45883768532032265 0.002347431521243086
0.016768329368110076 0.5117552257482745 0.0024924927119542475
0.020235896477251564 0.5607708695060767 0.002596752944489446
0.02442053094548651 0.6177146048594941 0.0026554877635175827
0.029470517025518096 0.6738562623579577 0.0026863767674235872
0.03556480306223128 0.7094737480417772 0.0026966534458207903
0.04291934260128776 0.7510159744649881 0.002668493596526362
0.0517947467923121 0.7921545506786352 0.0025841037646659663
0.0625055192527397 0.8212721801799142 0.002501812275934079
0.07543120063354615 0.8528194393188729 0.0023391322884509925
0.09102981779915217 0.8771228054035819 0.00223464169731245
0.10985411419875583 0.8972848462529811 0.0020996883000203594
0.13257113655901082 0.9100963021460647 0.002015130037929046
0.15998587196060574 0.9256581639624153 0.0018898335134552413
0.19306977288832497 0.9385100074440821 0.0017183989545264467
0.2329951810515372 0.945799842965676 0.001675046617739053
0.2811768697974228 0.9553720625366139 0.0015181459415477602
0.3393221771895326 0.9629717462111281 0.0014045266415812151
0.4094915062380423 0.9688343172810339 0.0012894081454911846
0.49417133613238334 0.9716048760081009 0.0012635226468651263
0.5963623316594643 0.9743222252903732 0.0011974865265018339
0.7196856730011514 0.9789194445200752 0.0011031960610730746
0.868511373751352 0.9824670271445799 0.0010159844946656415
1.0481131341546852 0.9835637793146672 0.0010253959152942513
1.2648552168552958 0.984862588177867 0.000986660961387986
1.5264179671752318 0.9885565351731574 0.0008403651097411533
1.8420699693267144 0.988749974401881 0.0008450178981785915
2.2229964825261934 0.9892030350177252 0.000879563979921845
2.6826957952797246 0.9904172543957902 0.0008515270722708783
3.2374575428176433 0.9901823340901712 0.0008438103326222329
3.906939937054613 0.9930352440577713 0.0007276175102610946
4.714866363457389 0.9943037355879067 0.0006488348529368461
5.689866029018293 0.9949476784623886 0.0006163403918160056
6.866488450042998 0.9947083506143183 0.0006458534514654735
8.286427728546842 0.9959490158455852 0.0005692978367724948
10.0 0.9953572537200495 0.000641282887144905
