0.001 0.07963016668541599 0.00026078152107025397
0.0012067926406393288 0.10940987852778569 0.0003494596270548788
0.0014563484775012444 0.14727635132061606 0.0004282969780279019
0.0017575106248547913 0.19490179108617714 0.0004922314385090387
0.0021209508879201904 0.2560167648651885 0.0005916102000738843
0.002559547922699536 0.3284073579184435 0.0006613549353435802
0.0030888435964774815 0.412309082658558 0.0006889696101854009
0.003727593720314938 0.5041485778243743 0.0006466865863289233
0.004498432668969444 0.6019867845792813 0.0005850475248647292
0.005428675439323859 0.6999087308560035 0.0005143412341931508
0.006551285568595509 0.7896757274343555 0.0004032064308883783
0.0079060432109077 0.8649102124988396 0.0002764935249434287
0.009540954763499945 0.9220751458256818 0.00016721851946683127
0.01151395399326447 0.9608566476365616 9.405189937824202e-05
0.013894954943731374 0.9829482405405493 3.9867159162476184e-05
0.016768329368110076 0.9938916826689153 1.4916495708987409e-05
0.020235896477251564 0.9982426037187518 4.349011429588262e-06
0.02442053094548651 0.9996146137487023 9.92366097880739e-07
0.029470517025518096 0.9999385392216589 1.628806376320125e-07
0.03556480306223128 0.999993311011999 1.8441176956732223e-08
0.04291934260128776 0.9999995398399384 1.294209786067632e-09
0.0517947467923121 0.9999999817368451 5.0750920910973964e-11
0.0625055192527397 0.9999999996286643 1.0534083182704001e-12
0.07543120063354615 0.9999999999966392 9.766565851714181e-15
0.09102981779915217 0.9999999999999883 3.3596808933885537e-17
0.10985411419875583 1.0 7.556044468858738e-19
0.13257113655901082 1.0 2.1403994269927814e-18
0.15998587196060574 1.0 1.1514249254020268e-18
0.19306977288832497 1.0 1.7022293360443325e-18
0.2329951810515372 1.0 0.0
0.2811768697974228 1.0 0.0
0.3393221771895326 1.0 0.0
0.4094915062380423 1.0 0.0
0.49417133613238334 1.0 0.0
0.5963623316594643 1.0 0.0
0.7196856730011514 1.0 0.0
0.868511373751352 1.0 0.0
1.0481131341546852 1.0 0.0
1.2648552168552958 1.0 0.0
1.5264179671752318 1.0 0.0
1.8420699693267144 1.0 0.0
2.2229964825261934 1.0 0.0
2.6826957952797246 1.0 0.0
3.2374575428176433 1.0 0.0
3.906939937054613 1.0 0.0
4.714866363457389 1.0 0.0
5.689866029018293 1.0 0.0
6.866488450042998 1.0 0.0
8.286427728546842 1.0 0.0
10.0 1.0 0.0
