0.001 0.17200198782693657 0.0002466746158136809
0.0012067926406393288 0.20421333339766667 0.0002976124083710114
0.0014563484775012444 0.2406646658922075 0.0003340559357874966
0.0017575106248547913 0.2819435894946728 0.0003588154901218818
0.0021209508879201904 0.33006065621517366 0.0004114536698944924
0.002559547922699536 0.3830637238259862 0.0004502791675439719
0.0030888435964774815 0.44136625723919376 0.0004733575065581852
0.003727593720314938 0.5033830037543138 0.0004617810107594015
0.004498432668969444 0.5695583548283123 0.0004515546313361355
0.005428675439323859 0.6384499926435563 0.0004495733921124853
0.006551285568595509 0.7067430166386617 0.00041756161901239554
0.0079060432109077 0.7716370939227555 0.0003575375355776036
0.009540954763499945 0.8309103585007244 0.00028635942231238767
0.01151395399326447 0.8830524807894653 0.0002304589175753713
0.013894954943731374 0.9239816839676085 0.0001494001921741245
0.016768329368110076 0.9551253987482902 9.405324057043157e-05
0.020235896477251564 0.9761571086446814 5.224432681259193e-05
0.02442053094548651 0.9889193525305265 2.5874368757847073e-05
0.029470517025518096 0.9955951473130835 1.0716373229297688e-05
0.03556480306223128 0.9985534368620589 3.733929102507485e-06
0.04291934260128776 0.9996211770227201 9.960637022260798e-07
0.0517947467923121 0.9999244887188261 1.9649250027152885e-07
0.0625055192527397 0.9999892506886797 2.8691213108051623e-08
0.07543120063354615 0.9999989785962711 2.774780609996837e-09
0.09102981779915217 0.9999999400199034 1.626322947220098e-10
0.10985411419875583 0.9999999980472685 5.387183664218074e-12
0.13257113655901082 0.9999999999686732 8.750077079919706e-14
0.15998587196060574 0.9999999999997861 6.150274000867052e-16
0.19306977288832497 0.9999999999999998 3.1982324762028148e-18
0.2329951810515372 1.0 0.0
0.2811768697974228 1.0 0.0
0.3393221771895326 1.0 0.0
0.4094915062380423 1.0 0.0
0.49417133613238334 1.0 0.0
0.5963623316594643 1.0 0.0
0.7196856730011514 1.0 0.0
0.868511373751352 1.0 0.0
1.0481131341546852 1.0 0.0
1.2648552168552958 1.0 0.0
1.5264179671752318 1.0 0.0
1.8420699693267144 1.0 0.0
2.2229964825261934 1.0 0.0
2.6826957952797246 1.0 0.0
3.2374575428176433 1.0 0.0
3.906939937054613 1.0 0.0
4.714866363457389 1.0 0.0
5.689866029018293 1.0 0.0
6.866488450042998 1.0 0.0
8.286427728546842 1.0 0.0
10.0 1.0 0.0
