0.001 0.1723796510006633 0.0002568284199634399
0.0012067926406393288 0.20463207990588383 0.0003107327441786912
0.0014563484775012444 0.24050672235554751 0.0003320996314010457
0.0017575106248547913 0.2822771236939512 0.00036829541844033716
0.0021209508879201904 0.32990601901897915 0.0004073936414880865
0.002559547922699536 0.38271258562667954 0.0004345778207836048
0.0030888435964774815 0.4415133743253921 0.0004676833271690074
0.003727593720314938 0.5038906412742532 0.00047084335123743115
0.004498432668969444 0.5713506261585096 0.0004947926022549246
0.005428675439323859 0.6385563984100756 0.00044446415477334235
0.006551285568595509 0.7062657306897742 0.0004024673023642974
0.0079060432109077 0.7716302916094407 0.0003561474459117032
0.009540954763499945 0.8314035142041523 0.00029698988021122655
0.01151395399326447 0.8825590691366216 0.0002185946941661549
0.013894954943731374 0.9241319379512711 0.00015189678142588081
0.016768329368110076 0.9551888110496161 9.522294670308287e-05
0.020235896477251564 0.9763299997437233 5.4966837541616676e-05
0.02442053094548651 0.988928439944414 2.5837315153475382e-05
0.029470517025518096 0.9956085511289404 1.0907495824927818e-05
0.03556480306223128 0.9985504976620301 3.626425691767534e-06
0.04291934260128776 0.9996193999986466 9.592457967936307e-07
0.0517947467923121 0.9999247834637075 2.0004893340614564e-07
0.0625055192527397 0.9999892513251649 2.8254924787460564e-08
0.07543120063354615 0.9999989765064856 2.723685164457764e-09
0.09102981779915217 0.9999999401675461 1.6176478177603134e-10
0.10985411419875583 0.9999999980555921 5.433905244180222e-12
0.13257113655901082 0.9999999999689735 9.021922364495989e-14
0.15998587196060574 0.9999999999997865 6.129557205118375e-16
0.19306977288832497 0.9999999999999998 3.199966301122256e-18
0.2329951810515372 1.0 0.0
0.2811768697974228 1.0 0.0
0.3393221771895326 1.0 0.0
0.4094915062380423 1.0 0.0
0.49417133613238334 1.0 0.0
0.5963623316594643 1.0 0.0
0.7196856730011514 1.0 0.0
0.868511373751352 1.0 0.0
1.0481131341546852 1.0 0.0
1.2648552168552958 1.0 0.0
1.5264179671752318 1.0 0.0
1.8420699693267144 1.0 0.0
2.2229964825261934 1.0 0.0
2.6826957952797246 1.0 0.0
3.2374575428176433 1.0 0.0
3.906939937054613 1.0 0.0
4.714866363457389 1.0 0.0
5.689866029018293 1.0 0.0
6.866488450042998 1.0 0.0
8.286427728546842 1.0 0.0
10.0 1.0 0.0
