0.001 0.1724016270374894 0.00026020412902514776
0.0012067926406393288 0.20417619760034378 0.00029887745986208815
0.0014563484775012444 0.24092908122240714 0.0003397384923037694
0.0017575106248547913 0.28297471558304554 0.0003848369074671281
0.0021209508879201904 0.3303498819596075 0.0004218413368471152
0.002559547922699536 0.38361584556977035 0.00045509178493503117
0.0030888435964774815 0.4411209187384682 0.00046786853819809625
0.003727593720314938 0.5038443349040074 0.0004671816481790313
0.004498432668969444 0.5709613029972417 0.0004854725864204912
0.005428675439323859 0.6388436848544552 0.00045778542338515375
0.006551285568595509 0.7064682175638176 0.00041147719549251756
0.0079060432109077 0.7713039351507345 0.00035025676642188615
0.009540954763499945 0.8309496068231689 0.0002924906089440309
0.01151395399326447 0.8825205916216059 0.00022173381454952792
0.013894954943731374 0.9241309898394635 0.00015332007927289654
0.016768329368110076 0.9551243446543717 9.548156198459749e-05
0.020235896477251564 0.9762841725138156 5.4986257925515444e-05
0.02442053094548651 0.9889376073966556 2.6263763387495686e-05
0.029470517025518096 0.9955956911585352 1.0812414363918126e-05
0.03556480306223128 0.9985457839797247 3.599338588879739e-06
0.04291934260128776 0.9996184006166777 9.554446512787273e-07
0.0517947467923121 0.9999243105663856 1.9528232207473882e-07
0.0625055192527397 0.9999891964012286 2.8070859252020828e-08
0.07543120063354615 0.9999989747657765 2.7699139338585134e-09
0.09102981779915217 0.9999999401304973 1.668519443181682e-10
0.10985411419875583 0.99999999804566 5.431952948113595e-12
0.13257113655901082 0.9999999999685233 8.780285186518421e-14
0.15998587196060574 0.9999999999997854 6.206438357780588e-16
0.19306977288832497 0.9999999999999998 3.1955721175666743e-18
0.2329951810515372 1.0 0.0
0.2811768697974228 1.0 0.0
0.3393221771895326 1.0 0.0
0.4094915062380423 1.0 0.0
0.49417133613238334 1.0 0.0
0.5963623316594643 1.0 0.0
0.7196856730011514 1.0 0.0
0.868511373751352 1.0 0.0
1.0481131341546852 1.0 0.0
1.2648552168552958 1.0 0.0
1.5264179671752318 1.0 0.0
1.8420699693267144 1.0 0.0
2.2229964825261934 1.0 0.0
2.6826957952797246 1.0 0.0
3.2374575428176433 1.0 0.0
3.906939937054613 1.0 0.0
4.714866363457389 1.0 0.0
5.689866029018293 1.0 0.0
6.866488450042998 1.0 0.0
8.286427728546842 1.0 0.0
10.0 1.0 0.0
