0.001 0.17300678187140833 0.00027124391359380386
0.0012067926406393288 0.2043492608724584 0.00029963929220867114
0.0014563484775012444 0.24098310635378392 0.00033503047168271757
0.0017575106248547913 0.28298381508900944 0.00038623436750539407
0.0021209508879201904 0.3296335642191015 0.00040375845631030095
0.002559547922699536 0.3830992784861399 0.00044444452290085754
0.0030888435964774815 0.4417485165257638 0.00047854009420291913
0.003727593720314938 0.5045405151061944 0.00048491795288706783
0.004498432668969444 0.5707600573989025 0.00047562387327324234
0.005428675439323859 0.6378882075063644 0.000429153233208843
0.006551285568595509 0.7071945080582657 0.00042114406425499166
0.0079060432109077 0.7719590003642678 0.00036094779829713084
0.009540954763499945 0.831021566596294 0.000285052783778624
0.01151395399326447 0.8825661172003393 0.00021783487927569696
0.013894954943731374 0.9242378858257351 0.00015296578217958458
0.016768329368110076 0.9551540981203882 9.386511922229525e-05
0.020235896477251564 0.9761829506232269 5.170232189306228e-05
0.02442053094548651 0.9889512640851302 2.5731832921549533e-05
0.029470517025518096 0.9955967597816714 1.0496209179625736e-05
0.03556480306223128 0.9985479883263634 3.4955410577561294e-06
0.04291934260128776 0.9996230459289749 9.969672492880594e-07
0.0517947467923121 0.999924764555402 1.9467188045513518e-07
0.0625055192527397 0.9999892632231766 2.7546238743949303e-08
0.07543120063354615 0.9999989819749604 2.6976517680214257e-09
0.09102981779915217 0.9999999405061782 1.6168857867317101e-10
0.10985411419875583 0.9999999980697466 5.373661316822923e-12
0.13257113655901082 0.9999999999691374 8.820969632251989e-14
0.15998587196060574 0.9999999999997888 6.054152784041139e-16
0.19306977288832497 0.9999999999999998 3.1927165157803034e-18
0.2329951810515372 1.0 0.0
0.2811768697974228 1.0 0.0
0.3393221771895326 1.0 0.0
0.4094915062380423 1.0 0.0
0.49417133613238334 1.0 0.0
0.5963623316594643 1.0 0.0
0.7196856730011514 1.0 0.0
0.868511373751352 1.0 0.0
1.0481131341546852 1.0 0.0
1.2648552168552958 1.0 0.0
1.5264179671752318 1.0 0.0
1.8420699693267144 1.0 0.0
2.2229964825261934 1.0 0.0
2.6826957952797246 1.0 0.0
3.2374575428176433 1.0 0.0
3.906939937054613 1.0 0.0
4.714866363457389 1.0 0.0
5.689866029018293 1.0 0.0
6.866488450042998 1.0 0.0
8.286427728546842 1.0 0.0
10.0 1.0 0.0
