0.001 0.005584433860401347 4.4201685250844084e-05
0.0012067926406393288 0.009212907505454766 6.964711647497376e-05
0.0014563484775012444 0.015070459687799563 0.000109517543180269
0.0017575106248547913 0.02407526385464069 0.00015889095194028302
0.0021209508879201904 0.038224476504125575 0.00023207389439996518
0.002559547922699536 0.05819590107831237 0.00030450820952482305
0.0030888435964774815 0.08996990383788835 0.000436658975256055
0.003727593720314938 0.13163634409540556 0.0005273906474283678
0.004498432668969444 0.191185656393636 0.0006752814654015886
0.005428675439323859 0.26326511632691596 0.0007003918759012329
0.006551285568595509 0.35568604082687555 0.0007592793711463955
0.0079060432109077 0.46279407708654025 0.0007726828428617974
0.009540954763499945 0.5762434466227382 0.0006847977184573352
0.01151395399326447 0.6891974564880717 0.0005691365610192702
0.013894954943731374 0.7892482424280124 0.00039841386956122654
0.016768329368110076 0.8716082416352703 0.0002654353787464601
0.020235896477251564 0.9304571277043086 0.00015382999914150683
0.02442053094548651 0.9672034056510758 7.570063908875228e-05
0.029470517025518096 0.9868245392642335 3.090951571448773e-05
0.03556480306223128 0.9956765217779315 1.1012990353953949e-05
0.04291934260128776 0.9988594908615889 2.8140351155092825e-06
0.0517947467923121 0.9997738367330908 5.792297894542374e-07
0.0625055192527397 0.9999678631488971 8.349902480366448e-08
0.07543120063354615 0.9999969559812952 8.235599817055356e-09
0.09102981779915217 0.9999998216652637 4.875006331989589e-10
0.10985411419875583 0.9999999942096467 1.6137604992339693e-11
0.13257113655901082 0.9999999999069643 2.5841046533350307e-13
0.15998587196060574 0.9999999999993714 1.8700192462415484e-15
0.19306977288832497 0.9999999999999986 4.6586259881851906e-18
0.2329951810515372 1.0 0.0
0.2811768697974228 1.0 0.0
0.3393221771895326 1.0 0.0
0.4094915062380423 1.0 0.0
0.49417133613238334 1.0 0.0
0.5963623316594643 1.0 0.0
0.7196856730011514 1.0 0.0
0.868511373751352 1.0 0.0
1.0481131341546852 1.0 0.0
1.2648552168552958 1.0 0.0
1.5264179671752318 1.0 0.0
1.8420699693267144 1.0 0.0
2.2229964825261934 1.0 0.0
2.6826957952797246 1.0 0.0
3.2374575428176433 1.0 0.0
3.906939937054613 1.0 0.0
4.714866363457389 1.0 0.0
5.689866029018293 1.0 0.0
6.866488450042998 1.0 0.0
8.286427728546842 1.0 0.0
10.0 1.0 0.0
