0.001 0.13664926822508108 0.0013175715011878846
0.0012067926406393288 0.17961624821102415 0.00157111330799827
0.0014563484775012444 0.22482454217350856 0.0018004002024953677
0.0017575106248547913 0.27829179281927746 0.0019948267472725215
0.0021209508879201904 0.3440619834960666 0.002210529786206311
0.002559547922699536 0.41723023096989664 0.002388913924619713
0.0030888435964774815 0.4895912201917535 0.002501243153467555
0.003727593720314938 0.572172534539739 0.002574208220705964
0.004498432668969444 0.6447094965017355 0.002570817540013165
0.005428675439323859 0.7160029495387503 0.002474370629119768
0.006551285568595509 0.7775122022072359 0.0023471483464061883
0.0079060432109077 0.8264359123060407 0.0022325992195868665
0.009540954763499945 0.8695910747006661 0.0020194586823539056
0.01151395399326447 0.9060980239386417 0.001759626026319119
0.013894954943731374 0.9302427019558022 0.0015508662903689927
0.016768329368110076 0.9521262140869381 0.0012945627552352422
0.020235896477251564 0.9647486784834175 0.0011011805410493826
0.02442053094548651 0.9757911743320625 0.0009219172726329367
0.029470517025518096 0.9816851624991892 0.0008175657633181213
0.03556480306223128 0.9876879064485911 0.0006681458560482651
0.04291934260128776 0.9922735102060142 0.0005041636062945283
0.0517947467923121 0.9932941493687686 0.0004907801850116125
0.0625055192527397 0.99622589038029 0.00037151629140949307
0.07543120063354615 0.9969056877412621 0.00033986852502480483
0.09102981779915217 0.9983900121709858 0.00021332810101941033
0.10985411419875583 0.998657793721658 0.00021895443527585834
0.13257113655901082 0.999232629244151 0.00017537620092713632
0.15998587196060574 0.9994394894737788 0.00012905074027196747
0.19306977288832497 0.999777058649154 6.525902653429362e-05
0.2329951810515372 0.9996978069927254 0.00011446313902700832
0.2811768697974228 0.9999606276621981 1.0447199421550527e-05
0.3393221771895326 0.9998995071476222 4.185327851921473e-05
0.4094915062380423 0.9998227274161212 9.476322415273244e-05
0.49417133613238334 0.999980135365135 1.6694355438628257e-05
0.5963623316594643 0.9999935088322413 3.1683619627788247e-06
0.7196856730011514 0.9999995155814854 2.3406357248052558e-07
0.868511373751352 0.999999593651264 3.6032640932850245e-07
1.0481131341546852 0.9999514557877228 4.7501540954527935e-05
1.2648552168552958 0.9999999129877395 3.806833470820696e-08
1.5264179671752318 0.9999981126383305 1.7489600226007157e-06
1.8420699693267144 0.9999999874418185 1.2358519598101873e-08
2.2229964825261934 0.9999999999895106 1.042801009137017e-11
2.6826957952797246 0.9999999999999994 5.962057793375413e-16
3.2374575428176433 0.9999999999940619 5.933682372371036e-12
3.906939937054613 0.9999987312344516 1.2680478223543203e-06
4.714866363457389 0.9999999999999982 1.8103723816398626e-15
5.689866029018293 1.0 1.2246761436448267e-17
6.866488450042998 1.0 0.0
8.286427728546842 1.0 3.845925372767128e-20
10.0 1.0 0.0
