0.001 0.13866178733786097 0.0013415677897775273
0.0012067926406393288 0.17730825260360544 0.0015568395792968258
0.0014563484775012444 0.2282154443480474 0.001817390387062877
0.0017575106248547913 0.2834189049762239 0.001989231261829968
0.0021209508879201904 0.3453141982510044 0.0021827061135651364
0.002559547922699536 0.4201517828130459 0.002399482543461765
0.0030888435964774815 0.4930724677504522 0.0024990012554047154
0.003727593720314938 0.5694490964705426 0.002577671027023314
0.004498432668969444 0.6427681329886362 0.0025750294933994926
0.005428675439323859 0.711270465265296 0.0024905829444847446
0.006551285568595509 0.7751698654691243 0.0024140436241978304
0.0079060432109077 0.8254981922567495 0.002210343699727112
0.009540954763499945 0.8699447169691222 0.002025830175749971
0.01151395399326447 0.9066242606271607 0.00177349895587974
0.013894954943731374 0.9328114881702897 0.0015062287354107363
0.016768329368110076 0.9507327265734014 0.0013126981746496799
0.020235896477251564 0.9646771555591663 0.0011386281250172318
0.02442053094548651 0.976066986359031 0.0009388280247575683
0.029470517025518096 0.9826278601148349 0.0008149367297991575
0.03556480306223128 0.9886192600923096 0.0006567396314843485
0.04291934260128776 0.9914800338240155 0.0005829346750073451
0.0517947467923121 0.9947342885517361 0.00041263889714868553
0.0625055192527397 0.9959917372027659 0.00038570061140406496
0.07543120063354615 0.997220786273227 0.00031242016461560174
0.09102981779915217 0.9978820947870052 0.00025935062406158815
0.10985411419875583 0.9986487034129182 0.0002170179070897035
0.13257113655901082 0.9992212734866607 0.00013562589676795124
0.15998587196060574 0.9995122670123822 0.00015447055923253753
0.19306977288832497 0.9997423864944626 6.191377110297801e-05
0.2329951810515372 0.9997093326226973 0.00010674723735271628
0.2811768697974228 0.9998464440199295 6.275294994338534e-05
0.3393221771895326 0.9999264565593249 3.658791815719266e-05
0.4094915062380423 0.9999423773173123 2.178135301741806e-05
0.49417133613238334 0.9999339285812564 4.255001878875278e-05
0.5963623316594643 0.9998866815632624 7.805819996582445e-05
0.7196856730011514 0.9999736701940029 2.0872275648312677e-05
0.868511373751352 0.9999837379747705 1.3004003362044024e-05
1.0481131341546852 0.9999991146274321 7.990698478803248e-07
1.2648552168552958 0.9999995051225131 3.3807970296986945e-07
1.5264179671752318 0.9999999358120173 5.552106009313845e-08
1.8420699693267144 0.9999999998523083 1.4203795405982395e-10
2.2229964825261934 0.9999995783706148 2.4211197196119556e-07
2.6826957952797246 0.9999999999998146 1.8461153906723941e-13
3.2374575428176433 0.9999999999926232 5.212308453023491e-12
3.906939937054613 0.9999999999999147 8.525591282647541e-14
4.714866363457389 0.9999996800094146 3.1994802031921206e-07
5.689866029018293 1.0 3.14018491736755e-20
6.866488450042998 1.0 2.2204460492503132e-20
8.286427728546842 1.0 2.2204460492503132e-20
10.0 1.0 0.0
