0.001 0.14014365913351348 0.0013583978432515202
0.0012067926406393288 0.18131438344087825 0.001582419613302994
0.0014563484775012444 0.22791197859001633 0.0017833019757256324
0.0017575106248547913 0.2869078332309897 0.0020482457331363457
0.0021209508879201904 0.3448982523584811 0.0021772751724686316
0.002559547922699536 0.41944986024834324 0.0023792630142974334
0.0030888435964774815 0.4911421648011803 0.0024785735549539742
0.003727593720314938 0.5677863858133873 0.002563661025523647
0.004498432668969444 0.6455271729977033 0.0025576004626753617
0.005428675439323859 0.7078167310992933 0.0025299897320222096
0.006551285568595509 0.7762225420185858 0.0023527687596337967
0.0079060432109077 0.8313578775819684 0.002164366981428422
0.009540954763499945 0.8717104659259775 0.0019769883888383776
0.01151395399326447 0.9079877233624583 0.0017187604006346875
0.013894954943731374 0.9298139688333936 0.001565430406895383
0.016768329368110076 0.9513673628032355 0.001334057920231725
0.020235896477251564 0.965106860489038 0.0011122478521181744
0.02442053094548651 0.975012081351451 0.000943981839124111
0.029470517025518096 0.9825513276742297 0.000809252975923276
0.03556480306223128 0.9890092894404734 0.0006075974094990981
0.04291934260128776 0.9919479144063673 0.0005049260957965841
0.0517947467923121 0.9939685491938288 0.0004636141323520319
0.0625055192527397 0.9961818504238836 0.0003706040687821581
0.07543120063354615 0.997335150446434 0.00029710371276788893
0.09102981779915217 0.9984907681633897 0.00021119325583852998
0.10985411419875583 0.9989106862760193 0.00017668824655547584
0.13257113655901082 0.9989514232970128 0.00018938902664007086
0.15998587196060574 0.9995739737552937 0.00012205747996857617
0.19306977288832497 0.9997645868719776 7.393172421328252e-05
0.2329951810515372 0.9997296651931398 0.000101213794857998
0.2811768697974228 0.9998187714545367 7.96427295315931e-05
0.3393221771895326 0.999786164867691 8.975173792213662e-05
0.4094915062380423 0.9999750526341832 1.4053254883004835e-05
0.49417133613238334 0.9999306439497273 4.262151665521274e-05
0.5963623316594643 0.9999524020863453 3.0147749437163902e-05
0.7196856730011514 0.9999996468560172 1.7292688258298606e-07
0.868511373751352 0.9999999555279906 3.3956085024224613e-08
1.0481131341546852 0.9999998760487732 8.671268300117136e-08
1.2648552168552958 0.9999997909077991 1.9655873023954797e-07
1.5264179671752318 0.9999987477854582 1.2508317166107936e-06
1.8420699693267144 0.9999991706912214 5.862796094263e-07
2.2229964825261934 0.9999999999999764 2.333984363033802e-14
2.6826957952797246 0.9999999787448792 2.1199254941507232e-08
3.2374575428176433 0.9999999999999988 1.2406345464861814e-15
3.906939937054613 0.9999999999998614 8.002681460375065e-14
4.714866363457389 0.9999999999692849 2.1716439771870874e-11
5.689866029018293 0.9999999999995227 4.771755968413609e-13
6.866488450042998 1.0 2.2204460492503132e-20
8.286427728546842 1.0 0.0
10.0 1.0 0.0
