0.001 0.21494561990120892 0.0011796646874379197
0.0012067926406393288 0.2500172795714339 0.0013080217890275954
0.0014563484775012444 0.29278922781118233 0.0014677519289602722
0.0017575106248547913 0.3375986358850595 0.0015668182187636515
0.0021209508879201904 0.38467432832447146 0.0016957038343730652
0.002559547922699536 0.4407088161358754 0.0018504501554455204
0.0030888435964774815 0.49531437038163806 0.001924828807297864
0.003727593720314938 0.5528752229838423 0.0019965356187895706
0.004498432668969444 0.6103310656132476 0.0020279567361193747
0.005428675439323859 0.6662527097282965 0.002000781080211476
0.006551285568595509 0.7239405630724687 0.002008357957631671
0.0079060432109077 0.7726098904217534 0.0019167523794111577
0.009540954763499945 0.8200593977729274 0.0018239515673106352
0.01151395399326447 0.8626728874670098 0.0016634416105842298
0.013894954943731374 0.895417368310355 0.0014785582710248593
0.016768329368110076 0.9211168594749964 0.0013270403544006987
0.020235896477251564 0.941650435734838 0.0011746404816632369
0.02442053094548651 0.9589182659868954 0.0009963307319461134
0.029470517025518096 0.9701125980235829 0.0008683446473140752
0.03556480306223128 0.979599376587555 0.0007112357876317317
0.04291934260128776 0.9848897606241284 0.0006275405813485074
0.0517947467923121 0.9899718129581293 0.00048037782222532974
0.0625055192527397 0.9924295122843625 0.00043158025246257665
0.07543120063354615 0.9947652267466048 0.0003563126234787679
0.09102981779915217 0.9961820293932316 0.0003056628227555449
0.10985411419875583 0.9974617206219868 0.0002475409273387345
0.13257113655901082 0.9982844578336937 0.0001805333734593999
0.15998587196060574 0.999135408261605 0.00015782507842883545
0.19306977288832497 0.9993453713833708 0.00010073501437586513
0.2329951810515372 0.999475801490184 0.00011743787669610274
0.2811768697974228 0.9996916407210424 8.090494889022293e-05
0.3393221771895326 0.9998196591846932 5.4535393518003494e-05
0.4094915062380423 0.9998434930933501 4.6569709139903545e-05
0.49417133613238334 0.9998798791534568 5.3405186558405423e-05
0.5963623316594643 0.9998503772564905 7.716950673697879e-05
0.7196856730011514 0.9999450018544616 3.249601420881896e-05
0.868511373751352 0.9999525072018947 2.4942962788112357e-05
1.0481131341546852 0.9999916196665112 5.522115476565546e-06
1.2648552168552958 0.9999928184482691 4.098935010602666e-06
1.5264179671752318 0.9999972545260284 1.4684219390329344e-06
1.8420699693267144 0.9999999061317949 7.017379619438975e-08
2.2229964825261934 0.999993076082313 3.7756144092033154e-06
2.6826957952797246 0.9999999972802845 2.4852013521169935e-09
3.2374575428176433 0.9999999772695073 1.567976208115978e-08
3.906939937054613 0.9999999982747059 1.6859747041945462e-09
4.714866363457389 0.9999966678820786 3.3023228819748727e-06
5.689866029018293 0.9999999999999658 2.4132807025715348e-14
6.866488450042998 1.0 5.551115123125783e-20
8.286427728546842 0.9999999999999923 7.521196257119459e-15
10.0 1.0 0.0
