0.001 0.21718592918378535 0.001160874274693525
0.0012067926406393288 0.2524609308343297 0.0013074073151787785
0.0014563484775012444 0.2948299406092696 0.001473326392812942
0.0017575106248547913 0.3370043508558419 0.0015816091776660731
0.0021209508879201904 0.38782401257658394 0.0017037538536085759
0.002559547922699536 0.4411103509089804 0.0018226076578493594
0.0030888435964774815 0.4966448491403265 0.0019139271366308995
0.003727593720314938 0.5557711357825172 0.0019514018160937307
0.004498432668969444 0.6116974639008734 0.0020265845014101093
0.005428675439323859 0.6685847001919188 0.002023524051324736
0.006551285568595509 0.7287229223723881 0.0019644393905881605
0.0079060432109077 0.7764666638067518 0.001877689127690128
0.009540954763499945 0.824778807553845 0.0017737439212856907
0.01151395399326447 0.864718018849254 0.0016068894481288505
0.013894954943731374 0.8958800217209939 0.0014783153393086146
0.016768329368110076 0.9239446998249179 0.0012754130156811972
0.020235896477251564 0.9440295151858281 0.0011431491458866988
0.02442053094548651 0.9600548862813102 0.0009658315224110939
0.029470517025518096 0.9714169824096381 0.000834319861036038
0.03556480306223128 0.9791711753893837 0.0007001499478629286
0.04291934260128776 0.9860060991579217 0.0005807591755120245
0.0517947467923121 0.9899920364264122 0.0005118458026977411
0.0625055192527397 0.9926520995995315 0.00044182581726181407
0.07543120063354615 0.9958571795791967 0.0002756133386406192
0.09102981779915217 0.9966396464092835 0.00027609609872793125
0.10985411419875583 0.9976742347848784 0.00023831696914239782
0.13257113655901082 0.9981044547671523 0.00021165494200723952
0.15998587196060574 0.9987983596145951 0.00017424958393434903
0.19306977288832497 0.9992129160787947 0.00013577150876056707
0.2329951810515372 0.9994616815192463 9.778970820054126e-05
0.2811768697974228 0.9995317489883758 0.00012182646567705022
0.3393221771895326 0.9997672512514462 5.669974831602368e-05
0.4094915062380423 0.9998444540493961 4.492635793433443e-05
0.49417133613238334 0.9998808537228059 4.995172194840405e-05
0.5963623316594643 0.9999789615602909 9.870596233711737e-06
0.7196856730011514 0.9999532901587976 1.8809324263153867e-05
0.868511373751352 0.9999971541971314 1.1759151088613548e-06
1.0481131341546852 0.9999845680025173 1.449816385117303e-05
1.2648552168552958 0.9999942205343355 3.364602962153434e-06
1.5264179671752318 0.9999988645677101 1.0663299055931668e-06
1.8420699693267144 0.9999999189653885 4.9605670226619895e-08
2.2229964825261934 0.9999998549705397 1.3447699233660702e-07
2.6826957952797246 0.9999999985163349 1.464300911630129e-09
3.2374575428176433 0.9999999931476383 6.5588327365696696e-09
3.906939937054613 0.9999999990872713 8.944711798880797e-10
4.714866363457389 0.9999999999990423 5.521690447244531e-13
5.689866029018293 0.9999999972056003 2.789814582193527e-09
6.866488450042998 0.9999995640058622 4.35972337613541e-07
8.286427728546842 1.0 0.0
10.0 1.0 0.0
