0.001 0.2133901440096621 0.0011621051093434135
0.0012067926406393288 0.2519325381519121 0.0013173352809825285
0.0014563484775012444 0.2901743095532542 0.001455789862438447
0.0017575106248547913 0.3329299583865862 0.00157925274184938
0.0021209508879201904 0.38365844322561204 0.0017170567214705068
0.002559547922699536 0.4385293492521184 0.0018396694247796732
0.0030888435964774815 0.49261713592478207 0.001929801192456372
0.003727593720314938 0.5550512653793436 0.0019989805965342456
0.004498432668969444 0.6120719632030935 0.0020250656679659195
0.005428675439323859 0.6701675304517064 0.0020016140026308193
0.006551285568595509 0.7251844814264152 0.001961866234760101
0.0079060432109077 0.7738842265454698 0.001931599323865603
0.009540954763499945 0.8198295943899593 0.0018199456493790064
0.01151395399326447 0.8618805728807943 0.001656857536774676
0.013894954943731374 0.8932667714527682 0.001507130129689708
0.016768329368110076 0.9226044424289548 0.0013093757010033862
0.020235896477251564 0.941603431294646 0.0011543868743672785
0.02442053094548651 0.958405309388231 0.000987859895565002
0.029470517025518096 0.9685906674221311 0.0008843297824861245
0.03556480306223128 0.9784565822264656 0.00073403170594915
0.04291934260128776 0.9854691680979435 0.0005766597261224931
0.0517947467923121 0.9883996226672208 0.0005499418617815509
0.0625055192527397 0.9929426038508211 0.00041607644545368005
0.07543120063354615 0.9944317603097758 0.00038019925284719794
0.09102981779915217 0.9966115320258118 0.0002642214448521353
0.10985411419875583 0.9974583032948281 0.00024865127577515154
0.13257113655901082 0.9984263434790737 0.00019281281721755114
0.15998587196060574 0.998847116508896 0.0001570753438595594
0.19306977288832497 0.9993948499840651 9.505351007496858e-05
0.2329951810515372 0.9993988449653592 0.0001223039674462184
0.2811768697974228 0.9997832921731553 3.735889458275843e-05
0.3393221771895326 0.9997485406938753 6.35476440548237e-05
0.4094915062380423 0.999736346989885 9.722192188957364e-05
0.49417133613238334 0.9999441282378422 2.7955742435636972e-05
0.5963623316594643 0.9999553834187537 1.5052125574127693e-05
0.7196856730011514 0.9999865659263032 4.040055299224523e-06
0.868511373751352 0.999994956445816 3.720200752270679e-06
1.0481131341546852 0.999941655624841 4.8699166542509895e-05
1.2648552168552958 0.9999957690824909 1.7067634833632002e-06
1.5264179671752318 0.9999886294738098 8.133618538650784e-06
1.8420699693267144 0.9999992635182738 6.48328059632666e-07
2.2229964825261934 0.9999999797255037 1.8698793046494814e-08
2.6826957952797246 0.9999999998468436 1.4119033390412173e-10
3.2374575428176433 0.9999999855123182 1.4068918557718434e-08
3.906939937054613 0.9999931992962904 6.651970450402905e-06
4.714866363457389 0.9999999997531016 2.456532084024892e-10
5.689866029018293 0.9999999999659546 2.4031137521310096e-11
6.866488450042998 1.0 1.570092458683775e-19
8.286427728546842 1.0 2.1729478356134274e-18
10.0 1.0 0.0
