0.001 0.21219675820262693 0.0011493204144213786
0.0012067926406393288 0.24760344841672458 0.0012883325939405507
0.0014563484775012444 0.29147563103062674 0.0014629996579324043
0.0017575106248547913 0.336400744501547 0.0016032147344910033
0.0021209508879201904 0.38311621382860317 0.0017127979044620606
0.002559547922699536 0.44224712863313564 0.0018508264385149963
0.0030888435964774815 0.4924058686929382 0.001940853203873952
0.003727593720314938 0.5491589859322051 0.0020084541223223673
0.004498432668969444 0.6099945868183979 0.0020388113201216507
0.005428675439323859 0.6683585125406063 0.002021945672493317
0.006551285568595509 0.7223127802482775 0.001960082703843584
0.0079060432109077 0.7748728665325177 0.0018743934052853483
0.009540954763499945 0.8195890308236763 0.0017910571216304863
0.01151395399326447 0.8615158565989354 0.0016283527565074097
0.013894954943731374 0.8937654818369276 0.0014682418585803853
0.016768329368110076 0.9207092248797184 0.0013363634661039462
0.020235896477251564 0.943397620161129 0.0011487089996494227
0.02442053094548651 0.9589758680732186 0.0009887213611398133
0.029470517025518096 0.9695334221223068 0.0008912902735060854
0.03556480306223128 0.9794443348397843 0.0007072929277222275
0.04291934260128776 0.9841372051769322 0.0006323387963412923
0.0517947467923121 0.9891363110766229 0.0005032712076998657
0.0625055192527397 0.9926513692382799 0.0004057678434738602
0.07543120063354615 0.995175016126586 0.0003332318693423584
0.09102981779915217 0.9963739642926421 0.00029344546101728455
0.10985411419875583 0.9975645576811154 0.00024107922784137026
0.13257113655901082 0.9985904012740366 0.00015557799061177138
0.15998587196060574 0.9985637452350548 0.0001800951049075167
0.19306977288832497 0.9991843665891769 0.00012926739590271764
0.2329951810515372 0.9995297651867436 9.971848543462954e-05
0.2811768697974228 0.9995881815801168 9.069841574996445e-05
0.3393221771895326 0.9997775269388085 5.756994026374868e-05
0.4094915062380423 0.9998979617624129 2.7669819955346187e-05
0.49417133613238334 0.9999280204676397 2.537598540489851e-05
0.5963623316594643 0.9999379103085737 2.6249177167436523e-05
0.7196856730011514 0.9999629068142988 1.716420114000666e-05
0.868511373751352 0.9999752362364787 1.190775736306919e-05
1.0481131341546852 0.9999983221424743 8.490507291922881e-07
1.2648552168552958 0.9999832067520873 1.3366462029620394e-05
1.5264179671752318 0.9999531396343664 3.716337152892628e-05
1.8420699693267144 0.9999984987750772 1.0333660109688234e-06
2.2229964825261934 0.9999999960618268 2.5075465082732163e-09
2.6826957952797246 0.9999986108888095 1.3057992762305145e-06
3.2374575428176433 0.9999994334742127 5.318719004321326e-07
3.906939937054613 0.9999924255539079 7.39636807311694e-06
4.714866363457389 0.9999999996558722 3.4043562178929366e-10
5.689866029018293 0.9999999999999538 4.620489364378235e-14
6.866488450042998 0.9999999999978229 1.5389444167001237e-12
8.286427728546842 1.0 2.5424107263916085e-18
10.0 0.9999999999905813 9.417989954475194e-12
