0.001 0.02084566722496206 0.00040476482324735283
0.0012067926406393288 0.03077264883321235 0.0005542804027799065
0.0014563484775012444 0.046795011583877937 0.000772560630304776
0.0017575106248547913 0.06607359589881305 0.0009838635350068417
0.0021209508879201904 0.09243558159093543 0.0012237326384272095
0.002559547922699536 0.1326229861901297 0.0015610782813291896
0.0030888435964774815 0.17704274344566734 0.0018291694140781718
0.003727593720314938 0.2335742872053103 0.002088172061826441
0.004498432668969444 0.2990610758381645 0.002338415240457506
0.005428675439323859 0.37025065116178163 0.0025042827042992422
0.006551285568595509 0.45905250084769905 0.002720448128763161
0.0079060432109077 0.537749063297571 0.002815328226343599
0.009540954763499945 0.6236757551274075 0.0028249224926431616
0.01151395399326447 0.7045002057197677 0.0027282359911546122
0.013894954943731374 0.7690446695348584 0.002565292805172189
0.016768329368110076 0.8237335814600388 0.0023808463617381545
0.020235896477251564 0.868416440817263 0.0021384124313323575
0.02442053094548651 0.9061429919967606 0.001852300758844838
0.029470517025518096 0.9316740856064661 0.0016260955218954957
0.03556480306223128 0.9527006230540565 0.0013544301656767605
0.04291934260128776 0.9651788516799598 0.0011841675603611814
0.0517947467923121 0.9761605841828296 0.0009711029855680564
0.0625055192527397 0.9821725593928186 0.00084062148420094
0.07543120063354615 0.9876307716644773 0.0007093417504425279
0.09102981779915217 0.9910283525537469 0.0006263935238123385
0.10985411419875583 0.9939896221134185 0.0004983143296266475
0.13257113655901082 0.9957360358691265 0.00039838158227300163
0.15998587196060574 0.9980248438876508 0.0002835618176394623
0.19306977288832497 0.9983177768576392 0.00023891047728649123
0.2329951810515372 0.9987800251585631 0.0002277473721702733
0.2811768697974228 0.9992500269426542 0.00017423521631920215
0.3393221771895326 0.999540409695824 0.00012602080642362662
0.4094915062380423 0.9995918584301524 0.00011714404620812497
0.49417133613238334 0.999715476522539 0.0001135038047249095
0.5963623316594643 0.9996971515598385 0.00013256406959669681
0.7196856730011514 0.9998640148676695 7.526531551527064e-05
0.868511373751352 0.9998749882725371 6.153032100501679e-05
1.0481131341546852 0.9999757591975528 1.5775967983092384e-05
1.2648552168552958 0.9999789548799363 1.1959327776325862e-05
1.5264179671752318 0.9999918280273279 4.352172928136983e-06
1.8420699693267144 0.9999997185431093 2.1038147548933013e-07
2.2229964825261934 0.9999796529625049 1.1083489929712477e-05
2.6826957952797246 0.999999991841039 7.455419756440675e-09
3.2374575428176433 0.9999999318158991 4.703407528755961e-08
3.906939937054613 0.999999994824203 5.0578388674820284e-09
4.714866363457389 0.9999903272382293 9.583432734781979e-06
5.689866029018293 0.9999999999998974 7.239842107714605e-14
6.866488450042998 1.0 1.6653345369377348e-19
8.286427728546842 0.9999999999999775 2.2563588391390497e-14
10.0 1.0 0.0
