0.001 0.14406161646178142 0.00034897285482204325
0.0012067926406393288 0.19257784155645113 0.0004439018345527386
0.0014563484775012444 0.2511621950064 0.0005789900500248373
0.0017575106248547913 0.3235638250829916 0.0007067462084249838
0.0021209508879201904 0.405736324939463 0.0008606064164470677
0.002559547922699536 0.49603739448441636 0.0010236977162251656
0.0030888435964774815 0.593994962034204 0.0011179431532492062
0.003727593720314938 0.6865464087511852 0.0012182604872598068
0.004498432668969444 0.7736180100106279 0.0012208673701741162
0.005428675439323859 0.8472500229371661 0.001145954843998527
0.006551285568595509 0.9051590194861414 0.000981459061779823
0.0079060432109077 0.944111475075982 0.0007901122996710033
0.009540954763499945 0.9678815181255832 0.0005928743358556626
0.01151395399326447 0.9830270176552651 0.0003862403184696007
0.013894954943731374 0.9921139535469021 0.00021408175185671168
0.016768329368110076 0.996131244257706 0.00011081244811182535
0.020235896477251564 0.9984773575775715 4.614176160087644e-05
0.02442053094548651 0.9994660080966018 1.6326104520801454e-05
0.029470517025518096 0.9998504398189307 4.5677742348397095e-06
0.03556480306223128 0.9999668179622133 9.87983836709639e-07
0.04291934260128776 0.9999950796322697 1.4917703842912809e-07
0.0517947467923121 0.9999995211841631 1.497726159726108e-08
0.0625055192527397 0.9999999674381541 9.889096118950794e-10
0.07543120063354615 0.9999999988660576 3.537540677136495e-11
0.09102981779915217 0.9999999999794887 6.460814151814933e-13
0.10985411419875583 0.9999999999998199 5.409711490943284e-15
0.13257113655901082 0.9999999999999997 1.4677635464719808e-17
0.15998587196060574 1.0 1.4728772825180592e-19
0.19306977288832497 1.0 1.1957467920563632e-19
0.2329951810515372 1.0 6.80775867534495e-19
0.2811768697974228 1.0 3.845925372767128e-20
0.3393221771895326 1.0 0.0
0.4094915062380423 1.0 0.0
0.49417133613238334 1.0 0.0
0.5963623316594643 1.0 0.0
0.7196856730011514 1.0 0.0
0.868511373751352 1.0 0.0
1.0481131341546852 1.0 0.0
1.2648552168552958 1.0 0.0
1.5264179671752318 1.0 0.0
1.8420699693267144 1.0 0.0
2.2229964825261934 1.0 0.0
2.6826957952797246 1.0 0.0
3.2374575428176433 1.0 0.0
3.906939937054613 1.0 0.0
4.714866363457389 1.0 0.0
5.689866029018293 1.0 0.0
6.866488450042998 1.0 0.0
8.286427728546842 1.0 0.0
10.0 1.0 0.0
