0.001 0.14370699191743572 0.00035286259708702556
0.0012067926406393288 0.19151622109406016 0.0004575883335557392
0.0014563484775012444 0.25180466747681235 0.0005706385307779011
0.0017575106248547913 0.3223772798326454 0.0007214733306545978
0.0021209508879201904 0.4049787998778428 0.000873767700181898
0.002559547922699536 0.4955468113959346 0.001028463287279644
0.0030888435964774815 0.5933043067358627 0.0011253658843811422
0.003727593720314938 0.687409719625615 0.001204302006143693
0.004498432668969444 0.775534836334608 0.001193592119176166
0.005428675439323859 0.8456833767764158 0.0011668675803789316
0.006551285568595509 0.9031369427590942 0.0010082152339758875
0.0079060432109077 0.9440021346065943 0.0007934781839312856
0.009540954763499945 0.9674320998724928 0.000598363534563319
0.01151395399326447 0.9831442005285915 0.0003846589946950496
0.013894954943731374 0.9916267797622437 0.00022107391491736785
0.016768329368110076 0.9961775059165037 0.00011014199406215507
0.020235896477251564 0.9984544976606355 4.655032534723284e-05
0.02442053094548651 0.9994922557037677 1.5950011279149355e-05
0.029470517025518096 0.9998449162778575 4.636608747605502e-06
0.03556480306223128 0.9999679031763904 9.736619776294451e-07
0.04291934260128776 0.9999950591922783 1.492934371760899e-07
0.0517947467923121 0.9999994939835133 1.536237173051421e-08
0.0625055192527397 0.9999999691723982 9.6449458746372e-10
0.07543120063354615 0.9999999988585436 3.5419464730274264e-11
0.09102981779915217 0.9999999999783884 6.608231676630043e-13
0.10985411419875583 0.9999999999998301 5.270770912564436e-15
0.13257113655901082 0.9999999999999997 1.50698125252867e-17
0.15998587196060574 1.0 1.7055569729570691e-19
0.19306977288832497 1.0 1.1102230246251566e-19
0.2329951810515372 1.0 6.865452576994138e-19
0.2811768697974228 1.0 6.2803698347351e-20
0.3393221771895326 1.0 0.0
0.4094915062380423 1.0 0.0
0.49417133613238334 1.0 0.0
0.5963623316594643 1.0 0.0
0.7196856730011514 1.0 0.0
0.868511373751352 1.0 0.0
1.0481131341546852 1.0 0.0
1.2648552168552958 1.0 0.0
1.5264179671752318 1.0 0.0
1.8420699693267144 1.0 0.0
2.2229964825261934 1.0 0.0
2.6826957952797246 1.0 0.0
3.2374575428176433 1.0 0.0
3.906939937054613 1.0 0.0
4.714866363457389 1.0 0.0
5.689866029018293 1.0 0.0
6.866488450042998 1.0 0.0
8.286427728546842 1.0 0.0
10.0 1.0 0.0
