0.001 0.14435588327274923 0.0003438105789909077
0.0012067926406393288 0.19208847302143608 0.0004501176031994261
0.0014563484775012444 0.25086799356890443 0.0005821599577510413
0.0017575106248547913 0.3213836815737814 0.0007339088886727603
0.0021209508879201904 0.4052102829757729 0.0008699873871586206
0.002559547922699536 0.49454402303771705 0.0010417960466810369
0.0030888435964774815 0.5938716127844021 0.0011174026561519227
0.003727593720314938 0.6870114394423839 0.0012107280292761
0.004498432668969444 0.7735589278939425 0.001225160031245904
0.005428675439323859 0.8462095061315844 0.0011582012751150306
0.006551285568595509 0.9049401494766806 0.0009837703051783677
0.0079060432109077 0.9438685559616079 0.000795018303597068
0.009540954763499945 0.968014262391076 0.0005906537607612218
0.01151395399326447 0.9835638361536395 0.00037894430662779687
0.013894954943731374 0.9916461598962382 0.00022104758226812753
0.016768329368110076 0.9961831868855167 0.00011008770411995947
0.020235896477251564 0.9984120680994001 4.714855007467281e-05
0.02442053094548651 0.9994426196402757 1.6621936702404466e-05
0.029470517025518096 0.9998500621050407 4.569001201998699e-06
0.03556480306223128 0.9999675778067604 9.771166743628395e-07
0.04291934260128776 0.9999954527628715 1.4376276179706308e-07
0.0517947467923121 0.9999995159355334 1.5045116177285624e-08
0.0625055192527397 0.9999999694685338 9.603829083546603e-10
0.07543120063354615 0.9999999988244764 3.593844931399713e-11
0.09102981779915217 0.9999999999784597 6.600691278971426e-13
0.10985411419875583 0.9999999999998265 5.3207912927964535e-15
0.13257113655901082 0.9999999999999997 1.489457599755396e-17
0.15998587196060574 1.0 1.5383701491068511e-19
0.19306977288832497 1.0 1.2362920382602608e-19
0.2329951810515372 1.0 7.11582808630687e-19
0.2811768697974228 1.0 4.4408920985006264e-20
0.3393221771895326 1.0 0.0
0.4094915062380423 1.0 0.0
0.49417133613238334 1.0 0.0
0.5963623316594643 1.0 0.0
0.7196856730011514 1.0 0.0
0.868511373751352 1.0 0.0
1.0481131341546852 1.0 0.0
1.2648552168552958 1.0 0.0
1.5264179671752318 1.0 0.0
1.8420699693267144 1.0 0.0
2.2229964825261934 1.0 0.0
2.6826957952797246 1.0 0.0
3.2374575428176433 1.0 0.0
3.906939937054613 1.0 0.0
4.714866363457389 1.0 0.0
5.689866029018293 1.0 0.0
6.866488450042998 1.0 0.0
8.286427728546842 1.0 0.0
10.0 1.0 0.0
