0.001 0.01417246549128889 4.122908420598788e-05
0.0012067926406393288 0.022863287627886555 6.678324982763196e-05
0.0014563484775012444 0.03618225951618981 0.00010778859650168403
0.0017575106248547913 0.057042384326611094 0.0001588481807014149
0.0021209508879201904 0.08689319592484264 0.0002418132095059488
0.002559547922699536 0.12909012387091826 0.00035662673970258415
0.0030888435964774815 0.18608717905729275 0.0005085370986231804
0.003727593720314938 0.2606653466317256 0.0006867274636351645
0.004498432668969444 0.35091411020429514 0.0008989721263369925
0.005428675439323859 0.4561623915032851 0.001086871799295265
0.006551285568595509 0.5643245716178376 0.0012959778923364428
0.0079060432109077 0.6755361560064012 0.001368031103860864
0.009540954763499945 0.7718015270089088 0.0013877164622173096
0.01151395399326447 0.8508309368006721 0.001289788432136742
0.013894954943731374 0.9077841806150131 0.0011128296298281103
0.016768329368110076 0.946633455982854 0.0008608261450536215
0.020235896477251564 0.9716380156804014 0.0005868676830577098
0.02442053094548651 0.9850919878186624 0.0003648043777632965
0.029470517025518096 0.9927206959864893 0.00019809246585911436
0.03556480306223128 0.9967424928093643 9.314770484443315e-05
0.04291934260128776 0.9988306851317987 3.55268468528441e-05
0.0517947467923121 0.9996267487429317 1.1453420533655691e-05
0.0625055192527397 0.9999002691134645 2.986305805149388e-06
0.07543120063354615 0.999981978254952 5.566758847175254e-07
0.09102981779915217 0.9999975600260035 7.545665381132026e-08
0.10985411419875583 0.9999997669767897 6.967733550281453e-09
0.13257113655901082 0.9999999884264936 3.6476766635898947e-10
0.15998587196060574 0.9999999996322253 1.119746234482169e-11
0.19306977288832497 0.9999999999946596 1.6233072838675017e-13
0.2329951810515372 0.9999999999999681 9.7034274770504e-16
0.2811768697974228 1.0 1.9900573517470195e-18
0.3393221771895326 1.0 0.0
0.4094915062380423 1.0 0.0
0.49417133613238334 1.0 0.0
0.5963623316594643 1.0 0.0
0.7196856730011514 1.0 0.0
0.868511373751352 1.0 0.0
1.0481131341546852 1.0 0.0
1.2648552168552958 1.0 0.0
1.5264179671752318 1.0 0.0
1.8420699693267144 1.0 0.0
2.2229964825261934 1.0 0.0
2.6826957952797246 1.0 0.0
3.2374575428176433 1.0 0.0
3.906939937054613 1.0 0.0
4.714866363457389 1.0 0.0
5.689866029018293 1.0 0.0
6.866488450042998 1.0 0.0
8.286427728546842 1.0 0.0
10.0 1.0 0.0
