0.001 2.492128878963606e-05 3.318264072528663e-06
0.0012067926406393288 3.2434842337472215e-05 4.674425652807651e-06
0.0014563484775012444 4.9272206640577274e-05 7.485696699142046e-06
0.0017575106248547913 0.00010803698701090216 1.4177936028564069e-05
0.0021209508879201904 0.00013599971045475122 1.895445486108111e-05
0.002559547922699536 0.00024123547620533544 3.202833757439449e-05
0.0030888435964774815 0.0003850818147321489 5.14262567487785e-05
0.003727593720314938 0.0006471825817184434 7.817262888371634e-05
0.004498432668969444 0.0008800054293262095 0.00010738767013418142
0.005428675439323859 0.0013192075617308677 0.00015733612744575734
0.006551285568595509 0.001819488573960091 0.00021440012634044132
0.0079060432109077 0.0028160728108870344 0.0002946750515199376
0.009540954763499945 0.00379774560206801 0.0003721753794041731
0.01151395399326447 0.004472774663229872 0.000392639515913936
0.013894954943731374 0.008157885190147348 0.0005977891888152866
0.016768329368110076 0.011260023018391454 0.0006831770727659288
0.020235896477251564 0.013069747299056233 0.0005684109953332084
0.02442053094548651 0.019839581440118978 0.0006520484214971187
0.029470517025518096 0.028726888609441455 0.0006232043941617864
0.03556480306223128 0.042455325599684436 0.0005850542914139195
0.04291934260128776 0.06353458212150774 0.0005925207934031529
0.0517947467923121 0.09622502946755059 0.000681026052792311
0.0625055192527397 0.14056986965609142 0.0007509803498637894
0.07543120063354615 0.19988066906853724 0.0007962634070708106
0.09102981779915217 0.2777619963026083 0.0009597596834810553
0.10985411419875583 0.36724846962333174 0.0010653067467002746
0.13257113655901082 0.4714152042140022 0.00117220936335491
0.15998587196060574 0.5833452365990924 0.0012326440790308094
0.19306977288832497 0.6926951271808115 0.0012188626928683875
0.2329951810515372 0.7878370204021377 0.0011131666830343793
0.2811768697974228 0.8644653891972448 0.0009462411973665604
0.3393221771895326 0.9224695408053034 0.000704495511256643
0.4094915062380423 0.9588095199516141 0.0004740686819219589
0.49417133613238334 0.9801706506385112 0.0002824399187015901
0.5963623316594643 0.9915521612188842 0.00014480073556242645
0.7196856730011514 0.9967558251212587 6.438104188099279e-05
0.868511373751352 0.9989991521877332 2.2805058898384385e-05
1.0481131341546852 0.9997215951160526 6.827932170669853e-06
1.2648552168552958 0.99994407867882 1.503737327349426e-06
1.5264179671752318 0.9999903128635002 2.639748509238572e-07
1.8420699693267144 0.999998986916444 2.9559440310349833e-08
2.2229964825261934 0.9999999272568719 2.187413762940798e-09
2.6826957952797246 0.9999999966906311 9.695957506058768e-11
3.2374575428176433 0.9999999999309792 2.1779282964138994e-12
3.906939937054613 0.9999999999992489 2.324090363182588e-14
4.714866363457389 0.9999999999999971 9.251829199002653e-17
5.689866029018293 1.0 1.2899625854847774e-19
6.866488450042998 1.0 0.0
8.286427728546842 1.0 0.0
10.0 1.0 0.0
