0.001 3.1918622811511045e-05 4.572677104264714e-06
0.0012067926406393288 5.135956831052759e-05 7.1684382353469495e-06
0.0014563484775012444 7.781337162406061e-05 1.1024783542869006e-05
0.0017575106248547913 0.00010969467080269946 1.745015907662409e-05
0.0021209508879201904 0.00020477450079134707 2.8998725051254363e-05
0.002559547922699536 0.00030586615313285364 4.491563527536255e-05
0.0030888435964774815 0.000591453272092129 7.625171681265878e-05
0.003727593720314938 0.0009876722022984876 0.00011513336143730622
0.004498432668969444 0.0012214708553082805 0.0001514395540071114
0.005428675439323859 0.0014091094152658677 0.0001876738275999436
0.006551285568595509 0.002428336224911947 0.000278938750552708
0.0079060432109077 0.0030178303809947128 0.0003401202038710237
0.009540954763499945 0.004152463718905608 0.00041478908979774605
0.01151395399326447 0.006466187938765076 0.0005576831085818998
0.013894954943731374 0.0074467789992683974 0.000553640368272048
0.016768329368110076 0.009974058639332093 0.0005829236874146866
0.020235896477251564 0.015069469128514984 0.0006759799239499673
0.02442053094548651 0.021198363894826044 0.0006654378948009998
0.029470517025518096 0.031093552758177132 0.00065862835143707
0.03556480306223128 0.04760245204959916 0.0007453680197394946
0.04291934260128776 0.06927448618765687 0.0006631528760387956
0.0517947467923121 0.1020803344557008 0.0006856544676263215
0.0625055192527397 0.1479664670835949 0.0007183985285217096
0.07543120063354615 0.21058012981211405 0.000789802426606486
0.09102981779915217 0.29050549536602094 0.0009076704021963054
0.10985411419875583 0.3827736507198735 0.0010689271180206181
0.13257113655901082 0.48988623302932977 0.0011860742591868658
0.15998587196060574 0.6026711692885277 0.0012280895764895583
0.19306977288832497 0.7089245947286663 0.0011949574711836832
0.2329951810515372 0.8021665669170591 0.0010840834784019027
0.2811768697974228 0.8762648206814297 0.0008955805858343848
0.3393221771895326 0.928732728408073 0.000665046230743727
0.4094915062380423 0.9632174032779134 0.0004367498468619705
0.49417133613238334 0.9828240002866738 0.0002503071398050676
0.5963623316594643 0.9929122765676414 0.00012504258411941802
0.7196856730011514 0.9974811674042636 5.226153137385592e-05
0.868511373751352 0.9992028859581217 1.8336136234477884e-05
1.0481131341546852 0.9997795531568076 5.343133148737325e-06
1.2648552168552958 0.999957273200501 1.1213158680200248e-06
1.5264179671752318 0.9999939287050934 1.7139748553300093e-07
1.8420699693267144 0.999999369269135 1.8463637951587113e-08
2.2229964825261934 0.999999957724641 1.2429472010894584e-09
2.6826957952797246 0.9999999984722506 4.708471031153927e-11
3.2374575428176433 0.9999999999709529 9.172002043187056e-13
3.906939937054613 0.9999999999997357 8.352268136226221e-15
4.714866363457389 0.9999999999999991 2.765723325413319e-17
5.689866029018293 1.0 0.0
6.866488450042998 1.0 0.0
8.286427728546842 1.0 0.0
10.0 1.0 0.0
