0.001 0.013936730334162371 0.00014098339797037317
0.0012067926406393288 0.019254335699684655 0.00019355738612418898
0.0014563484775012444 0.02683004754087419 0.0002686089220883958
0.0017575106248547913 0.03811329053248049 0.0003676217103840209
0.0021209508879201904 0.052171199419828555 0.0004968747853783161
0.002559547922699536 0.07048632275518492 0.0006661581140442415
0.0030888435964774815 0.09564949816311726 0.0008708518785139427
0.003727593720314938 0.1246490804917286 0.0011083816860008456
0.004498432668969444 0.16228996102049117 0.0013981964716156614
0.005428675439323859 0.20945330483559554 0.0017275212110287213
0.006551285568595509 0.26200364921240077 0.002053017347321877
0.0079060432109077 0.3240186272708479 0.0024052903672155293
0.009540954763499945 0.38548425389268764 0.0026967104060006165
0.01151395399326447 0.45411301892740386 0.0029589434096426222
0.013894954943731374 0.5236659895385739 0.003145758456729218
0.016768329368110076 0.5863884803104318 0.0032548420820655514
0.020235896477251564 0.6449845730093813 0.0032689493237934614
0.02442053094548651 0.6926832909399554 0.0032962241838908235
0.029470517025518096 0.7460962546504118 0.0031613968960303423
0.03556480306223128 0.7844261678982003 0.0030799286235507995
0.04291934260128776 0.8212033656837006 0.002895963217306145
0.0517947467923121 0.8447422553063078 0.0027805869663910616
0.0625055192527397 0.8696134282528581 0.0026395353823918627
0.07543120063354615 0.8888767899377411 0.002449942045379191
0.09102981779915217 0.9086875114676193 0.0022906305466316402
0.10985411419875583 0.9190920443167729 0.0021828864801050315
0.13257113655901082 0.9312975108556544 0.0020413933968381663
0.15998587196060574 0.9404826947045627 0.0019193055599592199
0.19306977288832497 0.9491476054173607 0.0017907044920805807
0.2329951810515372 0.9589672366728839 0.0016108258995820393
0.2811768697974228 0.9645395442224075 0.0015281043466020517
0.3393221771895326 0.971734648125164 0.0013519326482282384
0.4094915062380423 0.9738470585432375 0.0013400557660850998
0.49417133613238334 0.9763496844379357 0.0012695903956816816
0.5963623316594643 0.9768833990329846 0.001262119380439446
0.7196856730011514 0.9828777493190645 0.0010941686274616965
0.868511373751352 0.9859678689870587 0.000981283102349051
1.0481131341546852 0.9871517169944259 0.000933170743291411
1.2648552168552958 0.9897556834244795 0.000842332088166923
1.5264179671752318 0.9905313822482833 0.0008225839343104753
1.8420699693267144 0.9906023959941705 0.0008213395840496363
2.2229964825261934 0.9923448441952051 0.0007593671206724308
2.6826957952797246 0.992299221191346 0.000766639767682784
3.2374575428176433 0.9934514728139413 0.0006842491455145577
3.906939937054613 0.9947703995486685 0.0006243347131917705
4.714866363457389 0.9946373948891069 0.0006350197014606411
5.689866029018293 0.9956823266701725 0.0005771309857810909
6.866488450042998 0.9960715703929256 0.0005640989560283891
8.286427728546842 0.9963449035085464 0.0005430310087026649
10.0 0.9968946338129393 0.00051838279035581
