0.001 0.014209825039369397 0.0001445577331862696
0.0012067926406393288 0.019456436081883213 0.00019532232497119297
0.0014563484775012444 0.027318749780160793 0.00027173066136679946
0.0017575106248547913 0.037914844211806215 0.0003726734645696448
0.0021209508879201904 0.05325731654353402 0.0005074517060624554
0.002559547922699536 0.07127827662458693 0.0006677307681453191
0.0030888435964774815 0.09629031226461464 0.000877791331682808
0.003727593720314938 0.129288740314295 0.0011311147171106514
0.004498432668969444 0.1668543216831199 0.0014273613000155305
0.005428675439323859 0.20953811816139487 0.0017159132939960284
0.006551285568595509 0.2665325474077187 0.002063788230680026
0.0079060432109077 0.32381604662290836 0.002402293713256804
0.009540954763499945 0.3908807632751246 0.0026984657570464352
0.01151395399326447 0.4530045892805965 0.002969529092930488
0.013894954943731374 0.5256153063740603 0.0031461009326447893
0.016768329368110076 0.5869093087613544 0.003265351719757918
0.020235896477251564 0.645696399927666 0.0033058927471162247
0.02442053094548651 0.7081852785537522 0.0032058836703847994
0.029470517025518096 0.7460894376866314 0.003167137841610459
0.03556480306223128 0.7859226443653679 0.003079407374594036
0.04291934260128776 0.81902389918223 0.0029304860237280433
0.0517947467923121 0.8503861152965947 0.0027434637543967
0.0625055192527397 0.8700778716036404 0.0026080892054418606
0.07543120063354615 0.8931402823014541 0.0024253733027192873
0.09102981779915217 0.909502876805921 0.0022583760624397416
0.10985411419875583 0.9230339446703844 0.002127078252561009
0.13257113655901082 0.9317619053656228 0.0020397228994637946
0.15998587196060574 0.9433564366860546 0.00186546887661176
0.19306977288832497 0.9524011500933957 0.0017316138174410228
0.2329951810515372 0.9578211801793878 0.0016284615331028604
0.2811768697974228 0.964455043833751 0.0015123838779254612
0.3393221771895326 0.9706808863319926 0.0014073773480296292
0.4094915062380423 0.9741860317397469 0.0013305036592044161
0.49417133613238334 0.9773073988262911 0.0012306065475881608
0.5963623316594643 0.9790421298688853 0.0012026380623538886
0.7196856730011514 0.982053020794396 0.0011186271803680372
0.868511373751352 0.9861216137648505 0.0009713952416952312
1.0481131341546852 0.9873994406521142 0.0009452267779001565
1.2648552168552958 0.990288351046857 0.0008094290751038297
1.5264179671752318 0.9895152873896 0.0008938492490088489
1.8420699693267144 0.9914101868917623 0.000787965696008986
2.2229964825261934 0.9917698531267582 0.0008000256123806146
2.6826957952797246 0.9938178222917675 0.0006641851211676209
3.2374575428176433 0.993152404875888 0.0007253092490597365
3.906939937054613 0.9952937478222756 0.000593303802388498
4.714866363457389 0.9954692319587488 0.0005592458700317996
5.689866029018293 0.9964533238013573 0.0005066032131907794
6.866488450042998 0.9955762514869612 0.0006011960942086635
8.286427728546842 0.995567421630816 0.0006198899735868336
10.0 0.9963900426247017 0.000569799457542398
