0.001 0.014057825052585946 0.00014185367338679427
0.0012067926406393288 0.019544437955906033 0.00019874954264110535
0.0014563484775012444 0.027497999839572965 0.00027222152700869895
0.0017575106248547913 0.03773346498341079 0.00036911508418485987
0.0021209508879201904 0.05159600215855481 0.0005005048019952112
0.002559547922699536 0.07153361903447811 0.0006719810611476662
0.0030888435964774815 0.0938877511887845 0.0008573091791510733
0.003727593720314938 0.12644742789506805 0.0011214464607232676
0.004498432668969444 0.16727529671554311 0.001421602105756461
0.005428675439323859 0.2114847159692003 0.0017355613576680942
0.006551285568595509 0.2658023693969868 0.0020646626456483604
0.0079060432109077 0.3237630749736656 0.0024191132586559834
0.009540954763499945 0.38723259437152424 0.0026888636374858216
0.01151395399326447 0.4525868360904969 0.002963690311213304
0.013894954943731374 0.5280108889133417 0.0031401061678186766
0.016768329368110076 0.5917554139876512 0.003243316882507129
0.020235896477251564 0.6509927300460382 0.0032674388935489598
0.02442053094548651 0.7000026337067001 0.0032732624486874746
0.029470517025518096 0.7460330062187631 0.003187509236492836
0.03556480306223128 0.7912749963235302 0.003014354992142455
0.04291934260128776 0.8174801709441842 0.0029531131689159453
0.0517947467923121 0.8493226319767994 0.0027380998915402387
0.0625055192527397 0.8708259334797136 0.00260561948025493
0.07543120063354615 0.8914561033161341 0.0024458385952212318
0.09102981779915217 0.9028896266246782 0.00235432662691721
0.10985411419875583 0.9181381198347346 0.002202823486307021
0.13257113655901082 0.9327959776591124 0.0020110212435635404
0.15998587196060574 0.946871663671211 0.0017898072510990893
0.19306977288832497 0.9508608726383485 0.0017544887676642703
0.2329951810515372 0.9597385908131558 0.0016106996470046334
0.2811768697974228 0.9644921384885965 0.001527560896861656
0.3393221771895326 0.9655149148213068 0.0015180066004344026
0.4094915062380423 0.9722056843912391 0.0013692829474446456
0.49417133613238334 0.9764839908421192 0.0012477814158413602
0.5963623316594643 0.980865044730081 0.0011537983215708747
0.7196856730011514 0.9832093033220192 0.0010845662391745343
0.868511373751352 0.9869783945393494 0.0009249079735829848
1.0481131341546852 0.9875337940996728 0.0009587589358874738
1.2648552168552958 0.9889306845087286 0.0008815921933504716
1.5264179671752318 0.9919876944043368 0.0007450268971317154
1.8420699693267144 0.9918582456426795 0.0007798948887996533
2.2229964825261934 0.9938406758994967 0.0006449888675751111
2.6826957952797246 0.9945810811233455 0.0006124061343790031
3.2374575428176433 0.9925859132358644 0.0007485045115386442
3.906939937054613 0.9937007334704203 0.0006953507089293392
4.714866363457389 0.9948169690004903 0.0006251114500048197
5.689866029018293 0.9966963596462709 0.000513922297785156
6.866488450042998 0.9967155586377352 0.000491076815973758
8.286427728546842 0.9967775280009057 0.0005163274007376507
10.0 0.9965034686110199 0.0005616912029239245
