0.001 0.0004656845698913315 6.431966066305523e-06
0.0012067926406393288 0.0007869296189849848 1.0985195897726357e-05
0.0014563484775012444 0.0013139625263029245 1.828619550068798e-05
0.0017575106248547913 0.0022872208066626104 3.1208685334071126e-05
0.0021209508879201904 0.003712566341057287 4.974556336501263e-05
0.002559547922699536 0.006185773225264408 8.049150923400625e-05
0.0030888435964774815 0.010016198636072986 0.00012798378561769684
0.003727593720314938 0.01588096427322514 0.00020058791115570382
0.004498432668969444 0.025150386909485185 0.00030765211630356904
0.005428675439323859 0.03832299306554456 0.00044992561245019597
0.006551285568595509 0.05669307695139791 0.0006514286026821583
0.0079060432109077 0.08367711963108018 0.0009185018513140223
0.009540954763499945 0.11737532823078943 0.001231879459856485
0.01151395399326447 0.16578394646492114 0.0016169832197591887
0.013894954943731374 0.22566737917814716 0.002037147934237774
0.016768329368110076 0.2808749292305558 0.002424884604356835
0.020235896477251564 0.35199824708290406 0.0027922547735795417
0.02442053094548651 0.42469926314498696 0.003115536796392117
0.029470517025518096 0.48846667902238916 0.0033285413990349244
0.03556480306223128 0.5641615743019192 0.0034394082190452634
0.04291934260128776 0.6265490904687736 0.003489402874776744
0.0517947467923121 0.6846669115438826 0.003461269463401745
0.0625055192527397 0.7334896987973146 0.003393345956279098
0.07543120063354615 0.7728890053480012 0.0032737757279026774
0.09102981779915217 0.8086660574059379 0.0031137493936467327
0.10985411419875583 0.8380313633580263 0.0029640733588717537
0.13257113655901082 0.8619202551767399 0.002798584671134769
0.15998587196060574 0.8841248764374108 0.002604242923352501
0.19306977288832497 0.9012481278130224 0.002459859011807369
0.2329951810515372 0.9169064726470915 0.0022839609246954377
0.2811768697974228 0.9278248202233527 0.0021485334297870144
0.3393221771895326 0.9424812730425616 0.0019177542663813823
0.4094915062380423 0.9501826269138235 0.0018144626629255666
0.49417133613238334 0.9582016293514618 0.0016747441742223418
0.5963623316594643 0.9619059991078415 0.0016268169759760611
0.7196856730011514 0.9682215436976086 0.0014971083191154752
0.868511373751352 0.9699683119338574 0.00143894637338825
1.0481131341546852 0.9772908083064993 0.0012703218724794375
1.2648552168552958 0.9777450536466702 0.0012504824802114767
1.5264179671752318 0.9788408350947733 0.0012569824040369643
1.8420699693267144 0.9850243155313201 0.0010335886002896966
2.2229964825261934 0.9868664692835372 0.000994185615595496
2.6826957952797246 0.9873062403790236 0.0009747261774047744
3.2374575428176433 0.9902338814312367 0.0008518601184606895
3.906939937054613 0.9907631718653552 0.0008331717348622603
4.714866363457389 0.9904232513947318 0.0008571969003781667
5.689866029018293 0.9930774172788611 0.0007127827573324652
6.866488450042998 0.9932938271110346 0.0007225202594272125
8.286427728546842 0.9954157057302928 0.0005999661443381586
10.0 0.9946357830244756 0.0006525611044345674
