0.001 0.0004633293439801145 6.5479142637920124e-06
0.0012067926406393288 0.0007927028936839586 1.090793556672994e-05
0.0014563484775012444 0.0013508784430033825 1.861750245544411e-05
0.0017575106248547913 0.002222593108895779 3.0197567477350334e-05
0.0021209508879201904 0.0036387332389967255 4.8938828364091674e-05
0.002559547922699536 0.006098463724898705 7.946701743907086e-05
0.0030888435964774815 0.010032918911749376 0.00012962789895595516
0.003727593720314938 0.015637517764055177 0.00019900815237392771
0.004498432668969444 0.025015709951966135 0.00030577971492727255
0.005428675439323859 0.03786737979136981 0.0004476671091825837
0.006551285568595509 0.05617405689909598 0.0006488619757400376
0.0079060432109077 0.08197361827439524 0.0009054729001914644
0.009540954763499945 0.11921989563071872 0.0012283930149431408
0.01151395399326447 0.16368198253418328 0.0016059476795515254
0.013894954943731374 0.21649459991680114 0.0020098452941247737
0.016768329368110076 0.27697776556923986 0.0024159996018027997
0.020235896477251564 0.3503429802646092 0.0028100119283935056
0.02442053094548651 0.42415394512147775 0.0031165811320702608
0.029470517025518096 0.4996114994340655 0.0033104831154225113
0.03556480306223128 0.5577256273908505 0.003467632362537231
0.04291934260128776 0.6279895758710657 0.0034882640982101167
0.0517947467923121 0.6856817294526811 0.003431540989896197
0.0625055192527397 0.72875508216322 0.0033988655459502937
0.07543120063354615 0.7708812616091123 0.0032730083996294988
0.09102981779915217 0.8028423344409132 0.0031427911301947953
0.10985411419875583 0.8382137169247784 0.0029289418588437323
0.13257113655901082 0.8640743708034264 0.0027642411774380883
0.15998587196060574 0.8842423385750235 0.00260556995459541
0.19306977288832497 0.9056670773033311 0.0023764962300217816
0.2329951810515372 0.9118697818640789 0.0023540312896648454
0.2811768697974228 0.9259951498670058 0.002185062169774989
0.3393221771895326 0.9402806597283592 0.0019882534446581256
0.4094915062380423 0.9490105478573534 0.0018385212366812261
0.49417133613238334 0.955146680036057 0.001762468943469624
0.5963623316594643 0.9601833125968171 0.0016731362506564019
0.7196856730011514 0.9662802542781507 0.0015253973673975516
0.868511373751352 0.9708974155696022 0.0014369783696750976
1.0481131341546852 0.9737579823285761 0.0013678085809579875
1.2648552168552958 0.9780067143831473 0.0012645066795675727
1.5264179671752318 0.9820606574400379 0.0011327830813955674
1.8420699693267144 0.9833205863125186 0.0010999613967306407
2.2229964825261934 0.9866247667909194 0.0009984652799546522
2.6826957952797246 0.9880865991053219 0.0009282875066167778
3.2374575428176433 0.9895889800879176 0.0008877911473377037
3.906939937054613 0.9908668835195178 0.0008339405490932854
4.714866363457389 0.9913770453951877 0.0008084602924562268
5.689866029018293 0.992136481959497 0.0007815257909792191
6.866488450042998 0.9916781635418489 0.0008122538175588488
8.286427728546842 0.9930738353310047 0.0007460421048218962
10.0 0.995290531077699 0.0005968613941347367
