0.001 0.17176195355524182 0.0016700527298312317
0.0012067926406393288 0.2099477381148765 0.0019899061913677364
0.0014563484775012444 0.2667128348329185 0.0023541994245916326
0.0017575106248547913 0.3237038317929849 0.0026822920034958336
0.0021209508879201904 0.3850932078309729 0.002964216274776869
0.002559547922699536 0.4448216683937258 0.003181978588596219
0.0030888435964774815 0.5052880312468625 0.0033109179460632764
0.003727593720314938 0.5630474015298635 0.0033788406889744913
0.004498432668969444 0.6111929329351796 0.0033967920657624927
0.005428675439323859 0.6664704681427948 0.0033426478133596477
0.006551285568595509 0.7187388631129745 0.0032276936285756674
0.0079060432109077 0.7590344067084254 0.003115227079349937
0.009540954763499945 0.7938733052292737 0.002964944401289964
0.01151395399326447 0.8330578018425174 0.002736003007450688
0.013894954943731374 0.8635120706867078 0.0025507480467052337
0.016768329368110076 0.8841427954396488 0.002387108397028093
0.020235896477251564 0.9090959230469965 0.002143143865894431
0.02442053094548651 0.922988870210469 0.002025790464034045
0.029470517025518096 0.936421590656399 0.001863095897552152
0.03556480306223128 0.9466526474516166 0.0017611935723325538
0.04291934260128776 0.9572681816226792 0.001582406185846531
0.0517947467923121 0.9660340655697166 0.001413134814871518
0.0625055192527397 0.9697796155271351 0.0013673113089013652
0.07543120063354615 0.9723428667558388 0.0013362221293650983
0.09102981779915217 0.9798317789139921 0.0011181996584121363
0.10985411419875583 0.9812424521554142 0.001118775893343276
0.13257113655901082 0.9837958676169647 0.0010401466574747882
0.15998587196060574 0.9871889509452978 0.0009099760551710878
0.19306977288832497 0.9889193352234804 0.0008591533504659606
0.2329951810515372 0.9887219447103153 0.000884232501952395
0.2811768697974228 0.9916781706096633 0.0007542705926008879
0.3393221771895326 0.9916984783093609 0.0007718236680748954
0.4094915062380423 0.9931316149309528 0.000688935921432648
0.49417133613238334 0.9955839611175312 0.0005589552550260494
0.5963623316594643 0.9959671238049482 0.0005459528642610009
0.7196856730011514 0.9959475786285799 0.0005404146838057645
0.868511373751352 0.9966366447554654 0.0005073405750907705
1.0481131341546852 0.9960082152661985 0.0005671144166704031
1.2648552168552958 0.9963217800460225 0.0005478761046404368
1.5264179671752318 0.9967939817655566 0.0005323918774232776
1.8420699693267144 0.9963551495820395 0.0005674801238242725
2.2229964825261934 0.998283321120805 0.0003856795023872153
2.6826957952797246 0.9982352310372907 0.0003850519886902446
3.2374575428176433 0.9981310801537806 0.00041110776690289147
3.906939937054613 0.9977711351015816 0.000463221604809721
4.714866363457389 0.9976763360826659 0.00046997838652805573
5.689866029018293 0.9978765457843385 0.00044965478039367147
6.866488450042998 0.9979488808917003 0.0004482213918119291
8.286427728546842 0.9981320063407746 0.0004254719336432371
10.0 0.9978797726218603 0.00045810160580566554
