0.001 0.17036447531796417 0.0016709069244214923
0.0012067926406393288 0.21474634729378966 0.001994450847328922
0.0014563484775012444 0.2627130815595502 0.00234839809802478
0.0017575106248547913 0.3218777523699086 0.0026876876358380296
0.0021209508879201904 0.3818508492667654 0.0029539041510533615
0.002559547922699536 0.45141349159737265 0.0031872072375059585
0.0030888435964774815 0.5040306816600647 0.003318895515774731
0.003727593720314938 0.5655807922609858 0.003390417679401586
0.004498432668969444 0.6242945789383996 0.0033519138064240566
0.005428675439323859 0.6683901969119574 0.003324863068091274
0.006551285568595509 0.7193926278852526 0.003213398360433213
0.0079060432109077 0.756121013136201 0.003108586033604126
0.009540954763499945 0.7993393185419861 0.0029142144400249427
0.01151395399326447 0.832364039867816 0.0027564597003323747
0.013894954943731374 0.8607406366816965 0.002575971732542858
0.016768329368110076 0.8845142457614131 0.0023939254978694647
0.020235896477251564 0.9074130924539033 0.0021956894031712627
0.02442053094548651 0.9226255870411564 0.0020456363186834078
0.029470517025518096 0.9366848865015239 0.0018856789388314197
0.03556480306223128 0.949175085891617 0.0016864587970613898
0.04291934260128776 0.9575696115058862 0.0015736014819107442
0.0517947467923121 0.9618764417328646 0.0015128091703683509
0.0625055192527397 0.9697043078943327 0.0013579637906502215
0.07543120063354615 0.9753055372077264 0.00124084371866319
0.09102981779915217 0.978169601234718 0.0011734888773994876
0.10985411419875583 0.9819178488911653 0.0010562950693925757
0.13257113655901082 0.9857117349028897 0.0009677437490165987
0.15998587196060574 0.9863022799540384 0.000963483273963209
0.19306977288832497 0.9873365526975995 0.0009408472407408834
0.2329951810515372 0.9882199744552134 0.0009061840261385763
0.2811768697974228 0.9907351198133468 0.0008068193067503557
0.3393221771895326 0.9924685348622821 0.0007401944407385172
0.4094915062380423 0.9940418869773179 0.0006367751304946835
0.49417133613238334 0.9935488743880178 0.0006693402631805835
0.5963623316594643 0.9942011522688946 0.0006673344054515678
0.7196856730011514 0.9962246573354477 0.0005321396541396297
0.868511373751352 0.9963711355838987 0.0005254380715327733
1.0481131341546852 0.9961772257282526 0.0005530040844888212
1.2648552168552958 0.9971566796916382 0.0004647635543565153
1.5264179671752318 0.9969234802646563 0.0005071503723602153
1.8420699693267144 0.9972876174026267 0.00043312266277387076
2.2229964825261934 0.9981605217018809 0.0003834441221740812
2.6826957952797246 0.9974222151326181 0.0004669758597643568
3.2374575428176433 0.9981676457841113 0.0003889028293051826
3.906939937054613 0.997757389158145 0.0004564295602078447
4.714866363457389 0.997266319228268 0.0004997677716389698
5.689866029018293 0.9986340282657937 0.00036106941224405144
6.866488450042998 0.9977378784744615 0.0004704655536555597
8.286427728546842 0.9987892108019761 0.0003462371722895492
10.0 0.9977947782916801 0.00046852829949996287
