0.001 0.23060494665435521 0.0015398911081135542
0.0012067926406393288 0.26260480508740264 0.0017158833612329024
0.0014563484775012444 0.3023814844589246 0.0019269986582261206
0.0017575106248547913 0.3507311358796003 0.0021519735940161476
0.0021209508879201904 0.3970762562924476 0.0023385279662999406
0.002559547922699536 0.44870287048440005 0.002519965568399095
0.0030888435964774815 0.4942208163937555 0.002648449858915493
0.003727593720314938 0.5483085414660269 0.0027647529820260964
0.004498432668969444 0.5985480658120378 0.002817936824500523
0.005428675439323859 0.6460690761601489 0.0028589613940582788
0.006551285568595509 0.6913107487073596 0.0028061498205502423
0.0079060432109077 0.736082536784081 0.0027116470557494994
0.009540954763499945 0.7686001484733651 0.002659408067724084
0.01151395399326447 0.805074987822931 0.002519765887735263
0.013894954943731374 0.832229516133036 0.0024246171592910847
0.016768329368110076 0.8587083255490202 0.002281376366691564
0.020235896477251564 0.8848805328062265 0.00209573392169433
0.02442053094548651 0.9001632999832947 0.0020033070101577507
0.029470517025518096 0.9195125208909669 0.0018513838635869145
0.03556480306223128 0.9329339175117779 0.0016962414788231886
0.04291934260128776 0.946698134715766 0.001553489719220927
0.0517947467923121 0.9537472607847254 0.0014464632696995058
0.0625055192527397 0.9607669403145522 0.0013907139997703657
0.07543120063354615 0.9660203990210866 0.0013293588783982713
0.09102981779915217 0.9732823482860747 0.0011690853112916626
0.10985411419875583 0.9769593814047471 0.0011144862085426153
0.13257113655901082 0.9815996709425312 0.0010091187225520141
0.15998587196060574 0.9831955353918429 0.0009535107695825264
0.19306977288832497 0.9863872039189009 0.0008710085527189128
0.2329951810515372 0.9880064253322689 0.0008356292127092517
0.2811768697974228 0.9890543695311231 0.0008245926930579383
0.3393221771895326 0.9906416759915634 0.0007477910174888256
0.4094915062380423 0.9928581327228145 0.000671273132892642
0.49417133613238334 0.9936401612344412 0.0006198769176732061
0.5963623316594643 0.9948112990053724 0.0005704077040688034
0.7196856730011514 0.9952938729211486 0.0005639111931428561
0.868511373751352 0.9959425671244331 0.0005149879014140347
1.0481131341546852 0.9958835192335013 0.0005377902341995223
1.2648552168552958 0.9968636550418268 0.0004741434884717199
1.5264179671752318 0.9974263825206848 0.0004325989822569206
1.8420699693267144 0.9958423691973723 0.0005758293648170296
2.2229964825261934 0.9972455196489671 0.0004721549381861678
2.6826957952797246 0.9976328962811489 0.00042878224733313575
3.2374575428176433 0.9979382525507013 0.00042298291735445056
3.906939937054613 0.9980638983131492 0.00040085143748049424
4.714866363457389 0.9980210692684728 0.0004114311853381394
5.689866029018293 0.9973962043485808 0.0004858663607038157
6.866488450042998 0.9980376717863677 0.0004193994026743592
8.286427728546842 0.9983901009304773 0.00037798764338837755
10.0 0.9978424524158765 0.0004581084055371173
