0.001 0.22883981646906154 0.0015264418812394318
0.0012067926406393288 0.2667077131487979 0.0017334728785694483
0.0014563484775012444 0.3088350650631442 0.0019460950802325553
0.0017575106248547913 0.35165225880328654 0.002137495294422838
0.0021209508879201904 0.3992649909442759 0.002342893841700224
0.002559547922699536 0.44837139389236136 0.002512042305886775
0.0030888435964774815 0.49754067952908015 0.0026498332988009305
0.003727593720314938 0.5502127803971678 0.0027497042624601816
0.004498432668969444 0.5966290071402636 0.0028264235392888503
0.005428675439323859 0.6409516770230224 0.002850015735535279
0.006551285568595509 0.691033350080503 0.002799743008085301
0.0079060432109077 0.7340176656977934 0.0027197098892668948
0.009540954763499945 0.7735346463093176 0.002623168491468508
0.01151395399326447 0.810869781645285 0.0024718217428034667
0.013894954943731374 0.8380631877098429 0.00238587885725496
0.016768329368110076 0.8620353584047032 0.002222126793309728
0.020235896477251564 0.883986094820839 0.0021092949781590896
0.02442053094548651 0.9071702943664637 0.0019277753718628904
0.029470517025518096 0.9192998196165129 0.0018351223351033338
0.03556480306223128 0.9340978969057997 0.0016897125799973593
0.04291934260128776 0.9468275434808374 0.0015358649125384537
0.0517947467923121 0.9544513653596117 0.0014618916993924453
0.0625055192527397 0.9630704989693865 0.001328078541604576
0.07543120063354615 0.9679328934746704 0.001247738569304159
0.09102981779915217 0.9715298386102604 0.0011952902434186458
0.10985411419875583 0.9764101406414438 0.0011320818958899502
0.13257113655901082 0.9821198560468998 0.0009849841754643236
0.15998587196060574 0.9851853586768848 0.0008834314524589313
0.19306977288832497 0.9872391171442114 0.000848140790616319
0.2329951810515372 0.9892833802072247 0.0007678332874495868
0.2811768697974228 0.9914643475294993 0.0006846998746410469
0.3393221771895326 0.9909152996766869 0.0007629773343444503
0.4094915062380423 0.9927985850976216 0.0006688153511273708
0.49417133613238334 0.9919780087442294 0.0007257358739927483
0.5963623316594643 0.9950816404786208 0.0005507981337418669
0.7196856730011514 0.9940131305105989 0.0006521392262799353
0.868511373751352 0.9955320731242611 0.0005452684521583645
1.0481131341546852 0.9958609009110463 0.0005534227864587116
1.2648552168552958 0.9972060520176614 0.0004440192116697961
1.5264179671752318 0.9968718174427977 0.0004905582377390295
1.8420699693267144 0.997829897433292 0.0004073456933362049
2.2229964825261934 0.9970523706878422 0.0004971582076853146
2.6826957952797246 0.9980736492060681 0.0003935306182402004
3.2374575428176433 0.997590235986676 0.00044560346340961947
3.906939937054613 0.9978837112763367 0.0004310560349057319
4.714866363457389 0.997828304398031 0.00042687307034267654
5.689866029018293 0.9983369914168574 0.0003899065139546592
6.866488450042998 0.9979847716531134 0.0004366998421915367
8.286427728546842 0.9981465789100513 0.00042423404869902767
10.0 0.9985579433050042 0.00037413617472025406
