0.001 0.030317567855024583 0.0004260283506537948
0.0012067926406393288 0.043662764543770535 0.0006018499176907271
0.0014563484775012444 0.06645402403747497 0.0008653975002886721
0.0017575106248547913 0.09519970634867277 0.0011833302381320369
0.0021209508879201904 0.1322357120473309 0.0015443352456945528
0.002559547922699536 0.1767643097220557 0.0019626212279750042
0.0030888435964774815 0.22819515312541153 0.0023682528578086513
0.003727593720314938 0.2847773490226385 0.0027316065731001976
0.004498432668969444 0.34188137835935994 0.003079200732449561
0.005428675439323859 0.40983979544509974 0.0033512580184797258
0.006551285568595509 0.48048970235259914 0.0035361537753873795
0.0079060432109077 0.5409846734586288 0.0036192509291259833
0.009540954763499945 0.5948081486868967 0.003627321046541507
0.01151395399326447 0.6551759030270501 0.0035337848755286417
0.013894954943731374 0.7092618577617331 0.003402006933952555
0.016768329368110076 0.748378063203199 0.003281217927831832
0.020235896477251564 0.79332774600688 0.0030514687896075593
0.02442053094548651 0.8274730574210173 0.0028957335117845524
0.029470517025518096 0.8555125519922391 0.002702604246022081
0.03556480306223128 0.8811848374500573 0.0025122919296298694
0.04291934260128776 0.904686102097733 0.002301872717616631
0.0517947467923121 0.922662422926271 0.002091725633884349
0.0625055192527397 0.9360642402776268 0.0019720695709930913
0.07543120063354615 0.9435503512736056 0.0018812530738987593
0.09102981779915217 0.9554545580342608 0.001646647023878067
0.10985411419875583 0.9629461227439093 0.0015623906145080997
0.13257113655901082 0.9674518580821092 0.0014604151579383415
0.15998587196060574 0.9737891594774168 0.0013166474903165968
0.19306977288832497 0.9780536382070639 0.0012203987472863892
0.2329951810515372 0.9788474540637778 0.0012167792352083494
0.2811768697974228 0.9836591776221936 0.0010563845837418704
0.3393221771895326 0.9849508485509235 0.0010376678944454452
0.4094915062380423 0.9871320682426973 0.0009578917505995726
0.49417133613238334 0.99126222484151 0.0007683680382474482
0.5963623316594643 0.9925873172292988 0.0007243831424599455
0.7196856730011514 0.9926507086421305 0.0007298647759659445
0.868511373751352 0.993882660340493 0.0006561881901857144
1.0481131341546852 0.9939160583374074 0.0006942754198104964
1.2648552168552958 0.99429803167467 0.0006654431642006361
1.5264179671752318 0.9954931658549413 0.0006025955443889642
1.8420699693267144 0.9951987990288682 0.0006406037007260492
2.2229964825261934 0.9974703592652284 0.0004471921092438769
2.6826957952797246 0.9974263775442512 0.0004578647868468169
3.2374575428176433 0.9975004572424443 0.00045713963707408057
3.906939937054613 0.9973973224160487 0.00048208697204503686
4.714866363457389 0.9971280283880873 0.0004973374747357193
5.689866029018293 0.9974109586154849 0.00047471427076904515
6.866488450042998 0.9977632529228009 0.00045793037103860853
8.286427728546842 0.997820204938994 0.0004402345993502186
10.0 0.9977686182951384 0.0004625362167717336
