0.001 0.029406832387022682 0.00041697475630752433
0.0012067926406393288 0.04473376451855986 0.0006062378167264618
0.0014563484775012444 0.06644084036918241 0.0008652597189786463
0.0017575106248547913 0.0935072974665104 0.0011624088806201358
0.0021209508879201904 0.13058900362654416 0.0015362035013730465
0.002559547922699536 0.17502104448679234 0.001946353368716939
0.0030888435964774815 0.22601704410810738 0.0023589758928608687
0.003727593720314938 0.28629712221417336 0.0027596277574836047
0.004498432668969444 0.34656292928717586 0.0030964241063491586
0.005428675439323859 0.4070803158272553 0.0033680204622532984
0.006551285568595509 0.4759092953297032 0.0035303239175605407
0.0079060432109077 0.5389121284240613 0.003600923829191558
0.009540954763499945 0.6007222710193144 0.003602409830296436
0.01151395399326447 0.6592845363272186 0.0035031787298162643
0.013894954943731374 0.7079493275725391 0.003416335531509646
0.016768329368110076 0.7466385105621086 0.0032748064453707072
0.020235896477251564 0.787347712763853 0.003118745714765699
0.02442053094548651 0.8282171132649341 0.002881317659038557
0.029470517025518096 0.8516457162267518 0.002762499492840885
0.03556480306223128 0.8788307790410932 0.0025435205010003394
0.04291934260128776 0.9017000855069777 0.0023230059183231167
0.0517947467923121 0.9174336856006207 0.0021838489202258816
0.0625055192527397 0.9331444027027997 0.002003715376809894
0.07543120063354615 0.9421348235895203 0.0018819613707214123
0.09102981779915217 0.9493266797209126 0.0017903902172222135
0.10985411419875583 0.9594849476046291 0.0016251742352110252
0.13257113655901082 0.9690317269218275 0.0014194625305257627
0.15998587196060574 0.9738368439899625 0.0013050525979240426
0.19306977288832497 0.9782969128464031 0.0012136707035449938
0.2329951810515372 0.9814687651024863 0.001119901510282449
0.2811768697974228 0.9851797003466021 0.0010016095655913512
0.3393221771895326 0.985628121962478 0.001010858068707209
0.4094915062380423 0.9884321765656967 0.0009178322737886089
0.49417133613238334 0.9875559044572659 0.0009642893593835705
0.5963623316594643 0.9919834927704163 0.0007551072579441681
0.7196856730011514 0.9911681789499135 0.0008129324984315247
0.868511373751352 0.9930745532619075 0.00071382028595422
1.0481131341546852 0.9940956731988193 0.0006733919372632351
1.2648552168552958 0.9958549866151155 0.0005587128922033712
1.5264179671752318 0.9956628992348251 0.0005820810197416644
1.8420699693267144 0.9969930190732439 0.0004934626085177503
2.2229964825261934 0.9962351334834216 0.0005557106063098132
2.6826957952797246 0.9974589829867165 0.000464601554626549
3.2374575428176433 0.9968680656019977 0.0005068084787714315
3.906939937054613 0.9974234472703103 0.0004621727490853024
4.714866363457389 0.9972170342861838 0.0004725773288633863
5.689866029018293 0.9980761997424823 0.0004053879779057918
6.866488450042998 0.9977863641442732 0.00044425386014294583
8.286427728546842 0.9980490288507752 0.00042668883273262026
10.0 0.9984793119059084 0.00037587355066143066
