0.001 0.1161086256640975 0.0008805605560344772
0.0010473708979594498 0.12395747200074902 0.0009242861382774742
0.001096985797892384 0.1354399543886074 0.0009953506161809967
0.0011489510001873086 0.14468643118873759 0.0010479716312444694
0.0012033778407775893 0.15288099595743151 0.0011017930849968479
0.0012603829296797275 0.16380797403218372 0.0011663360147703165
0.001320088400831418 0.17708683259970576 0.0012442620600176413
0.0013826221737646563 0.1856395298135617 0.0013025469609725777
0.001448118227674533 0.19854729467876805 0.0013724220052692348
0.0015167168884709225 0.21353350928766918 0.001466088297404553
0.0015885651294280528 0.22675238428606218 0.0015243300577469038
0.001663816886076129 0.2398451477350454 0.001612940782723861
0.0017426333860096508 0.25030341729086203 0.001670340155788625
0.0018251834943190425 0.27082549884557383 0.0017675294040973258
0.0019116440753857017 0.2856804262965101 0.0018124085525763683
0.0020022003718155844 0.2958834212812601 0.0018998005334248994
0.002097046401323233 0.31441587230011836 0.001972126536571109
0.002196385372416547 0.3302301271118874 0.0020350255115996817
0.002300430119772917 0.3491304736720483 0.0021018754610783543
0.0024094035602395245 0.36975101767223656 0.0021699338940983966
0.0025235391704347657 0.3865692320100747 0.0022237700727429795
0.0026430814869741054 0.4031994598616383 0.002305019557270066
0.0027682866303920667 0.42340323517947864 0.0023574332187156484
0.002899422853882875 0.44031557614600253 0.002432031415143116
0.0030367711180354575 0.45810500030191187 0.0024665103712562066
0.0031806256927941192 0.4790913578506651 0.002529215966724107
0.0033312947879346735 0.5004866089688471 0.0025738418072719345
0.0034891012134067737 0.5123711508187808 0.0026237702127905422
0.0036543830709572546 0.5337234196624204 0.0026531355706355354
0.003827494478516311 0.5547307691889243 0.0026818884083256935
0.004008806328898464 0.5700957010674716 0.002731326620339706
0.00419870708444391 0.5937230491252224 0.0027422022729408292
0.004397603609302721 0.6102051112162102 0.002747385110471278
0.004605922041145104 0.6271435944837317 0.0027495538752293188
0.004824108704165369 0.6441130330072038 0.002773297615901457
0.00505263106533568 0.6611663914532732 0.002782367538439688
0.005291978735958442 0.6814351571875622 0.0027542719462751958
0.005542664520663107 0.6919093841663924 0.0027588651586056404
0.005805225516094896 0.7067923867380969 0.002778379959859305
0.006080224261649427 0.7309424541441857 0.002708675600068007
0.006368249944718587 0.742062895175463 0.0027083159259074295
0.006669919663030122 0.7576644569862531 0.0026734534664513893
0.0069858797467852495 0.766904520628987 0.0026297185082001656
0.007316807143427192 0.7769947753791142 0.0026320617607366696
0.007663410868007463 0.7898659883107746 0.002585807595234956
0.008026433522257174 0.8078093228921994 0.0025049533268231778
0.008406652885618326 0.8099561856977312 0.0025646319957147094
0.008804883581643464 0.8249078249122301 0.0025035070372577124
0.009221978823334321 0.83257861007641 0.0024773000403718122
0.009658832241158708 0.844178371453312 0.0024091113308672535
0.01011637979766207 0.8556236563876951 0.0023763183808564363
0.010595601792776159 0.8664460461853161 0.002273931974307377
0.011097524964120722 0.8696714992889634 0.002288224477486904
0.011623224686798524 0.8775434326852354 0.0022405727149726277
0.012173827277396614 0.8835980194962016 0.0021977376989308225
0.012750512407130135 0.8947240541211491 0.0020929714039619545
0.013354515629298987 0.9002001498004518 0.0020767578135300817
0.013987131026472387 0.9001829874667701 0.0020859673710029616
0.014649713983072856 0.9132229808304941 0.0019508100902702013
0.015343684089300124 0.9152742636771067 0.0019395843252611891
0.01607052818261639 0.9195141849005373 0.0019233548948822967
0.016831803533309566 0.9255251434756284 0.0018646226246897117
0.01762914118095948 0.9301341642341675 0.0018162645919712298
0.018464249428955436 0.9327716535059366 0.0018165008239927798
0.01933891750455231 0.9378045804273702 0.0017282843670738293
0.020255019392306676 0.9418416438482986 0.0016807634903642649
0.021214517849106298 0.9419297068362077 0.0017002578225964711
0.02221946860939524 0.9482519518236832 0.001619410605608932
0.023272024789604086 0.9511568926201813 0.0015755618767904463
0.024374441501222206 0.9524195308014594 0.0015684162990910013
0.025529080682395178 0.9573233928458762 0.0014659574913315617
0.026738416158399468 0.9574505632736986 0.0015120871885695203
0.02800503894183631 0.9629696768496163 0.0014000465134706456
0.02933166278390044 0.9625561166900581 0.0014403662587575167
0.030721129988617576 0.9611344726186709 0.0014809723025231921
0.03217641750250737 0.9656687659855594 0.001361154503343498
0.03370064329271928 0.9713604123274736 0.0012403145765755433
0.0352970730273065 0.9706625517049419 0.0012744862494314451
0.036969127071950283 0.9731936229521297 0.0012111517017330434
0.03872038781812555 0.9713582887428063 0.0012866679183788556
0.040554607358408296 0.9757875997480574 0.0011597041151520928
0.04247571552536898 0.9752452165764763 0.0011832497525549861
0.04448782831127585 0.9773358135096881 0.0011335211403362155
0.046595256686646824 0.977973572146209 0.001141697482659936
0.04880251583654431 0.9801327021473107 0.0010831230365395128
0.051114334834401684 0.9811790950232687 0.0010608824061302071
0.053535666774107246 0.9805393170760064 0.001083439239353
0.05607169938205458 0.9820690793517337 0.0010212076550532236
0.05872786613189483 0.9830799521515404 0.000988275641242773
0.061509857885805014 0.9826456676753602 0.001024647461939491
0.06442363508721373 0.9839458298562517 0.0010119426329254638
0.06747544053110693 0.9847472966789935 0.0009703295521714166
0.07067181273927492 0.986763963783002 0.0008902619366874579
0.07401959996915644 0.9862439989158777 0.0009269380351353805
0.0775259748862946 0.9893802341644088 0.0008160049838495031
0.08119844993184012 0.9887213201928781 0.0008384506029760902
0.08504489341802678 0.9894351812352812 0.0007802908852834327
0.0890735463861044 0.9891125359682795 0.0008204879189962766
0.09329304026284686 0.9891342313747742 0.0008392119294625942
0.09771241535346496 0.9894526254547708 0.0008043376520787592
0.10234114021054527 0.9906032987463402 0.0007804227752011621
0.10718913192051276 0.9907215565162525 0.0007718656769151634
0.11226677735108136 0.9915171858253696 0.0007368131139533302
0.1175849554052157 0.991410022348516 0.0007419284660070613
0.12315506032928261 0.9923808377006786 0.0006989372043481691
0.1289890261253308 0.9924810130181899 0.0007103970204013919
0.13509935211980265 0.9936769390239053 0.0006248311799309224
0.1414991297434576 0.9929113637226664 0.0006795798421560219
0.14820207057988585 0.9928750590631553 0.0007004345691483851
0.1552225357427048 0.9923218455756274 0.0007292006273536404
0.1625755666443795 0.9935759745301928 0.0006674768469999802
0.17027691722258995 0.9939717782325097 0.0006462641786341974
0.17834308769319093 0.9931051316295345 0.0007014843803371464
0.1867913599020783 0.993098947733596 0.0006873722533783286
0.19563983435170648 0.9946135922813559 0.000597674749566026
0.20490746898158482 0.9947691163205951 0.0005931118960860773
0.21461411978584036 0.9948589635934156 0.000605469877401516
0.22478058335487253 0.9963282646218695 0.00048765174588324175
0.2354286414322418 0.9959035251783783 0.0005092761089413487
0.2465811075822604 0.9967895893250598 0.0004303737274581161
0.2582618760682677 0.9965961428032674 0.0004785546683868563
0.27049597304631345 0.9952658596234082 0.0005814993039219501
0.2833096101839324 0.9963263537090932 0.0004875021451496207
0.29673024081888694 0.9954164847019656 0.000575272314685684
0.3107866187782014 0.9971464104857388 0.00043134438030390117
0.325508859983506 0.9962974851186631 0.0005201236966447179
0.3409285069746811 0.9971371936206076 0.0004506009505034522
0.35707859649004625 0.9966553125372875 0.0004828366105279755
0.3739937302478798 0.9962378189854811 0.0005362243013399423
0.39171014908092605 0.996814515845015 0.00048004530999354284
0.41026581058271944 0.9973888958326858 0.00041572396716714304
0.4297004704320839 0.9976064274016496 0.0004238248356063869
0.4500557675700497 0.9976523077484745 0.0004019275768054797
0.4713753134116724 0.9976382815932744 0.00041846854172325
0.4937047852839004 0.9980424422972215 0.000372284693702551
0.517092024289676 0.9972966643751741 0.00043903784121374003
0.5415871378079471 0.9960401615461724 0.000562300391982332
0.5672426068491978 0.9970827167702236 0.00046741645211449153
0.5941133984965034 0.9971069337293096 0.0004991652543862204
0.6222570836730231 0.9977240163654518 0.00040944086035918056
0.6517339604882427 0.9972443402364938 0.00048147615001342214
0.6826071834272386 0.9977275870851355 0.00040706219375032825
0.7149428986597577 0.9979256818919292 0.00039344983035610195
0.7488103857590023 0.997049568444326 0.0004860863820304241
0.7842822061337682 0.9973580215094832 0.0004642721655138228
0.821434358491943 0.9981107689800112 0.00037951741061261943
0.8603464416684501 0.9982171589208075 0.0003801788068246033
0.9011018251665018 0.9977211970605482 0.0004247327939122454
0.9437878277775381 0.9983871219352348 0.00036294995615767246
0.9884959046625587 0.9979727546266182 0.0004141229762035004
1.0353218432956626 0.9980791572428408 0.0003906805540636094
1.0843659686896108 0.9984100390145235 0.0003794627241931131
1.135733358343105 0.9983159576950682 0.00036089003404215933
1.1895340673703196 0.9983225443593378 0.00038088811807470877
1.2458833642950082 0.9987328934265919 0.0003232997940021878
1.3049019780144029 0.9989906345800403 0.00030251056944820753
1.3667163564620073 0.9985029542881945 0.00036406306099339835
1.4314589375234785 0.99822804668109 0.00040230524896108156
1.4992684327860455 0.9985818386841447 0.0003620551034703592
1.5702901247293775 0.9987089788034144 0.0003474378341471604
1.6446761779946644 0.9982787364361094 0.00040091081065128127
1.7225859653987874 0.9986184274956735 0.0003611148682474977
1.8041864093920719 0.9982117120142535 0.00041258924099034025
1.8896523396912097 0.9986359991624533 0.00036076342939039797
1.9791668678535574 0.9991155800042004 0.0002833639029181564
2.072921779595372 0.998637335065801 0.00036061637136059464
2.171117945694505 0.9990545505122224 0.0003000791090588555
2.2739657523579275 0.9976606058915877 0.0004791129740888449
2.381685551976158 0.9976722894720564 0.0004790749781441916
2.4945081352303164 0.9988795366064893 0.00033152161304443513
2.612675225563329 0.9984727874040141 0.00038704053799687986
2.736439997074672 0.9990855812358467 0.000299883670637394
2.8660676169482504 0.99828747256931 0.00041196595521373274
3.001835813575589 0.9984910762659758 0.00038701070855125
3.1440354715915 0.9985958367933913 0.00037390448634469774
3.2929712550971515 0.998896324351853 0.0003314804903066583
3.44896226040576 0.9989966704986946 0.0003160697263983551
3.6123426997094303 0.9988988914202935 0.00033147991115020366
3.7834626171319288 0.9989979998879679 0.0003160693307045013
3.9626886387014784 0.998598927011794 0.00037390343897950604
4.150404757850477 0.9988993250432086 0.00033147984328853457
4.347013158125026 0.9987995858012039 0.00034620213007953627
4.552935074866948 0.9989997525003033 0.00031606954307969605
4.768611697714469 0.998999813211542 0.00031606955772843504
4.99450511585514 0.9987998652938641 0.0003462022080784944
5.2310993080562636 0.9982999231667263 0.0004119599183145905
5.478901179593945 0.9985999410333503 0.00037390370910457766
5.738441648302393 0.9987999675651906 0.0003462022418723252
6.010276782070382 0.9990999783408216 0.0002998649631496767
6.294988990221888 0.9983999874344267 0.00039967986687662854
6.593188271333548 0.9978999955001482 0.00045777614410485236
6.905513520162331 0.998599997485496 0.0003739037299845508
7.2326338964835335 0.9988999988980082 0.0003314800141149615
7.575250258771913 0.9988999993359788 0.00033148001426020065
7.934096665797492 0.9983999996660897 0.00039967987176383447
8.309941949353396 0.9993999998654172 0.00024487547852704896
8.703591361485167 0.9979999999684078 0.00044676615805963106
9.115888299750829 0.9987999999699072 0.0003462022530151671
9.547716114208056 0.9982999999938844 0.00041195994950713426
10.0 0.99829999999603 0.00041195994950801983
