0.001 0.11564382080842217 0.0008649069363027692
0.0010473708979594498 0.12429419543389733 0.0009291004230955435
0.001096985797892384 0.13381457487912185 0.0009821680331774418
0.0011489510001873086 0.1441728902724658 0.001043833081142251
0.0012033778407775893 0.15127230286555243 0.0011007085637003524
0.0012603829296797275 0.16341708610722538 0.001168338963943099
0.001320088400831418 0.17333379034607824 0.0012402223168881386
0.0013826221737646563 0.18336322962255197 0.0013077762323603407
0.001448118227674533 0.2010597770098864 0.001382288623043698
0.0015167168884709225 0.21003863638490394 0.0014397357735510112
0.0015885651294280528 0.2224834053852943 0.0015096517770369746
0.001663816886076129 0.23529714498619292 0.0015859050705568087
0.0017426333860096508 0.24937230056531576 0.0016502150020190677
0.0018251834943190425 0.2636376808251619 0.0017338118304331186
0.0019116440753857017 0.28412615758897636 0.0018089326806179876
0.0020022003718155844 0.295388771927823 0.0018669994650661165
0.002097046401323233 0.31145351414133526 0.0019695086084501744
0.002196385372416547 0.3283865219875499 0.0020266777201136082
0.002300430119772917 0.3498855057842498 0.0021132457364929063
0.0024094035602395245 0.3603343435346968 0.0021733028547090485
0.0025235391704347657 0.3832892424280276 0.0022362346244320756
0.0026430814869741054 0.4022345091075009 0.0023046352177219947
0.0027682866303920667 0.42051988266648715 0.0023627646130568196
0.002899422853882875 0.4395841773783278 0.0024267612732120293
0.0030367711180354575 0.4501724364827385 0.0024680065790389895
0.0031806256927941192 0.4727971539204405 0.0025390422556114335
0.0033312947879346735 0.4921589410471518 0.0025760438597531342
0.0034891012134067737 0.5143899775354815 0.00262066087206755
0.0036543830709572546 0.5278285359465483 0.0026458181987077346
0.003827494478516311 0.5514084258969516 0.0026795302309760233
0.004008806328898464 0.5679534343759595 0.002705837541169673
0.00419870708444391 0.5901550725824318 0.0027324390297067
0.004397603609302721 0.6010833547822414 0.002759438867331459
0.004605922041145104 0.623618447593429 0.0027741926511543648
0.004824108704165369 0.6370456854250192 0.0027762530325471917
0.00505263106533568 0.6623059200866672 0.002758106797720014
0.005291978735958442 0.673839202145922 0.0027814278859831496
0.005542664520663107 0.6842892106076175 0.0027985054603383323
0.005805225516094896 0.710323040231071 0.002719471760843233
0.006080224261649427 0.7162746106359773 0.002773516979183579
0.006368249944718587 0.7374664988472378 0.0027196690196998148
0.006669919663030122 0.7522592300255335 0.00269599935780712
0.0069858797467852495 0.7618523961917608 0.002689311488964741
0.007316807143427192 0.77580876337992 0.0026431014723899806
0.007663410868007463 0.7898419854584028 0.002595056372625367
0.008026433522257174 0.7970652892332551 0.0026158433357136653
0.008406652885618326 0.8095376695013031 0.0025940683862608342
0.008804883581643464 0.8200693964161686 0.0025285820847442074
0.009221978823334321 0.8327722455005385 0.0024742183891373394
0.009658832241158708 0.8389754972321718 0.002454833273947779
0.01011637979766207 0.8491527534286779 0.0024101009953753174
0.010595601792776159 0.8554281863808108 0.0023939693206592024
0.011097524964120722 0.8686455899953529 0.002293193292229342
0.011623224686798524 0.8738322059241216 0.0022256682429166123
0.012173827277396614 0.8785996407407665 0.002257674715728011
0.012750512407130135 0.8907410254491573 0.00214761075062039
0.013354515629298987 0.8953576883000868 0.0021397257931315343
0.013987131026472387 0.906534846419 0.0020047745073657653
0.014649713983072856 0.9095300979406061 0.0020115688196241975
0.015343684089300124 0.9111835376248437 0.0020121228490919624
0.01607052818261639 0.9197712745168551 0.0019236319211876677
0.016831803533309566 0.9204727202547667 0.001966335714341195
0.01762914118095948 0.9270468568763316 0.001856873875287855
0.018464249428955436 0.9334652955045898 0.0017760352220327676
0.01933891750455231 0.9337852637375615 0.0017943080194245064
0.020255019392306676 0.9424907271124939 0.0016752930194864487
0.021214517849106298 0.9414956366066893 0.001717488030800261
0.02221946860939524 0.9460524444945105 0.001636420469714196
0.023272024789604086 0.9488790073545701 0.0016086800478204584
0.024374441501222206 0.951506611944082 0.0015689008719268701
0.025529080682395178 0.9514531770607948 0.0015813785473514442
0.026738416158399468 0.9587463562608891 0.0014577761578039269
0.02800503894183631 0.9567656474993979 0.0015188092734433791
0.02933166278390044 0.9621515032320828 0.0014194873157049525
0.030721129988617576 0.9641503651684729 0.0013853015897523266
0.03217641750250737 0.9672683611364824 0.0013466336003673074
0.03370064329271928 0.9676455307769789 0.001306858520872345
0.0352970730273065 0.9698009242751192 0.0012840753080949347
0.036969127071950283 0.9703272178396742 0.0013008976410276635
0.03872038781812555 0.972015491115432 0.0012595612872067965
0.040554607358408296 0.9758559467630908 0.0011497908726568558
0.04247571552536898 0.9748599045813436 0.0011985600906076106
0.04448782831127585 0.9745706789137599 0.0012200393043805219
0.046595256686646824 0.9757923138522856 0.0012374013137198532
0.04880251583654431 0.9782261411790476 0.0011259678667408888
0.051114334834401684 0.9793306136354093 0.001086048501954477
0.053535666774107246 0.9816882615639458 0.0010211374873008898
0.05607169938205458 0.9807836122634586 0.0010617818158939268
0.05872786613189483 0.9818596459869287 0.0010368214459655373
0.061509857885805014 0.9837435071627999 0.0009762787510358703
0.06442363508721373 0.983378750749879 0.0009911632461461091
0.06747544053110693 0.9862727996506158 0.000890471488741076
0.07067181273927492 0.9851548501954916 0.0009646464225431182
0.07401959996915644 0.9863702991946639 0.0008940805406203436
0.0775259748862946 0.9888782537679098 0.0008145962656116358
0.08119844993184012 0.9875267596540301 0.0008820675205926651
0.08504489341802678 0.98855502036708 0.0008658878416314181
0.0890735463861044 0.9894554917671198 0.0008020920082816836
0.09329304026284686 0.9880490665246437 0.0008723590767245759
0.09771241535346496 0.9895714028039593 0.0007991641212499681
0.10234114021054527 0.9894128285796422 0.000824834512202179
0.10718913192051276 0.9904563265161179 0.0007876052166982555
0.11226677735108136 0.9905154913772259 0.0007930127280448078
0.1175849554052157 0.9910199816714681 0.0007590071065564215
0.12315506032928261 0.9918127975171074 0.0007120589721783428
0.1289890261253308 0.9927314495666147 0.0006930311590901736
0.13509935211980265 0.9923291014117147 0.0007152938269456731
0.1414991297434576 0.9932294987793452 0.0006603730419252413
0.14820207057988585 0.9931058693171386 0.0006770138352876184
0.1552225357427048 0.9925824817227465 0.0007022937113415528
0.1625755666443795 0.993011251594763 0.0007009769703762339
0.17027691722258995 0.9952073312840872 0.0005691998088953893
0.17834308769319093 0.9934322794002491 0.0006810601112229287
0.1867913599020783 0.9939136621780202 0.000655974735680868
0.19563983435170648 0.9951308653004055 0.0005789316742115353
0.20490746898158482 0.9941683705398533 0.000646836867529378
0.21461411978584036 0.9954026683182096 0.0005618685916871609
0.22478058335487253 0.9959405653297254 0.0005081220453738305
0.2354286414322418 0.996071242009141 0.0004981848508031137
0.2465811075822604 0.9944118689510011 0.0006021376704341467
0.2582618760682677 0.9952017107987126 0.0005790908586200366
0.27049597304631345 0.9951574272637718 0.0005768680974607635
0.2833096101839324 0.9963801275668771 0.0005083019862425742
0.29673024081888694 0.9962756630049471 0.000502409750833487
0.3107866187782014 0.9950168013302402 0.0005981794235982149
0.325508859983506 0.9969777055932886 0.0004659286895542375
0.3409285069746811 0.9962973453759638 0.0005114115442452966
0.35707859649004625 0.995774537919827 0.0005637932126842987
0.3739937302478798 0.9959903672541152 0.0005446992786849684
0.39171014908092605 0.9971313896195226 0.0004508933933293257
0.41026581058271944 0.996907378544558 0.00046497152649460296
0.4297004704320839 0.9972190826791304 0.0004275911823361162
0.4500557675700497 0.9972950418427937 0.000440371127718626
0.4713753134116724 0.9969460707166355 0.00048793583950304585
0.4937047852839004 0.996636651569983 0.0005147163840594882
0.517092024289676 0.9964719553311374 0.0005197150416708053
0.5415871378079471 0.9964573168643196 0.0005293243865503397
0.5672426068491978 0.996682389201094 0.0005002303089915402
0.5941133984965034 0.9972799405029771 0.0004763822867257427
0.6222570836730231 0.9969907480083798 0.0004856575081837921
0.6517339604882427 0.9973532290544584 0.00044111162808083956
0.6826071834272386 0.9976615755503586 0.0004354870145961707
0.7149428986597577 0.9971135728166464 0.00046544285465258773
0.7488103857590023 0.9981115855017426 0.0003626259711216246
0.7842822061337682 0.997819013049655 0.0004150445734459303
0.821434358491943 0.9979260165530963 0.00039376161432044294
0.8603464416684501 0.9983566507255928 0.0003521534097384351
0.9011018251665018 0.9971964722393157 0.00047139552260164864
0.9437878277775381 0.9983575433210786 0.00035855401223290715
0.9884959046625587 0.9985095074843082 0.0003587461137165591
1.0353218432956626 0.9986146066729067 0.00033293004853700764
1.0843659686896108 0.998761249317627 0.00031507989865746134
1.135733358343105 0.9980742806977352 0.00040105535693950854
1.1895340673703196 0.9985505518680388 0.0003547818179528731
1.2458833642950082 0.9981370196004691 0.00038775583683629903
1.3049019780144029 0.9982442451703301 0.00038359521290323847
1.3667163564620073 0.9985353700264397 0.00035318724480845707
1.4314589375234785 0.998446116810142 0.0003661590290989046
1.4992684327860455 0.9982072089530141 0.0004032764545629198
1.5702901247293775 0.997629603505998 0.000461656728419877
1.6446761779946644 0.998436307944957 0.0003764579193152702
1.7225859653987874 0.9975904339006832 0.0004801873653795887
1.8041864093920719 0.9980114021237678 0.00042586474877042026
1.8896523396912097 0.9990370850175239 0.0002849847728673334
1.9791668678535574 0.9974881331963461 0.0004900380729787793
2.072921779595372 0.9990288407870388 0.0003005351891118391
2.171117945694505 0.9984254216076708 0.0003874538849338428
2.2739657523579275 0.9980212476870989 0.0004358134851533044
2.381685551976158 0.9985485920466057 0.00037411841639922776
2.4945081352303164 0.9991635845311051 0.0002828988431125906
2.612675225563329 0.9986636911353064 0.00036042133962536216
2.736439997074672 0.9987709372520945 0.00034626816993071734
2.8660676169482504 0.998675546238551 0.0003603605412674129
3.001835813575589 0.9985864870931138 0.00037391897109053946
3.1440354715915 0.998886943121334 0.0003314927873136555
3.2929712550971515 0.9986880427647291 0.000360327374453109
3.44896226040576 0.9979909964674047 0.0004467671574618773
3.6123426997094303 0.9989962858888469 0.00031607061688750495
3.7834626171319288 0.9985956524216304 0.00037390368010938133
3.9626886387014784 0.9987986294964311 0.00034620216517006436
4.150404757850477 0.9985972238025893 0.0003739032057117022
4.347013158125026 0.9986976771905863 0.00036032016365368687
4.552935074866948 0.9982988064210989 0.0004119595528518174
4.768611697714469 0.9982991078538839 0.00041195962955917697
4.99450511585514 0.9980995878530646 0.00043547543616178215
5.2310993080562636 0.9988997524291703 0.00033147993942768384
5.478901179593945 0.9979997587110513 0.0004467660533093495
5.738441648302393 0.9979998953131478 0.00044676611208435674
6.010276782070382 0.9986999547008781 0.0003603206744376793
6.294988990221888 0.998599954451244 0.00037390371403368193
6.593188271333548 0.9981999829983895 0.00042388205187961073
6.905513520162331 0.9989999878402934 0.0003160696087551051
7.2326338964835335 0.9981999895524556 0.00042388205463764867
7.575250258771913 0.9984999969723012 0.00038700775068782985
7.934096665797492 0.9989999983088773 0.0003160696120508822
8.309941949353396 0.9983999992200583 0.0003996798715853342
8.703591361485167 0.9986999994972439 0.0003603206903153066
9.115888299750829 0.9983999997945264 0.00039967987181524603
9.547716114208056 0.9987999999140411 0.00034620225299580366
10.0 0.9978999999483669 0.0004577761461438487
