0.001 0.11584288862129372 0.0008735461399247624
0.0012067926406393288 0.1550993370732159 0.0011126031669640892
0.0014563484775012444 0.20159169746548714 0.001377545246805999
0.0017575106248547913 0.2573448996078789 0.0016764915003986039
0.0021209508879201904 0.31848984882658304 0.001985513618290843
0.002559547922699536 0.3934283425070258 0.002263147234205476
0.0030888435964774815 0.45943897813150336 0.0025028773292596314
0.003727593720314938 0.5410565891066589 0.002652495872270837
0.004498432668969444 0.6156102020947561 0.00276578404419642
0.005428675439323859 0.6841155369431992 0.0027874775009959136
0.006551285568595509 0.7486236014080949 0.002694828945852532
0.0079060432109077 0.7962720302392327 0.0025915363153909436
0.009540954763499945 0.843131518783447 0.002397283797394878
0.01151395399326447 0.8753968020262602 0.0022211815355786067
0.013894954943731374 0.9041233254144899 0.002058813273846072
0.016768329368110076 0.9253341617220795 0.0018606697274267687
0.020235896477251564 0.9422631586945789 0.001689091097843346
0.02442053094548651 0.9532565564768076 0.0015697940000497742
0.029470517025518096 0.9626876711719362 0.0014258661802890485
0.03556480306223128 0.9704324651688279 0.0012854770278798886
0.04291934260128776 0.9756366875909384 0.001189307993857479
0.0517947467923121 0.9803205700403321 0.0010870797213382386
0.0625055192527397 0.9846644096634313 0.0009452967782890296
0.07543120063354615 0.9869734199033979 0.0008739707387888214
0.09102981779915217 0.9902212267702234 0.000775410472309651
0.10985411419875583 0.9906354919011449 0.000765470351566992
0.13257113655901082 0.9919457998107124 0.0007097262779533537
0.15998587196060574 0.993541897588545 0.0006423736694149987
0.19306977288832497 0.9951592030567028 0.0005845793365153013
0.2329951810515372 0.9962018351218194 0.0005054676382347987
0.2811768697974228 0.9955423377190152 0.0005500866109715314
0.3393221771895326 0.9959011040903625 0.0005548404280706075
0.4094915062380423 0.9967867829649424 0.0004908004357267789
0.49417133613238334 0.9974680813102055 0.0004260203950665495
0.5963623316594643 0.9981113931521187 0.00035149602792411953
0.7196856730011514 0.9977887786133093 0.0004159275684191889
0.868511373751352 0.9974356002812644 0.00044588748385317867
1.0481131341546852 0.9982895007045177 0.0003844111733341649
1.2648552168552958 0.9989218202232883 0.0002918582956776538
1.5264179671752318 0.9984989356690228 0.0003754404539813178
1.8420699693267144 0.9987451372719617 0.0003467104636037552
2.2229964825261934 0.998447489715153 0.00038720883207147693
2.6826957952797246 0.998878470430298 0.0003315164507784185
3.2374575428176433 0.998294111261316 0.0004119607517695101
3.906939937054613 0.9979985549270426 0.0004467657056719221
4.714866363457389 0.9988995895482796 0.0003314798931967976
5.689866029018293 0.9988999689150169 0.0003314800043269141
6.866488450042998 0.9973999963752768 0.0005092386455448339
8.286427728546842 0.998799999690993 0.00034620225291849896
10.0 0.9981999999949659 0.0004238820590661839
