0.001 0.1956795530177249 0.0009334765460516795
0.0012067926406393288 0.22869169057192534 0.0010891589147930096
0.0014563484775012444 0.2699133552249823 0.0012469925406200552
0.0017575106248547913 0.31240310559837897 0.0014149743539896339
0.0021209508879201904 0.3596960625444322 0.0015819388834486248
0.002559547922699536 0.4104332574552664 0.0017424849257751543
0.0030888435964774815 0.46554514342240966 0.0018970197246700618
0.003727593720314938 0.5241613680816154 0.002024471972562255
0.004498432668969444 0.5811484572138125 0.0021370663120607158
0.005428675439323859 0.6397101915785752 0.0022050365933556793
0.006551285568595509 0.6979041893061316 0.0022136221055492973
0.0079060432109077 0.7487091930217209 0.002190882676547339
0.009540954763499945 0.7947442411641086 0.0021278669536814467
0.01151395399326447 0.8370939059392658 0.0020194933988633085
0.013894954943731374 0.8675675571187814 0.0019535213307589495
0.016768329368110076 0.8951532552751552 0.0017965984004851938
0.020235896477251564 0.9169123467340025 0.0016846646897426326
0.02442053094548651 0.9372370273966389 0.0014941737898363082
0.029470517025518096 0.9485439129477514 0.001403618215628208
0.03556480306223128 0.96094838046495 0.00125018432232626
0.04291934260128776 0.9678409475157583 0.0011629688042036688
0.0517947467923121 0.9755993391852149 0.00102756065936861
0.0625055192527397 0.9792175446690573 0.0009690102085294936
0.07543120063354615 0.9834823123749918 0.0009142939949391615
0.09102981779915217 0.9861783596999819 0.0008187832050251733
0.10985411419875583 0.9893703048094518 0.0007340883170316782
0.13257113655901082 0.9900581323733617 0.0007298891154626112
0.15998587196060574 0.9912461004006409 0.0007126742691829011
0.19306977288832497 0.9925409646222751 0.0006603481958892603
0.2329951810515372 0.9951693161838493 0.0005283128560088601
0.2811768697974228 0.9950692570914762 0.0005227159712073577
0.3393221771895326 0.9960598459094384 0.0005026985839571785
0.4094915062380423 0.9965659681191926 0.0004646773523032276
0.49417133613238334 0.9965178197377874 0.0004910618589597439
0.5963623316594643 0.9971238418758454 0.0004427455759582543
0.7196856730011514 0.9976784737798906 0.00039221966535252396
0.868511373751352 0.9979836596609106 0.000387955639358183
1.0481131341546852 0.9988510101737545 0.00026196257860380525
1.2648552168552958 0.998452360835078 0.0003380087830278719
1.5264179671752318 0.9985230790202895 0.00035390416576082184
1.8420699693267144 0.9978433651317963 0.0004400462169899756
2.2229964825261934 0.9982593469231673 0.0004015560540853718
2.6826957952797246 0.9989740218818921 0.0003013718018759144
3.2374575428176433 0.9987413450348993 0.00034655733486710453
3.906939937054613 0.9988550660795882 0.00033162360059603007
4.714866363457389 0.998279361187618 0.0004119784915384391
5.689866029018293 0.9984919138951224 0.00038700905196149154
6.866488450042998 0.9989975236154498 0.00031606936690111836
8.286427728546842 0.9986996478381265 0.00036032058063173856
10.0 0.9987999455854902 0.00034620223469864576
