0.001 0.19423140472222114 0.0009398590400111434
0.0012067926406393288 0.22758316139110957 0.0010929412847173344
0.0014563484775012444 0.26923985241483017 0.0012487042151803716
0.0017575106248547913 0.3126392436882831 0.0014175100269753279
0.0021209508879201904 0.3580354644709577 0.0015855569858859127
0.002559547922699536 0.407382889750411 0.0017616115157699627
0.0030888435964774815 0.4664370994483317 0.0018981032957542138
0.003727593720314938 0.5243578609668808 0.0020347791662391076
0.004498432668969444 0.5861223447124363 0.0021306085147605623
0.005428675439323859 0.6415707208307205 0.00220510576554444
0.006551285568595509 0.6937696975332803 0.0022418339071125994
0.0079060432109077 0.7467495016380397 0.0022227092802990346
0.009540954763499945 0.7914183067405577 0.0021569844527040845
0.01151395399326447 0.8309658078950793 0.0020784337052966824
0.013894954943731374 0.8646513156595662 0.0019433215353286282
0.016768329368110076 0.8948906091861534 0.0018113985804845193
0.020235896477251564 0.9172041338250659 0.0016610500210684056
0.02442053094548651 0.9358367492937594 0.0015218317885866855
0.029470517025518096 0.9486715291026796 0.0014061791237560874
0.03556480306223128 0.9592044415152766 0.0013055625074964788
0.04291934260128776 0.9669597686151983 0.0011876834532224924
0.0517947467923121 0.9713623081474124 0.0011722263919327985
0.0625055192527397 0.9794386945685366 0.0010005122385157003
0.07543120063354615 0.9828326972531262 0.0009314588357830361
0.09102981779915217 0.9858835354231075 0.0008465731454381272
0.10985411419875583 0.9889428099448591 0.0007396184714949125
0.13257113655901082 0.9910153961941469 0.0007057798549075065
0.15998587196060574 0.9919348511883586 0.000664176867346959
0.19306977288832497 0.9923094561712673 0.0006841644873673148
0.2329951810515372 0.9943154846064299 0.0005815809094850084
0.2811768697974228 0.9950071666229565 0.0005641910576329648
0.3393221771895326 0.9961300949591184 0.00046950283340273127
0.4094915062380423 0.9968522459431981 0.00043870677213988504
0.49417133613238334 0.9961771504722794 0.0005278269343896805
0.5963623316594643 0.9967339485772765 0.00048663681729526763
0.7196856730011514 0.9973062651118022 0.0004264619645349852
0.868511373751352 0.9980483948269803 0.00036058114159780863
1.0481131341546852 0.9970633219515261 0.0004910309400230352
1.2648552168552958 0.9977511613034767 0.000420815549086301
1.5264179671752318 0.9988121380414079 0.0002977128786939829
1.8420699693267144 0.9987416750729788 0.00031032286810572096
2.2229964825261934 0.9978340511513115 0.0004490516217545359
2.6826957952797246 0.9982309259376178 0.000401507575621831
3.2374575428176433 0.9988424112942005 0.00033193495048446266
3.906939937054613 0.9990656324065661 0.000300029757495382
4.714866363457389 0.9988713280230779 0.000331535423576094
5.689866029018293 0.9979879717412128 0.0004467692703307443
6.866488450042998 0.9987960016935653 0.0003462021470772806
8.286427728546842 0.9982989327298667 0.0004119595902679251
10.0 0.9992997266910714 0.0002644824483101664
