0.001 0.1951101273677769 0.0009566225789623312
0.0010473708979594498 0.20291578425287485 0.0009793773395595558
0.001096985797892384 0.2136237272999542 0.0010218274535868375
0.0011489510001873086 0.22230471610639316 0.0010478978703220966
0.0012033778407775893 0.22914074606374274 0.001087510182898402
0.0012603829296797275 0.2388828151534718 0.0011202820962546685
0.001320088400831418 0.2499425355517686 0.0011700034016399793
0.0013826221737646563 0.2569970384126059 0.0012028585990291928
0.001448118227674533 0.2676989193453893 0.0012410766292955356
0.0015167168884709225 0.27960920951923895 0.0012952015610634684
0.0015885651294280528 0.29045500325315404 0.0013228007935688403
0.001663816886076129 0.2999448935737808 0.0013846039428364676
0.0017426333860096508 0.30828482031520427 0.001411676035641761
0.0018251834943190425 0.3237297193078445 0.0014714813418498162
0.0019116440753857017 0.3359997727988689 0.0014789345099982002
0.0020022003718155844 0.3426882108082139 0.0015442130092045475
0.002097046401323233 0.356757256518072 0.0015813675922868092
0.002196385372416547 0.36846882540683845 0.0016184815722246088
0.002300430119772917 0.38279878272015677 0.0016499808154442767
0.0024094035602395245 0.39798932883534266 0.0016890576482783957
0.0025235391704347657 0.4105009769020189 0.0017190801785245285
0.0026430814869741054 0.42234291878571184 0.0017743017172411491
0.0027682866303920667 0.4373847110957353 0.0018036322693065203
0.002899422853882875 0.4493892221400781 0.0018601833275303055
0.0030367711180354575 0.4627797464153856 0.001878751132165433
0.0031806256927941192 0.4786269168496465 0.001917450148688428
0.0033312947879346735 0.49421943386359424 0.0019579085098505892
0.0034891012134067737 0.5032772944905823 0.001997550613618471
0.0036543830709572546 0.5196878031370693 0.0020179806586009684
0.003827494478516311 0.5355992167965583 0.002047540651746076
0.004008806328898464 0.5471834262094273 0.002097122689471013
0.00419870708444391 0.5660022717004145 0.0021067604918589833
0.004397603609302721 0.5793130161285595 0.0021223266710319847
0.004605922041145104 0.5932248143751034 0.0021307127133906815
0.004824108704165369 0.6074088646817564 0.0021608501251275942
0.00505263106533568 0.6217517227603766 0.002182755063010881
0.005291978735958442 0.638702351068556 0.0021786074006501046
0.005542664520663107 0.6479599582108121 0.0022006373058934326
0.005805225516094896 0.661506059328537 0.0022347342580498575
0.006080224261649427 0.6829128939847946 0.0021958528339138753
0.006368249944718587 0.6930895961697697 0.0022150686317859
0.006669919663030122 0.7077083803458135 0.0022094052747851593
0.0069858797467852495 0.7171363533581873 0.002184716094479798
0.007316807143427192 0.7278152306326596 0.002206147824685738
0.007663410868007463 0.7407905528852121 0.0021913004795936276
0.008026433522257174 0.7575808966318783 0.0021419639807593047
0.008406652885618326 0.7624709292190766 0.0022072758343045043
0.008804883581643464 0.7773630890516228 0.002171666149027604
0.009221978823334321 0.7863089277681401 0.0021717873627544386
0.009658832241158708 0.7983159288142864 0.0021281693153718585
0.01011637979766207 0.8112251693256147 0.0021189139897027425
0.010595601792776159 0.8223783879340876 0.0020522133931796123
0.011097524964120722 0.827969701043906 0.002071476618508638
0.011623224686798524 0.8379713509462478 0.0020412540665685182
0.012173827277396614 0.8455077248246619 0.0020118738976054817
0.012750512407130135 0.8576035179678806 0.0019403567135802553
0.013354515629298987 0.8652908606986264 0.0019370957072347525
0.013987131026472387 0.8667816853286998 0.0019460919134471244
0.014649713983072856 0.8806921678080935 0.0018398648710473134
0.015343684089300124 0.8852271762689866 0.0018347862122200076
0.01607052818261639 0.8908773090105513 0.0018248096662718356
0.016831803533309566 0.8975827622380486 0.0017811326470175595
0.01762914118095948 0.9041447070658258 0.0017450394404379262
0.018464249428955436 0.9087883554513934 0.0017423462993614927
0.01933891750455231 0.9151411808323726 0.0016730219690499015
0.020255019392306676 0.9202321554956621 0.001629978634843863
0.021214517849106298 0.9217995620556941 0.0016481104466905495
0.02221946860939524 0.9292255363149837 0.0015752985167307506
0.023272024789604086 0.9333922900214974 0.0015321277986697344
0.024374441501222206 0.9354626866600014 0.0015298632307890409
0.025529080682395178 0.9410460093472793 0.0014410625431814194
0.026738416158399468 0.9426624089748273 0.0014747387935823174
0.02800503894183631 0.9488657489740934 0.0013820224610899135
0.02933166278390044 0.9500417280777936 0.0014050599116719514
0.030721129988617576 0.9492280042969731 0.0014465561676605704
0.03217641750250737 0.9539769768945074 0.001340624510262992
0.03370064329271928 0.9607434355712064 0.001229954475691208
0.0352970730273065 0.9606877810148564 0.001255355676301921
0.036969127071950283 0.9638948721418085 0.001195184487602097
0.03872038781812555 0.9630531161194132 0.0012656987907128073
0.040554607358408296 0.9677665866883175 0.0011455373175242236
0.04247571552536898 0.9676466002838099 0.0011730546368421812
0.04448782831127585 0.9702011005403006 0.0011236674523538528
0.046595256686646824 0.971640882461617 0.0011214376091776192
0.04880251583654431 0.9741120086942002 0.0010696691889780171
0.051114334834401684 0.9754940576194793 0.001045434131343065
0.053535666774107246 0.9749963797064236 0.0010719705353825681
0.05607169938205458 0.9766972247861245 0.0010097884889014893
0.05872786613189483 0.9784354606619834 0.0009771111191538171
0.061509857885805014 0.9783300270239191 0.001002407171957563
0.06442363508721373 0.979929707946847 0.0009948247299767438
0.06747544053110693 0.9810634934610273 0.0009565310908360426
0.07067181273927492 0.98297451126669 0.0008826850595784314
0.07401959996915644 0.9826859540845387 0.0009131559655339414
0.0775259748862946 0.9863316717013088 0.0008086804199793162
0.08119844993184012 0.9858624704676088 0.0008309678098038005
0.08504489341802678 0.9863912771963198 0.0007793139152767599
0.0890735463861044 0.9865070035822637 0.0008078205933986875
0.09329304026284686 0.9866437213072812 0.0008321191079286726
0.09771241535346496 0.9869246998741095 0.0008015593096752871
0.10234114021054527 0.9886272992291344 0.0007671246592010309
0.10718913192051276 0.9886007389762388 0.0007599257911972161
0.11226677735108136 0.9896064522854989 0.000732896302225581
0.1175849554052157 0.9894280032426723 0.0007330251863505424
0.12315506032928261 0.9906449589841604 0.0006896812485545217
0.1289890261253308 0.9909103444123682 0.0006940791566521147
0.13509935211980265 0.9921454888653716 0.0006173925237432815
0.1414991297434576 0.9915613061906028 0.000669211045783661
0.14820207057988585 0.9915765232573667 0.0006890879530937716
0.1552225357427048 0.9911940373253721 0.0007145278510508234
0.1625755666443795 0.9923805635469991 0.0006573603278436116
0.17027691722258995 0.9927037490561006 0.0006352100746389316
0.17834308769319093 0.9919921040956522 0.0006845549069798848
0.1867913599020783 0.9918882919594254 0.0006882956312787604
0.19563983435170648 0.9934988898032956 0.0005988211792124564
0.20490746898158482 0.9938517067344635 0.0005889322812179116
0.21461411978584036 0.9940332045318381 0.0005919181483461362
0.22478058335487253 0.9955040854996463 0.00048128287481580127
0.2354286414322418 0.9950794624071241 0.0005107135738578345
0.2465811075822604 0.9958867904027169 0.0004390010522661918
0.2582618760682677 0.9959032913570137 0.00046710054178427155
0.27049597304631345 0.994616979393446 0.0005724560772116543
0.2833096101839324 0.9956498250958775 0.0004858823766403847
0.29673024081888694 0.9948643657744517 0.0005696613178976725
0.3107866187782014 0.9965165479287392 0.0004357888801201717
0.325508859983506 0.9957928015603936 0.0005166546449151766
0.3409285069746811 0.9966636088470985 0.00044647587260899493
0.35707859649004625 0.996144811592089 0.00048436928882878317
0.3739937302478798 0.9957923517477808 0.0005349077040774312
0.39171014908092605 0.9963812816431641 0.00047763224833912967
0.41026581058271944 0.9969870976817289 0.0004231203259014522
0.4297004704320839 0.9971263286052215 0.00042853545173692517
0.4500557675700497 0.9972441572021457 0.00040379612821322015
0.4713753134116724 0.9972001862311533 0.00042143500701141733
0.4937047852839004 0.9976874419947297 0.00037671922501335606
0.517092024289676 0.9969640728573317 0.00043740695851601346
0.5415871378079471 0.9955687212700188 0.0005658251992776557
0.5672426068491978 0.9966986614737291 0.00047254315080105927
0.5941133984965034 0.9968069393368202 0.0005023971680049423
0.6222570836730231 0.9974432261698979 0.00041427939286010435
0.6517339604882427 0.996996277924181 0.0004851472406699308
0.6826071834272386 0.9974698692654252 0.00041322198933494114
0.7149428986597577 0.9976956779808792 0.00040075297012506756
0.7488103857590023 0.9967839888069139 0.0004932449724360493
0.7842822061337682 0.9970568063913526 0.00047212748513853034
0.821434358491943 0.9978576257896488 0.00038845181400068885
0.8603464416684501 0.9979458451947845 0.0003884381653487786
0.9011018251665018 0.9974437367549374 0.0004351131864432977
0.9437878277775381 0.9981947331984921 0.0003710796836688781
0.9884959046625587 0.9977867772079982 0.00042193806536225517
1.0353218432956626 0.9978009937978409 0.00040207124454646906
1.0843659686896108 0.9982657810827457 0.00038422969559448304
1.135733358343105 0.9980599466763035 0.0003738894828125496
1.1895340673703196 0.9981211476624854 0.00038860455477945346
1.2458833642950082 0.9985269403336957 0.00033255911836479156
1.3049019780144029 0.9988520960049776 0.00030692095102082304
1.3667163564620073 0.9983096340754007 0.00037080394208036327
1.4314589375234785 0.9980562339515483 0.00040785123622760164
1.4992684327860455 0.998425858393017 0.00036647942083545206
1.5702901247293775 0.998590525040935 0.0003511103089078486
1.6446761779946644 0.9981197839636523 0.0004052580523671348
1.7225859653987874 0.9985006695896862 0.00036445859885746564
1.8041864093920719 0.9980701633446001 0.0004158143098981398
1.8896523396912097 0.9985168647498432 0.00036349771971641386
1.9791668678535574 0.9989498844840705 0.0002880339538123671
2.072921779595372 0.9984961360121061 0.00036336768029601507
2.171117945694505 0.9989348894876846 0.00030251294779841306
2.2739657523579275 0.9975426008909837 0.0004804126180199128
2.381685551976158 0.9975780585909624 0.00047999111726538347
2.4945081352303164 0.9987996353648063 0.0003325259396142269
2.612675225563329 0.9983523306394185 0.0003881714710041302
2.736439997074672 0.9990099290616585 0.00030066893625078006
2.8660676169482504 0.9982124486955085 0.00041244703975059624
3.001835813575589 0.9984285787883211 0.0003873750835757599
3.1440354715915 0.9985615857511173 0.0003740794692105262
3.2929712550971515 0.9988606135904018 0.0003316555401763771
3.44896226040576 0.9989585676576582 0.000316235029962776
3.6123426997094303 0.9988834348641216 0.0003315310847008377
3.7834626171319288 0.9989649631426529 0.0003161651664578411
3.9626886387014784 0.9985773994908104 0.00037394354435164065
4.150404757850477 0.9988827567214547 0.0003315084844415672
4.347013158125026 0.9987870411850567 0.00034621782091497354
4.552935074866948 0.9989904194369871 0.0003160796936631258
4.768611697714469 0.9989909696977018 0.0003160766378483299
4.99450511585514 0.9987917664207357 0.0003462058980354335
5.2310993080562636 0.9982939993161939 0.0004119605862336241
5.478901179593945 0.9985940418753233 0.0003739041295233842
5.738441648302393 0.9987957081013463 0.00034620232680454083
6.010276782070382 0.9990961968071964 0.0002998650310851608
6.294988990221888 0.9983970324364853 0.00039967920729804614
6.593188271333548 0.9978985501883885 0.00045777564479513325
6.905513520162331 0.9985988783609897 0.00037390342292344315
7.2326338964835335 0.9988993087940764 0.00033147984046244115
7.575250258771913 0.9988994048058035 0.00033147985030975905
7.934096665797492 0.9983995649655728 0.0003996797116470878
8.309941949353396 0.9993997405756693 0.0002448754241424908
8.703591361485167 0.9979999082097435 0.0004467661181605044
9.115888299750829 0.9987998656251129 0.0003462022078949856
9.547716114208056 0.9982999571657485 0.00041195993208081936
10.0 0.9982999554466329 0.0004119599312845727
