0.001 0.19629517050324793 0.0009409269118145015
0.0010473708979594498 0.20439107498235867 0.0009770102657331425
0.001096985797892384 0.21214237480016754 0.001019173317557416
0.0011489510001873086 0.22184455025801536 0.0010559259569525796
0.0012033778407775893 0.22969655025561714 0.001094045573565762
0.0012603829296797275 0.23964579971717517 0.0011205249812066735
0.001320088400831418 0.2493609397847338 0.0011657476682012068
0.0013826221737646563 0.25838177233792275 0.0012165984111133482
0.001448118227674533 0.2681250939054731 0.0012416011116098001
0.0015167168884709225 0.2780234412793927 0.0012808437043420817
0.0015885651294280528 0.28746356746015717 0.001315868277140925
0.001663816886076129 0.29932997853567506 0.0013641684867914312
0.0017426333860096508 0.3080281438052995 0.0014221150592878735
0.0018251834943190425 0.3241457711262077 0.001448415856674083
0.0019116440753857017 0.3339882064961993 0.0014960053861503972
0.0020022003718155844 0.3442677240401213 0.0015159717169811668
0.002097046401323233 0.3568645588108823 0.001573577128374608
0.002196385372416547 0.36797376371907387 0.0016131820394089979
0.002300430119772917 0.3842524910698213 0.0016500952242611618
0.0024094035602395245 0.39219992574720824 0.0016989123764835554
0.0025235391704347657 0.40442675367824504 0.0017281455599555279
0.0026430814869741054 0.4209730667386797 0.0017844666543296137
0.0027682866303920667 0.4351878357189646 0.0018373593043054107
0.002899422853882875 0.4482305837270322 0.0018598688226130942
0.0030367711180354575 0.4613408042777812 0.0018962293776998865
0.0031806256927941192 0.47730015753645966 0.0019097701040010667
0.0033312947879346735 0.49285592425029173 0.0019582805165306925
0.0034891012134067737 0.5040151668786493 0.0020098922262373376
0.0036543830709572546 0.5197436392897814 0.0020080338717212163
0.003827494478516311 0.5358071871910847 0.00206051662019276
0.004008806328898464 0.5473291813220023 0.00207638645073036
0.00419870708444391 0.561661560642694 0.0021211319610009165
0.004397603609302721 0.5787428245439996 0.0020947970403432602
0.004605922041145104 0.5900508137976594 0.002168688618460229
0.004824108704165369 0.6048235548685854 0.0021749842698986304
0.00505263106533568 0.6227872548925543 0.002178197841031655
0.005291978735958442 0.6306286134362428 0.00220722132534953
0.005542664520663107 0.6432578009208524 0.0022245464251946824
0.005805225516094896 0.6593866014340156 0.0022332813740712433
0.006080224261649427 0.6738262230465442 0.002229047136459433
0.006368249944718587 0.6890225062512282 0.0022454817596436597
0.006669919663030122 0.7087064615777999 0.0022068026423281016
0.0069858797467852495 0.713730644586318 0.0022209520404127985
0.007316807143427192 0.7253328587057765 0.0022385480293619212
0.007663410868007463 0.7382045316788771 0.0022180723976310095
0.008026433522257174 0.7581692966437265 0.002132956700387363
0.008406652885618326 0.7615773451577462 0.0021648183820427193
0.008804883581643464 0.7783354578690053 0.0021227104218165364
0.009221978823334321 0.785622650230726 0.0021517882991909177
0.009658832241158708 0.7952978567007838 0.0021605977215484657
0.01011637979766207 0.8040769115305778 0.002144252783615508
0.010595601792776159 0.8191687511824051 0.0020577994747556882
0.011097524964120722 0.8292131430876499 0.0020770728574557367
0.011623224686798524 0.8371870430546613 0.002043144835963501
0.012173827277396614 0.8446243174279067 0.002020038903529218
0.012750512407130135 0.8538749723968853 0.0019905121047398898
0.013354515629298987 0.8617085251008166 0.00197160977648185
0.013987131026472387 0.8688376440134095 0.0019340456430669778
0.014649713983072856 0.8807514991046496 0.00186449530401889
0.015343684089300124 0.8836261102033873 0.001869209471916308
0.01607052818261639 0.8907972270738921 0.0018372296051165481
0.016831803533309566 0.8994357294003441 0.001740394729881331
0.01762914118095948 0.9010600064518348 0.0017770326607193473
0.018464249428955436 0.9096433695829285 0.0016821822330368196
0.01933891750455231 0.9145136692026735 0.0016622652873578508
0.020255019392306676 0.9176643155301621 0.0016713535285956204
0.021214517849106298 0.9230260322653685 0.001627514993423456
0.02221946860939524 0.9269350401015276 0.0016201972379098163
0.023272024789604086 0.9302064620606306 0.0015775261333051175
0.024374441501222206 0.9341060180578994 0.0015268249657395011
0.025529080682395178 0.9386363187420941 0.0014826221650190807
0.026738416158399468 0.9398611859821634 0.0015327213561205644
0.02800503894183631 0.9460240087566423 0.001425320328043938
0.02933166278390044 0.9475322120871912 0.001409662354118069
0.030721129988617576 0.9519811000354123 0.0013641926684261735
0.03217641750250737 0.9560340844817338 0.0013157757234658549
0.03370064329271928 0.9565542870452894 0.0013179946157003825
0.0352970730273065 0.9591241197753139 0.0012787706042507762
0.036969127071950283 0.962805837187408 0.0012174292741903463
0.03872038781812555 0.9640474813466388 0.0012159542992432903
0.040554607358408296 0.9665045986362 0.0011661171522843366
0.04247571552536898 0.9669355310706529 0.0011876233553431126
0.04448782831127585 0.9699051324226768 0.0011168746729787549
0.046595256686646824 0.9715913862819816 0.0011021745686300604
0.04880251583654431 0.9730519863680078 0.0010549810447728846
0.051114334834401684 0.9733225240011713 0.001096285278739389
0.053535666774107246 0.9776222187616517 0.0009901407376164593
0.05607169938205458 0.976231143623015 0.0010428956903291186
0.05872786613189483 0.976650789667553 0.0010632736753874784
0.061509857885805014 0.9788837489822428 0.000977607677501679
0.06442363508721373 0.9804856215969266 0.0009396049092795824
0.06747544053110693 0.9799694187856303 0.0009947166346845806
0.07067181273927492 0.983165199305817 0.0008924867215792045
0.07401959996915644 0.9856250149979616 0.0008015278509457725
0.0775259748862946 0.9838301379504399 0.0008604785892622142
0.08119844993184012 0.9867427121847361 0.0007838668878563154
0.08504489341802678 0.9851826158207432 0.0008522139459562785
0.0890735463861044 0.9848606396710006 0.0008720979012152534
0.09329304026284686 0.9874832032089489 0.0007872842496476946
0.09771241535346496 0.9885006472841955 0.0007565051846751077
0.10234114021054527 0.9883981144199646 0.0007728342038930003
0.10718913192051276 0.9877983521351805 0.000805755018555216
0.11226677735108136 0.9882968680091364 0.0007941371781376967
0.1175849554052157 0.9885719339453289 0.0007880843519770314
0.12315506032928261 0.9902619228891659 0.0007241121451467982
0.1289890261253308 0.9904696771546035 0.0007224720893957427
0.13509935211980265 0.9909450220913084 0.0007127050824778563
0.1414991297434576 0.9902631045295766 0.000731181853664515
0.14820207057988585 0.991565272011392 0.0006395366915768573
0.1552225357427048 0.9926942179579695 0.0006190196662733481
0.1625755666443795 0.9916989331943141 0.0006848006255387891
0.17027691722258995 0.9927190093150144 0.0006363114270613834
0.17834308769319093 0.9927234768906709 0.0006527220844937779
0.1867913599020783 0.9930208122713073 0.0006167102024703931
0.19563983435170648 0.9933186627336712 0.0006003472272331641
0.20490746898158482 0.9941640375150902 0.0005562552125401912
0.21461411978584036 0.9947530036368535 0.0005263882253519013
0.22478058335487253 0.9938139004399885 0.0006059454584064327
0.2354286414322418 0.9952043843831336 0.000524103342095205
0.2465811075822604 0.9939658713078363 0.000615903996081626
0.2582618760682677 0.9942836744983046 0.0005953277650148972
0.27049597304631345 0.9961968858119279 0.0004822169375147052
0.2833096101839324 0.9950339371245301 0.0005558545913551206
0.29673024081888694 0.9957767298884388 0.0005174653057753715
0.3107866187782014 0.9947609595599956 0.000589420195815103
0.325508859983506 0.9961076272656366 0.0005011519959549191
0.3409285069746811 0.9959529575014346 0.0004899674935964467
0.35707859649004625 0.9968687500071377 0.00044918117962466594
0.3739937302478798 0.996861811052281 0.00042272456815662247
0.39171014908092605 0.9968904549171064 0.0004155334355036033
0.41026581058271944 0.9965101143478676 0.00045793984953088583
0.4297004704320839 0.9957787791209445 0.0005443678319302832
0.4500557675700497 0.9965337123267966 0.0004337660220936423
0.4713753134116724 0.9968766505507729 0.00043790886431998194
0.4937047852839004 0.9964196654436955 0.0005181145100885735
0.517092024289676 0.9973015927841216 0.0003946369103829325
0.5415871378079471 0.9972015132127957 0.00040564259725830353
0.5672426068491978 0.9968434946228947 0.00046501632120489326
0.5941133984965034 0.9968116864253672 0.00046609209034760275
0.6222570836730231 0.9969929706086509 0.0004720453801425955
0.6517339604882427 0.9977134120394938 0.00040312832376362165
0.6826071834272386 0.9973215033167653 0.00042577904860492124
0.7149428986597577 0.9972058896740061 0.00044322303729432954
0.7488103857590023 0.9968363171768122 0.0004970751670560073
0.7842822061337682 0.9970395532912242 0.00045918349365454904
0.821434358491943 0.9978133930612894 0.0004231881517185159
0.8603464416684501 0.9981711508281884 0.0003436174318789148
0.9011018251665018 0.9971799384923764 0.00046716976309202335
0.9437878277775381 0.99770918671164 0.0004145129167467561
0.9884959046625587 0.9980184996830452 0.00037854104456575444
1.0353218432956626 0.9980164168223083 0.00039481059432626365
1.0843659686896108 0.9982886348697364 0.000364951568584252
1.135733358343105 0.9978518285718168 0.00043302017904236096
1.1895340673703196 0.9983409763376194 0.00031925884715749606
1.2458833642950082 0.997880066373547 0.00042328322526353324
1.3049019780144029 0.9981314871441944 0.0003877192162323821
1.3667163564620073 0.9981330011445767 0.00039709121960405214
1.4314589375234785 0.998201875975191 0.0003852023337500406
1.4992684327860455 0.9982707489330336 0.0003719290696358911
1.5702901247293775 0.998193489759084 0.0003841216872479732
1.6446761779946644 0.9990073633954577 0.0002589449025166839
1.7225859653987874 0.9982613154018225 0.0003810422341406159
1.8041864093920719 0.9974651736046095 0.00046495633366303425
1.8896523396912097 0.998350363946813 0.00037840547078769215
1.9791668678535574 0.998768790150691 0.00030703000123280164
2.072921779595372 0.9978085134087757 0.000449172075464965
2.171117945694505 0.9987636493321385 0.0003336014139987104
2.2739657523579275 0.9980018684700157 0.0004365318792031834
2.381685551976158 0.9988643414819224 0.00031792051260369193
2.4945081352303164 0.9986485812726139 0.000347921942968484
2.612675225563329 0.9992078179005474 0.0002656812031159882
2.736439997074672 0.9980462980616259 0.0004249581959412158
2.8660676169482504 0.9981356841882685 0.00042427683547265895
3.001835813575589 0.9982940553746658 0.00040028796709526144
3.1440354715915 0.9984427399018397 0.0003872989563662815
3.2929712550971515 0.9984286562627289 0.00038731996923200646
3.44896226040576 0.9983355980790768 0.00039990773530425115
3.6123426997094303 0.9991698399905634 0.0002828634336230049
3.7834626171319288 0.9989678738507403 0.0003161745953813754
3.9626886387014784 0.9981750411120478 0.0004239271990661807
4.150404757850477 0.9987698429494068 0.0003462603010644335
4.347013158125026 0.9987765531768998 0.00034623794355384036
4.552935074866948 0.9985861985318556 0.00037391799066663757
4.768611697714469 0.9982922965490066 0.00041196470705585686
4.99450511585514 0.9979857020141062 0.0004467706171657034
5.2310993080562636 0.998990860123333 0.0003160744689786686
5.478901179593945 0.998195801713929 0.0004238823490096356
5.738441648302393 0.9986954680375034 0.00036032108690694316
6.010276782070382 0.9988967929949564 0.0003314801414949144
6.294988990221888 0.9990962880741736 0.00029986500165921597
6.593188271333548 0.9985979333953116 0.00037390333722536946
6.905513520162331 0.9982989915136242 0.000411959656621888
7.2326338964835335 0.9981990545859195 0.0004238817385886919
7.575250258771913 0.9990995868369211 0.0002998648811506609
7.934096665797492 0.9982994587687348 0.00041195974982993744
8.309941949353396 0.9989997025661309 0.0003160695301293892
8.703591361485167 0.9982997491112073 0.0004119598510629451
9.115888299750829 0.9988998670558406 0.0003314799725825769
9.547716114208056 0.9984999424293676 0.0003870077300814191
10.0 0.9989999358812147 0.0003160695927631912
