0.001 0.01299524034167859 0.0001398591390501834
0.0010473708979594498 0.014442301480927512 0.00015478200760833048
0.001096985797892384 0.01578572861480845 0.00017167913244515762
0.0011489510001873086 0.01816640729832137 0.00019456721517517597
0.0012033778407775893 0.020059207039200923 0.0002106612676761971
0.0012603829296797275 0.022646799033066992 0.00023758561070805458
0.001320088400831418 0.02544561213663058 0.00026588282900321796
0.0013826221737646563 0.02791367215958088 0.0002906601573712622
0.001448118227674533 0.031306936125067464 0.00032220031084138185
0.0015167168884709225 0.03496205602695558 0.0003555389388892234
0.0015885651294280528 0.038714759284647154 0.00038981117409508616
0.001663816886076129 0.04289218440972802 0.00042740871589245404
0.0017426333860096508 0.047977762674318566 0.00047112374128515657
0.0018251834943190425 0.05214725838470768 0.0005190648910758547
0.0019116440753857017 0.058147935249352044 0.0005672321317277458
0.0020022003718155844 0.06427529156524173 0.0006197679124227734
0.002097046401323233 0.07046074035762556 0.0006741746828360367
0.002196385372416547 0.07744469045680079 0.0007280120642221208
0.002300430119772917 0.08606433013912076 0.0007947419355125331
0.0024094035602395245 0.09270846823588706 0.0008492557601583348
0.0025235391704347657 0.10368677721763195 0.0009386607163645154
0.0026430814869741054 0.1117747873093737 0.0009975573642536154
0.0027682866303920667 0.12096914419035892 0.0010812611075601908
0.002899422853882875 0.13131421316228373 0.0011506177344014902
0.0030367711180354575 0.14355549721146094 0.0012367520192856892
0.0031806256927941192 0.15492609129142773 0.001312065987078348
0.0033312947879346735 0.17004291554965467 0.0014228897235936855
0.0034891012134067737 0.1849492132380899 0.0015020937512031317
0.0036543830709572546 0.19503671593126118 0.0015850553910645565
0.003827494478516311 0.21301337761133482 0.0016785769447390084
0.004008806328898464 0.22906627054420137 0.0017754863851714014
0.00419870708444391 0.24614888202216165 0.0018826567036052
0.004397603609302721 0.2599306825950393 0.001953483302313211
0.004605922041145104 0.2796654032578514 0.0020498246242091935
0.004824108704165369 0.3007556780858623 0.002140453444712956
0.00505263106533568 0.3177677136483637 0.002228248656677192
0.005291978735958442 0.3365686605626322 0.002327944360097168
0.005542664520663107 0.3560289163591502 0.002403990531761073
0.005805225516094896 0.3788423683124624 0.0024816363905774135
0.006080224261649427 0.39514468733609476 0.0025642901789191936
0.006368249944718587 0.4120339161467653 0.0026511716805998242
0.006669919663030122 0.43908976041283804 0.0026828465795119775
0.0069858797467852495 0.4577236406072681 0.002730059779409466
0.007316807143427192 0.47512779511131775 0.0027992260538387565
0.007663410868007463 0.4997184613363455 0.00283603182874911
0.008026433522257174 0.5171373989757729 0.0029060965825444913
0.008406652885618326 0.5377561013229589 0.0029272873195033
0.008804883581643464 0.5659149845604668 0.0029215552721282858
0.009221978823334321 0.5820418144154048 0.0029649690344028777
0.009658832241158708 0.6104904830755282 0.002963911619503158
0.01011637979766207 0.6222841764333944 0.002982423323888967
0.010595601792776159 0.6341299275539958 0.0030260275800453908
0.011097524964120722 0.6521689081411401 0.0030186668507757607
0.011623224686798524 0.6702665097227658 0.002994757609311317
0.012173827277396614 0.694027572870841 0.002946563650131014
0.012750512407130135 0.7050264445342771 0.0029610486932327455
0.013354515629298987 0.7217039932891608 0.002915537477089173
0.013987131026472387 0.7345705894973593 0.002938955603819492
0.014649713983072856 0.7561329163885374 0.002864957873770155
0.015343684089300124 0.7645355916763205 0.0028459504495478277
0.01607052818261639 0.7802274909401646 0.0027841781650480295
0.016831803533309566 0.7939562864634846 0.0027279311372312414
0.01762914118095948 0.8060444213305474 0.002715985898882477
0.018464249428955436 0.8129850186931653 0.002712140297763397
0.01933891750455231 0.8251480699259724 0.002645770902874517
0.020255019392306676 0.8322464320234725 0.0026280386329089146
0.021214517849106298 0.8415436291000644 0.002556729183166039
0.02221946860939524 0.8582629613927666 0.0024508721670699705
0.023272024789604086 0.8622481242747293 0.0024542708452525543
0.024374441501222206 0.8687202609014408 0.0024022796006039505
0.025529080682395178 0.8777233865449152 0.0023368854235769807
0.026738416158399468 0.8837065437041721 0.0023418964205233843
0.02800503894183631 0.8925771848008189 0.0022310880972230694
0.02933166278390044 0.8954611045632449 0.002256390627411309
0.030721129988617576 0.9054098311863991 0.0021712422827738654
0.03217641750250737 0.9102758672949515 0.002110247036885399
0.03370064329271928 0.9171764955832806 0.00203773534521454
0.0352970730273065 0.9208584468161837 0.001995955948157997
0.036969127071950283 0.9244580830108009 0.00194961297953875
0.03872038781812555 0.9305633661342103 0.0018997127142766621
0.040554607358408296 0.9316892643901825 0.0019242809633529504
0.04247571552536898 0.9388080491760602 0.001793395189419766
0.04448782831127585 0.9411825233957787 0.001779368937259928
0.046595256686646824 0.9440122161045204 0.0017506717444484567
0.04880251583654431 0.944798672829779 0.001782569406930416
0.051114334834401684 0.9500000702201266 0.001666035299257818
0.053535666774107246 0.9532705663683979 0.00162396651566397
0.05607169938205458 0.958800201122209 0.0015021984481392353
0.05872786613189483 0.9577587004692416 0.0015492900525329748
0.061509857885805014 0.960902672260144 0.001495943217565603
0.06442363508721373 0.9609835950257315 0.0014937098471600602
0.06747544053110693 0.9638070252516724 0.0014372518939814243
0.07067181273927492 0.9671011607983255 0.0014034795347643853
0.07401959996915644 0.9685281177994639 0.0013558934913776807
0.0775259748862946 0.9706294083128744 0.0013305082546104627
0.08119844993184012 0.9710362908826686 0.001329463142635667
0.08504489341802678 0.9718464816950898 0.0012954356285144258
0.0890735463861044 0.9748889947647964 0.0012442718007674432
0.09329304026284686 0.9756508598512963 0.001233636170369386
0.09771241535346496 0.9781024871264935 0.0011471299183071447
0.10234114021054527 0.9784236212993884 0.0011581999923565935
0.10718913192051276 0.9788970686263597 0.0011565177374579375
0.11226677735108136 0.9802471786528167 0.001118885840554358
0.1175849554052157 0.9821309842165092 0.0010512209173852574
0.12315506032928261 0.982848798360521 0.001040435086215762
0.1289890261253308 0.9831441028939562 0.0010419544364041315
0.13509935211980265 0.9833994475862909 0.001020836187347511
0.1414991297434576 0.9844854886231502 0.0010175413425855587
0.14820207057988585 0.9846345434642199 0.001015277498501118
0.1552225357427048 0.9846050948246821 0.0010054208533243035
0.1625755666443795 0.9864593236062703 0.0009506346270049348
0.17027691722258995 0.9882033962375626 0.0008506394074707644
0.17834308769319093 0.9874115979164748 0.0009153872269760225
0.1867913599020783 0.9889929424163134 0.0008451594566781715
0.19563983435170648 0.987190751177657 0.0009338316827811026
0.20490746898158482 0.9881903283412057 0.0009001968205355996
0.21461411978584036 0.9910746693446887 0.0007705913814149239
0.22478058335487253 0.9903675551031883 0.0008103033593367273
0.2354286414322418 0.9908992027217717 0.0007963018325309517
0.2465811075822604 0.9905892620093552 0.0008138655239902048
0.2582618760682677 0.991005679499475 0.0008115347135670692
0.27049597304631345 0.9915583456221521 0.0007823145424517422
0.2833096101839324 0.9922254016451653 0.0007379375582677055
0.29673024081888694 0.991872041985125 0.0007416984579802157
0.3107866187782014 0.9925706139209629 0.0007200546687883378
0.325508859983506 0.9934557372041168 0.0006834524872915426
0.3409285069746811 0.9941162716668464 0.0006505673101265527
0.35707859649004625 0.9933752759535357 0.0007060022068612447
0.3739937302478798 0.9946299591959492 0.0005911196172397142
0.39171014908092605 0.9940415115355518 0.0006384520977828893
0.41026581058271944 0.9938181520670889 0.0006668575752726185
0.4297004704320839 0.9950774497102178 0.0005954352423349719
0.4500557675700497 0.9949137689925912 0.000623462989525881
0.4713753134116724 0.9954062592013347 0.0005656036244141898
0.4937047852839004 0.9955378137047329 0.0005655519343921236
0.517092024289676 0.9961020801692739 0.0005247795089104504
0.5415871378079471 0.9955653998995636 0.0005812397648719561
0.5672426068491978 0.995244519342965 0.0005970355616919278
0.5941133984965034 0.9965387611270659 0.0005204376258879592
0.6222570836730231 0.9961997816899637 0.0005162273579760604
0.6517339604882427 0.9954567941644571 0.0005796905669601932
0.6826071834272386 0.9959288857610991 0.0005462960456925074
0.7149428986597577 0.996041917470699 0.0005503024799712285
0.7488103857590023 0.9959646861522471 0.0005443569474151244
0.7842822061337682 0.9963365514204315 0.0005206200379623317
0.821434358491943 0.9961803443607549 0.0005342992996665986
0.8603464416684501 0.9961752818045745 0.0005484146041131087
0.9011018251665018 0.9968717631487927 0.0004814944933007943
0.9437878277775381 0.9971451778784869 0.00045013804700000837
0.9884959046625587 0.9973623790236683 0.000449256145456006
1.0353218432956626 0.9973602857933094 0.0004459612479427271
1.0843659686896108 0.9970864172828311 0.00047620466980037503
1.135733358343105 0.9974133601178526 0.00044131471994592384
1.1895340673703196 0.9966950869488104 0.0005057156067093866
1.2458833642950082 0.9970303274973161 0.0004781021992184365
1.3049019780144029 0.9971720716772045 0.00047584666669916016
1.3667163564620073 0.9981774480134572 0.0003807131868429638
1.4314589375234785 0.9970498450711666 0.000489032505011417
1.4992684327860455 0.9971866872873566 0.0004766281211260682
1.5702901247293775 0.9977501250521312 0.0003989865174753107
1.6446761779946644 0.9975153025265998 0.0004414906321309406
1.7225859653987874 0.9979798943067972 0.0003988343785066152
1.8041864093920719 0.9978763895699417 0.00042574406388102225
1.8896523396912097 0.9981470759129901 0.0003727808968747149
1.9791668678535574 0.9980157997258983 0.00039187579493611
2.072921779595372 0.997826564196865 0.0004227614655028411
2.171117945694505 0.9982668524774881 0.0003595348802428979
2.2739657523579275 0.9989680756616337 0.0002811532189814126
2.381685551976158 0.9986672062789679 0.00031813397908185667
2.4945081352303164 0.9978069772721677 0.0004258863230922462
2.612675225563329 0.9981606022176749 0.0003863951671864618
2.736439997074672 0.9988901792061661 0.00029324009680190737
2.8660676169482504 0.9985578755318595 0.00035213088411436573
3.001835813575589 0.9984092418023139 0.0003664726270203863
3.1440354715915 0.9982733476217096 0.0003909332728953986
3.2929712550971515 0.9984112588038999 0.00038831632107799664
3.44896226040576 0.9984868447507584 0.0003633227309972314
3.6123426997094303 0.9987263268903714 0.00034712741015540413
3.7834626171319288 0.9987063416630428 0.00034720590072318225
3.9626886387014784 0.9986143167553608 0.0003610610802512715
4.150404757850477 0.9986283838539813 0.00036083699129786255
4.347013158125026 0.9984223077557792 0.0003874330599648885
4.552935074866948 0.9985285544547096 0.0003742337744913568
4.768611697714469 0.9987693426238177 0.00034632649066271206
4.99450511585514 0.9984826692778055 0.0003870560210068178
5.2310993080562636 0.998364515688518 0.0003997528069655633
5.478901179593945 0.9986751191022512 0.00036036527707554265
5.738441648302393 0.998774511671895 0.00034623796251777897
6.010276782070382 0.9983831561062769 0.00039969280097174335
6.294988990221888 0.9984914471544915 0.0003870122958124153
6.593188271333548 0.9985935730486158 0.00037390591962862906
6.905513520162331 0.9987948385384984 0.00034620341880936426
7.2326338964835335 0.9986962278118441 0.0003603208460159191
7.575250258771913 0.9985968663676918 0.0003739034315872166
7.934096665797492 0.9991985192373942 0.00028272952111270183
8.309941949353396 0.9987985544185732 0.0003462019672245486
8.703591361485167 0.9987984428497649 0.00034620187211229165
9.115888299750829 0.9990990945306104 0.00029986476966194366
9.547716114208056 0.9985996536004568 0.0003739036157948284
10.0 0.9985997959596156 0.00037390366008873554
