0.001 0.012458039235026109 0.000136575676789387
0.0012067926406393288 0.019880385411777387 0.00021336894116071888
0.0014563484775012444 0.03183164781713287 0.00032469555458110603
0.0017575106248547913 0.04883274321336169 0.0004818669632982694
0.0021209508879201904 0.07184320027494623 0.0006833954924438122
0.002559547922699536 0.10371577501670375 0.0009517454883648965
0.0030888435964774815 0.14888146513606448 0.001273665811562626
0.003727593720314938 0.20454031841454662 0.0016363561697669963
0.004498432668969444 0.2741555801364164 0.002018873232810604
0.005428675439323859 0.34818247933473656 0.0023678229160112377
0.006551285568595509 0.4264097820174615 0.0026633404198217747
0.0079060432109077 0.5125722758043405 0.0028778391898726025
0.009540954763499945 0.5902845399588222 0.002982666883000846
0.01151395399326447 0.6649213768474151 0.0030201784098014134
0.013894954943731374 0.7285842320005229 0.002944826858840075
0.016768329368110076 0.7892311257039047 0.002789738894446871
0.020235896477251564 0.833458553549743 0.0025893840925763074
0.02442053094548651 0.8720369455767388 0.0023878145280543162
0.029470517025518096 0.898686292748652 0.0021957326070197237
0.03556480306223128 0.9210397650605034 0.001998339847814355
0.04291934260128776 0.9363974068853549 0.0018451249935408259
0.0517947467923121 0.9474206717297249 0.001741824492571761
0.0625055192527397 0.9622378691347648 0.001494864965053594
0.07543120063354615 0.9690152607636002 0.0013825232069755008
0.09102981779915217 0.9743979837593238 0.0012494414497852455
0.10985411419875583 0.979629161469749 0.0011137156451074331
0.13257113655901082 0.9843438075139004 0.0009940977867951121
0.15998587196060574 0.985945001680567 0.0009646847156037393
0.19306977288832497 0.9873502783789434 0.0009328593548449352
0.2329951810515372 0.9905346709001897 0.0008075131421989845
0.2811768697974228 0.9920529247978277 0.0007532758973152365
0.3393221771895326 0.9933457141467481 0.000669896114922292
0.4094915062380423 0.9948598047431632 0.0006099493269045281
0.49417133613238334 0.9945098349943915 0.0006561885816491122
0.5963623316594643 0.99524341287116 0.0006019296312298367
0.7196856730011514 0.9958471563714116 0.0005535481744597924
0.868511373751352 0.9969319867130807 0.0004655185257859484
1.0481131341546852 0.996168106413187 0.0005572515604170375
1.2648552168552958 0.996926070798284 0.0004914133498978392
1.5264179671752318 0.9982774703167292 0.0003556110592982769
1.8420699693267144 0.9982063314759636 0.00035880819270053024
2.2229964825261934 0.997562734903846 0.0004623657749891508
2.6826957952797246 0.9979370196716562 0.0004134453452331078
3.2374575428176433 0.9987365017453802 0.0003352170476437458
3.906939937054613 0.9990000194989558 0.00030131281242798505
4.714866363457389 0.998815271385605 0.0003320184278496038
5.689866029018293 0.9979641429428368 0.00044682561136328804
6.866488450042998 0.9987880316959714 0.0003462095728809142
8.286427728546842 0.9982968001991636 0.0004119593587750535
10.0 0.9992991801852545 0.0002644823600228884
