0.001 0.03386102505969797 0.001796237002183799
0.0010353218432956625 0.04249291709809818 0.002191168970374954
0.0010718913192051276 0.039215671744203345 0.0020319416760519182
0.0011097524964120721 0.04252073709800317 0.00235538097098971
0.0011489510001873086 0.045005947937918594 0.002317862506812514
0.0011895340673703195 0.04383367335210563 0.00232513193126025
0.0012315506032928262 0.04511728486915378 0.0023073663827491877
0.0012750512407130128 0.042497353494465 0.0022142683464967295
0.001320088400831418 0.047799864716311105 0.0024382520492185022
0.001366716356462006 0.048632876840704095 0.0026948042347675273
0.0014149912974345759 0.051093076876588026 0.0026346943339990788
0.0014649713983072863 0.05653916128576551 0.0029226021763746122
0.0015167168884709225 0.05000896960777684 0.002516868669768533
0.0015702901247293774 0.057266433410355956 0.003092511712476095
0.0016257556664437934 0.05563059437517286 0.0027161650548272608
0.0016831803533309566 0.060214405198047834 0.003055678088255806
0.0017426333860096508 0.064912584472616 0.0032640605946456483
0.0018041864093920718 0.06577933225842304 0.0032272756493475635
0.0018679135990207828 0.059748267731661815 0.0030825603754643335
0.0019338917504552302 0.06519417544023011 0.0032250827149653085
0.0020022003718155844 0.06664279967503656 0.003387235464906161
0.002072921779595372 0.0763140064755248 0.0038747146452501875
0.0021461411978584036 0.0750936057274953 0.0037575151405558212
0.002221946860939524 0.07583736171808778 0.0035777047164431783
0.002300430119772917 0.0762319659716291 0.0037783664459747636
0.002381685551976158 0.07802944935876593 0.0038154344994254367
0.002465811075822604 0.07589803193577253 0.0037508203230767812
0.0025529080682395165 0.07788643773218916 0.003615129556825409
0.0026430814869741054 0.0944343685290454 0.004406496082726233
0.0027364399970746718 0.08349301002351561 0.003990022035119849
0.002833096101839324 0.0912697641674 0.0042335514392239475
0.0029331662783900455 0.08702793052839257 0.003954456216439485
0.0030367711180354575 0.09979338656598694 0.004574713361686337
0.0031440354715915 0.09886551269141182 0.004557696015601614
0.0032550885998350564 0.10057655276968075 0.00459125704182909
0.003370064329271928 0.10539984940637469 0.00466628018969142
0.0034891012134067737 0.12888279725722254 0.005623838774846821
0.0036123426997094303 0.10982863860142607 0.004827528423701561
0.0037399373024787977 0.12110998425490105 0.0053912477600535445
0.003872038781812557 0.11767608306691887 0.005177149983283998
0.004008806328898464 0.12402517041313213 0.005389017170885344
0.004150404757850477 0.12377468899814222 0.0053569968725547725
0.00429700470432084 0.13080805440093823 0.005527577636559911
0.004448782831127585 0.13072806338226237 0.005306321004046391
0.004605922041145104 0.12787025661359488 0.005401966536636221
0.004768611697714469 0.13769623472436274 0.005733374533677282
0.004937047852839003 0.14874688242270953 0.0061197421524049715
0.005111433483440166 0.15179501774761558 0.005968821557601607
0.005291978735958442 0.14463436139700872 0.005730665139114955
0.005478901179593945 0.14953266993737255 0.006029048691777617
0.005672426068491977 0.16457155214408822 0.006451206712457863
0.005872786613189483 0.16598042843649655 0.00613607548706139
0.006080224261649421 0.16076380364083362 0.006221725720404646
0.006294988990221888 0.16193968015040758 0.006043585657796686
0.00651733960488242 0.17411634897885983 0.006655613575198143
0.006747544053110693 0.18162920407849217 0.006952314868345978
0.0069858797467852495 0.1842320369508472 0.006843627621069875
0.007232633896483534 0.17733428304160628 0.006537047540799952
0.007488103857590023 0.19318512485206096 0.007000248643353327
0.007752597488629464 0.19287827924683915 0.007012318252598065
0.008026433522257174 0.1963852991696057 0.0071083579234442204
0.008309941949353396 0.2004159455770202 0.006936766897340932
0.008603464416684501 0.20256444238267404 0.006956000541973281
0.00890735463861044 0.215039774392962 0.0072456413028609955
0.009221978823334321 0.22109179655374672 0.007452744350074702
0.009547716114208056 0.22117792683652007 0.007329114031207399
0.009884959046625586 0.22785425734150636 0.0073341977070353484
0.010234114021054532 0.23067845702581657 0.007173093256618207
0.010595601792776159 0.23786794051316018 0.007435690302182856
0.010969857978923836 0.24404725570397243 0.00756065701399742
0.01135733358343105 0.2452398061667212 0.007472952214045881
0.011758495540521564 0.27168622658097125 0.008256716870411162
0.012173827277396614 0.26439398334426717 0.00777080250356764
0.012603829296797275 0.27412632390105207 0.00826436299577828
0.013049019780144023 0.25288652487542795 0.007624575057274564
0.013509935211980266 0.27668392489567006 0.00797920592323865
0.01398713102647238 0.30507037033526613 0.008577711335314722
0.014481182276745337 0.2951938075006218 0.00820259846916898
0.014992684327860457 0.2997704604738326 0.007905323835218725
0.015522253574270471 0.3149227499615377 0.008292154956855922
0.016070528182616384 0.3059102452305964 0.008152160829660011
0.016638168860761283 0.3187759927716177 0.008325569263564704
0.017225859653987867 0.33629433524624913 0.008805949309246256
0.017834308769319095 0.33933632647162754 0.008703320568779064
0.018464249428955436 0.3310715210114433 0.008484534413202818
0.019116440753857017 0.3552526392712453 0.008677941356664382
0.019791668678535563 0.35609877995905515 0.008787715381607709
0.020490746898158472 0.37122997087709814 0.00910642910540731
0.021214517849106298 0.37190848007019695 0.008672147868792557
0.02196385372416546 0.3670336141584065 0.008347065882305977
0.022739657523579274 0.3931483352562493 0.00878114729206562
0.023542864143224165 0.38507999983898467 0.008575242264488874
0.024374441501222206 0.40000922148123275 0.00894656155089945
0.02523539170434766 0.3905291300136001 0.00884093103678279
0.026126752255633278 0.4019258296114481 0.00888781009969081
0.027049597304631343 0.42009267862667565 0.008905056438931993
0.02800503894183631 0.4230171331191709 0.008927557149070165
0.028994228538828767 0.43412153423519706 0.009045922888207566
0.03001835813575589 0.4434642375409697 0.008937042059864987
0.031078661877820123 0.4372460518637247 0.009413470426680554
0.032176417502507354 0.44899497728251264 0.008993407184098096
0.03331294787934674 0.45341698326005325 0.009230003098536554
0.03448962260405758 0.4656590630714563 0.00945388247813452
0.03570785964900463 0.4843673096719741 0.00917390040447483
0.03696912707195026 0.4909331688554164 0.009438150660434071
0.03827494478516311 0.49830432475873004 0.009261462642813807
0.03962688638701478 0.5069948259243903 0.00911977110590101
0.04102658105827192 0.5214211792380077 0.00942809887729064
0.04247571552536898 0.5258507910916268 0.009253806090148512
0.043976036093027186 0.5463296897783965 0.009541301207111054
0.04552935074866948 0.5422235185155099 0.009283618415152593
0.047137531341167244 0.5538042602850801 0.009552545539454452
0.04880251583654431 0.5601241228651052 0.009502412966930981
0.0505263106533568 0.5637489074886224 0.00950645679025843
0.05231099308056261 0.5743084161028034 0.00954211974599818
0.054158713780794704 0.5927296468462175 0.009476774251488487
0.05607169938205458 0.581344631820481 0.009533390905445192
0.05805225516094899 0.5987126033298446 0.009387847095088364
0.06010276782070382 0.6096141227281117 0.009207022565989527
0.06222570836730228 0.6280456047629079 0.00937652927738452
0.0644236350872137 0.6141614286202681 0.009395769691657615
0.06669919663030122 0.6310047574021844 0.00901314225007349
0.06905513520162328 0.6495914633426596 0.009426447895453018
0.07149428986597577 0.6333051347545734 0.009752210545435413
0.07401959996915641 0.6508745308096402 0.009628726930095616
0.07663410868007454 0.6616050673783395 0.009251945553956505
0.07934096665797492 0.6733708349594489 0.00907550019080755
0.08214343584919426 0.690425934776332 0.009199699304865559
0.08504489341802678 0.6835972903743821 0.009329545570801878
0.0880488358164346 0.7005173837335625 0.009058890605563407
0.09115888299750818 0.7024642009687637 0.008987638277445925
0.09437878277775381 0.7269275978387213 0.009006362884204002
0.09771241535346496 0.7119580016419607 0.009244946570036593
0.1011637979766207 0.7293446469566909 0.009206363314468103
0.10473708979594497 0.7221351806619316 0.009159207411245915
0.10843659686896098 0.7451540566222193 0.009015369450802502
0.11226677735108136 0.7444115374829844 0.009186848568234995
0.11623224686798518 0.757323227236605 0.009060432916306966
0.12033778407775893 0.7624832295302764 0.00895618353091186
0.12458833642950082 0.7607149588355211 0.00901182514366584
0.1289890261253308 0.7638813585968354 0.009213208764615063
0.13354515629298988 0.7724791037341742 0.008903363544434377
0.1382622173764655 0.7883879121767231 0.00869316615129577
0.14314589375234785 0.7883238679531394 0.008732810524174692
0.14820207057988585 0.7950061495718412 0.009061620148814738
0.15343684089300116 0.7910514074505375 0.008773474218535898
0.15885651294280528 0.8049529090096057 0.008612332601128207
0.16446761779946628 0.8204460154661337 0.008220296330832483
0.17027691722258995 0.8186703623180593 0.008469886758207385
0.1762914118095948 0.8174375074754531 0.008553926417671812
0.18251834943190426 0.8275531541091257 0.008579172909170544
0.18896523396912096 0.8340886211021269 0.00820425602473896
0.1956398343517063 0.8348254125176406 0.008237722072678843
0.20255019392306664 0.841781268796273 0.008297576907314535
0.2097046401323233 0.8612753432936996 0.007390782812923454
0.21711179456945032 0.8397938421992042 0.008073879476258717
0.22478058335487253 0.8536489876826047 0.007742631252275709
0.23272024789604073 0.8574373509038844 0.007823671068376808
0.24094035602395245 0.854620825854555 0.007950504815505003
0.24945081352303167 0.8603062747561839 0.008016796636359267
0.2582618760682675 0.872611258047489 0.007366138700828425
0.26738416158399464 0.8681263437715946 0.007864407882929957
0.2768286630392064 0.8698305321236672 0.007896532345959897
0.286606761694825 0.8835894116108584 0.007464719464369195
0.29673024081888694 0.8657965862564955 0.007800231823498167
0.3072112998861756 0.8838721700730084 0.007357499803222704
0.3180625692794119 0.897877130275725 0.006863549553826402
0.3292971255097148 0.8843271316669397 0.007457092247921272
0.3409285069746811 0.9040738386064706 0.006640762191089623
0.352970730273065 0.89528761986515 0.007080165590840608
0.36543830709572545 0.9059482787483971 0.0065686787495242305
0.3783462617131929 0.9010082610845972 0.006862699173868108
0.39171014908092566 0.9033807356883383 0.006838760942644709
0.4055460735840828 0.9030953538219684 0.007025080520051017
0.419870708444391 0.9128773421516307 0.0065891622845994455
0.4347013158125022 0.9145009188319564 0.006636990223898911
0.4500557675700497 0.9130132785258066 0.006808430893865641
0.46595256686646774 0.9186248007690102 0.00633922755371122
0.48241087041653685 0.9246649392627154 0.006301928043384475
0.499450511585514 0.9202703572846058 0.0065244403937273
0.5170920242896755 0.9193409353809145 0.00643324227219227
0.5353566677410724 0.9152597995310269 0.006591580857358441
0.5542664520663102 0.9205692650785455 0.0064837196874466445
0.5738441648302393 0.9353807195133892 0.005820335288664121
0.5941133984965034 0.9351372780650887 0.005927362594869752
0.6150985788580497 0.9393639491167259 0.005402812362952397
0.6368249944718586 0.9246525222510062 0.0064308875962555065
0.6593188271333542 0.9312063612942648 0.005938442544092811
0.6826071834272386 0.9334718149568945 0.005731219842356434
0.7067181273927491 0.9464870266106059 0.005272430918375863
0.7316807143427192 0.9383776464775289 0.005803064552312824
0.7575250258771913 0.9419468722146476 0.00568368404588987
0.7842822061337682 0.9552417684775801 0.005010104841019128
0.8119844993184009 0.9426001625415104 0.005732880645740715
0.8406652885618325 0.9413423051579737 0.005803764454371083
0.8703591361485157 0.9514292311871421 0.005019085359108733
0.9011018251665018 0.9453684302945417 0.005558251298134416
0.9329304026284686 0.9487033270391166 0.0054857117307417266
0.9658832241158698 0.9439346353728632 0.005838915561360718
1.0 0.9541378916566368 0.005120615567909828
