0.001 0.03930598023885448 0.0021480361511749717
0.0010353218432956625 0.03680228989690073 0.0019125227532552412
0.0010718913192051276 0.03844929787044778 0.002041514519243306
0.0011097524964120721 0.037558364436159224 0.0020600705041249013
0.0011489510001873086 0.04164312123262336 0.0021921324717778397
0.0011895340673703195 0.04757280004793322 0.002553219221812371
0.0012315506032928262 0.04676184671644588 0.0024352959150818173
0.0012750512407130128 0.04872959777879194 0.0025984393436731044
0.001320088400831418 0.04929443868944898 0.0025912891691357107
0.001366716356462006 0.048114764226150866 0.0025162576608944516
0.0014149912974345759 0.04620772651398908 0.0023806868085081475
0.0014649713983072863 0.053291265110359 0.0026650540294766278
0.0015167168884709225 0.052850312351752936 0.0027227852867567127
0.0015702901247293774 0.05714921846147399 0.0029048716054093844
0.0016257556664437934 0.054357040069742256 0.002742156157973433
0.0016831803533309566 0.058939404567031985 0.003029252711770703
0.0017426333860096508 0.05686094187409687 0.002816908747261489
0.0018041864093920718 0.0571685336260203 0.0027549642944629587
0.0018679135990207828 0.06388574206133446 0.0032399422859811767
0.0019338917504552302 0.07343747512510063 0.0036200774961701876
0.0020022003718155844 0.06988185755908748 0.00332176032712283
0.002072921779595372 0.06648797307736472 0.003194222103784259
0.0021461411978584036 0.06998300433173256 0.003354387380759879
0.002221946860939524 0.08033092159630632 0.0037294562956736773
0.002300430119772917 0.08206695845660601 0.003770875249718831
0.002381685551976158 0.0884268608616098 0.00426437457000277
0.002465811075822604 0.08597632150351965 0.004180810671387495
0.0025529080682395165 0.08548247159497291 0.003992724757907229
0.0026430814869741054 0.08682292214742106 0.0041122193862606835
0.0027364399970746718 0.09004677836019223 0.004182693312378707
0.002833096101839324 0.09293787461764001 0.00431254059822875
0.0029331662783900455 0.08807102407886258 0.004112215280018891
0.0030367711180354575 0.08711795547406423 0.003948897659613144
0.0031440354715915 0.10004175130765577 0.00466874833207116
0.0032550885998350564 0.10833963886499509 0.00477936013232861
0.003370064329271928 0.10474309647959523 0.00461512732743166
0.0034891012134067737 0.11525565413090184 0.004884220947063514
0.0036123426997094303 0.11479719407767575 0.005071908615046654
0.0037399373024787977 0.10745757082457756 0.004571027769349405
0.003872038781812557 0.1153317126427387 0.004919851281694792
0.004008806328898464 0.12195075145995707 0.005245902700052712
0.004150404757850477 0.12813776733195975 0.005421872046142789
0.00429700470432084 0.1324408917095608 0.00568707094478214
0.004448782831127585 0.13223980105946037 0.005458515084313526
0.004605922041145104 0.14627326048580727 0.006102003590411177
0.004768611697714469 0.14743565629786048 0.0062793285553426744
0.004937047852839003 0.1433775727851388 0.005851823846894916
0.005111433483440166 0.14876916863658776 0.005833794855369474
0.005291978735958442 0.14545834228093307 0.005717595927690284
0.005478901179593945 0.1514479912418131 0.006044128897905664
0.005672426068491977 0.16237553329376356 0.006366566841218779
0.005872786613189483 0.16222238980598433 0.00639352948739747
0.006080224261649421 0.16979533562698046 0.006661102066419278
0.006294988990221888 0.16311903440280723 0.00622518432822896
0.00651733960488242 0.1712148762476487 0.006435569246117024
0.006747544053110693 0.18061909913746724 0.0067666053669772665
0.0069858797467852495 0.17564175246040883 0.006502833862481323
0.007232633896483534 0.1771083783295622 0.006591741192921629
0.007488103857590023 0.19008638741321549 0.006789890944080782
0.007752597488629464 0.1825460937277299 0.006526511335926788
0.008026433522257174 0.1954818367021612 0.006759060358309734
0.008309941949353396 0.2135913325953711 0.007413246719015013
0.008603464416684501 0.2202928760813884 0.007575759003608854
0.00890735463861044 0.21669140286932323 0.007388313063305279
0.009221978823334321 0.21448945661674992 0.0071299899222442885
0.009547716114208056 0.22008809243395833 0.0071169528152929245
0.009884959046625586 0.23451767150293162 0.007386941968247019
0.010234114021054532 0.22859576856539995 0.007220447804741836
0.010595601792776159 0.2533117248203918 0.007910967503779372
0.010969857978923836 0.25476436827065746 0.008023146994772164
0.01135733358343105 0.2564962982689926 0.007936017515242675
0.011758495540521564 0.25810433149505985 0.008149336710577187
0.012173827277396614 0.2633135038764573 0.007665984884916746
0.012603829296797275 0.27865960244304033 0.008187890611790734
0.013049019780144023 0.2818147896797202 0.00801977937575719
0.013509935211980266 0.2894743951593251 0.008263181570658713
0.01398713102647238 0.28918325296434216 0.008164463332456837
0.014481182276745337 0.2858322290068273 0.007873115947691668
0.014992684327860457 0.304119392503471 0.008200913779660344
0.015522253574270471 0.313076011279975 0.008407226696962566
0.016070528182616384 0.316197859991824 0.008335388509079772
0.016638168860761283 0.3260159396753112 0.00846216921647575
0.017225859653987867 0.3265349869009251 0.00828198008047791
0.017834308769319095 0.34228914323407456 0.008952116761077869
0.018464249428955436 0.352073511506161 0.00868578639486077
0.019116440753857017 0.3408012464234491 0.00853929230842305
0.019791668678535563 0.34162775121351674 0.008417407028909687
0.020490746898158472 0.3482699121827087 0.008488049344478273
0.021214517849106298 0.37369384127218586 0.008497041432227124
0.02196385372416546 0.375521411539734 0.008493328810021294
0.022739657523579274 0.3840709664970292 0.008645818196791224
0.023542864143224165 0.3824350517932148 0.008812369086629893
0.024374441501222206 0.3952246278663075 0.008609209114298091
0.02523539170434766 0.3998019659874527 0.008868504382347106
0.026126752255633278 0.41316352071783574 0.00893317053581472
0.027049597304631343 0.4299823909946862 0.008777166746092099
0.02800503894183631 0.44975156135118594 0.009247125952697886
0.028994228538828767 0.425871986552276 0.008852471082355241
0.03001835813575589 0.43554653508378854 0.008853602594651004
0.031078661877820123 0.4601280975810154 0.008927333395318508
0.032176417502507354 0.4734349886264017 0.00886061491091801
0.03331294787934674 0.462329928142016 0.00882591260408379
0.03448962260405758 0.4866379641915729 0.00905259333131355
0.03570785964900463 0.4880352512813683 0.008951382298768571
0.03696912707195026 0.488198055437731 0.0090890839500989
0.03827494478516311 0.508469910043828 0.009023146105589972
0.03962688638701478 0.5007414947467944 0.009104712711088845
0.04102658105827192 0.5234367991162792 0.009349257285463783
0.04247571552536898 0.4975075022908982 0.009332966603131187
0.043976036093027186 0.5409463365988361 0.009394449064440797
0.04552935074866948 0.5395458910382076 0.009186297960114408
0.047137531341167244 0.5564498500799668 0.00932542302974408
0.04880251583654431 0.5688406316608471 0.009544703766490312
0.0505263106533568 0.5809576620263673 0.009487238277316151
0.05231099308056261 0.5736929996562172 0.009423498917531485
0.054158713780794704 0.5810998690573465 0.009501724626990758
0.05607169938205458 0.5962911103145716 0.009221395910229066
0.05805225516094899 0.6124914972185989 0.00937553405945801
0.06010276782070382 0.5908532029533332 0.009387262055149843
0.06222570836730228 0.6045628323334516 0.009231209096072647
0.0644236350872137 0.6229124712079668 0.009504511978615496
0.06669919663030122 0.6443099421131294 0.009127354700652714
0.06905513520162328 0.6354534265751408 0.009523824786512085
0.07149428986597577 0.6785327433067067 0.009102918895616314
0.07401959996915641 0.6610860124673378 0.009369082818111057
0.07663410868007454 0.6636365395770465 0.009369192642325679
0.07934096665797492 0.6655054240161786 0.009500424853499464
0.08214343584919426 0.6956001399246391 0.009172125903701533
0.08504489341802678 0.6923148004452759 0.009156323543961136
0.0880488358164346 0.699991509634559 0.009420427965092045
0.09115888299750818 0.7011777377618476 0.00917722209590334
0.09437878277775381 0.7130508730095323 0.009023132988607721
0.09771241535346496 0.7201182851286263 0.009192610129965192
0.1011637979766207 0.7280931906022885 0.009197419267842058
0.10473708979594497 0.7354455962678437 0.008940185643907686
0.10843659686896098 0.7345867062656316 0.009027202843995705
0.11226677735108136 0.7571945188014306 0.008999691478276305
0.11623224686798518 0.7468638372745313 0.00924801513954912
0.12033778407775893 0.7569507248017078 0.008913874129004
0.12458833642950082 0.7733000601708305 0.009036275388617445
0.1289890261253308 0.7790866960795416 0.00868235408871911
0.13354515629298988 0.7837307497979971 0.008963922033953148
0.1382622173764655 0.785235359676797 0.00873336931218834
0.14314589375234785 0.79133559180213 0.008762398734042564
0.14820207057988585 0.7994138062379463 0.008559680203493226
0.15343684089300116 0.7926449933487228 0.009031087649867143
0.15885651294280528 0.8203767170561328 0.008261759051001911
0.16446761779946628 0.8090834232966951 0.008694663974472825
0.17027691722258995 0.8147947895538009 0.00844400543016773
0.1762914118095948 0.8288380966672108 0.008302932575540406
0.18251834943190426 0.823328910529037 0.008499222875787384
0.18896523396912096 0.8347190249584437 0.008171886179102316
0.1956398343517063 0.8394856193496464 0.007736389114435752
0.20255019392306664 0.8460807159280955 0.007666396590426952
0.2097046401323233 0.8292692692690437 0.008596424833533818
0.21711179456945032 0.8516226771366889 0.007936475948138325
0.22478058335487253 0.8497386729599855 0.008008885257339634
0.23272024789604073 0.8652596813704678 0.007608323562718233
0.24094035602395245 0.8665691595194078 0.007606860411881513
0.24945081352303167 0.863784620012402 0.00764125023019589
0.2582618760682675 0.8679211827191953 0.007572167556819043
0.26738416158399464 0.873610342287388 0.0077478022601109335
0.2768286630392064 0.8772671037750547 0.007434391152878955
0.286606761694825 0.8752634818395254 0.007630385673620031
0.29673024081888694 0.8841642638082434 0.007291142940017125
0.3072112998861756 0.8879772408790896 0.007392218213421176
0.3180625692794119 0.8843471128096949 0.00755356939224733
0.3292971255097148 0.8855276266219845 0.007318020739285625
0.3409285069746811 0.9024471114110747 0.0068353192300073294
0.352970730273065 0.8920859972254255 0.007221776080901376
0.36543830709572545 0.8985058084847183 0.00695647523896781
0.3783462617131929 0.9019158170720312 0.007100368536537121
0.39171014908092566 0.9063431317105183 0.006949835036616493
0.4055460735840828 0.9074241023849136 0.006892184270484778
0.419870708444391 0.9128134027865478 0.006728396561399336
0.4347013158125022 0.915117372981343 0.006515861181882749
0.4500557675700497 0.9118927879738254 0.00675757383420469
0.46595256686646774 0.9223541089700955 0.0063125460288258346
0.48241087041653685 0.9073912009085352 0.006999054399081812
0.499450511585514 0.9227643370295152 0.0064911081228581176
0.5170920242896755 0.9298130247837086 0.005888796031222615
0.5353566677410724 0.925246375383947 0.006524892993156151
0.5542664520663102 0.9250612642545291 0.0060595323248251835
0.5738441648302393 0.9312074020117109 0.005977960149714357
0.5941133984965034 0.9296916537399117 0.006224731301633054
0.6150985788580497 0.9249165824810643 0.006404006401659171
0.6368249944718586 0.9348733943157582 0.006124550737186376
0.6593188271333542 0.9370261516481018 0.0057004796559636415
0.6826071834272386 0.9343458497195155 0.005940533839434653
0.7067181273927491 0.9253761579261327 0.006550638744615055
0.7316807143427192 0.9419741599403291 0.005679698085269605
0.7575250258771913 0.9326411838760109 0.00607708260091753
0.7842822061337682 0.9430615530565126 0.005573595658062556
0.8119844993184009 0.9508878452465128 0.005203000158922771
0.8406652885618325 0.947054012981295 0.00543955278837322
0.8703591361485157 0.9442885704684061 0.005651737551526708
0.9011018251665018 0.9498127297802159 0.005211258309302444
0.9329304026284686 0.9554494416052273 0.004979727763618337
0.9658832241158698 0.953567542642455 0.005120256062735746
1.0 0.9572522994157864 0.004787330433335783
