0.001 0.03964827854513713 0.002131013095794167
0.0010353218432956625 0.04487875506097455 0.002333136142027634
0.0010718913192051276 0.039544450064301156 0.0021616256361186876
0.0011097524964120721 0.04284318559354944 0.002350268983517294
0.0011489510001873086 0.04563401282454065 0.0023890634164295743
0.0011895340673703195 0.045211927641337905 0.002390871795025743
0.0012315506032928262 0.046390866263926384 0.0024041659341124157
0.0012750512407130128 0.046370295091813035 0.002361998258635937
0.001320088400831418 0.050962612260711734 0.002582439021416136
0.001366716356462006 0.05295613993824221 0.002742463514295377
0.0014149912974345759 0.05025480325989899 0.002632484151493467
0.0014649713983072863 0.0558207599655142 0.0027548379266336413
0.0015167168884709225 0.05390457346748612 0.002724335097409331
0.0015702901247293774 0.0565269672623897 0.0028136191600103403
0.0016257556664437934 0.05768752878571182 0.003062097637048935
0.0016831803533309566 0.06175114846031813 0.0030264953985400483
0.0017426333860096508 0.0652638846940435 0.003178287364973212
0.0018041864093920718 0.06826473032103293 0.003402379787539572
0.0018679135990207828 0.06189275141868636 0.002954115785751304
0.0019338917504552302 0.0667050792846253 0.003235412451450041
0.0020022003718155844 0.06862494798122326 0.0032486180582104386
0.002072921779595372 0.06963387353135057 0.0035836056237023455
0.0021461411978584036 0.0787612525355778 0.003656310751711578
0.002221946860939524 0.07247031341997669 0.0032369328535784597
0.002300430119772917 0.0801091957793445 0.0037615273935984466
0.002381685551976158 0.07952920581305181 0.003944553142499078
0.002465811075822604 0.08390643128396805 0.003987026848235804
0.0025529080682395165 0.09247438145579669 0.00418028072589988
0.0026430814869741054 0.0871312073045766 0.0040678762724288345
0.0027364399970746718 0.09075968140149138 0.004300920701454229
0.002833096101839324 0.0992443885761843 0.00448337485299673
0.0029331662783900455 0.09967246740499816 0.004550465932452516
0.0030367711180354575 0.10655854082388834 0.0047353913495469255
0.0031440354715915 0.10561301823494244 0.004704919762153581
0.0032550885998350564 0.10862172148365332 0.004750898616212996
0.003370064329271928 0.10723326886515816 0.004862254847643502
0.0034891012134067737 0.11279694118833311 0.004865774079303295
0.0036123426997094303 0.11075546382590108 0.004833865753140877
0.0037399373024787977 0.11543535858850117 0.004811252789105716
0.003872038781812557 0.1263590308508163 0.0053050460998407085
0.004008806328898464 0.1124161954435089 0.004784433938779415
0.004150404757850477 0.12419546309021469 0.005378610438825433
0.00429700470432084 0.1258622189891683 0.005122932384194257
0.004448782831127585 0.13222143217410356 0.005410132495383967
0.004605922041145104 0.13923540012638916 0.005984872053216716
0.004768611697714469 0.14585514289759824 0.005797780530203134
0.004937047852839003 0.1532962442070654 0.0062690396158211524
0.005111433483440166 0.1549704771615718 0.0064054010062011505
0.005291978735958442 0.15593316339301436 0.0061039912095687135
0.005478901179593945 0.15505979817456667 0.006096587500592774
0.005672426068491977 0.16297289479173618 0.006360683328812335
0.005872786613189483 0.184784262875671 0.006907442197803032
0.006080224261649421 0.16134205813337793 0.006270458831936686
0.006294988990221888 0.17276014703403184 0.006218252627352956
0.00651733960488242 0.17886912240961092 0.0067334564217125985
0.006747544053110693 0.18482880004734545 0.006794928209613348
0.0069858797467852495 0.18485834025647338 0.006563252759214652
0.007232633896483534 0.1840249018098015 0.006572481881272567
0.007488103857590023 0.1922023283620922 0.006848559811770613
0.007752597488629464 0.19187163926284526 0.006520037364620023
0.008026433522257174 0.20628240019114388 0.006959600694674519
0.008309941949353396 0.21616205077701614 0.007141884751400586
0.008603464416684501 0.21392461401894805 0.006884273409255365
0.00890735463861044 0.2179128614477035 0.007201310340748862
0.009221978823334321 0.21983427859436236 0.0073237882863914205
0.009547716114208056 0.223176624273661 0.006900204568120689
0.009884959046625586 0.23858419508149342 0.007622106320361928
0.010234114021054532 0.25697869377540566 0.007837431793476362
0.010595601792776159 0.2410401875130347 0.007614307740278746
0.010969857978923836 0.25459906670528015 0.007559435460243996
0.01135733358343105 0.250551248590031 0.0076648255903107145
0.011758495540521564 0.26159435015166854 0.00755149253962817
0.012173827277396614 0.2597611118807778 0.007551058379069583
0.012603829296797275 0.2849152777204683 0.00813849007978512
0.013049019780144023 0.2912299155842439 0.008300855135062854
0.013509935211980266 0.29156095723492603 0.008140815532750154
0.01398713102647238 0.30303464067629776 0.008477998560905765
0.014481182276745337 0.3083838342189996 0.008167461951618313
0.014992684327860457 0.29122990341510613 0.007837686804973881
0.015522253574270471 0.3097455921427898 0.008399138067274707
0.016070528182616384 0.3321828851484494 0.00837609002783535
0.016638168860761283 0.3306735422806695 0.008341784102601727
0.017225859653987867 0.3272813739097364 0.007995438374435013
0.017834308769319095 0.3343966030089152 0.008261911953527592
0.018464249428955436 0.3368925463380832 0.008440651423106493
0.019116440753857017 0.34359583824555207 0.008351626938696649
0.019791668678535563 0.37552140097714376 0.008803644544409956
0.020490746898158472 0.37235441892672044 0.008691364142267323
0.021214517849106298 0.36356452808702544 0.008467582649453628
0.02196385372416546 0.3733685317872114 0.008350364708499945
0.022739657523579274 0.38433912726986097 0.008724767198331242
0.023542864143224165 0.39140808918918135 0.008553065329834342
0.024374441501222206 0.40548234932836247 0.008858860666029193
0.02523539170434766 0.412555367441723 0.008629391321611814
0.026126752255633278 0.4299727250830974 0.008974992749685528
0.027049597304631343 0.4386566756075079 0.008897200332711923
0.02800503894183631 0.4357730428428398 0.009013687573035513
0.028994228538828767 0.4582862231870821 0.009087263611287626
0.03001835813575589 0.45270496770322394 0.009009523560945063
0.031078661877820123 0.45740309767887066 0.009134402374056366
0.032176417502507354 0.4665874239402902 0.009174608133090489
0.03331294787934674 0.47327104349952026 0.009073394853931011
0.03448962260405758 0.47461357620818645 0.008916611889846712
0.03570785964900463 0.4955414559184199 0.009013965972120699
0.03696912707195026 0.5087793450936563 0.00897447185983455
0.03827494478516311 0.5186062304886211 0.00897785141142352
0.03962688638701478 0.5005239041979568 0.00921048246360901
0.04102658105827192 0.528279950136232 0.009343166757649506
0.04247571552536898 0.5534694658567079 0.00926479465788131
0.043976036093027186 0.5514472391691252 0.009478882490165649
0.04552935074866948 0.5660711704272195 0.009360452462660446
0.047137531341167244 0.5414120591345004 0.009368998774702169
0.04880251583654431 0.561136818644613 0.009473013715034211
0.0505263106533568 0.569556088422805 0.008981015695419692
0.05231099308056261 0.5871994664004848 0.009134912144376131
0.054158713780794704 0.6026109041895974 0.009292732019232756
0.05607169938205458 0.5994956494150017 0.00931336875903852
0.05805225516094899 0.6086874285690699 0.009340752080161817
0.06010276782070382 0.6098714828998673 0.009333276861388653
0.06222570836730228 0.6221504636895654 0.009495214783196737
0.0644236350872137 0.6303888529998999 0.009483262320905043
0.06669919663030122 0.6529032667325246 0.00922674359396494
0.06905513520162328 0.6437980772490991 0.009368455372192193
0.07149428986597577 0.6619567497005133 0.009328167079016559
0.07401959996915641 0.6621832128824467 0.009487968750388312
0.07663410868007454 0.6823389140407256 0.009067407107233182
0.07934096665797492 0.6717382642932479 0.009253270453084342
0.08214343584919426 0.6681918864305885 0.009515339268097892
0.08504489341802678 0.690995967631029 0.008960817304651971
0.0880488358164346 0.7028519948685376 0.009248829589498925
0.09115888299750818 0.7269185531963217 0.008733553398444234
0.09437878277775381 0.7064820454088702 0.009491878363765749
0.09771241535346496 0.7208113435611012 0.009140558997841868
0.1011637979766207 0.7219424099758583 0.009204013453779364
0.10473708979594497 0.7438010707139345 0.008969698346979957
0.10843659686896098 0.747742683256728 0.009166157234083388
0.11226677735108136 0.767924708457854 0.008727560578919326
0.11623224686798518 0.7529319312176709 0.009120072149869487
0.12033778407775893 0.7653802964551706 0.008757184266630691
0.12458833642950082 0.7750561838390468 0.00873557144414957
0.1289890261253308 0.7828174116893324 0.009014309391270453
0.13354515629298988 0.7797461717731334 0.008704742330281233
0.1382622173764655 0.8128079866910515 0.008302496153041863
0.14314589375234785 0.8128653023649225 0.008143534701164974
0.14820207057988585 0.7913461549510267 0.008848140155770803
0.15343684089300116 0.794058016465309 0.008782248067909375
0.15885651294280528 0.8141697193640032 0.008412397067341525
0.16446761779946628 0.8401127776951822 0.007724835010889011
0.17027691722258995 0.8257282969720005 0.008288011999082748
0.1762914118095948 0.8313043102230276 0.008193108689783228
0.18251834943190426 0.8257736843299961 0.00857949722488226
0.18896523396912096 0.830756768449479 0.008466733152881122
0.1956398343517063 0.8324959441509877 0.00836348672830423
0.20255019392306664 0.8431855051733232 0.007983829863777785
0.2097046401323233 0.848975254094571 0.008017721786976626
0.21711179456945032 0.8632006354539317 0.007676882624747774
0.22478058335487253 0.8632717018447185 0.007549348400396168
0.23272024789604073 0.8567182949959475 0.0076157077841794004
0.24094035602395245 0.8751776568853493 0.007446468862337805
0.24945081352303167 0.8721203464637224 0.007711582619942177
0.2582618760682675 0.8660580158941914 0.007732925266101156
0.26738416158399464 0.8784003393497312 0.007377729985270738
0.2768286630392064 0.866386622495287 0.007926480039319289
0.286606761694825 0.8855310879829273 0.007207346103681894
0.29673024081888694 0.8874313601461338 0.007115550553141126
0.3072112998861756 0.8877690454437325 0.007419060304175535
0.3180625692794119 0.8919677225561613 0.007177808777825765
0.3292971255097148 0.9064510507037574 0.0067195137847511355
0.3409285069746811 0.9101550863332366 0.006525595646956395
0.352970730273065 0.9064062255228007 0.006741671526160288
0.36543830709572545 0.9163903457326521 0.006448625665537373
0.3783462617131929 0.9113804007670708 0.006237344414805547
0.39171014908092566 0.9200928389615561 0.006178577074669379
0.4055460735840828 0.9108339089338496 0.006472316776050178
0.419870708444391 0.9154049260892243 0.006776059291548755
0.4347013158125022 0.9255509312674689 0.006132664371938648
0.4500557675700497 0.9107884504075137 0.006722691638781868
0.46595256686646774 0.9160170035961157 0.006457134502198941
0.48241087041653685 0.9249353416339905 0.0061475606113763626
0.499450511585514 0.9302682470398717 0.005962489572294626
0.5170920242896755 0.9236711233891103 0.006447381968611733
0.5353566677410724 0.9368128671536841 0.005696359237968586
0.5542664520663102 0.9301831805078289 0.006364573717125658
0.5738441648302393 0.9410315329430198 0.005370702211166474
0.5941133984965034 0.949425564752625 0.004808246008151851
0.6150985788580497 0.9270227985804812 0.006331486957601864
0.6368249944718586 0.9490075392681728 0.004989862141726322
0.6593188271333542 0.9468779098655019 0.00523657206850311
0.6826071834272386 0.9351554937213298 0.006015760358552296
0.7067181273927491 0.9433017261708678 0.005496200228434442
0.7316807143427192 0.9413114039273578 0.005878592192978001
0.7575250258771913 0.9407265781265687 0.005858949349204592
0.7842822061337682 0.9489080753842329 0.005233325070281242
0.8119844993184009 0.950809454734623 0.005282699073800057
0.8406652885618325 0.9453209943102822 0.0057030875339259745
0.8703591361485157 0.9437511000369991 0.005858656675715663
0.9011018251665018 0.9611135065393055 0.004612881526237387
0.9329304026284686 0.9599811233536897 0.004792344465728673
0.9658832241158698 0.955955094917372 0.005186190596223693
1.0 0.9547344071274634 0.005026886545540649
