0.001 0.016770432872259957 0.0017075618854436338
0.0010353218432956625 0.01690725832829394 0.0017058639788481837
0.0010718913192051276 0.017000003641460502 0.0014908913199379614
0.0011097524964120721 0.01834173898856564 0.0018464248118786777
0.0011489510001873086 0.017505015571540734 0.0017225418263161901
0.0011895340673703195 0.018898684211001045 0.0018167867379964172
0.0012315506032928262 0.021849106763581497 0.001996857005403518
0.0012750512407130128 0.02363828790532633 0.0021732543297518915
0.001320088400831418 0.02322166963214641 0.0020995116835049116
0.001366716356462006 0.025499519155592815 0.0021480434853002966
0.0014149912974345759 0.02605454614749241 0.0023460081878253543
0.0014649713983072863 0.029235888949530955 0.002593086201908133
0.0015167168884709225 0.0346370887674696 0.0029304124091646903
0.0015702901247293774 0.029809912292217064 0.002638349831345068
0.0016257556664437934 0.029470361234861485 0.0024984223881061476
0.0016831803533309566 0.03703394015337114 0.0029506055709860577
0.0017426333860096508 0.0342541933256544 0.0026396205805768835
0.0018041864093920718 0.04022195726393862 0.0031423053864535525
0.0018679135990207828 0.038780695836855644 0.002939567384620445
0.0019338917504552302 0.04517234216514809 0.0036159599372620715
0.0020022003718155844 0.04178376857173818 0.003415575935667151
0.002072921779595372 0.04603173050808262 0.0035230380191897787
0.0021461411978584036 0.053338461059312135 0.004031790668410422
0.002221946860939524 0.04083701603264326 0.0030501429922025276
0.002300430119772917 0.05370916702390535 0.004030898947336983
0.002381685551976158 0.0502859814428901 0.0037618661915347277
0.002465811075822604 0.06734502952929404 0.004760683403330546
0.0025529080682395165 0.05923049871195893 0.004280563436064544
0.0026430814869741054 0.06434373215914094 0.004370544642314987
0.0027364399970746718 0.06442727562072181 0.004573909168420437
0.002833096101839324 0.07522200512008145 0.0052065163863764296
0.0029331662783900455 0.06659409676206204 0.004570331757096857
0.0030367711180354575 0.07543222587891253 0.004798819029902582
0.0031440354715915 0.07198605308569717 0.00486182023368435
0.0032550885998350564 0.08430480624674858 0.005538642640647852
0.003370064329271928 0.0805443998193561 0.005352617756027437
0.0034891012134067737 0.08708465374636362 0.005426842745706912
0.0036123426997094303 0.09123562789410443 0.005684586590397124
0.0037399373024787977 0.09247963706978324 0.005781511791656761
0.003872038781812557 0.09481433515316717 0.0057453794172800865
0.004008806328898464 0.1042668017136043 0.006169318208377946
0.004150404757850477 0.10222187558250463 0.0058246963547681175
0.00429700470432084 0.1150025470304474 0.006407592048286285
0.004448782831127585 0.1237798019126437 0.006943781837390594
0.004605922041145104 0.12335285363447236 0.006676898630485671
0.004768611697714469 0.12903358646446703 0.0068079991237112005
0.004937047852839003 0.12684282416453097 0.006648828665987936
0.005111433483440166 0.12516697556359238 0.006536155865487189
0.005291978735958442 0.13298088487061585 0.006772674264183576
0.005478901179593945 0.14279194441905163 0.007130126044254456
0.005672426068491977 0.1467873260960875 0.007206223871596022
0.005872786613189483 0.14808612860954565 0.007074779986859708
0.006080224261649421 0.16478062089367312 0.007573872415374523
0.006294988990221888 0.15462162695224158 0.0070681093685096945
0.00651733960488242 0.174758280177555 0.007838799216062006
0.006747544053110693 0.1614589008898084 0.006934168055645598
0.0069858797467852495 0.16940363272646852 0.007650544646419681
0.007232633896483534 0.19905754518952193 0.00836542574385809
0.007488103857590023 0.20392852501403855 0.008252306418466035
0.007752597488629464 0.20313392806546213 0.008240109062465749
0.008026433522257174 0.20677697247060417 0.008311567943430806
0.008309941949353396 0.20659729407118382 0.008243200879948702
0.008603464416684501 0.2253007796425297 0.00840203276849761
0.00890735463861044 0.2257882004144856 0.0079543526858363
0.009221978823334321 0.2260688381583794 0.00835850072531263
0.009547716114208056 0.24264358140739298 0.008229431714860163
0.009884959046625586 0.23914516544898629 0.008395070280327455
0.010234114021054532 0.25965547114889054 0.008687095578402087
0.010595601792776159 0.2609469262451664 0.008666045510641122
0.010969857978923836 0.27360167069328895 0.00878319368333718
0.01135733358343105 0.2637815358306898 0.008474578028873482
0.011758495540521564 0.2886180839730887 0.009067882786460282
0.012173827277396614 0.28925811055969064 0.008741578936970995
0.012603829296797275 0.31192258210606927 0.009581043085027071
0.013049019780144023 0.3126221729566374 0.00919935860551642
0.013509935211980266 0.3332680806670753 0.009335577276267912
0.01398713102647238 0.3277890358728364 0.00932600933357332
0.014481182276745337 0.346625700440513 0.009631596583605186
0.014992684327860457 0.3692607096532782 0.009688375330154535
0.015522253574270471 0.37922060553277753 0.00998942650970751
0.016070528182616384 0.3841778903257753 0.009767699129819068
0.016638168860761283 0.38176322534733775 0.009813345040690946
0.017225859653987867 0.3889541290018218 0.010145384709569447
0.017834308769319095 0.4066464484891093 0.00993978759887194
0.018464249428955436 0.3989497290202711 0.00986132902610024
0.019116440753857017 0.4340559583490326 0.010254636973351173
0.019791668678535563 0.44069864928066305 0.010173601538503978
0.020490746898158472 0.4355083273466205 0.01002210105183018
0.021214517849106298 0.4547285009714636 0.010456300415118245
0.02196385372416546 0.48393476158137416 0.01054575529659775
0.022739657523579274 0.481040383630374 0.010541600177283523
0.023542864143224165 0.4835988817910289 0.01061202145571153
0.024374441501222206 0.4879323597258899 0.010459609315588463
0.02523539170434766 0.5165356463363173 0.010833768367649408
0.026126752255633278 0.5211636490373686 0.010919201870246325
0.027049597304631343 0.5385940571735746 0.010826210261826468
0.02800503894183631 0.5585406946456631 0.011056561852717549
0.028994228538828767 0.5523474100164937 0.010864255656511048
0.03001835813575589 0.5786904173344856 0.01079273675218986
0.031078661877820123 0.5688212520325753 0.010910093364607394
0.032176417502507354 0.6010763138657315 0.010795538224555576
0.03331294787934674 0.5889909546683741 0.010953572258022267
0.03448962260405758 0.6078759146329881 0.010984198070550306
0.03570785964900463 0.6217355941985245 0.010783642035418936
0.03696912707195026 0.6251278185344927 0.010951044103665094
0.03827494478516311 0.6265808214092463 0.01075594585268566
0.03962688638701478 0.6425585146440115 0.010936515319861352
0.04102658105827192 0.6491382792092727 0.011064923671571381
0.04247571552536898 0.6939619012126259 0.010585782968677704
0.043976036093027186 0.6615059423337405 0.010785472667393924
0.04552935074866948 0.6819544848542095 0.010671004378667756
0.047137531341167244 0.6833022323277391 0.010955499260019562
0.04880251583654431 0.6820068012225363 0.011114662394375634
0.0505263106533568 0.7021178725583925 0.010638010860793213
0.05231099308056261 0.7182121363841046 0.010433876763813642
0.054158713780794704 0.7137825996350423 0.010641678222845955
0.05607169938205458 0.7381856475283003 0.010467125174084787
0.05805225516094899 0.7357525677239947 0.010465970736042387
0.06010276782070382 0.7297344083677938 0.010365308418768116
0.06222570836730228 0.7401692712955306 0.010600078948213227
0.0644236350872137 0.7650535811290203 0.009893507386751812
0.06669919663030122 0.7553305991865942 0.010394302974012917
0.06905513520162328 0.7658181267198706 0.010237695474756918
0.07149428986597577 0.7554044163626371 0.010427933002959532
0.07401959996915641 0.7719058269718198 0.010046961012538139
0.07663410868007454 0.7966453630608068 0.009549044961532256
0.07934096665797492 0.7944689019938946 0.009867489639581666
0.08214343584919426 0.7880107953850104 0.01029771789545069
0.08504489341802678 0.7889600677840003 0.010094087379483509
0.0880488358164346 0.8080262390845162 0.009742485782695988
0.09115888299750818 0.8083357492179253 0.009769774717321194
0.09437878277775381 0.8319996354010321 0.009119273060474999
0.09771241535346496 0.8205328275756287 0.009613815323690789
0.1011637979766207 0.8318360896161051 0.009163723791183145
0.10473708979594497 0.8217443767889768 0.009402016777013921
0.10843659686896098 0.8420215138577697 0.008992957865469681
0.11226677735108136 0.8458774284052872 0.008992349697437153
0.11623224686798518 0.8552170391279307 0.008777898774143868
0.12033778407775893 0.8433277849781589 0.009252642922043428
0.12458833642950082 0.8496631265378563 0.00903326425623736
0.1289890261253308 0.8524567951614785 0.009014142927937263
0.13354515629298988 0.874556116507994 0.008321490648111307
0.1382622173764655 0.8724637115990256 0.008247849180507711
0.14314589375234785 0.8642851005603186 0.008702060460732325
0.14820207057988585 0.875567155986336 0.008173777147814507
0.15343684089300116 0.8809005150183346 0.00819982986121937
0.15885651294280528 0.8870576061666611 0.008012183624116381
0.16446761779946628 0.8767490604828261 0.00866349775605665
0.17027691722258995 0.9045709231741985 0.007346167874593354
0.1762914118095948 0.8900308928449682 0.007857997494670966
0.18251834943190426 0.8862864663055807 0.008020913374496202
0.18896523396912096 0.8991442780344636 0.007775778898892319
0.1956398343517063 0.9100437988142821 0.00710508717246864
0.20255019392306664 0.9122899451718227 0.007128321540286959
0.2097046401323233 0.905387948806274 0.007150460782631825
0.21711179456945032 0.9158765327325719 0.006858008998887472
0.22478058335487253 0.9026097901527506 0.007976243480377712
0.23272024789604073 0.914724509852843 0.007124101748705112
0.24094035602395245 0.9037368832659421 0.007599886556578294
0.24945081352303167 0.92158203460049 0.007239071542058628
0.2582618760682675 0.9194273974567736 0.007067445158824953
0.26738416158399464 0.917789955859833 0.007162188233330162
0.2768286630392064 0.9153224830037616 0.007286292304687761
0.286606761694825 0.923987057570307 0.006961862016048134
0.29673024081888694 0.9353511494105444 0.006180034174750479
0.3072112998861756 0.9264796310339473 0.006819394937350963
0.3180625692794119 0.9356898953820578 0.006351717062053813
0.3292971255097148 0.942619023503137 0.005958483346213327
0.3409285069746811 0.9402506560975847 0.006105046693540974
0.352970730273065 0.9403789251969825 0.006263900989430415
0.36543830709572545 0.936616998178036 0.006286757078455965
0.3783462617131929 0.9413021024643092 0.006190169501493813
0.39171014908092566 0.942986608909805 0.006120235131379887
0.4055460735840828 0.9299082549358332 0.0067699877628532015
0.419870708444391 0.9447436008392566 0.005654691927249673
0.4347013158125022 0.9280061952431715 0.0068570392992662555
0.4500557675700497 0.9519582972427006 0.005513526104119156
0.46595256686646774 0.9569684613980408 0.005095423018936015
0.48241087041653685 0.940031284054274 0.00624633479941333
0.499450511585514 0.9471490531954865 0.005884602340844359
0.5170920242896755 0.9596368471422627 0.00496582425052302
0.5353566677410724 0.95813322957104 0.005346758422240749
0.5542664520663102 0.941353719602862 0.0063276446178783885
0.5738441648302393 0.9576431451152121 0.005260932171472967
0.5941133984965034 0.9610975162509667 0.00508571029867325
0.6150985788580497 0.9645579151674092 0.0047916294272050035
0.6368249944718586 0.9597497416344141 0.005231330545391028
0.6593188271333542 0.9606026705959247 0.005151167401912514
0.6826071834272386 0.9680123448628665 0.004398964024548555
0.7067181273927491 0.9588745870147368 0.005302035452349848
0.7316807143427192 0.9698492748281444 0.004432909421629842
0.7575250258771913 0.9716190688556238 0.004469369024668828
0.7842822061337682 0.9656036029806624 0.005019608263238869
0.8119844993184009 0.9691234742252579 0.004454655389404419
0.8406652885618325 0.9677389090749821 0.0047218150835522795
0.8703591361485157 0.9686926481833366 0.004416180054346416
0.9011018251665018 0.9641108853207104 0.005249167953891967
0.9329304026284686 0.9739954263870972 0.004231670486422291
0.9658832241158698 0.9742165819477218 0.0043045743636989245
1.0 0.959120371418562 0.005527328343977404
