0.001 0.012224076366875532 0.0013423135687649817
0.0010353218432956625 0.01512214225492972 0.001683503945698644
0.0010718913192051276 0.01632554637646377 0.0019518261615239325
0.0011097524964120721 0.014649211960246555 0.0014826718900295011
0.0011489510001873086 0.016080538288980394 0.0016525175111865651
0.0011895340673703195 0.019962897702199143 0.002066442218876446
0.0012315506032928262 0.019390071559910706 0.0019418711861181432
0.0012750512407130128 0.02292672449135442 0.0023122109138248147
0.001320088400831418 0.018722488425664024 0.0019352384349931389
0.001366716356462006 0.021151835947988803 0.0020084943245561046
0.0014149912974345759 0.02276463379876207 0.0021038533772472713
0.0014649713983072863 0.023449358529849147 0.0023413916152214597
0.0015167168884709225 0.02792023800673689 0.0027502818719736723
0.0015702901247293774 0.029029516668290227 0.002753527369131772
0.0016257556664437934 0.027052709734862478 0.0025084786883233273
0.0016831803533309566 0.02895788152241131 0.002750044516966897
0.0017426333860096508 0.03490490883949328 0.003246036201395248
0.0018041864093920718 0.03166333126105289 0.0030598086312173672
0.0018679135990207828 0.03102453096940207 0.002877224527650176
0.0019338917504552302 0.035448813861131585 0.003229229018759663
0.0020022003718155844 0.03901903393585757 0.0035719253927324487
0.002072921779595372 0.04104695263138698 0.0036173015872010255
0.0021461411978584036 0.03741058436280557 0.00342604630935041
0.002221946860939524 0.04199247592065679 0.003718258947194457
0.002300430119772917 0.04372301469240788 0.003921934382290234
0.002381685551976158 0.04551730290671675 0.003967526226019901
0.002465811075822604 0.05647958600909494 0.004546021183875366
0.0025529080682395165 0.045871951671807285 0.0040400861817957955
0.0026430814869741054 0.05745226358452329 0.0047360725156669215
0.0027364399970746718 0.04729997024263275 0.004025535970672187
0.002833096101839324 0.057898752399619106 0.004864100170505408
0.0029331662783900455 0.060322783594736126 0.004942412496495135
0.0030367711180354575 0.06281780835247619 0.005070097080507461
0.0031440354715915 0.06461686725081814 0.005149231143941596
0.0032550885998350564 0.068588439625965 0.005288714551904245
0.003370064329271928 0.060763275579155125 0.004932527240586057
0.0034891012134067737 0.07582239163855027 0.005738960415774203
0.0036123426997094303 0.06927601103474189 0.005370638589804778
0.0037399373024787977 0.05932450567097959 0.004704591016818435
0.003872038781812557 0.06600140531012996 0.0051727699350712095
0.004008806328898464 0.07888913282636725 0.0059948864734631225
0.004150404757850477 0.08448179822827212 0.006190700380306718
0.00429700470432084 0.09797085690457136 0.006620825634409709
0.004448782831127585 0.08804690656166803 0.006271429647688995
0.004605922041145104 0.11745168272895043 0.007555879695398224
0.004768611697714469 0.09584549912083122 0.006640471867854611
0.004937047852839003 0.10582388813425027 0.00714431928410535
0.005111433483440166 0.10890844778490466 0.0071616266277422765
0.005291978735958442 0.10765533120091587 0.007036711450703258
0.005478901179593945 0.11413147666669658 0.007032099060896215
0.005672426068491977 0.11504595867544097 0.007211488153171733
0.005872786613189483 0.1042979111309956 0.006795921003122713
0.006080224261649421 0.12114343589990578 0.0073045102943910265
0.006294988990221888 0.11687257707451766 0.007004554565516001
0.00651733960488242 0.1362591568680288 0.007667872309478627
0.006747544053110693 0.11609306645186257 0.006935118328816658
0.0069858797467852495 0.14354231365993422 0.007913117724722796
0.007232633896483534 0.15120121218532503 0.008237297017613205
0.007488103857590023 0.16191508544846045 0.008412231386950665
0.007752597488629464 0.1472194061796302 0.007784913536740402
0.008026433522257174 0.1483758026304481 0.007748524711167689
0.008309941949353396 0.16360062818655874 0.008435756672091057
0.008603464416684501 0.17127674060439838 0.008370631269387063
0.00890735463861044 0.1698516230460103 0.008133440689422384
0.009221978823334321 0.15992288830684165 0.007838542957591491
0.009547716114208056 0.18381576603894134 0.008831375494105405
0.009884959046625586 0.19117964075286745 0.008817165415669032
0.010234114021054532 0.19725544410117435 0.009048274639066654
0.010595601792776159 0.18983521516272334 0.008777686293193702
0.010969857978923836 0.20287539197122145 0.008955471707754261
0.01135733358343105 0.21994994067045054 0.009142604157988751
0.011758495540521564 0.2021846640115699 0.008575241611390458
0.012173827277396614 0.2073129127384651 0.008680965934747847
0.012603829296797275 0.19700587983508352 0.008018717894851679
0.013049019780144023 0.23987260673388586 0.009266157174575884
0.013509935211980266 0.23534367567071143 0.008984296795380825
0.01398713102647238 0.22803994033960812 0.008689935514448965
0.014481182276745337 0.25496905638539874 0.009427908348528352
0.014992684327860457 0.2576003397399966 0.009362201462293844
0.015522253574270471 0.2799968400796901 0.00951512710262609
0.016070528182616384 0.25568128580420385 0.00932502618538226
0.016638168860761283 0.27169567659743904 0.0091736576650053
0.017225859653987867 0.29156290323118117 0.009568158438824886
0.017834308769319095 0.2985675135016659 0.009871592543242547
0.018464249428955436 0.29086250547801695 0.009278375287468481
0.019116440753857017 0.31555979787748767 0.009756001049314284
0.019791668678535563 0.3169829716766325 0.009509831050231047
0.020490746898158472 0.33786525172392967 0.010125611193386121
0.021214517849106298 0.33733642857482166 0.00987055166430378
0.02196385372416546 0.3561461104583435 0.010184334643173663
0.022739657523579274 0.3489170828312559 0.009716200866952162
0.023542864143224165 0.36823750547375494 0.010145579958485897
0.024374441501222206 0.3742683197341928 0.010040923586326975
0.02523539170434766 0.3672749494788285 0.010249024688404405
0.026126752255633278 0.3975851598894816 0.010337799934505112
0.027049597304631343 0.3932419705862701 0.010262527487903315
0.02800503894183631 0.4027591951470812 0.010357002970487982
0.028994228538828767 0.4277680453515608 0.010429068528049089
0.03001835813575589 0.4354537542608512 0.010687010626889452
0.031078661877820123 0.4296184611120973 0.010421058733934348
0.032176417502507354 0.44832499191309794 0.01053794507761191
0.03331294787934674 0.4615873600204223 0.010416673620438122
0.03448962260405758 0.48682777324924364 0.011060341455117537
0.03570785964900463 0.4897923887995666 0.010601851046751895
0.03696912707195026 0.5037165733651057 0.010505378719949495
0.03827494478516311 0.4851908842349972 0.010752093323112635
0.03962688638701478 0.5227744785583784 0.010686041688068635
0.04102658105827192 0.5123167000924613 0.010803812300883913
0.04247571552536898 0.5264120108392754 0.01086331554656238
0.043976036093027186 0.5543998433677159 0.010920266885405545
0.04552935074866948 0.5775594174576917 0.010344248383850863
0.047137531341167244 0.5588566616904952 0.01086784169334271
0.04880251583654431 0.584829902400433 0.010760985017434771
0.0505263106533568 0.5799765712667462 0.010845579523677262
0.05231099308056261 0.5957376024094105 0.010764914180583354
0.054158713780794704 0.5957114340637392 0.01099132773319132
0.05607169938205458 0.6359343839275877 0.010702049302628698
0.05805225516094899 0.6424943606769107 0.010654530242227752
0.06010276782070382 0.6551410894111515 0.010833741852250578
0.06222570836730228 0.6536424362195675 0.01078963455872405
0.0644236350872137 0.653467402388237 0.010668198860967603
0.06669919663030122 0.6666356447633247 0.010820871627941459
0.06905513520162328 0.6771254566875939 0.010775885411849827
0.07149428986597577 0.6992099057989613 0.01041603938095887
0.07401959996915641 0.7056529189008425 0.010388508640996575
0.07663410868007454 0.688881427175 0.010811697095057015
0.07934096665797492 0.7081998973625607 0.01060598588717357
0.08214343584919426 0.7143184578016948 0.010332293606849577
0.08504489341802678 0.7183400256050579 0.010607784942354117
0.0880488358164346 0.7133902382013675 0.010620649048696454
0.09115888299750818 0.7362754643609118 0.010447532818431474
0.09437878277775381 0.7502526122901106 0.010431240379074955
0.09771241535346496 0.7395025254987619 0.010328878452288779
0.1011637979766207 0.7764645473483985 0.010037285650643555
0.10473708979594497 0.7656895712686552 0.010079719610832552
0.10843659686896098 0.7785021154433514 0.009798672774153675
0.11226677735108136 0.7821250683152174 0.009745500970450184
0.11623224686798518 0.7983165608458541 0.00977260271493885
0.12033778407775893 0.7841179093950261 0.010060823848886822
0.12458833642950082 0.810814321312896 0.009445752650084896
0.1289890261253308 0.8053975926064898 0.009636115604170938
0.13354515629298988 0.8020570623693368 0.009820507416769592
0.1382622173764655 0.8336929046233659 0.009038484005540134
0.14314589375234785 0.8401282561970909 0.008711378211734825
0.14820207057988585 0.8319482170182425 0.009188715576718116
0.15343684089300116 0.8149271182551913 0.00977488861955973
0.15885651294280528 0.8392168937780448 0.008916969912093977
0.16446761779946628 0.8419777148588139 0.008927300232983831
0.17027691722258995 0.849734844244148 0.008928060775620842
0.1762914118095948 0.8479220213670091 0.008910328537581344
0.18251834943190426 0.8552937973967567 0.008929935374698491
0.18896523396912096 0.8487713400753739 0.008917108127913914
0.1956398343517063 0.8664611234762727 0.008662095780526633
0.20255019392306664 0.8662134153269153 0.008531489253161497
0.2097046401323233 0.8671998252881913 0.008481648400205247
0.21711179456945032 0.8720421777916111 0.008298845494047762
0.22478058335487253 0.8691372707200206 0.008479133817277766
0.23272024789604073 0.8875275953789332 0.007932147285976342
0.24094035602395245 0.8852769910772538 0.008043518044471908
0.24945081352303167 0.88758561661074 0.007997253989604726
0.2582618760682675 0.9023753195054185 0.007260517603667352
0.26738416158399464 0.8887918033705597 0.008064584857096666
0.2768286630392064 0.9021344842623442 0.007486821874531959
0.286606761694825 0.8992720532241248 0.007553864527195985
0.29673024081888694 0.8924554919342158 0.007986389628121465
0.3072112998861756 0.9112195627760727 0.00719004097891998
0.3180625692794119 0.9172318877747044 0.007103368109167059
0.3292971255097148 0.8938298982918995 0.007918890279561556
0.3409285069746811 0.9209034957620517 0.006972273607949096
0.352970730273065 0.913925295026649 0.0072935657983372836
0.36543830709572545 0.9301678175035176 0.00638232442228755
0.3783462617131929 0.9192900551852285 0.00705106820867182
0.39171014908092566 0.9129921338391978 0.007074163516704718
0.4055460735840828 0.9128668972250896 0.0075145764923621175
0.419870708444391 0.9217091981364319 0.006991665821538572
0.4347013158125022 0.9298122715644332 0.006758871466345321
0.4500557675700497 0.9225967755504215 0.00687583502885719
0.46595256686646774 0.927066189867179 0.006586581567281453
0.48241087041653685 0.9384343958626066 0.006283062889700869
0.499450511585514 0.9341940735735537 0.006654457244865184
0.5170920242896755 0.9468951744550125 0.00562284754390836
0.5353566677410724 0.9240266156483522 0.007313693011498142
0.5542664520663102 0.9452721554397884 0.005756252898250892
0.5738441648302393 0.9551945169335343 0.005385012265001977
0.5941133984965034 0.9448157467971198 0.005988445234207856
0.6150985788580497 0.9429682134145683 0.006118157902914261
0.6368249944718586 0.9360528697575023 0.006532712855644339
0.6593188271333542 0.9431755917540382 0.006168826209464532
0.6826071834272386 0.9421493851017787 0.006298768866377287
0.7067181273927491 0.9468392709779501 0.00584805661328459
0.7316807143427192 0.9590577163758894 0.00532587622157625
0.7575250258771913 0.9550934441851839 0.005483879431687213
0.7842822061337682 0.9631435675882359 0.005016276765430971
0.8119844993184009 0.9640286106302935 0.004816191685192646
0.8406652885618325 0.9552648833628354 0.005466707062450391
0.8703591361485157 0.960186617902405 0.0052287712733950316
0.9011018251665018 0.9632608018852279 0.00475164424281909
0.9329304026284686 0.9548742692330286 0.005528882623777303
0.9658832241158698 0.9667021813489712 0.00465625305859472
1.0 0.9688450568196333 0.00447131905016406
