0.001 0.04662499434290062 0.0006341394665629613
0.0010473708979594498 0.04719477353662787 0.0006468382250569494
0.001096985797892384 0.05135411715910099 0.0007013821407541146
0.0011489510001873086 0.05506278950952212 0.0007522866869501618
0.0012033778407775893 0.05628845135962193 0.0007457747492647515
0.0012603829296797275 0.06072272594826654 0.0008160604050917035
0.001320088400831418 0.05978223864253505 0.0007882486798758853
0.0013826221737646563 0.062437826615366135 0.000819690625598032
0.001448118227674533 0.06629286990023607 0.0008634822708918523
0.0015167168884709225 0.06957592791477187 0.0009035629282296087
0.0015885651294280528 0.07207262918691419 0.0009254784971952645
0.001663816886076129 0.07430366630980877 0.0009547453331877744
0.0017426333860096508 0.07933160397694303 0.001034991100157054
0.0018251834943190425 0.08002788736694334 0.0010167568022911731
0.0019116440753857017 0.08387585069472114 0.0010614692785694206
0.0020022003718155844 0.08511349133502702 0.001073776189127857
0.002097046401323233 0.09133272848265954 0.0011312234235738722
0.002196385372416547 0.09592754140946204 0.0011744988177763659
0.002300430119772917 0.09830977508782421 0.0012061350570365499
0.0024094035602395245 0.09996870160649564 0.0011944033887923554
0.0025235391704347657 0.10529192843825903 0.0012594699336645507
0.0026430814869741054 0.11145039954237304 0.0013321287262138192
0.0027682866303920667 0.11489858294885694 0.0013532191315429084
0.002899422853882875 0.12156569953145706 0.0014115668781645163
0.0030367711180354575 0.1253355826952511 0.0014374371601558033
0.0031806256927941192 0.1282857951953867 0.001460792222518396
0.0033312947879346735 0.13729459309641398 0.0015332163397282425
0.0034891012134067737 0.14062669807895076 0.001570912205194737
0.0036543830709572546 0.1432054461825895 0.0015756312007985914
0.003827494478516311 0.14855101929127773 0.0016128254692982242
0.004008806328898464 0.15231482009184238 0.0016172859774628832
0.00419870708444391 0.15825378703947662 0.001682919295649337
0.004397603609302721 0.17002250983100192 0.00177972878309486
0.004605922041145104 0.17313388606640986 0.0018083806849141656
0.004824108704165369 0.18004273632425566 0.0018255846434175706
0.00505263106533568 0.18608742851578058 0.0018538085241724313
0.005291978735958442 0.19363752402487175 0.0019369967729356708
0.005542664520663107 0.19421646494014863 0.0019187398974049395
0.005805225516094896 0.20338368943994192 0.001975896425647719
0.006080224261649427 0.21584230828566384 0.002037505714175711
0.006368249944718587 0.2179364141865688 0.0020293317883587144
0.006669919663030122 0.22825678506464778 0.0020925609979665512
0.0069858797467852495 0.2357292633955569 0.002146967642630321
0.007316807143427192 0.24008827188743972 0.0021321585363433455
0.007663410868007463 0.2483583970468862 0.002203424343314424
0.008026433522257174 0.25540586903420437 0.002201951882473327
0.008406652885618326 0.2633819452513434 0.002233548419047811
0.008804883581643464 0.2766983385423769 0.0022982487310352884
0.009221978823334321 0.284616929266707 0.0023269351496533006
0.009658832241158708 0.29484058159930937 0.002367603046361185
0.01011637979766207 0.3022154828303991 0.002381824856044798
0.010595601792776159 0.3138757496979225 0.0024458693658617895
0.011097524964120722 0.32165134164663994 0.0024470807493889683
0.011623224686798524 0.331297307212711 0.002489087040424582
0.012173827277396614 0.33851356679056843 0.00247261691536377
0.012750512407130135 0.34724200790224014 0.0025483159948641036
0.013354515629298987 0.35774936460884177 0.002545214691267161
0.013987131026472387 0.3719380994706597 0.0025860561203113475
0.014649713983072856 0.37705185888329507 0.002598341101970409
0.015343684089300124 0.39130422388039493 0.002631226155187785
0.01607052818261639 0.4003315871911005 0.00264596882100214
0.016831803533309566 0.4129143170500324 0.0026424717708792124
0.01762914118095948 0.4188795531594208 0.0026854363978011373
0.018464249428955436 0.43364460201856764 0.002717128215102359
0.01933891750455231 0.449028580108929 0.002735222706016568
0.020255019392306676 0.45623251835719036 0.0027562995404247165
0.021214517849106298 0.4701677770599318 0.002795918294143684
0.02221946860939524 0.4827051824724631 0.0028041601270128906
0.023272024789604086 0.4879447463608427 0.0028114106976056415
0.024374441501222206 0.5045698602495928 0.002843799244245272
0.025529080682395178 0.5126064965294782 0.0028534826547189384
0.026738416158399468 0.5251205203075018 0.0028720308646946724
0.02800503894183631 0.5413933556747521 0.0028945589682982196
0.02933166278390044 0.543975434874005 0.002912420128034852
0.030721129988617576 0.5607296579669797 0.002902082393276796
0.03217641750250737 0.5727974825405131 0.0029378242977817705
0.03370064329271928 0.5835088180926962 0.002921660083693548
0.0352970730273065 0.59605890341732 0.002911398974328798
0.036969127071950283 0.6041996520517631 0.0029262660476577075
0.03872038781812555 0.6154931449250546 0.0029402976340561064
0.040554607358408296 0.6293215479525965 0.002959165086046892
0.04247571552536898 0.6397745622931865 0.0029532278588090114
0.04448782831127585 0.6561008647823582 0.0029114732649154866
0.046595256686646824 0.6543931594874021 0.002941840954335416
0.04880251583654431 0.6754494040912676 0.002925249777165491
0.051114334834401684 0.6860195993544428 0.0029066674348380526
0.053535666774107246 0.690003358196086 0.002941972314780625
0.05607169938205458 0.7064892021539078 0.0029029240309712003
0.05872786613189483 0.7175435101986701 0.0028974498735296916
0.061509857885805014 0.7205357758947118 0.002900521545338888
0.06442363508721373 0.7334311457821923 0.0028797201579593024
0.06747544053110693 0.7460876528718356 0.0028418248296428693
0.07067181273927492 0.7460567904296914 0.002865160341565424
0.07401959996915644 0.76039684837305 0.0028248203854992736
0.0775259748862946 0.7687498566694801 0.0028177486264462635
0.08119844993184012 0.775471774722775 0.002786228479753621
0.08504489341802678 0.782793119830715 0.0027488353559968265
0.0890735463861044 0.7893710757972232 0.002755273151668607
0.09329304026284686 0.8025781107065324 0.002692625666656746
0.09771241535346496 0.8048116178114227 0.0027081126537261474
0.10234114021054527 0.8119225010236037 0.0026910340082714423
0.10718913192051276 0.8232102860524099 0.002597220921537248
0.11226677735108136 0.8285476278865541 0.0025906452516022273
0.1175849554052157 0.8330944185895536 0.002579099136822694
0.12315506032928261 0.8392812164321194 0.002546550510406844
0.1289890261253308 0.8441770721941982 0.0025508821974303576
0.13509935211980265 0.8488217107022145 0.002540075551158633
0.1414991297434576 0.8546992361178974 0.0024856934107873284
0.14820207057988585 0.8622206503742739 0.002448324667585622
0.1552225357427048 0.8669475300093967 0.002380311726300362
0.1625755666443795 0.8689875027566856 0.0024294260822127376
0.17027691722258995 0.8781090728280903 0.0023229520798598285
0.17834308769319093 0.8818136563144875 0.0023242783861756847
0.1867913599020783 0.8850931820629511 0.0022643299520711145
0.19563983435170648 0.891178663550888 0.0022378548916916026
0.20490746898158482 0.8925164036310138 0.002245088706924228
0.21461411978584036 0.9013270968203475 0.0021650972844781315
0.22478058335487253 0.9028894124801258 0.0021678369298663773
0.2354286414322418 0.902835829660159 0.0021744759358743398
0.2465811075822604 0.9069412817279353 0.0021280530516155937
0.2582618760682677 0.9135771649551169 0.002067947203086766
0.27049597304631345 0.9134830427473375 0.0020771312526366562
0.2833096101839324 0.918643795891081 0.0020335964646337737
0.29673024081888694 0.9225141793215235 0.0019614267380169497
0.3107866187782014 0.9234595939699343 0.0019670639930139395
0.325508859983506 0.9243209430969271 0.001963722384382171
0.3409285069746811 0.9309031740369328 0.0018712576178329069
0.35707859649004625 0.9325598939064763 0.0018686500737079275
0.3739937302478798 0.9365143372562016 0.0018047001154462275
0.39171014908092605 0.9348138903545703 0.0018705730732369807
0.41026581058271944 0.9374101864663303 0.0018202461317974373
0.4297004704320839 0.9437344586730547 0.0017273577995896218
0.4500557675700497 0.9451396309472199 0.0017125612648067074
0.4713753134116724 0.944051035220795 0.0017280001700302782
0.4937047852839004 0.9461105290871684 0.001716152869229794
0.517092024289676 0.9479771562149133 0.0017074843625654742
0.5415871378079471 0.9512349856172811 0.0016328465827440645
0.5672426068491978 0.9516584603116407 0.0016290980938145328
0.5941133984965034 0.9564508179867953 0.0015655457555578164
0.6222570836730231 0.9544820678343212 0.0016011330664274489
0.6517339604882427 0.9565706373892235 0.0015497359325993278
0.6826071834272386 0.9585291942770102 0.0015339585865128845
0.7149428986597577 0.9596886097676033 0.0015082074701841608
0.7488103857590023 0.9629976301926446 0.001427872712750782
0.7842822061337682 0.9614875476276493 0.001498130070437317
0.821434358491943 0.9645908961235579 0.0013939396983000138
0.8603464416684501 0.9629571216480312 0.0014665121553074523
0.9011018251665018 0.968034580296857 0.0013658855591570324
0.9437878277775381 0.9660762102109096 0.0014051886537994982
0.9884959046625587 0.9700268055112586 0.0013279255843452575
1.0353218432956626 0.9691069913056479 0.0013665158116497687
1.0843659686896108 0.9695566409434642 0.00134633337059615
1.135733358343105 0.9708737546491546 0.0013179964012202533
1.1895340673703196 0.9743726739232835 0.001226231591549688
1.2458833642950082 0.9734066228786804 0.0012634940199946815
1.3049019780144029 0.9754996866249187 0.0011974772954230282
1.3667163564620073 0.9785733045200062 0.001127583422513195
1.4314589375234785 0.9771113989848954 0.001173918187634136
1.4992684327860455 0.9776429847420693 0.001174911975566629
1.5702901247293775 0.9765154166411976 0.0012153607001905685
1.6446761779946644 0.9785447213618598 0.0011417275946603558
1.7225859653987874 0.9809491576387259 0.001066598031759663
1.8041864093920719 0.9795397833553008 0.0011504138440470869
1.8896523396912097 0.9803319989732854 0.0011009364637546205
1.9791668678535574 0.9795603964393212 0.0011521763755487108
2.072921779595372 0.9799265679621724 0.0011499301966295767
2.171117945694505 0.9819377948262039 0.0010653354117817196
2.2739657523579275 0.9807787012095036 0.001112267046679893
2.381685551976158 0.981645138602282 0.0010913748843683212
2.4945081352303164 0.9827501715799303 0.0010667674148416176
2.612675225563329 0.9830041132967501 0.001042074285079058
2.736439997074672 0.985984369115467 0.0009433807407631344
2.8660676169482504 0.9845267503850839 0.0010373257314061181
3.001835813575589 0.983950632994901 0.001016916770662753
3.1440354715915 0.9859819741449511 0.000968979744588309
3.2929712550971515 0.9848193393664093 0.0010029342905948078
3.44896226040576 0.9875979854790552 0.0009113675352855447
3.6123426997094303 0.9864148227493899 0.0009544614202503328
3.7834626171319288 0.9871598102634845 0.000939167211835103
3.9626886387014784 0.987811595836672 0.0009111253082288279
4.150404757850477 0.9899512286872545 0.0008291400198739205
4.347013158125026 0.9888444192786173 0.0008724917459555043
4.552935074866948 0.9888940588701768 0.0008626346822709684
4.768611697714469 0.9873557560313769 0.0009542683336355057
4.99450511585514 0.988453543618048 0.0009018181318500861
5.2310993080562636 0.9896905468401981 0.0008545463732147015
5.478901179593945 0.9902422623314405 0.0008059473179710932
5.738441648302393 0.990784658832925 0.0008124664901834667
6.010276782070382 0.9900992554830121 0.0008501457990037535
6.294988990221888 0.9908385703273314 0.0008114090605961794
6.593188271333548 0.9898949189406774 0.0008741451311181686
6.905513520162331 0.990637400060005 0.0008289584326132579
7.2326338964835335 0.9902120038380161 0.0008615017338513028
7.575250258771913 0.9918424871367366 0.0007653132479859819
7.934096665797492 0.9911411155339883 0.0008161434722199967
8.309941949353396 0.9925993948940358 0.0007455485346594158
8.703591361485167 0.9898455002964786 0.000911123814349462
9.115888299750829 0.9911752099466977 0.000828568296305886
9.547716114208056 0.9921306191742771 0.0007738406793348362
10.0 0.9933324921386356 0.0007208434719687943
