0.001 0.036262973464049095 0.0018862353112339004
0.0010353218432956625 0.03958544018978974 0.0021606727536857932
0.0010718913192051276 0.03920240178826531 0.002330027061036208
0.0011097524964120721 0.03992368715726208 0.002065257914073496
0.0011489510001873086 0.04227819009275653 0.0021802857059527777
0.0011895340673703195 0.04723112511068787 0.0024907116862803156
0.0012315506032928262 0.04643163551735486 0.002424990051014
0.0012750512407130128 0.05120156644417206 0.0026890681386527947
0.001320088400831418 0.04672569692910449 0.0023696548304843155
0.001366716356462006 0.04990552079182696 0.002500901941301093
0.0014149912974345759 0.05351390187062963 0.002571733233089157
0.0014649713983072863 0.05359808626070243 0.0026858381526093877
0.0015167168884709225 0.05815273743553435 0.0030052141199909776
0.0015702901247293774 0.058832658434147256 0.0030451529162149674
0.0016257556664437934 0.058236423066022905 0.0028572202569950625
0.0016831803533309566 0.06088223968964924 0.0030077526660373492
0.0017426333860096508 0.06651439495412406 0.003391311823775479
0.0018041864093920718 0.06370860683324761 0.0032142076320015667
0.0018679135990207828 0.06453081038243452 0.0030803849886509
0.0019338917504552302 0.06978807238707438 0.003348170183268473
0.0020022003718155844 0.07259845939980374 0.0035865836862132372
0.002072921779595372 0.07540865197017223 0.00364069510869951
0.0021461411978584036 0.07310524903076035 0.003447920208464427
0.002221946860939524 0.07734843787653697 0.0036866768796812006
0.002300430119772917 0.07898373187929164 0.003804604836826325
0.002381685551976158 0.08096980518778565 0.003858669692342067
0.002465811075822604 0.09248277083678028 0.004346100201172841
0.0025529080682395165 0.08231218355935051 0.003886617722005083
0.0026430814869741054 0.09448485682950819 0.004453575078073331
0.0027364399970746718 0.0858745584924427 0.003867608114903307
0.002833096101839324 0.09466844491737157 0.004493258153634339
0.0029331662783900455 0.09668942850699855 0.004564962215091584
0.0030367711180354575 0.10209262920181959 0.004634253468640751
0.0031440354715915 0.10387312181615072 0.004716976467217521
0.0032550885998350564 0.10851985128223655 0.004820227117607958
0.003370064329271928 0.10133815900477243 0.004559808866070063
0.0034891012134067737 0.11583825152583944 0.005149591805330592
0.0036123426997094303 0.10967574304402679 0.004863890772520392
0.0037399373024787977 0.10442059198121127 0.0042938729517402775
0.003872038781812557 0.10957655487856462 0.004717740668215013
0.004008806328898464 0.12040427237631657 0.005303455556812515
0.004150404757850477 0.12584866797552574 0.005491653813000033
0.00429700470432084 0.1407137393877128 0.005807098470520009
0.004448782831127585 0.13215424055071934 0.005541618617150754
0.004605922041145104 0.1583374279530289 0.006502524861835841
0.004768611697714469 0.1423743201618679 0.005804757064155421
0.004937047852839003 0.14947801947993866 0.0061711977951739855
0.005111433483440166 0.15224387161478478 0.006230688499633604
0.005291978735958442 0.15396860565973064 0.006080413515340794
0.005478901179593945 0.16169626341123888 0.0061258229566528224
0.005672426068491977 0.16278688841254899 0.006315085150282427
0.005872786613189483 0.15482892247433766 0.00601455080270324
0.006080224261649421 0.17004568539806836 0.006427652796709419
0.006294988990221888 0.16942349802128978 0.006109910256382912
0.00651733960488242 0.187364309560125 0.006699149372865729
0.006747544053110693 0.16841805401278276 0.006157667669171097
0.0069858797467852495 0.19507678819681565 0.006925812806749988
0.007232633896483534 0.1999361531997512 0.007221341953641917
0.007488103857590023 0.21143677020867224 0.007331393145936611
0.007752597488629464 0.2008690833786896 0.006797764201512169
0.008026433522257174 0.20248366446224403 0.006803168661887239
0.008309941949353396 0.21419674083925125 0.007400080413631869
0.008603464416684501 0.22467339455305432 0.00733851006188946
0.00890735463861044 0.22192755085729143 0.00713844130395215
0.009221978823334321 0.21607418146080692 0.006899630560314572
0.009547716114208056 0.23546503521050874 0.007775446682256912
0.009884959046625586 0.2416800209015185 0.007719561029766637
0.010234114021054532 0.24973857829383606 0.008005400334441169
0.010595601792776159 0.24110498350248827 0.007837212157819386
0.010969857978923836 0.25325866768315103 0.007891964852928495
0.01135733358343105 0.27161635039426013 0.008051257146658435
0.011758495540521564 0.25550470242199164 0.007553723679049723
0.012173827277396614 0.25913062026980094 0.007653469009907881
0.012603829296797275 0.2544458810314107 0.007124323591501882
0.013049019780144023 0.2893496930529411 0.008169600355089313
0.013509935211980266 0.2859574553133751 0.00796117594695855
0.01398713102647238 0.27861426359474945 0.007670736321698605
0.014481182276745337 0.3024439506365527 0.008246507531121168
0.014992684327860457 0.30724786185980396 0.00830918675444363
0.015522253574270471 0.3272993421358267 0.008362567576944502
0.016070528182616384 0.3029790532081544 0.008279094889960793
0.016638168860761283 0.32074305522376945 0.00796265084726479
0.017225859653987867 0.3362473743214426 0.00840180693566314
0.017834308769319095 0.3407783775107504 0.00868518396090697
0.018464249428955436 0.333658338472157 0.008109024461596077
0.019116440753857017 0.35777635032617106 0.008528634770965476
0.019791668678535563 0.35487192763623043 0.00828045649558976
0.020490746898158472 0.3745130442343589 0.008825688851895984
0.021214517849106298 0.37192664476647236 0.00851290899875659
0.02196385372416546 0.38888027027743266 0.008808064362110029
0.022739657523579274 0.38294164730207203 0.008325710905650336
0.023542864143224165 0.3991815618952998 0.008785571947722875
0.024374441501222206 0.40399439572256074 0.00868520584644765
0.02523539170434766 0.3974079113164449 0.008863239401118392
0.026126752255633278 0.42097156347726816 0.008916357542512588
0.027049597304631343 0.4190242716868781 0.008772168343488474
0.02800503894183631 0.4273288002952515 0.008968392804385118
0.028994228538828767 0.4489242821223482 0.008927117678492375
0.03001835813575589 0.450619716070927 0.009213530958023991
0.031078661877820123 0.44752205969281167 0.008941788286600813
0.032176417502507354 0.4623051197625937 0.009091905887237036
0.03331294787934674 0.4722818523072917 0.008942941246601875
0.03448962260405758 0.4939256355997012 0.009548279559711123
0.03570785964900463 0.49531590712541845 0.009136799097956276
0.03696912707195026 0.5070632829732985 0.009029302884601575
0.03827494478516311 0.4909880145484591 0.009183177781315808
0.03962688638701478 0.5245591017128275 0.009169369133392872
0.04102658105827192 0.5161088963486884 0.00918242933375171
0.04247571552536898 0.5258975216057553 0.009235586066735758
0.043976036093027186 0.5503228836469342 0.009365864199690098
0.04552935074866948 0.5667854707105896 0.008810604068207332
0.047137531341167244 0.552052669562487 0.009353352134094418
0.04880251583654431 0.5721651311857578 0.009209994675015671
0.0505263106533568 0.5704836063858164 0.009302331638228335
0.05231099308056261 0.5828390322814357 0.009251709483813363
0.054158713780794704 0.5828628659465505 0.009438300025926967
0.05607169938205458 0.6181788687887246 0.009213683388719262
0.05805225516094899 0.6227542827501398 0.009183864583393661
0.06010276782070382 0.635199723527427 0.009444974597111218
0.06222570836730228 0.632761570224286 0.009332192043495204
0.0644236350872137 0.6321990026294879 0.009189452663782488
0.06669919663030122 0.6457323466234814 0.009373001661496497
0.06905513520162328 0.6530633357271282 0.009388784331236057
0.07149428986597577 0.6728198161464358 0.009059439981220847
0.07401959996915641 0.6780978233593851 0.009033603111358887
0.07663410868007454 0.6671931059234943 0.009463136073781101
0.07934096665797492 0.6843244192465513 0.009222355387474394
0.08214343584919426 0.6881110626234065 0.00901654912690719
0.08504489341802678 0.6934782608949948 0.00929247769105418
0.0880488358164346 0.6872930459685558 0.00933423988600934
0.09115888299750818 0.7100617860047502 0.009240356566901751
0.09437878277775381 0.7228056276511352 0.009230442674074128
0.09771241535346496 0.7139348326624408 0.009117415657252676
0.1011637979766207 0.7500110260580349 0.00897441548996048
0.10473708979594497 0.7399152880829071 0.008985348194543908
0.10843659686896098 0.7511831910785233 0.008789467305999738
0.11226677735108136 0.7553815253601429 0.008701458266929914
0.11623224686798518 0.7735722198678293 0.008814763776206491
0.12033778407775893 0.7609188522819404 0.009006124446936204
0.12458833642950082 0.7823094468147275 0.008575911806795648
0.1289890261253308 0.779281817778397 0.008702350495178304
0.13354515629298988 0.7793047102206428 0.008868051318370354
0.1382622173764655 0.8104836079141403 0.008296964472785204
0.14314589375234785 0.8122632457376526 0.008034116555229377
0.14820207057988585 0.8074582038290673 0.008444692787035907
0.15343684089300116 0.7921547467638104 0.008918821644087206
0.15885651294280528 0.8145787476574633 0.008207757157273963
0.16446761779946628 0.8178293236591433 0.008183767168040802
0.17027691722258995 0.82941996017617 0.008171357130909567
0.1762914118095948 0.8267078133642802 0.008306273016879364
0.18251834943190426 0.8342788127648462 0.008325409801689788
0.18896523396912096 0.8299568419831556 0.008257963499085896
0.1956398343517063 0.8461671388524492 0.008078534519430743
0.20255019392306664 0.8455714762650663 0.007970129434352598
0.2097046401323233 0.8487844226984989 0.007879377361989327
0.21711179456945032 0.8544294316935778 0.007749286832508715
0.22478058335487253 0.8523854208832254 0.00787470703336722
0.23272024789604073 0.8692723508865545 0.007450608800263823
0.24094035602395245 0.8698335745148548 0.0075457281025620195
0.24945081352303167 0.872258802813149 0.007524192472133165
0.2582618760682675 0.8860828951648907 0.006886321224592716
0.26738416158399464 0.8756393565296955 0.0075357256154538034
0.2768286630392064 0.8882175708244247 0.007049096761013368
0.286606761694825 0.8849929803540983 0.007163413059279123
0.29673024081888694 0.8801471632105734 0.007557453114422865
0.3072112998861756 0.8979266385321659 0.006815809990433048
0.3180625692794119 0.903640298905467 0.006774113931497541
0.3292971255097148 0.8815504273703582 0.0074681450495633775
0.3409285069746811 0.90936260540623 0.006606843566236301
0.352970730273065 0.9014371976875905 0.0069477483140842015
0.36543830709572545 0.9184284834941884 0.00615220900543253
0.3783462617131929 0.9074482435502995 0.006668907360702573
0.39171014908092566 0.9008412412823324 0.006736837363394629
0.4055460735840828 0.9062015278697727 0.0070723793762416
0.419870708444391 0.9137770955441388 0.006649997464847724
0.4347013158125022 0.9228182933441577 0.0064013662413753515
0.4500557675700497 0.9118605673274542 0.006547192672754985
0.46595256686646774 0.9184329345691997 0.006240744156713298
0.48241087041653685 0.9301457522417552 0.006031782224775237
0.499450511585514 0.9269395174521504 0.006345646937622532
0.5170920242896755 0.9382098334974907 0.005461760624066754
0.5353566677410724 0.9176900886962435 0.006966554403638234
0.5542664520663102 0.9364010139337151 0.005597272477624552
0.5738441648302393 0.9478756161252807 0.005171658672989236
0.5941133984965034 0.9384135254686435 0.005783582159048641
0.6150985788580497 0.9369386291481496 0.005816035825792088
0.6368249944718586 0.9293534876527778 0.0062509365152172616
0.6593188271333542 0.9380927099593459 0.005967665696530169
0.6826071834272386 0.9360203218172967 0.006087150936797147
0.7067181273927491 0.9405585160016101 0.005630147453613635
0.7316807143427192 0.9529965706537704 0.005155147850912897
0.7575250258771913 0.9498288406206695 0.0053020048179443545
0.7842822061337682 0.9576248854355459 0.004809284980558676
0.8119844993184009 0.9581531582487318 0.004676894622284093
0.8406652885618325 0.9503905954153294 0.00527759559264197
0.8703591361485157 0.9558745161164106 0.005044419756768591
0.9011018251665018 0.9579739589609517 0.004593751229004921
0.9329304026284686 0.9505900394639728 0.005308500566917625
0.9658832241158698 0.9612456018068355 0.004542014789534979
1.0 0.9635150465748855 0.00432052416610501
