0.001 0.047865519206434726 0.0019571440791649204
0.0010353218432956625 0.04958051092095295 0.002207393504236476
0.0010718913192051276 0.05096295656209506 0.0022140764058587357
0.0011097524964120721 0.05418023618726619 0.002243312383860983
0.0011489510001873086 0.05248979511781317 0.002203124395472629
0.0011895340673703195 0.05281016355098287 0.0022303489722094515
0.0012315506032928262 0.054664425665432406 0.0023358144215149543
0.0012750512407130128 0.05579553162959101 0.002304876314094834
0.001320088400831418 0.0620484934443581 0.002622064697976462
0.001366716356462006 0.06034749479052502 0.002456560710049588
0.0014149912974345759 0.060179278033627624 0.002320159853210114
0.0014649713983072863 0.06726040249557974 0.0027510930081063143
0.0015167168884709225 0.06486245068299043 0.002750646571404835
0.0015702901247293774 0.07095870750914435 0.0028769746092679313
0.0016257556664437934 0.07661128133031885 0.003019902646268447
0.0016831803533309566 0.07625528355271621 0.0031343532028332986
0.0017426333860096508 0.07786123205133681 0.0032309872280546024
0.0018041864093920718 0.08874319952996894 0.0035685538870608023
0.0018679135990207828 0.08477226338270848 0.0033836693636903853
0.0019338917504552302 0.08674255932351344 0.00344785704441597
0.0020022003718155844 0.08680007017186207 0.0035164131998099432
0.002072921779595372 0.08955070114783667 0.003555929874874711
0.0021461411978584036 0.09168979598249674 0.0036421483335158603
0.002221946860939524 0.0984234990126671 0.003788076254429958
0.002300430119772917 0.09584630911184053 0.003829600338502126
0.002381685551976158 0.09645296617076733 0.003734022948547968
0.002465811075822604 0.10751131068576757 0.0040388578614206205
0.0025529080682395165 0.10288161982217785 0.003815309534266471
0.0026430814869741054 0.10330012348193207 0.003974354389041605
0.0027364399970746718 0.11016614351653788 0.004087214829061168
0.002833096101839324 0.12570973486840067 0.004659846617029352
0.0029331662783900455 0.11507999407918015 0.004256032744020549
0.0030367711180354575 0.11828178373414625 0.00444862550625408
0.0031440354715915 0.12220003637750614 0.004327772081399506
0.0032550885998350564 0.1279759731865906 0.004600494534461034
0.003370064329271928 0.12810142778725736 0.004357795784902066
0.0034891012134067737 0.14247847517893933 0.005220494768743155
0.0036123426997094303 0.14084939268513666 0.004868200662904147
0.0037399373024787977 0.15585463683269093 0.00529409970195116
0.003872038781812557 0.14587760623310975 0.004944440341812984
0.004008806328898464 0.14520907225223534 0.005015729951213762
0.004150404757850477 0.16224588446362043 0.005555985213676564
0.00429700470432084 0.17228264755635814 0.005877553025656304
0.004448782831127585 0.15910615060966393 0.005417630542869644
0.004605922041145104 0.16249590121654972 0.005238470089010018
0.004768611697714469 0.17721497742572642 0.005793770356126073
0.004937047852839003 0.18748768892854772 0.005923399281386474
0.005111433483440166 0.1921089231780814 0.006368528153492417
0.005291978735958442 0.18649268262121946 0.00606089723251164
0.005478901179593945 0.1980855721003267 0.006095530967917152
0.005672426068491977 0.2038839655098014 0.0065103524807785754
0.005872786613189483 0.20240704143545243 0.006094195217984109
0.006080224261649421 0.21318923892571512 0.006361848034140294
0.006294988990221888 0.2186844637900213 0.006501884287222874
0.00651733960488242 0.21371967937391514 0.006316827935359316
0.006747544053110693 0.2335858570168508 0.0065753925062409825
0.0069858797467852495 0.23329923274727735 0.0067985453544528
0.007232633896483534 0.2350019126146409 0.006616443378010876
0.007488103857590023 0.25339342802102377 0.0072013977309689295
0.007752597488629464 0.2440547725152597 0.006788441702278242
0.008026433522257174 0.25770107298390166 0.0070110421635812634
0.008309941949353396 0.2589029401733583 0.007160032940466104
0.008603464416684501 0.27054121796478475 0.007407000086306549
0.00890735463861044 0.28239063750304716 0.007459587938614581
0.009221978823334321 0.29587387807114407 0.007642377388095152
0.009547716114208056 0.2949198962595237 0.0074684771992177944
0.009884959046625586 0.29577885688494704 0.007635994624128937
0.010234114021054532 0.3085534542805492 0.007494946664895137
0.010595601792776159 0.30055202487185056 0.007338238762923865
0.010969857978923836 0.3083610329549161 0.007548897780866446
0.01135733358343105 0.3199468413076379 0.007895477864021222
0.011758495540521564 0.32970402542283034 0.007916187452677605
0.012173827277396614 0.35168593257015973 0.00811186381996685
0.012603829296797275 0.34663346597952843 0.007779762910254492
0.013049019780144023 0.3529109441574535 0.008208581473859937
0.013509935211980266 0.3550151457493349 0.007937204528126553
0.01398713102647238 0.35756795224379284 0.008186125120447117
0.014481182276745337 0.3691161486317634 0.008271166534671344
0.014992684327860457 0.38204404953257187 0.008084681456138377
0.015522253574270471 0.38490834459409623 0.008287055825784387
0.016070528182616384 0.40244927948499837 0.008630010700988715
0.016638168860761283 0.39650139616103863 0.008435798437725186
0.017225859653987867 0.38143208144891183 0.008508265430240225
0.017834308769319095 0.4138786418160266 0.008527815748188602
0.018464249428955436 0.4274087557516902 0.008624987866624882
0.019116440753857017 0.41686542587208303 0.008767023644463969
0.019791668678535563 0.44985447251178573 0.008591965482413892
0.020490746898158472 0.4775658814793924 0.008815127386130056
0.021214517849106298 0.467137834385031 0.008554740062351466
0.02196385372416546 0.4724582617938171 0.00883333040929774
0.022739657523579274 0.48125906528952145 0.008856072417773518
0.023542864143224165 0.48949123301048403 0.008986001418298813
0.024374441501222206 0.49065899484694264 0.008976312169353583
0.02523539170434766 0.5034174950366392 0.008930197064849005
0.026126752255633278 0.5011498908522058 0.009205878035668483
0.027049597304631343 0.5386383437382595 0.009277426355654669
0.02800503894183631 0.5249069865179703 0.009059251880578476
0.028994228538828767 0.5359055991426013 0.009221116865889927
0.03001835813575589 0.5611259813832339 0.009191426943548374
0.031078661877820123 0.5646133491402877 0.00892119101203542
0.032176417502507354 0.5571387545532036 0.009239731405788171
0.03331294787934674 0.5844715893803468 0.009154050237017985
0.03448962260405758 0.6003884038951685 0.009272607970007108
0.03570785964900463 0.5797501798790977 0.009394433784977054
0.03696912707195026 0.5876305636698891 0.009276006659676275
0.03827494478516311 0.6109955061665936 0.009673888515013756
0.03962688638701478 0.6338938655048568 0.009304975589351179
0.04102658105827192 0.6326880479058703 0.009431311499373743
0.04247571552536898 0.6381899555470661 0.009433154784168967
0.043976036093027186 0.6378092997035195 0.009386667345673868
0.04552935074866948 0.6545296802754775 0.009394636575380463
0.047137531341167244 0.6648696598567567 0.009105780698377284
0.04880251583654431 0.6833618926336009 0.009034714550635498
0.0505263106533568 0.681867640903157 0.009079552820458118
0.05231099308056261 0.6783527274985148 0.009546448940727486
0.054158713780794704 0.6872623656547714 0.009261712229212973
0.05607169938205458 0.7069931489851776 0.008814289155505365
0.05805225516094899 0.7049714139519344 0.009199572442506352
0.06010276782070382 0.7157887246704359 0.009384007698757073
0.06222570836730228 0.7076189558327083 0.00942136692323797
0.0644236350872137 0.7266934747979182 0.009475516138805339
0.06669919663030122 0.729572668379971 0.009248277555913075
0.06905513520162328 0.7442111052918458 0.009001084016544463
0.07149428986597577 0.7446702107154495 0.009015721562414314
0.07401959996915641 0.7548137198904983 0.009069751015172923
0.07663410868007454 0.7538402557161957 0.009118566043746848
0.07934096665797492 0.7528013839027172 0.009093941486656276
0.08214343584919426 0.7636213984028576 0.00917222699993366
0.08504489341802678 0.7733306384086073 0.00890818999912524
0.0880488358164346 0.7781337062260779 0.0089827617180619
0.09115888299750818 0.7915523930530576 0.008737278181485432
0.09437878277775381 0.7915983008038272 0.008617812275975282
0.09771241535346496 0.808344579278821 0.008583645552398158
0.1011637979766207 0.8089135516237134 0.008274177540867166
0.10473708979594497 0.8051095175201287 0.008692329759555287
0.10843659686896098 0.8149613743429854 0.008838867033283527
0.11226677735108136 0.8271275587407981 0.008128527054180042
0.11623224686798518 0.8337304391853072 0.008042090466922409
0.12033778407775893 0.8293663966036618 0.0081553119099906
0.12458833642950082 0.8446733079164764 0.008051035518452536
0.1289890261253308 0.8298911862796123 0.008398699513717616
0.13354515629298988 0.8435474553164152 0.0082719703322094
0.1382622173764655 0.8604461104781491 0.007730646828901553
0.14314589375234785 0.8507752180856122 0.007973236400286883
0.14820207057988585 0.8524496598042376 0.007835792620492733
0.15343684089300116 0.8553769224999074 0.007978081510638585
0.15885651294280528 0.8618363790481474 0.00773121892684115
0.16446761779946628 0.8606064185378427 0.008148172407866645
0.17027691722258995 0.862206520379465 0.007898264369281567
0.1762914118095948 0.8738361114925672 0.007419802269132101
0.18251834943190426 0.8764680340738532 0.007559690574361689
0.18896523396912096 0.8700635670252632 0.0075503579843157744
0.1956398343517063 0.8736189848424549 0.0077297169609198664
0.20255019392306664 0.8861163636989638 0.007209532179304782
0.2097046401323233 0.8978772196722581 0.006926500147399057
0.21711179456945032 0.8939011317027059 0.007063574536185366
0.22478058335487253 0.8983897421012029 0.006752195484313806
0.23272024789604073 0.9079419308229217 0.006518871897592075
0.24094035602395245 0.9093699060955218 0.006676720794532677
0.24945081352303167 0.910212496246878 0.006626231252789103
0.2582618760682675 0.9076060228312457 0.006764518585232274
0.26738416158399464 0.9245366544121804 0.006190296329616955
0.2768286630392064 0.909770489982728 0.006716421725743374
0.286606761694825 0.9072041554323593 0.006802302300097352
0.29673024081888694 0.9199175436056569 0.006501582029733196
0.3072112998861756 0.9109106322992357 0.006806808801315936
0.3180625692794119 0.9249125465309125 0.006238611056892283
0.3292971255097148 0.930406735902663 0.00581830878566906
0.3409285069746811 0.9251190069835027 0.006120312996336425
0.352970730273065 0.9242899528474907 0.006257116549842887
0.36543830709572545 0.9242902186250542 0.0063211193993222255
0.3783462617131929 0.9291022170873205 0.005834557612156213
0.39171014908092566 0.9397369586361294 0.005510497636506482
0.4055460735840828 0.9358421936588924 0.005748790105925809
0.419870708444391 0.9341208735837493 0.00582387140928358
0.4347013158125022 0.942733583775522 0.005657358453852807
0.4500557675700497 0.9501328366598627 0.0048969758904435405
0.46595256686646774 0.9364829055572875 0.005812047228970307
0.48241087041653685 0.9448086912930883 0.005634475800053578
0.499450511585514 0.9508424874412974 0.005201068922914382
0.5170920242896755 0.9392170820337997 0.005964986894734423
0.5353566677410724 0.9511166610126063 0.005112789454649984
0.5542664520663102 0.9529041622377494 0.004959581603238112
0.5738441648302393 0.952047685205943 0.005272103142222262
0.5941133984965034 0.9602948121879722 0.004737035528517967
0.6150985788580497 0.9470094314313088 0.005599751396673683
0.6368249944718586 0.9593005869935131 0.0048484209245530825
0.6593188271333542 0.9624063612572197 0.004413221440967485
0.6826071834272386 0.9626890775108996 0.004500595495380933
0.7067181273927491 0.9555647930763808 0.00496472388123162
0.7316807143427192 0.9578228615671217 0.004806299590897795
0.7575250258771913 0.9640977186917141 0.004308514171116436
0.7842822061337682 0.9607129327426278 0.004843261930685707
0.8119844993184009 0.9704862579774871 0.0040180784184172605
0.8406652885618325 0.9631739528406938 0.00459284733296793
0.8703591361485157 0.9633357216442575 0.004568912587602019
0.9011018251665018 0.9570824102211376 0.005210964319346995
0.9329304026284686 0.9677238603254578 0.004153713142104739
0.9658832241158698 0.960634329845832 0.004708127657715411
1.0 0.9644029552350539 0.00442065022668902
