0.001 0.05053186565898495 0.002338702002519922
0.0010353218432956625 0.049339418880303264 0.002172494754403801
0.0010718913192051276 0.05027158257208805 0.0022121569306809458
0.0011097524964120721 0.05242814557484755 0.002147194728875234
0.0011489510001873086 0.053226655368852946 0.002165500193830365
0.0011895340673703195 0.056409460205849665 0.002313937694131215
0.0012315506032928262 0.05690012528098987 0.002376150692885544
0.0012750512407130128 0.05973948725390929 0.00246636613226942
0.001320088400831418 0.06382275213952074 0.0027336772740923555
0.001366716356462006 0.0633372114859395 0.002587303778460564
0.0014149912974345759 0.06434533419597051 0.002608076526114281
0.0014649713983072863 0.07073647495428113 0.0028983432142052406
0.0015167168884709225 0.07075973659013124 0.002803566604871832
0.0015702901247293774 0.06999453925441716 0.0027919542865674054
0.0016257556664437934 0.07202983848729445 0.0028548799892667716
0.0016831803533309566 0.07149410138344643 0.0028451827043716135
0.0017426333860096508 0.08179325217033324 0.0033823099351966658
0.0018041864093920718 0.08621519993917924 0.0034379810186453323
0.0018679135990207828 0.0847293157667604 0.003260096525341751
0.0019338917504552302 0.08933251888835039 0.0037809154410031152
0.0020022003718155844 0.09024156033333545 0.00361229410791927
0.002072921779595372 0.09911293114469669 0.0038930879412214744
0.0021461411978584036 0.09650537590242908 0.0037301617500721533
0.002221946860939524 0.09828658238998858 0.003755486227102898
0.002300430119772917 0.10208739005886983 0.0038674510786481835
0.002381685551976158 0.09663763397637191 0.0035288208724852856
0.002465811075822604 0.10364139470790322 0.00372638032433586
0.0025529080682395165 0.10666416942819125 0.0042766987938757
0.0026430814869741054 0.10999690655184233 0.003963363243794801
0.0027364399970746718 0.11784520738307527 0.004506791899327461
0.002833096101839324 0.11627875189524385 0.004304899422075213
0.0029331662783900455 0.12230099002457988 0.004339945404290261
0.0030367711180354575 0.12574240912980209 0.004535038306793552
0.0031440354715915 0.13986528585910946 0.005001635103255242
0.0032550885998350564 0.13318257783273663 0.004728216571464325
0.003370064329271928 0.1440518618273101 0.004974294181543682
0.0034891012134067737 0.14429620794550352 0.005297325555821723
0.0036123426997094303 0.14849397980490794 0.005136165475984557
0.0037399373024787977 0.15018182949064515 0.005146561635945062
0.003872038781812557 0.1477710404099923 0.004917033213415236
0.004008806328898464 0.1542419048349437 0.005234396241799546
0.004150404757850477 0.16079138073046614 0.005507320598855968
0.00429700470432084 0.17082090683133505 0.005740985723458764
0.004448782831127585 0.1751077477383579 0.005581966525544526
0.004605922041145104 0.16684342519908194 0.005360144114427148
0.004768611697714469 0.17709034180065106 0.005596220778281681
0.004937047852839003 0.20041542688280214 0.006294564564265442
0.005111433483440166 0.1821434033837068 0.0059436070689809885
0.005291978735958442 0.195690954755056 0.006033331608711652
0.005478901179593945 0.20263741160830517 0.006082939079752643
0.005672426068491977 0.20552334968139951 0.00641342682493037
0.005872786613189483 0.2013675859776186 0.006208341736481106
0.006080224261649421 0.20485433043186607 0.006340123698796766
0.006294988990221888 0.20886683320310628 0.0060752580094509435
0.00651733960488242 0.21494860958046583 0.006396541588496933
0.006747544053110693 0.240002398908134 0.0068539809641541185
0.0069858797467852495 0.2382089809163359 0.006722740400866733
0.007232633896483534 0.2403241120975416 0.006703280192622715
0.007488103857590023 0.2545694066840455 0.007048327057472094
0.007752597488629464 0.24103837593294503 0.006611604831120362
0.008026433522257174 0.2576815754218728 0.0069128882626534735
0.008309941949353396 0.27648905877835794 0.007304008776385582
0.008603464416684501 0.29524042652949656 0.007545560850509091
0.00890735463861044 0.2839910325542716 0.007534887197563146
0.009221978823334321 0.2898629718024689 0.007339341489214241
0.009547716114208056 0.2815236319743084 0.00721128023819116
0.009884959046625586 0.294285621361137 0.007273704089603381
0.010234114021054532 0.31747764381114096 0.007847998949144282
0.010595601792776159 0.3151352669221949 0.00766161691952299
0.010969857978923836 0.3332348571104908 0.008200930602452073
0.01135733358343105 0.3238034799462299 0.00784354194116364
0.011758495540521564 0.3341276023532157 0.007697823854690604
0.012173827277396614 0.34522054415429626 0.007689540976240295
0.012603829296797275 0.3425174405231497 0.007652637139689473
0.013049019780144023 0.3616269603271747 0.008073829465826974
0.013509935211980266 0.36659195723049776 0.008135073513023262
0.01398713102647238 0.3675573084849427 0.00799236468912922
0.014481182276745337 0.3881607970692725 0.008228313353221646
0.014992684327860457 0.3926269336376646 0.008333118236499572
0.015522253574270471 0.4014610924273658 0.008221273685787416
0.016070528182616384 0.40131697514362324 0.008674382345371663
0.016638168860761283 0.40622075458017254 0.008458640206311293
0.017225859653987867 0.41370559048310274 0.008235362572052403
0.017834308769319095 0.428992192688708 0.008555195738900758
0.018464249428955436 0.43365794148533393 0.008474670532404884
0.019116440753857017 0.45542488894037236 0.008891863359046593
0.019791668678535563 0.4521026685198901 0.008875733366736915
0.020490746898158472 0.44552483128599674 0.008636421867986384
0.021214517849106298 0.4694628991389633 0.008819747831643236
0.02196385372416546 0.49891087551766855 0.00866960201364038
0.022739657523579274 0.4838129129761577 0.008868122930058142
0.023542864143224165 0.5028555969622672 0.008967916422044711
0.024374441501222206 0.4972586375769881 0.008924845333372561
0.02523539170434766 0.49919298459964045 0.008923727608957058
0.026126752255633278 0.5171988747581552 0.009045334872164107
0.027049597304631343 0.540489824475721 0.009275849679946742
0.02800503894183631 0.5264908008429803 0.009247643778696723
0.028994228538828767 0.5394793885043409 0.009142429265999988
0.03001835813575589 0.5600150682566618 0.0090268020637732
0.031078661877820123 0.5589947492918186 0.009181483141456592
0.032176417502507354 0.5530168819590474 0.009245668329152806
0.03331294787934674 0.5790276535628064 0.009267838069713446
0.03448962260405758 0.5982112206324608 0.009372777218768166
0.03570785964900463 0.5989292071325624 0.00953136562983315
0.03696912707195026 0.6122191904800391 0.009312792118200453
0.03827494478516311 0.6162382486559116 0.009558460399478726
0.03962688638701478 0.6282909839058339 0.009100468452779698
0.04102658105827192 0.6316598954956694 0.009120146807403756
0.04247571552536898 0.6597297321679165 0.009121543610744964
0.043976036093027186 0.6455402180215096 0.009215119092882187
0.04552935074866948 0.6532763267568256 0.009473289324855147
0.047137531341167244 0.663482956118064 0.009317673838419223
0.04880251583654431 0.6720731590306692 0.009085277420836016
0.0505263106533568 0.6954667475170844 0.00896059013559809
0.05231099308056261 0.6828685749352433 0.00949476887525977
0.054158713780794704 0.7106328395061536 0.008965914184119753
0.05607169938205458 0.6943767981278304 0.009143651892919704
0.05805225516094899 0.7129581871162723 0.009006289682121322
0.06010276782070382 0.7245351153230016 0.009226486490830011
0.06222570836730228 0.7400621486218482 0.008973235029822604
0.0644236350872137 0.7308655748110019 0.009222007856085403
0.06669919663030122 0.7517804705637618 0.008692276726517944
0.06905513520162328 0.7493144978954711 0.00893796510546638
0.07149428986597577 0.7579112492180146 0.009112290054436527
0.07401959996915641 0.7647949825133096 0.00897478645981267
0.07663410868007454 0.7568080510704808 0.009265512070159196
0.07934096665797492 0.7859258766564514 0.00840598677535084
0.08214343584919426 0.7842550740696984 0.008803415917932359
0.08504489341802678 0.7940809369689149 0.008517810925871453
0.0880488358164346 0.7976218559897102 0.008644519878359087
0.09115888299750818 0.8026649722211994 0.00827415123205749
0.09437878277775381 0.8053413875032258 0.008731628058042453
0.09771241535346496 0.8167196864267644 0.008236689320439443
0.1011637979766207 0.8091638476391797 0.00849673686202212
0.10473708979594497 0.8323645261105769 0.007804478738553903
0.10843659686896098 0.8428313670326505 0.0076907564754975484
0.11226677735108136 0.822509372925106 0.008417981992910554
0.11623224686798518 0.8432672143163773 0.008049412814865976
0.12033778407775893 0.8328010953499491 0.008222041067759896
0.12458833642950082 0.8476050633457582 0.007772422042915707
0.1289890261253308 0.8565701860792956 0.0074676379961324925
0.13354515629298988 0.8512908568648945 0.007722809023049843
0.1382622173764655 0.8503066622263248 0.007850740851814393
0.14314589375234785 0.8684453000419727 0.007379776383349793
0.14820207057988585 0.8586137415017682 0.00781977030862652
0.15343684089300116 0.8666589586914806 0.007625704106416874
0.15885651294280528 0.8849595392968664 0.006940082360114158
0.16446761779946628 0.8939341951954335 0.006878362207296697
0.17027691722258995 0.8809436371675454 0.00718034846472019
0.1762914118095948 0.876828923798144 0.007303067157150329
0.18251834943190426 0.8758164546172387 0.00754242196455824
0.18896523396912096 0.8894178057665447 0.00716023231356271
0.1956398343517063 0.8988575305712136 0.0066486522560344295
0.20255019392306664 0.8959242544404195 0.00690058868768986
0.2097046401323233 0.8913859656656753 0.007137753393768697
0.21711179456945032 0.9160504028812659 0.006329115711106784
0.22478058335487253 0.917178468124009 0.006309693125106502
0.23272024789604073 0.912786393603183 0.006404761420768786
0.24094035602395245 0.9133442572947718 0.006394685636732273
0.24945081352303167 0.9134152735549219 0.006405447218657886
0.2582618760682675 0.9101769288202143 0.006891206564145426
0.26738416158399464 0.9205843404338586 0.006284562276503189
0.2768286630392064 0.9210242825430917 0.006258651352067797
0.286606761694825 0.922841548926825 0.006329947537856226
0.29673024081888694 0.9232179677914633 0.006098339143358066
0.3072112998861756 0.9265113636991359 0.006022206733668207
0.3180625692794119 0.9299951271857825 0.005693478553771904
0.3292971255097148 0.9194095394211285 0.006557846815948673
0.3409285069746811 0.9267344410648941 0.006127303238537615
0.352970730273065 0.9378103277482124 0.005710149424107458
0.36543830709572545 0.9376591850312692 0.005639661635728007
0.3783462617131929 0.9305584768104637 0.006016147700660241
0.39171014908092566 0.9381313180933192 0.005627111150803249
0.4055460735840828 0.9460195406127452 0.005288084361186439
0.419870708444391 0.9394818318165505 0.005846188109333288
0.4347013158125022 0.9391249879058909 0.005692341812338277
0.4500557675700497 0.9517647266995171 0.004923343805512189
0.46595256686646774 0.9465763152148895 0.0052622010971408555
0.48241087041653685 0.9411323827626301 0.005752079182544031
0.499450511585514 0.9367330077322626 0.005907346061746301
0.5170920242896755 0.9494394720842525 0.005271174328873698
0.5353566677410724 0.9519142607995451 0.005300012620278119
0.5542664520663102 0.9563392706748964 0.004700996312587477
0.5738441648302393 0.9549734742276684 0.004901563299024942
0.5941133984965034 0.9665248052617746 0.004342068879078206
0.6150985788580497 0.9539016882075556 0.004973036144175564
0.6368249944718586 0.948594892825735 0.00563987655018734
0.6593188271333542 0.9605516199226718 0.004644431936459393
0.6826071834272386 0.9637556457992653 0.0044289460122793195
0.7067181273927491 0.959516607113545 0.004850580364884519
0.7316807143427192 0.9604872318061447 0.00487350531440449
0.7575250258771913 0.9580585683722815 0.004983756649679491
0.7842822061337682 0.9616909228333029 0.004712998118171664
0.8119844993184009 0.968186805196144 0.004298718950697046
0.8406652885618325 0.964486630816612 0.004569013587392005
0.8703591361485157 0.9683516886490573 0.004285550613824355
0.9011018251665018 0.9703967125814824 0.0040659963805272275
0.9329304026284686 0.9688065758581536 0.004346287769674866
0.9658832241158698 0.9708110706967239 0.004165545974312116
1.0 0.9621576428465487 0.004697588388859265
