0.001 0.0011972921572622013 0.00022941934247312058
0.0010353218432956625 0.0017921996078444921 0.00036842007193568213
0.0010718913192051276 0.0022860084284625397 0.000464341567089512
0.0011097524964120721 0.0014641805916879344 0.00021155711325677635
0.0011489510001873086 0.0017713675311616913 0.0003098579143282839
0.0011895340673703195 0.0026701869739926007 0.0005061710930084358
0.0012315506032928262 0.0023596745065447033 0.00034165813824606575
0.0012750512407130128 0.0033156695453046485 0.000599352313446622
0.001320088400831418 0.0023365879408902518 0.00040671828080874467
0.001366716356462006 0.0025416893142661723 0.00033023605383021153
0.0014149912974345759 0.0028340073740108418 0.00045364818054245237
0.0014649713983072863 0.0034050428843082846 0.000626591690627162
0.0015167168884709225 0.004659460163990572 0.0008242126503491667
0.0015702901247293774 0.004586598638197224 0.0006740921884549645
0.0016257556664437934 0.003806427985330364 0.00047393019626619786
0.0016831803533309566 0.00465089405331837 0.0007706143134076682
0.0017426333860096508 0.0064352865135422046 0.0009974683943469657
0.0018041864093920718 0.0057532102988492205 0.000988340517064564
0.0018679135990207828 0.004967230265678253 0.0006978683155033091
0.0019338917504552302 0.00639652100488157 0.0009902708449674475
0.0020022003718155844 0.007691661300225044 0.0011030854417559924
0.002072921779595372 0.007888212184007155 0.001055775173115313
0.0021461411978584036 0.007143504618277504 0.0010857254720576222
0.002221946860939524 0.00836531292534623 0.0011483121499896109
0.002300430119772917 0.0092086644527692 0.0012292738968979853
0.002381685551976158 0.009409510266762395 0.0011773987724686746
0.002465811075822604 0.012922681785877063 0.001590295430051342
0.0025529080682395165 0.009885663483064647 0.001328091490345747
0.0026430814869741054 0.014416446926931165 0.0019219427133403033
0.0027364399970746718 0.009849263368790434 0.0012682636404815937
0.002833096101839324 0.014777848747602775 0.0018454109390033796
0.0029331662783900455 0.015120196617967707 0.0017705438745529445
0.0030367711180354575 0.016439911047185493 0.0020320755095708893
0.0031440354715915 0.017250805016766086 0.002148182945189761
0.0032550885998350564 0.01822250156848029 0.0021580342383321588
0.003370064329271928 0.016210281258773964 0.0022133203727541487
0.0034891012134067737 0.02199399859786231 0.0025330254029018247
0.0036123426997094303 0.018891297571531667 0.002249687255669585
0.0037399373024787977 0.014349254597600255 0.0018699007223384639
0.003872038781812557 0.01839544493231239 0.002478216108410698
0.004008806328898464 0.02449117806115003 0.0028098498190040552
0.004150404757850477 0.026753324135441806 0.0030132788436928737
0.00429700470432084 0.03129869519589781 0.0031818366889627596
0.004448782831127585 0.028237967009399824 0.0031688821003627355
0.004605922041145104 0.04230451463988557 0.0038638741039882032
0.004768611697714469 0.033025727862708874 0.0036244426843392258
0.004937047852839003 0.03772909673508264 0.0037556694194484
0.005111433483440166 0.038545289543135935 0.003814222710134418
0.005291978735958442 0.037188974469053025 0.003715769024037165
0.005478901179593945 0.03844134441276894 0.0038250378449786447
0.005672426068491977 0.04204682790381544 0.004293617785836004
0.005872786613189483 0.03807126932379619 0.004284448509944415
0.006080224261649421 0.04477366544636501 0.004547420918300598
0.006294988990221888 0.040616698996975786 0.004194845326976454
0.00651733960488242 0.05184640179135004 0.004968594646515206
0.006747544053110693 0.04137573483618014 0.0044500006649676105
0.0069858797467852495 0.057261597661024004 0.005368459553961782
0.007232633896483534 0.06258276135895233 0.005636856033294619
0.007488103857590023 0.06672470716061153 0.005767721774394697
0.007752597488629464 0.05622727710531793 0.0052505080936205185
0.008026433522257174 0.056736206008990805 0.005353030468774004
0.008309941949353396 0.06916183677828369 0.0060451096602573764
0.008603464416684501 0.0708594259204687 0.00615610682551304
0.00890735463861044 0.06538796159622345 0.005683482487544859
0.009221978823334321 0.06147798649075591 0.005678139477251797
0.009547716114208056 0.08194414785348854 0.006777624387911874
0.009884959046625586 0.0814114621164415 0.006549140245323909
0.010234114021054532 0.09105596595375869 0.007309219193804605
0.010595601792776159 0.08441265363324907 0.006994726939980858
0.010969857978923836 0.08819689700914435 0.006947497269091582
0.01135733358343105 0.09792230482944876 0.007412650292425506
0.011758495540521564 0.08241975956299546 0.006656285190127671
0.012173827277396614 0.08492994300131557 0.006724461986256048
0.012603829296797275 0.07474509959787987 0.006373503030117109
0.013049019780144023 0.10576211888061711 0.0076293897447768395
0.013509935211980266 0.10005614522624268 0.00740020557539394
0.01398713102647238 0.09067918522340213 0.006838147134278951
0.014481182276745337 0.11173131641352614 0.007676726024294201
0.014992684327860457 0.11636557983646563 0.008128752103590637
0.015522253574270471 0.12558767372241747 0.008270393783171136
0.016070528182616384 0.1126689354177249 0.007874767068872685
0.016638168860761283 0.11357203568586752 0.007621112939830009
0.017225859653987867 0.12969753316774174 0.008273375169271171
0.017834308769319095 0.13805972776964984 0.008556897794252515
0.018464249428955436 0.12019499408713756 0.007645748964137157
0.019116440753857017 0.1433323929251108 0.008629251769441057
0.019791668678535563 0.13325858136109672 0.007881921466015119
0.020490746898158472 0.15829658015628703 0.00889943555396847
0.021214517849106298 0.1475303587751241 0.008214201703743707
0.02196385372416546 0.16514173839801097 0.008833189341469582
0.022739657523579274 0.14948410956870636 0.008130133387892795
0.023542864143224165 0.17067953797180177 0.00892054222755379
0.024374441501222206 0.1708322486885117 0.008825482669545907
0.02523539170434766 0.171097616248241 0.008899679524100618
0.026126752255633278 0.1862851536788843 0.008997280723829734
0.027049597304631343 0.182177431270695 0.00887548164069463
0.02800503894183631 0.19318336200974787 0.00933150065236304
0.028994228538828767 0.20795563901129463 0.009457855379482455
0.03001835813575589 0.21419404470903844 0.00941494045464955
0.031078661877820123 0.2055381269550834 0.00922839049161613
0.032176417502507354 0.22042066867507326 0.009502413624622848
0.03331294787934674 0.2237458392282582 0.009343755006465155
0.03448962260405758 0.25928437745482724 0.010179701326065563
0.03570785964900463 0.24833222401205285 0.009741755239008876
0.03696912707195026 0.2561039385997479 0.009788128617647518
0.03827494478516311 0.24550453477273668 0.009611496364084433
0.03962688638701478 0.27747213296209033 0.010201158424789488
0.04102658105827192 0.269869751993177 0.01003309781160063
0.04247571552536898 0.2795903744211017 0.010000643245427522
0.043976036093027186 0.3086621110249127 0.010511480555289164
0.04552935074866948 0.30952906205415853 0.009984556028487277
0.047137531341167244 0.30894268832790805 0.010374647195433323
0.04880251583654431 0.3258804576877324 0.010245075718190754
0.0505263106533568 0.3279890929604533 0.010514077122256675
0.05231099308056261 0.34007439768075853 0.01052399326744062
0.054158713780794704 0.3453602247863896 0.010609393551334351
0.05607169938205458 0.3825884211429089 0.010829302245218773
0.05805225516094899 0.38700221771617466 0.010761689812592607
0.06010276782070382 0.41145880615851815 0.011140284183776923
0.06222570836730228 0.40439430152428524 0.010914638872252648
0.0644236350872137 0.39944872758430916 0.010783434063449487
0.06669919663030122 0.42391731305176383 0.011139331975717755
0.06905513520162328 0.4333987591904639 0.011040930208850767
0.07149428986597577 0.4525349837595193 0.010998993027315884
0.07401959996915641 0.4593075053770118 0.010961903670583726
0.07663410868007454 0.4576056638266046 0.011426704687504272
0.07934096665797492 0.47592767582373136 0.011296974560797481
0.08214343584919426 0.47503326009311925 0.011157537382091385
0.08504489341802678 0.4917233471564999 0.011368251365475047
0.0880488358164346 0.4825545288287707 0.011276248984093537
0.09115888299750818 0.5162201619611542 0.011405896852575644
0.09437878277775381 0.5363472648402249 0.011339630396063578
0.09771241535346496 0.5194940575844144 0.01144645357105904
0.1011637979766207 0.5763527352184042 0.011434758806466829
0.10473708979594497 0.5594718879396798 0.01150142071044646
0.10843659686896098 0.5730453254015514 0.011413153148931092
0.11226677735108136 0.5784124030822001 0.011397129663065032
0.11623224686798518 0.6150127792494179 0.011465117966325338
0.12033778407775893 0.5981027112701381 0.011618494994595444
0.12458833642950082 0.6229243401838048 0.011171430947829823
0.1289890261253308 0.6218177871881543 0.011318542300292861
0.13354515629298988 0.6279087171513268 0.01155104752781394
0.1382622173764655 0.6717384949285898 0.011254604320290152
0.14314589375234785 0.66641378570037 0.010938708780291129
0.14820207057988585 0.6689782722882985 0.011184658675976076
0.15343684089300116 0.6531182243816168 0.011446253728284285
0.15885651294280528 0.6767502736429524 0.011079758869424918
0.16446761779946628 0.6827394141168047 0.011031739248012722
0.17027691722258995 0.707195399427185 0.011039837531219641
0.1762914118095948 0.7046989594792272 0.011146874680444022
0.18251834943190426 0.7203534799932121 0.010941979713519637
0.18896523396912096 0.7111478110226446 0.011213466777403657
0.1956398343517063 0.7386617585449247 0.010698591377139108
0.20255019392306664 0.7346644193466682 0.010740410048246857
0.2097046401323233 0.7401794630982851 0.010821276666389027
0.21711179456945032 0.7491305613392492 0.010768121071648661
0.22478058335487253 0.7482892395334448 0.010829275812147729
0.23272024789604073 0.772955189576142 0.010277581040816053
0.24094035602395245 0.7776841943879986 0.010448474364828764
0.24945081352303167 0.78238052885873 0.010381888352258145
0.2582618760682675 0.7976588159153969 0.009952425250392192
0.26738416158399464 0.7909012631974393 0.010372262515060352
0.2768286630392064 0.8068630852698844 0.009951674708765186
0.286606761694825 0.8021545662887577 0.010074746501737591
0.29673024081888694 0.8014334437593711 0.01030218184304622
0.3072112998861756 0.8234814896290066 0.009618323775842933
0.3180625692794119 0.8350656701569541 0.009306786699653583
0.3292971255097148 0.8024415705713189 0.01027264088561613
0.3409285069746811 0.8454343471488615 0.009186962509823551
0.352970730273065 0.8343276945027494 0.009456032866373467
0.36543830709572545 0.856956923658181 0.008867249466071748
0.3783462617131929 0.8422599325696205 0.009239573949611108
0.39171014908092566 0.8288538125642865 0.009627658821514196
0.4055460735840828 0.8503961901199522 0.009569055712110182
0.419870708444391 0.8579619708671287 0.009245832540944639
0.4347013158125022 0.8739505026480493 0.008792314513484155
0.4500557675700497 0.8502347514361741 0.00916944614579064
0.46595256686646774 0.8601658194628251 0.00904224016960262
0.48241087041653685 0.8831130778994395 0.00836371632975892
0.499450511585514 0.8821291193202987 0.008503927911632543
0.5170920242896755 0.8916551939514866 0.007980391943842173
0.5353566677410724 0.8740186609010796 0.008946731307540265
0.5542664520663102 0.8896283994074006 0.008066679187742695
0.5738441648302393 0.9102240971454109 0.007308783453269088
0.5941133984965034 0.8986967776608717 0.008006125952932356
0.6150985788580497 0.896036294568082 0.00808450231776586
0.6368249944718586 0.8861317336157366 0.008443899279225666
0.6593188271333542 0.9018586536395998 0.008074892418338668
0.6826071834272386 0.8987064815225699 0.008086806904004455
0.7067181273927491 0.9011036880698995 0.007903995998766412
0.7316807143427192 0.9226381613759833 0.006949918832227885
0.7575250258771913 0.9178824002538738 0.007308979616747502
0.7842822061337682 0.9286901810503864 0.006656846843438779
0.8119844993184009 0.9278819216398073 0.006694514514596977
0.8406652885618325 0.91901050695865 0.007302598153375687
0.8703591361485157 0.9286200829136865 0.006897301643356242
0.9011018251665018 0.926594583659341 0.006829594599744599
0.9329304026284686 0.9202652674791091 0.007307807239218168
0.9658832241158698 0.933583417337524 0.006457701635121008
1.0 0.9361197326593353 0.006284691245359689
