0.001 0.0024203043476730473 0.00047040864966620816
0.0010353218432956625 0.0017704080691249124 0.0002476619931930082
0.0010718913192051276 0.001996714183818007 0.0003664001778989563
0.0011097524964120721 0.0018810583610583246 0.00031930162194920093
0.0011489510001873086 0.001786114943878648 0.00021763306136989713
0.0011895340673703195 0.002156948526227021 0.0002541326153625702
0.0012315506032928262 0.002556364666017664 0.0004893767122518087
0.0012750512407130128 0.0027060518032243452 0.0004013035114018887
0.001320088400831418 0.00373101257268018 0.0005957178899289897
0.001366716356462006 0.0031844934832022413 0.0004925688801279886
0.0014149912974345759 0.003327403118187447 0.000540210705981317
0.0014649713983072863 0.004180976128085963 0.0005467903642684702
0.0015167168884709225 0.00393816095336705 0.0005487030169719711
0.0015702901247293774 0.003987348258471739 0.0005937290220629846
0.0016257556664437934 0.0043666730003854536 0.0007309730240486132
0.0016831803533309566 0.004398613523014123 0.0006730742748765192
0.0017426333860096508 0.007268679933958504 0.0011818958658225587
0.0018041864093920718 0.006905791133046118 0.0007808004019656379
0.0018679135990207828 0.006521483823724089 0.0009436204186131206
0.0019338917504552302 0.009785847318153492 0.001427798274586825
0.0020022003718155844 0.008511047395632547 0.0011524680090879656
0.002072921779595372 0.010289343577842232 0.0012412983318865344
0.0021461411978584036 0.00909386653023704 0.0011101669790451643
0.002221946860939524 0.009703809608046255 0.0012807257403981032
0.002300430119772917 0.01004705018745639 0.0010747012658583114
0.002381685551976158 0.008305626991073525 0.0010532243655132687
0.002465811075822604 0.009546514763977932 0.0010936881014677663
0.0025529080682395165 0.01423685591080654 0.0019501755619944154
0.0026430814869741054 0.011498364804887572 0.001327681879014468
0.0027364399970746718 0.016122301833261875 0.001900253868037936
0.002833096101839324 0.015029945036808517 0.001964263516619763
0.0029331662783900455 0.015454964282125219 0.0018761878008476446
0.0030367711180354575 0.016655412231010358 0.0017667998242422945
0.0031440354715915 0.022189621192784923 0.0023033159078842524
0.0032550885998350564 0.019459360535544683 0.002246487755606484
0.003370064329271928 0.022044869267723824 0.0022573683514889873
0.0034891012134067737 0.02606828332417349 0.0027277787438986555
0.0036123426997094303 0.024615393177093017 0.0025728632698306816
0.0037399373024787977 0.025135130511764754 0.0026035564464120045
0.003872038781812557 0.023053781274578838 0.002643075231896433
0.004008806328898464 0.026265211950505667 0.002695193722040657
0.004150404757850477 0.03072913499839244 0.0032929836495517242
0.00429700470432084 0.0338471916916314 0.0033011593929427063
0.004448782831127585 0.03267121073227473 0.0030764747083082155
0.004605922041145104 0.029431012394498 0.0030513062705972926
0.004768611697714469 0.034231805224116736 0.0035664869455704117
0.004937047852839003 0.046395039479576114 0.004114623786752733
0.005111433483440166 0.03913941404039319 0.0038515046457089246
0.005291978735958442 0.043119623909951055 0.004181500765137623
0.005478901179593945 0.04451622303672983 0.004155636198202465
0.005672426068491977 0.04967303146775587 0.004509455113822809
0.005872786613189483 0.04619525027079134 0.004398121979191504
0.006080224261649421 0.049175718697311355 0.004691174658136028
0.006294988990221888 0.04553792781362165 0.004323202030879906
0.00651733960488242 0.05181719826868428 0.00482929079074614
0.006747544053110693 0.0637315856556974 0.005185868495349815
0.0069858797467852495 0.06142988242765134 0.005090027952782092
0.007232633896483534 0.06208691613621379 0.005258141085297629
0.007488103857590023 0.07116536522256803 0.005676101413664836
0.007752597488629464 0.06014167722143658 0.005113058522136577
0.008026433522257174 0.06935767603649043 0.005529802723553765
0.008309941949353396 0.0823874592084027 0.006230834192134458
0.008603464416684501 0.09427895453098792 0.006732110929323726
0.00890735463861044 0.08986807236136704 0.00664170042706938
0.009221978823334321 0.08715553588937064 0.006235341093416229
0.009547716114208056 0.0807783133676265 0.005857742314181686
0.009884959046625586 0.08692218133474969 0.006209306447800242
0.010234114021054532 0.10768267593174417 0.007113421663557172
0.010595601792776159 0.10231305952775949 0.006759391345503325
0.010969857978923836 0.12142799546719647 0.007529899408857629
0.01135733358343105 0.10888005702561052 0.007009569188134225
0.011758495540521564 0.10982997004492873 0.006823129354560277
0.012173827277396614 0.11529131688925703 0.0069891374964314084
0.012603829296797275 0.1123679119325222 0.006793982390255986
0.013049019780144023 0.1316593748429306 0.007643055897134423
0.013509935211980266 0.13560587847069405 0.00775498690025084
0.01398713102647238 0.13063183680734952 0.00719177800452413
0.014481182276745337 0.14873949784525423 0.00787200447581783
0.014992684327860457 0.15354395149937922 0.008021564129018588
0.015522253574270471 0.15641806294371943 0.007989866342245333
0.016070528182616384 0.16712773925429186 0.008471326393897548
0.016638168860761283 0.16332589101964276 0.00800412673371822
0.017225859653987867 0.16209328481651586 0.007675297689086384
0.017834308769319095 0.1805492853257466 0.008340230179344862
0.018464249428955436 0.18221332747306435 0.008290028561451277
0.019116440753857017 0.2082483435874102 0.008989069572484312
0.019791668678535563 0.2045544708052927 0.008692824391411511
0.020490746898158472 0.19402914998209758 0.00850907046629441
0.021214517849106298 0.2158523070013073 0.00867450297805726
0.02196385372416546 0.23783374457627812 0.00902807226341707
0.022739657523579274 0.22917809028971498 0.008898468098161322
0.023542864143224165 0.2491420862047033 0.009228963646467392
0.024374441501222206 0.2431633675264271 0.00912612894854723
0.02523539170434766 0.2434184583839266 0.008990220491054036
0.026126752255633278 0.26326091868843204 0.009267311882109896
0.027049597304631343 0.29276314633355527 0.00978400506404789
0.02800503894183631 0.2776200730914819 0.009446861594329524
0.028994228538828767 0.288891901414665 0.009726288841899156
0.03001835813575589 0.30564568853342666 0.009535383247320965
0.031078661877820123 0.3103959692833174 0.00989598323107313
0.032176417502507354 0.3051305196051094 0.009770160342689923
0.03331294787934674 0.3356561546908391 0.01022480902097537
0.03448962260405758 0.36106210741118544 0.010511028167646458
0.03570785964900463 0.36585800002262864 0.010506796154341356
0.03696912707195026 0.3744604876687971 0.01020530676131954
0.03827494478516311 0.3884731832283552 0.01074098610473995
0.03962688638701478 0.38996745107525344 0.01041311876318904
0.04102658105827192 0.39574576235391457 0.010549490602021701
0.04247571552536898 0.43484028306364086 0.010801301895107295
0.043976036093027186 0.4185980566673968 0.010841709867506934
0.04552935074866948 0.43722270222515863 0.011126598152381546
0.047137531341167244 0.44688930274309285 0.011037391858319739
0.04880251583654431 0.4532799124616282 0.011029344210495872
0.0505263106533568 0.4840375467640772 0.010985564714005589
0.05231099308056261 0.480962888451795 0.01131748288636996
0.054158713780794704 0.5084955332461024 0.011166076517462783
0.05607169938205458 0.4891637053141401 0.011310070367697694
0.05805225516094899 0.5158724641738011 0.011481550871834788
0.06010276782070382 0.54058445478129 0.011542011142098255
0.06222570836730228 0.5582398966382783 0.01129400723572336
0.0644236350872137 0.5521971385491449 0.01173312051225913
0.06669919663030122 0.5723728938542751 0.01145161340203803
0.06905513520162328 0.5745534605170713 0.011576653633518993
0.07149428986597577 0.5956546999617192 0.011677972467616224
0.07401959996915641 0.6037732010311215 0.01155927111647394
0.07663410868007454 0.5984187813049152 0.011754844821350955
0.07934096665797492 0.6256229243597163 0.011176566079971233
0.08214343584919426 0.6344554235635572 0.01135774744762126
0.08504489341802678 0.6444323806115055 0.011143684444926126
0.0880488358164346 0.6563315262437602 0.01143202316353336
0.09115888299750818 0.656696472472645 0.011392172923598176
0.09437878277775381 0.6746494875322928 0.01143502000891204
0.09771241535346496 0.6831931625651715 0.011244440539815827
0.1011637979766207 0.6757716697979659 0.011448440049772472
0.10473708979594497 0.7029820328418165 0.010933162062570194
0.10843659686896098 0.7222540838901981 0.010792068887377746
0.11226677735108136 0.7002666252089337 0.011257353625974853
0.11623224686798518 0.7322415808797232 0.010817943030442223
0.12033778407775893 0.715911978832512 0.01113418693417697
0.12458833642950082 0.7354781720146648 0.010965141052638551
0.1289890261253308 0.7459969249463634 0.010586280227859917
0.13354515629298988 0.7412146096298312 0.010740476327011287
0.1382622173764655 0.7438742945070048 0.010953367046949393
0.14314589375234785 0.7699011755582228 0.010353438410937046
0.14820207057988585 0.7603310524704237 0.01077069869547811
0.15343684089300116 0.7722150875989958 0.010436260611589417
0.15885651294280528 0.79695748132659 0.010064407853475427
0.16446761779946628 0.815120653678594 0.00965803202699857
0.17027691722258995 0.7933799150395532 0.010174246605009605
0.1762914118095948 0.7872918699639517 0.010334079377701082
0.18251834943190426 0.7912641260894715 0.010431174305245783
0.18896523396912096 0.8125388746262092 0.009961627006997242
0.1956398343517063 0.8219419095731912 0.009605834529495823
0.20255019392306664 0.8216422454280692 0.009835096859007306
0.2097046401323233 0.8164083547560632 0.009952541728768733
0.21711179456945032 0.8544081711641346 0.008893706052873141
0.22478058335487253 0.8582024954742439 0.009003651829434772
0.23272024789604073 0.84862266754105 0.00900717573484265
0.24094035602395245 0.850137163902702 0.009036478424558717
0.24945081352303167 0.8513392383363166 0.00918395118106269
0.2582618760682675 0.8551310320008073 0.009368079622994328
0.26738416158399464 0.865286357264064 0.008756835206265868
0.2768286630392064 0.865986876419174 0.00879273516790129
0.286606761694825 0.8716815759931656 0.008686674508905846
0.29673024081888694 0.8687755332544327 0.008872178212699349
0.3072112998861756 0.8742474647946173 0.008587946188448142
0.3180625692794119 0.8757283149133129 0.008386360131954538
0.3292971255097148 0.8691271230713071 0.008965998327135892
0.3409285069746811 0.877235829949768 0.008553929618592507
0.352970730273065 0.8955132806341787 0.007969232432206643
0.36543830709572545 0.8941967442246707 0.00805115736870213
0.3783462617131929 0.8841031956190103 0.008413711326349287
0.39171014908092566 0.8945200315972668 0.0079393915328272
0.4055460735840828 0.90770527099668 0.007451273198757336
0.419870708444391 0.902881114153173 0.007951334984865896
0.4347013158125022 0.899066560058164 0.008040629604921853
0.4500557675700497 0.9157710797931966 0.007124069145568163
0.46595256686646774 0.9084517767546244 0.007440460016932638
0.48241087041653685 0.9048303735302007 0.007834827038423243
0.499450511585514 0.8971325982901631 0.008114091116120154
0.5170920242896755 0.9162444666193769 0.007289601830011975
0.5353566677410724 0.9230551099121492 0.007130116065535562
0.5542664520663102 0.9241552141599603 0.006906522232011708
0.5738441648302393 0.9239667739779838 0.007005176227877283
0.5941133984965034 0.94426413192521 0.006038865731133131
0.6150985788580497 0.9224472802779257 0.007087390895192914
0.6368249944718586 0.9218415099109966 0.007427887895849063
0.6593188271333542 0.9335278820965324 0.0065202087991723095
0.6826071834272386 0.938895945945806 0.006392039500134732
0.7067181273927491 0.9348490943393146 0.00670321906726566
0.7316807143427192 0.9378402823734773 0.006635604938264197
0.7575250258771913 0.9335079558783209 0.006806699414469367
0.7842822061337682 0.9381823111348551 0.006523408948562354
0.8119844993184009 0.9480784509518889 0.005976771755205952
0.8406652885618325 0.9427318266569732 0.0062700665015400624
0.8703591361485157 0.9484574523625374 0.005971284723970971
0.9011018251665018 0.9505158725917832 0.005812217712426735
0.9329304026284686 0.9501663577016347 0.00587949778049899
0.9658832241158698 0.9525662536112618 0.0055862941173373485
1.0 0.9388227384828765 0.006466637221703641
