0.001 0.0018793681938933276 0.000381548120892855
0.0010353218432956625 0.0018816590285836968 0.00037108603397668753
0.0010718913192051276 0.0015691819993300655 0.00026231110356680557
0.0011097524964120721 0.0021905262340736523 0.00046250386480497965
0.0011489510001873086 0.0019383658322311024 0.00039839395713955233
0.0011895340673703195 0.0021514586011589236 0.0004272285858141376
0.0012315506032928262 0.0025945104640690123 0.00045615301995624287
0.0012750512407130128 0.0030119878083094955 0.0005143737263433143
0.001320088400831418 0.0028175139552935463 0.0004346285485589444
0.001366716356462006 0.0030345530688171882 0.0004545467401545878
0.0014149912974345759 0.0034691356779525755 0.0005575798462042289
0.0014649713983072863 0.004183978055383296 0.0006398088166169668
0.0015167168884709225 0.005435685466218717 0.0008318893330015589
0.0015702901247293774 0.004442742685635067 0.0007946423625976354
0.0016257556664437934 0.003915196975673666 0.0005307272699478611
0.0016831803533309566 0.005508480116813251 0.0007102157509689344
0.0017426333860096508 0.004505034457177557 0.0005520332838195046
0.0018041864093920718 0.006210147367303872 0.0007693225490856728
0.0018679135990207828 0.0055186896612059 0.0006451994029024713
0.0019338917504552302 0.008233444614732714 0.0011230226545412077
0.0020022003718155844 0.007364420015266732 0.0010741032110444444
0.002072921779595372 0.007698278626484806 0.0008632755558463587
0.0021461411978584036 0.010460791991639096 0.0013573381927302355
0.002221946860939524 0.005976238512321625 0.0007441718978089428
0.002300430119772917 0.010300781018888261 0.001255704356651817
0.002381685551976158 0.00939938812974896 0.0013711075900714978
0.002465811075822604 0.014926200898750202 0.0017455482459209006
0.0025529080682395165 0.012533916668918472 0.0017646754912138637
0.0026430814869741054 0.012532398847178869 0.0013792069688345467
0.0027364399970746718 0.013889873322034386 0.00170893529303066
0.002833096101839324 0.019109804874679306 0.002392569150999808
0.0029331662783900455 0.014387013408193627 0.0018487305502922807
0.0030367711180354575 0.015841080164292313 0.00174521071176497
0.0031440354715915 0.016563935047799804 0.0020807339207808803
0.0032550885998350564 0.020893262527190558 0.0021814852848012784
0.003370064329271928 0.019748516696638276 0.0021887112832720385
0.0034891012134067737 0.020766589597125205 0.0021936413245178163
0.0036123426997094303 0.02394088965565289 0.0027130624559824905
0.0037399373024787977 0.024164575158248457 0.0025729167159142365
0.003872038781812557 0.024968953131223593 0.0027927333921366594
0.004008806328898464 0.029087292092464658 0.0030464522497007417
0.004150404757850477 0.026511082318003056 0.002878037187350829
0.00429700470432084 0.03175510113694757 0.0030472092681887632
0.004448782831127585 0.03893328322850509 0.0037574320030158426
0.004605922041145104 0.0360780390835989 0.003468205227316826
0.004768611697714469 0.038546971033339206 0.003668970255723641
0.004937047852839003 0.03636982583492849 0.0034539894438591397
0.005111433483440166 0.03663201645983525 0.003703061911514421
0.005291978735958442 0.039697266479085884 0.0038202009542725917
0.005478901179593945 0.045202916735808 0.004207007085512789
0.005672426068491977 0.04710856790858355 0.004346906728931944
0.005872786613189483 0.04732526966986605 0.004503455835253182
0.006080224261649421 0.055307252644383645 0.004829033524671938
0.006294988990221888 0.04725424920146163 0.004299125587977682
0.00651733960488242 0.06070649929220189 0.005134256502643999
0.006747544053110693 0.04817859708855472 0.004404769116794819
0.0069858797467852495 0.059676424910597055 0.005329260098990635
0.007232633896483534 0.0737398117036343 0.005764549050584304
0.007488103857590023 0.07367094806545742 0.00573513495746745
0.007752597488629464 0.07496458499456173 0.005955504749027925
0.008026433522257174 0.07856116888691414 0.006257736149775396
0.008309941949353396 0.07419264834224251 0.005756408186652363
0.008603464416684501 0.08314294242012124 0.00622898603562585
0.00890735463861044 0.07631404114081212 0.0057411033372001905
0.009221978823334321 0.08352084050660703 0.0062978723466139905
0.009547716114208056 0.08454006273792566 0.006042590331584044
0.009884959046625586 0.08619480186002919 0.006218893101252981
0.010234114021054532 0.09732640857824584 0.006634706310416893
0.010595601792776159 0.09867322491250832 0.006785119641549195
0.010969857978923836 0.10286488180329781 0.0067647690771449834
0.01135733358343105 0.09396951115112623 0.006334972184101658
0.011758495540521564 0.11519322481883805 0.007366623669583043
0.012173827277396614 0.10755982653194981 0.006820773949793952
0.012603829296797275 0.1335468119386552 0.007990941920755272
0.013049019780144023 0.12208189942633664 0.007176643991929119
0.013509935211980266 0.13302987326772187 0.0074630924276872035
0.01398713102647238 0.13151966562192502 0.007514527090670729
0.014481182276745337 0.1463652132148765 0.008014921615060743
0.014992684327860457 0.1541611277888971 0.007872263038325838
0.015522253574270471 0.16722432480758523 0.008409400705775331
0.016070528182616384 0.16179309880955417 0.00795009664903465
0.016638168860761283 0.15889975503169115 0.007727670510985561
0.017225859653987867 0.17690318566824667 0.008736820929498795
0.017834308769319095 0.17519556304149522 0.00810473076873553
0.018464249428955436 0.16437777598986986 0.0075023990943216155
0.019116440753857017 0.19675300346379704 0.008554258598713867
0.019791668678535563 0.1985002451219706 0.008486850768345669
0.020490746898158472 0.1902138042954301 0.008151135940149105
0.021214517849106298 0.21228905865627393 0.008731885441330718
0.02196385372416546 0.23629394952894955 0.00922949040929525
0.022739657523579274 0.22986481775343123 0.00887938533695199
0.023542864143224165 0.23336746866898883 0.008971047146457195
0.024374441501222206 0.23338781448234874 0.008896241531316027
0.02523539170434766 0.26621129476981764 0.009600606114058751
0.026126752255633278 0.2651838105305818 0.009228273529499047
0.027049597304631343 0.2835657222432782 0.009756315118989181
0.02800503894183631 0.30300822560726054 0.0098636008484879
0.028994228538828767 0.2934167302594485 0.00971313805169135
0.03001835813575589 0.31327367173238174 0.009741191972789349
0.031078661877820123 0.31104042612512717 0.009964985127906256
0.032176417502507354 0.34155958109450407 0.01030304312519967
0.03331294787934674 0.3302039791300691 0.010097216854435159
0.03448962260405758 0.34527254566309395 0.009968182948855321
0.03570785964900463 0.3613123688157738 0.010348255011969473
0.03696912707195026 0.3677942048837441 0.010386419916901694
0.03827494478516311 0.3619698559762722 0.010152481366969274
0.03962688638701478 0.3884499791314554 0.010541585665732583
0.04102658105827192 0.40083778925891067 0.010701740479291342
0.04247571552536898 0.443595032177461 0.010711930706888367
0.043976036093027186 0.4080809647092919 0.010645044281035897
0.04552935074866948 0.43589451787360145 0.010945962251410946
0.047137531341167244 0.44472866977321646 0.011014766134160374
0.04880251583654431 0.4518144447570015 0.011239714839708153
0.0505263106533568 0.46302290005016744 0.011045875254275094
0.05231099308056261 0.48407000107843834 0.011195407637568917
0.054158713780794704 0.48382494439883045 0.011261504014535125
0.05607169938205458 0.5167982527496883 0.011294509968970214
0.05805225516094899 0.5161474653738428 0.011409718369534659
0.06010276782070382 0.5037721648232146 0.011383800622037428
0.06222570836730228 0.5304133379161236 0.011576009778778904
0.0644236350872137 0.5479637973887673 0.011295487586730971
0.06669919663030122 0.5481333309262529 0.011470187618675938
0.06905513520162328 0.5681914616376617 0.011645781463785905
0.07149428986597577 0.552872630984431 0.011602596026389847
0.07401959996915641 0.5691119989241303 0.011472955976002926
0.07663410868007454 0.5992607769204602 0.011300616580982675
0.07934096665797492 0.6132320842836751 0.011577159584555585
0.08214343584919426 0.6227639804446845 0.011885465830489694
0.08504489341802678 0.6172773072591101 0.011845963860216338
0.0880488358164346 0.6379775649773433 0.011524421135028644
0.09115888299750818 0.6408024318473801 0.011550604569905145
0.09437878277775381 0.6684811775059797 0.011214339410972631
0.09771241535346496 0.6627145738994982 0.01145983738748818
0.1011637979766207 0.6709103408777244 0.011252854876941892
0.10473708979594497 0.6642571180527577 0.01158132465056911
0.10843659686896098 0.6935716966719754 0.011224675335459405
0.11226677735108136 0.7005603961208694 0.011135089978790112
0.11623224686798518 0.7160156097076228 0.010975664684466728
0.12033778407775893 0.7064375499694402 0.011238080052138796
0.12458833642950082 0.7161463206333865 0.011164158685491973
0.1289890261253308 0.728080861262719 0.011225164105767522
0.13354515629298988 0.756159453302105 0.010686389380983903
0.1382622173764655 0.7482348528361936 0.010763814137132954
0.14314589375234785 0.7426844881472973 0.01090757571261416
0.14820207057988585 0.7581166747580128 0.010761884580301605
0.15343684089300116 0.7701902603879303 0.010549933433657633
0.15885651294280528 0.7775577059752122 0.010322082977589823
0.16446761779946628 0.7797437621304962 0.010664778696893877
0.17027691722258995 0.8087552966364465 0.009879492981607197
0.1762914118095948 0.7912152536606134 0.010425264269269882
0.18251834943190426 0.7842403857963444 0.010494394215908231
0.18896523396912096 0.8090644609131912 0.01002497877011674
0.1956398343517063 0.8161560222109203 0.009696925004900128
0.20255019392306664 0.823058450741235 0.009580178766484536
0.2097046401323233 0.8059869726764083 0.00991648730657233
0.21711179456945032 0.8280622598005851 0.009517675702410208
0.22478058335487253 0.831237991336534 0.009878191045491553
0.23272024789604073 0.833474743953896 0.009494418801722729
0.24094035602395245 0.8213170927443826 0.009950043635554483
0.24945081352303167 0.8607097865066601 0.009093310335858116
0.2582618760682675 0.8502373612018437 0.009300862450540516
0.26738416158399464 0.8470695121031632 0.009363144850900118
0.2768286630392064 0.8455777806808392 0.00946934841504983
0.286606761694825 0.8597243581882991 0.009058197206192255
0.29673024081888694 0.8680288813067731 0.008606487297458248
0.3072112998861756 0.8645353788570984 0.008987460793940602
0.3180625692794119 0.8778892589963011 0.008554199889907155
0.3292971255097148 0.8866484209978465 0.008181148528470999
0.3409285069746811 0.8816361274013989 0.008272442804990546
0.352970730273065 0.8875336817984214 0.008196800887007387
0.36543830709572545 0.8820585948944366 0.008533231161616871
0.3783462617131929 0.8917392118897708 0.008191008551662075
0.39171014908092566 0.8954606445253975 0.00809596992149634
0.4055460735840828 0.8793765852007472 0.008818461670622888
0.419870708444391 0.8899123396752536 0.00819028942842976
0.4347013158125022 0.875823462659167 0.008924216017459819
0.4500557675700497 0.908176759915878 0.007606393676680051
0.46595256686646774 0.9138063340693526 0.007333280506748889
0.48241087041653685 0.8945463166544301 0.008311012867542385
0.499450511585514 0.9059194810789065 0.007863130394362802
0.5170920242896755 0.9185994443415869 0.007098929089955425
0.5353566677410724 0.9210814921101764 0.007063578212256228
0.5542664520663102 0.900592674073567 0.008145144218580936
0.5738441648302393 0.9202010920520015 0.007176699298820451
0.5941133984965034 0.9265363074178717 0.0068833627432776144
0.6150985788580497 0.9305991617712196 0.006645192955376465
0.6368249944718586 0.9304501181953178 0.006954748564014371
0.6593188271333542 0.926886052762349 0.006900981015297684
0.6826071834272386 0.9356459488872361 0.006450019039266072
0.7067181273927491 0.9266153127256023 0.00702822111901545
0.7316807143427192 0.9405109022453485 0.006186339108554042
0.7575250258771913 0.9482549827291439 0.005895330522073323
0.7842822061337682 0.9366540210565727 0.006344902815790156
0.8119844993184009 0.9403460170167827 0.006270939876483581
0.8406652885618325 0.9417773768540855 0.006284192939547331
0.8703591361485157 0.9407729308762326 0.0063534357473450185
0.9011018251665018 0.9442629205075628 0.00640023575802321
0.9329304026284686 0.9513328345330854 0.005699025920762439
0.9658832241158698 0.9554332972410794 0.005619375553858064
1.0 0.9354774144021794 0.0068381194824638685
