0.001 0.0013770424627805643 0.0002451996745669324
0.0010353218432956625 0.0019096073724606838 0.000328280144560455
0.0010718913192051276 0.001943694289229725 0.0003075010623809749
0.0011097524964120721 0.002100342189449358 0.00036952891425837044
0.0011489510001873086 0.0020446507005086635 0.00039790212811627334
0.0011895340673703195 0.0021530762804946252 0.000419868986764456
0.0012315506032928262 0.002485039389523084 0.0004851956532158333
0.0012750512407130128 0.002313643474417327 0.00042054185755792503
0.001320088400831418 0.0032443070118403617 0.00046747865834027657
0.001366716356462006 0.002744854536605099 0.0003609898623572578
0.0014149912974345759 0.002382119395276824 0.000324332958296963
0.0014649713983072863 0.003637585920729273 0.0004398327775262371
0.0015167168884709225 0.003946744459247483 0.0007037873704004161
0.0015702901247293774 0.0044799234270705415 0.0007433320595017132
0.0016257556664437934 0.004930029815059436 0.0006625432364227909
0.0016831803533309566 0.005422258949962037 0.0007494904610766631
0.0017426333860096508 0.005964046874137766 0.0008443752193182811
0.0018041864093920718 0.0074417213596945754 0.0007835441578977269
0.0018679135990207828 0.0069089633811923665 0.0009719619573887871
0.0019338917504552302 0.007329169740897679 0.0009699577515849868
0.0020022003718155844 0.007938958769539844 0.001172093768906271
0.002072921779595372 0.008175516510073649 0.0011296530574737653
0.0021461411978584036 0.008548155047983052 0.0010841662202397415
0.002221946860939524 0.009749932101953102 0.0011789670627824096
0.002300430119772917 0.010031001501852606 0.0013331043065970716
0.002381685551976158 0.009803389731856314 0.00142254814570465
0.002465811075822604 0.011939605231748683 0.0014697539015661666
0.0025529080682395165 0.010384832322451595 0.0014100670948013752
0.0026430814869741054 0.011774553680291667 0.0016567241528758722
0.0027364399970746718 0.012848484612468179 0.0017193661883224871
0.002833096101839324 0.017578709421581514 0.0018695287733044277
0.0029331662783900455 0.01405508538656835 0.00161440266164868
0.0030367711180354575 0.015877525536515922 0.0019220238016537166
0.0031440354715915 0.014934731565228057 0.0017758753479271755
0.0032550885998350564 0.017960291293078297 0.002075395918887437
0.003370064329271928 0.015493106510953895 0.0016954867501522129
0.0034891012134067737 0.02479654180039765 0.0025870261384288392
0.0036123426997094303 0.021168622087605365 0.002262938985370503
0.0037399373024787977 0.027422784056575247 0.002864061212028948
0.003872038781812557 0.02305176017962777 0.0027218163021045707
0.004008806328898464 0.02351915582096763 0.002613958757907899
0.004150404757850477 0.03067120536846206 0.0030201752899795577
0.00429700470432084 0.03618991547604638 0.0034766960925677317
0.004448782831127585 0.029695464321139203 0.0032594670066901127
0.004605922041145104 0.027719229426400954 0.002970448526799344
0.004768611697714469 0.03634520841479236 0.0036089576808013574
0.004937047852839003 0.03924539898743946 0.0037096407130540205
0.005111433483440166 0.04656442724158724 0.004316435310309917
0.005291978735958442 0.04119045420094897 0.003965478186732163
0.005478901179593945 0.043713675181388606 0.004194667688341887
0.005672426068491977 0.050773950187742285 0.00460752121940748
0.005872786613189483 0.04415848180105885 0.004108967429831744
0.006080224261649421 0.05008553718879214 0.004394501650733052
0.006294988990221888 0.0536662675162698 0.004757991557642227
0.00651733960488242 0.050163462230306606 0.0047198922633899095
0.006747544053110693 0.05802560048360716 0.00493244625441859
0.0069858797467852495 0.06141845942122041 0.00517861817990532
0.007232633896483534 0.05933961583646126 0.005168554567799023
0.007488103857590023 0.07432317813150228 0.005882194203515502
0.007752597488629464 0.06361578192977747 0.005270950729264775
0.008026433522257174 0.07111854888986478 0.005642192843551173
0.008309941949353396 0.07473045552182958 0.005950930613418801
0.008603464416684501 0.0817718735564415 0.006136580184269036
0.00890735463861044 0.08748761759631345 0.006429826044798706
0.009221978823334321 0.09456220058521976 0.006492170932784637
0.009547716114208056 0.09113387666853888 0.006463515367775909
0.009884959046625586 0.09472967919930224 0.00671185626402239
0.010234114021054532 0.09605303469372485 0.006478331053355233
0.010595601792776159 0.08971589200262699 0.006195023560848581
0.010969857978923836 0.09650304161474017 0.00650707759731243
0.01135733358343105 0.10923461150714427 0.007199359443257288
0.011758495540521564 0.113238945437402 0.007177279152978984
0.012173827277396614 0.1281402518152309 0.007707109558862987
0.012603829296797275 0.11769663815905881 0.00710081303231128
0.013049019780144023 0.12952140605566725 0.007602589844859653
0.013509935211980266 0.1239519809834492 0.007190196118604538
0.01398713102647238 0.13122439842786793 0.0075906473558228615
0.014481182276745337 0.13805643491450123 0.007666682468498349
0.014992684327860457 0.14062937097657233 0.00743120046716323
0.015522253574270471 0.14663823441384408 0.00762242184056409
0.016070528182616384 0.16685331149145044 0.008487908680589821
0.016638168860761283 0.1568319390815742 0.007943386621611474
0.017225859653987867 0.14824837950017952 0.007616316783705262
0.017834308769319095 0.16938364070082756 0.008104243824932312
0.018464249428955436 0.18039108720771865 0.008211633706426273
0.019116440753857017 0.17826120136866258 0.008559671530378397
0.019791668678535563 0.19416543166153025 0.008063078943793293
0.020490746898158472 0.22329998919344654 0.008964361935956316
0.021214517849106298 0.20761022611273214 0.008357531036304268
0.02196385372416546 0.21780619479998772 0.00858439492646028
0.022739657523579274 0.2269050479726335 0.008882777977840577
0.023542864143224165 0.23653393838711986 0.008935808486764207
0.024374441501222206 0.23852995496621304 0.009162802219987169
0.02523539170434766 0.2473067030278361 0.008999230435885413
0.026126752255633278 0.2537406106856165 0.009406456170039844
0.027049597304631343 0.2900852535158864 0.009578411935627165
0.02800503894183631 0.27130488362810945 0.009393212384242212
0.028994228538828767 0.2867162707538688 0.009725466753545515
0.03001835813575589 0.31206381242195597 0.00982085099217303
0.031078661877820123 0.3095604486473959 0.009845789834492408
0.032176417502507354 0.3105160207059424 0.010015438373761489
0.03331294787934674 0.337670533920008 0.010043364681271056
0.03448962260405758 0.36011898904193157 0.010408471299245077
0.03570785964900463 0.3392866770588397 0.010170128498389906
0.03696912707195026 0.345547246425407 0.010223527974053357
0.03827494478516311 0.3856938643174379 0.010818252798463218
0.03962688638701478 0.40433877316553857 0.010732370483895831
0.04102658105827192 0.40699725321309005 0.010771953454070634
0.04247571552536898 0.4133559050258268 0.010738739013653855
0.043976036093027186 0.41159492443766715 0.010744447967814182
0.04552935074866948 0.4361134885740855 0.010948362061091817
0.047137531341167244 0.44251628179008756 0.010869978258171879
0.04880251583654431 0.46879892612182933 0.011149499539057564
0.0505263106533568 0.4666163922229915 0.010957307947151414
0.05231099308056261 0.4751135002554365 0.011238752050090553
0.054158713780794704 0.4806376151297935 0.01128167235172745
0.05607169938205458 0.49873661904279415 0.01110454338942192
0.05805225516094899 0.5072113457635364 0.011465587419236133
0.06010276782070382 0.5308828687998158 0.011597790165649725
0.06222570836730228 0.5188716433656393 0.01163568418990823
0.0644236350872137 0.5515526481109324 0.0116656575637956
0.06669919663030122 0.5495484461547345 0.011611381687971246
0.06905513520162328 0.5672560290100166 0.011512531037432857
0.07149428986597577 0.5684106150046078 0.011476145252295861
0.07401959996915641 0.587811961947419 0.011588039717079102
0.07663410868007454 0.5878494337887389 0.011556569013684867
0.07934096665797492 0.586163442083988 0.011697480496864754
0.08214343584919426 0.6081349192916935 0.011750703399014345
0.08504489341802678 0.6179366984231961 0.011607947669823366
0.0880488358164346 0.6300938244420484 0.011758741698968666
0.09115888299750818 0.6466630654667449 0.011344579065168371
0.09437878277775381 0.6432948274177228 0.011348904036105651
0.09771241535346496 0.6772737543229423 0.011530684703658537
0.1011637979766207 0.6689640144138576 0.01138113543254918
0.10473708979594497 0.6726050457979931 0.011431533328415493
0.10843659686896098 0.6965133570157971 0.011389323847534822
0.11226677735108136 0.7005865921975116 0.011055751092700293
0.11623224686798518 0.7129064572471525 0.011037942048314722
0.12033778407775893 0.7072178208002198 0.011180659656801688
0.12458833642950082 0.735935578258605 0.010920479146541538
0.1289890261253308 0.715607417373383 0.011334714914759802
0.13354515629298988 0.7407431853470425 0.011090853361710241
0.1382622173764655 0.762111751958204 0.010746506948883133
0.14314589375234785 0.7472713376976471 0.01084420424826801
0.14820207057988585 0.7480567081861343 0.010943453808410863
0.15343684089300116 0.7566491411852884 0.010759643500464097
0.15885651294280528 0.7645514820206797 0.01064064855430361
0.16446761779946628 0.773776797623911 0.010766353908916877
0.17027691722258995 0.7701335100819762 0.010703972637384677
0.1762914118095948 0.7834621250677981 0.010393283430303206
0.18251834943190426 0.793650550213098 0.010422065387435588
0.18896523396912096 0.7795266535325124 0.010626308971987507
0.1956398343517063 0.79219228875787 0.01056244313759119
0.20255019392306664 0.806710570474858 0.010166603987306554
0.2097046401323233 0.8265334986284807 0.009693711693419359
0.21711179456945032 0.8208720719702699 0.009882016733258754
0.22478058335487253 0.8234594924858939 0.009671568208958507
0.23272024789604073 0.8396729468989544 0.009242870702334595
0.24094035602395245 0.8483414101315856 0.009424735227712836
0.24945081352303167 0.8480297243287643 0.009224924069122892
0.2582618760682675 0.8460422482357073 0.009462032864144734
0.26738416158399464 0.8726644833887969 0.008556028930130933
0.2768286630392064 0.849752689777172 0.009342213209142287
0.286606761694825 0.8460974508881323 0.009525998351024833
0.29673024081888694 0.8684322088624015 0.008843891412375961
0.3072112998861756 0.8548641653592849 0.009372004143743227
0.3180625692794119 0.8751480563439498 0.00863882582791403
0.3292971255097148 0.879302415762456 0.008383449822667541
0.3409285069746811 0.873262638043699 0.00869247634479751
0.352970730273065 0.8742930035551659 0.008721382428550566
0.36543830709572545 0.8751631740977077 0.008715608738521431
0.3783462617131929 0.8772641091614773 0.008562361480859641
0.39171014908092566 0.8967680446401615 0.007902402864309016
0.4055460735840828 0.8923445487929595 0.008247389350363106
0.419870708444391 0.889073581650725 0.00826363091847098
0.4347013158125022 0.9066467071480309 0.007690088641175386
0.4500557675700497 0.9117673349564653 0.007339625509176124
0.46595256686646774 0.8947795788063259 0.008157719720066875
0.48241087041653685 0.9115235762788736 0.007559334447340824
0.499450511585514 0.9185722128109953 0.007247863839340943
0.5170920242896755 0.9049407968543419 0.008015506157249858
0.5353566677410724 0.9178631457439996 0.007241650810082898
0.5542664520663102 0.9194171917358358 0.00701037245917368
0.5738441648302393 0.9230891620439845 0.007135286449804905
0.5941133984965034 0.9345577583003474 0.006560032284107621
0.6150985788580497 0.9162696265344434 0.007424611415418965
0.6368249944718586 0.9338630342566289 0.00662577132405809
0.6593188271333542 0.9348125914431085 0.006439605464311506
0.6826071834272386 0.9366603611504886 0.006327834142562305
0.7067181273927491 0.926806936674511 0.006984193506851345
0.7316807143427192 0.9297532540076417 0.006813210209460376
0.7575250258771913 0.9377569409843592 0.006333541213968665
0.7842822061337682 0.9372816404691503 0.006499939158065787
0.8119844993184009 0.9501513558867802 0.005797843346323804
0.8406652885618325 0.9397917846272439 0.006360858517568855
0.8703591361485157 0.9402382957784345 0.006463640775678187
0.9011018251665018 0.9346969484590582 0.006804850548138741
0.9329304026284686 0.9444249825863833 0.0059673742848199126
0.9658832241158698 0.9358377780952312 0.006717546472147132
1.0 0.9406579658850616 0.0063991905714309355
