0.7290778719964351 0.0 0.7631818018949096 0
0.8583225138693101 0.0 0.8679307692508218 0
0.9026398470310231 0.0 0.9060324144197125 0
0.9258916599104109 0.0 0.9240330230610698 0
0.9396293468334364 0.0 0.9380430287992335 0
0.9478004866451604 0.0 0.9451588853683053 0
0.9548374206508692 0.0 0.9523922438397467 0
0.9598028335654719 0.0 0.9568844937196227 0
0.9642374314837425 0.0 0.9610854972380338 0
0.9673573320893329 0.0 0.9637678352553851 0
0.9695987667253257 0.0 0.9666268384446516 0
0.9714557377140853 0.0 0.9687007100367122 0
0.9738696007696404 0.0 0.970583224951503 0
0.9754791780889697 0.0 0.972218210533696 0
0.977034768114586 0.0 0.9736063315564997 0
0.9779495832353077 0.0 0.9749010392563605 0
0.9790892031307097 0.0 0.9739387518825112 0
0.9802554054301963 0.0 0.9763053566773554 0
0.9811428321187251 0.0 0.9779532806884009 0
