0.7389447990679456 0.0 0.7829263718595981 0
0.8647628571449046 0.0 0.8815033719428823 0
0.9092326842788434 0.0 0.9159931383930516 0
0.9312126915350066 0.0 0.9350434116258438 0
0.9439167120164702 0.0 0.9461345938888354 0
0.9531083743722105 0.0 0.9538960761481827 0
0.9592800045969543 0.0 0.9576587747091928 0
0.9634401053654772 0.0 0.9620379626906873 0
0.9678366998930238 0.0 0.9670636089134705 0
0.9706467868527062 0.0 0.9697657147156704 0
0.9732079734583988 0.0 0.9720302121944403 0
0.9737645068368465 0.0 0.97272547539016 0
0.9768680122211245 0.0 0.9742600733609174 0
0.9776222057659666 0.0 0.9765677214734155 0
0.9795784309009916 0.0 0.9781948143894248 0
0.980814417520108 0.0 0.9792877007880997 0
0.9811428110694358 0.0 0.9801360374569774 0
0.9826609237479569 0.0 0.9811304344385468 0
0.9833515332108054 0.0 0.9819113191420599 0
