0.001 0.0024036085725512076 2.8868568474638723e-05
0.0012067926406393288 0.00341073966137702 4.129433063788472e-05
0.0014563484775012444 0.004970051259400419 5.9014242705767845e-05
0.0017575106248547913 0.006921671040809828 8.201461165422535e-05
0.0021209508879201904 0.009967488368251337 0.00011769560365881527
0.002559547922699536 0.013865560835695527 0.00016141155938201017
0.0030888435964774815 0.019811686568088353 0.00022817115905639226
0.003727593720314938 0.027116023378280875 0.0003085528176829367
0.004498432668969444 0.03869510217471546 0.000427952857087217
0.005428675439323859 0.05171443601084896 0.000560183734242511
0.006551285568595509 0.07038628132555082 0.0007445495297235537
0.0079060432109077 0.09237208671506823 0.0009629369319743639
0.009540954763499945 0.12271977131284041 0.0012199839111724639
0.01151395399326447 0.16193639888902225 0.0015352849425501857
0.013894954943731374 0.20592751419182645 0.0018520493995499753
0.016768329368110076 0.25653205890583003 0.0022024226875207824
0.020235896477251564 0.3094245217560304 0.002518748532075113
0.02442053094548651 0.371491610444359 0.0028486153624911327
0.029470517025518096 0.44148119599890523 0.003072503999845587
0.03556480306223128 0.5005907395274714 0.0032702617191268366
0.04291934260128776 0.5632792413766994 0.003370577595664087
0.0517947467923121 0.6156811152488679 0.0034128642402028162
0.0625055192527397 0.6676220738327225 0.003430305887579457
0.07543120063354615 0.7107915793875335 0.003353107984302437
0.09102981779915217 0.7521038518775022 0.003275474379705476
0.10985411419875583 0.7880051351272757 0.003136123851608636
0.13257113655901082 0.817041597039991 0.0030242654272389603
0.15998587196060574 0.8463994051553334 0.002843930253977153
0.19306977288832497 0.8714076895748786 0.002651833806250374
0.2329951810515372 0.885663473317822 0.002549611705294404
0.2811768697974228 0.8984713268785017 0.0024374555830157965
0.3393221771895326 0.9152660732027511 0.0022793490034746107
0.4094915062380423 0.9278422473051887 0.002141763053341029
0.49417133613238334 0.940202033707103 0.001933926715227634
0.5963623316594643 0.9456592129474639 0.0018905444979242345
0.7196856730011514 0.9528429473790562 0.0017695653414526763
0.868511373751352 0.9608057015861122 0.0016133931964095818
1.0481131341546852 0.9649838955826745 0.0015344752681498582
1.2648552168552958 0.9703903588413008 0.001421750448761577
1.5264179671752318 0.9734751858640833 0.001356621744146596
1.8420699693267144 0.9756090306690188 0.0013171062947749542
2.2229964825261934 0.9793562911679928 0.0012103995662234017
2.6826957952797246 0.9824872377774972 0.0011105647118334141
3.2374575428176433 0.9832741232681259 0.0011097168744975744
3.906939937054613 0.9842389798250344 0.0010857674617290283
4.714866363457389 0.9874663272114466 0.0009630807910632124
5.689866029018293 0.9879316596600253 0.000961642811276601
6.866488450042998 0.9914208649606846 0.00080362101453198
8.286427728546842 0.9922616525762398 0.0007581979736777991
10.0 0.9917532288632891 0.000831395374111104
