0.001 0.022659992804456446 0.00016738672029174958
0.0012067926406393288 0.027893255690371814 0.00020251482846937038
0.0014563484775012444 0.03258054801423044 0.00023999741785438026
0.0017575106248547913 0.039021113792427994 0.0002848754598729606
0.0021209508879201904 0.047191871023140444 0.00034175644174803103
0.002559547922699536 0.056082617546185404 0.0004076845145221029
0.0030888435964774815 0.06794310145217196 0.0004846630275352038
0.003727593720314938 0.08025289386722587 0.0005741675664762903
0.004498432668969444 0.09580569255199672 0.0006859393619123908
0.005428675439323859 0.11387371728901162 0.0008031361540978853
0.006551285568595509 0.13529470274036326 0.0009437319211296862
0.0079060432109077 0.1600146689176846 0.0010984507257661793
0.009540954763499945 0.18751416855311964 0.0012581349621972225
0.01151395399326447 0.2192757959710003 0.0014489720055036975
0.013894954943731374 0.25573103144971676 0.0016550246570651314
0.016768329368110076 0.2947884253312666 0.0018543050075970635
0.020235896477251564 0.335834436072075 0.0020675720036995057
0.02442053094548651 0.38818845335771074 0.0022872519649534103
0.029470517025518096 0.43424314479488274 0.0024747840439630665
0.03556480306223128 0.48528517128158827 0.0026390117472711366
0.04291934260128776 0.5363555292177034 0.0027333306749761175
0.0517947467923121 0.5814472628171907 0.002858495985697606
0.0625055192527397 0.6307568688063165 0.0029351307562327216
0.07543120063354615 0.6852523041806508 0.002910955739337788
0.09102981779915217 0.7173704933456412 0.0029327584383665862
0.10985411419875583 0.7595458927586894 0.0028540512583572664
0.13257113655901082 0.7899987717902194 0.002772291959462968
0.15998587196060574 0.8219990241094 0.0026479714159897937
0.19306977288832497 0.8452796924285624 0.002563676006368501
0.2329951810515372 0.8683169384604443 0.0024241471928835453
0.2811768697974228 0.8849776426957742 0.002315947760522016
0.3393221771895326 0.9013438659797611 0.0022072798395337376
0.4094915062380423 0.9183973157031855 0.0020138788174580134
0.49417133613238334 0.923707578815244 0.0019993001728938046
0.5963623316594643 0.9346233169139617 0.001869967000860084
0.7196856730011514 0.9470690657981892 0.001706350558780331
0.868511373751352 0.953422735361857 0.001605345717492944
1.0481131341546852 0.9611982177472083 0.0014723364074170741
1.2648552168552958 0.9615537645742926 0.0015057575808224246
1.5264179671752318 0.9696476566272199 0.001348861993139872
1.8420699693267144 0.9714632351842866 0.0013280405482038935
2.2229964825261934 0.975599534510605 0.001236285716029338
2.6826957952797246 0.9783551912865248 0.0011910203425496606
3.2374575428176433 0.9796723073560324 0.0011397551373254155
3.906939937054613 0.9822961758199658 0.0010575818114892113
4.714866363457389 0.9857561485735996 0.0009688733039961271
5.689866029018293 0.984777485492202 0.001030532397034141
6.866488450042998 0.9869863913638667 0.0009462974135476764
8.286427728546842 0.988696781845266 0.0009032098750921229
10.0 0.9903601168995032 0.0008569278530909892
