0.001 0.023258597931693093 0.00016843970676467743
0.0012067926406393288 0.02767754583002924 0.00020276360820425672
0.0014563484775012444 0.03368383818577473 0.0002435265150377388
0.0017575106248547913 0.039961921973679315 0.0002877960169327284
0.0021209508879201904 0.04813390247577174 0.00034828095725359824
0.002559547922699536 0.05739851500632753 0.0004088085724201072
0.0030888435964774815 0.06914750664497198 0.0004921296132634386
0.003727593720314938 0.08150710731832544 0.0005810699635567481
0.004498432668969444 0.09893804205482082 0.0006941444336550272
0.005428675439323859 0.11598565201466127 0.0008058774621648021
0.006551285568595509 0.13786146247219683 0.0009439711446046777
0.0079060432109077 0.16071082853932622 0.001094166718610526
0.009540954763499945 0.18972168926574942 0.0012668397627348747
0.01151395399326447 0.224430514394085 0.0014617607150016595
0.013894954943731374 0.26070774151450016 0.001656923933937596
0.016768329368110076 0.30043175299923414 0.001874097185172064
0.020235896477251564 0.3420033471320535 0.0020646418696229317
0.02442053094548651 0.38948993723670267 0.002294238009699986
0.029470517025518096 0.44433600139246776 0.002461522504122135
0.03556480306223128 0.49203523260764676 0.002629509756565979
0.04291934260128776 0.5449838680992285 0.00274626519721452
0.0517947467923121 0.5921462608739446 0.0028351554543802836
0.0625055192527397 0.63969120889443 0.0029167679332978884
0.07543120063354615 0.6823513245343058 0.002898998281672263
0.09102981779915217 0.7249461064701979 0.0028893520714834506
0.10985411419875583 0.7630382114498097 0.002813827973237245
0.13257113655901082 0.7938162776110473 0.0027558105972652572
0.15998587196060574 0.8258124215278176 0.00262888188714571
0.19306977288832497 0.8532972053365303 0.0024751645061540425
0.2329951810515372 0.8710534549109842 0.0023907686340684945
0.2811768697974228 0.8855740165222081 0.0023070608764705104
0.3393221771895326 0.9046462905148505 0.0021674814736082067
0.4094915062380423 0.9191077937182809 0.0020423896979093865
0.49417133613238334 0.9323056853506608 0.0018583202909265356
0.5963623316594643 0.9390384901298814 0.0018147552051477618
0.7196856730011514 0.947235254583039 0.0016991257035633871
0.868511373751352 0.9558675063666636 0.0015576281543354673
1.0481131341546852 0.960672500423856 0.001485572606145037
1.2648552168552958 0.9669656773610709 0.0013787786142492567
1.5264179671752318 0.970444140591376 0.0013234392461745092
1.8420699693267144 0.973174139725876 0.0012784018122741273
2.2229964825261934 0.9769428920463615 0.0011890948378569638
2.6826957952797246 0.9804150783871233 0.0010932076459226334
3.2374575428176433 0.9815767884713771 0.0010973072905496194
3.906939937054613 0.9826091851473447 0.0010782591690454866
4.714866363457389 0.9860134107184565 0.0009637407518650614
5.689866029018293 0.9867628184662471 0.0009646181875421587
6.866488450042998 0.990300508811798 0.0008157614583343112
8.286427728546842 0.9910521877856643 0.0007776790802984529
10.0 0.9908769572822854 0.0008468536002460376
