0.001 3.5929756062088866e-05 6.111883657344686e-07
0.0012067926406393288 6.195491595355803e-05 1.0298939748417873e-06
0.0014563484775012444 0.00010547482260399313 1.7243971276945488e-06
0.0017575106248547913 0.00018571747797164106 3.0569944398307203e-06
0.0021209508879201904 0.0003161266402572531 5.152008453995109e-06
0.002559547922699536 0.0005467843188943067 8.883285409366947e-06
0.0030888435964774815 0.0009033185055886701 1.4689779839527008e-05
0.003727593720314938 0.0015030770027751003 2.405727214017312e-05
0.004498432668969444 0.0025400666945644594 3.9689753754928e-05
0.005428675439323859 0.004077055918321655 6.266217029035562e-05
0.006551285568595509 0.006588233064822162 9.946837609261892e-05
0.0079060432109077 0.010951091650638529 0.000161153160572814
0.009540954763499945 0.017014982645007205 0.0002467030776341311
0.01151395399326447 0.02658282346524419 0.0003728414057012685
0.013894954943731374 0.041099780180050095 0.0005491334874012665
0.016768329368110076 0.06074327357372633 0.0007771893218302967
0.020235896477251564 0.0876222303078727 0.0010668982445009576
0.02442053094548651 0.12279832166411161 0.0014136740984254928
0.029470517025518096 0.1637576606648762 0.0017897458460808071
0.03556480306223128 0.21562131126739187 0.002179275361410054
0.04291934260128776 0.27513221708814833 0.002560981084806566
0.0517947467923121 0.34174864207000494 0.002934396842945761
0.0625055192527397 0.40963669808387365 0.00324252716793646
0.07543120063354615 0.47526299152196105 0.0034573375375356696
0.09102981779915217 0.5398268664461715 0.003575517727789376
0.10985411419875583 0.6013257179022525 0.0036029970610521544
0.13257113655901082 0.6505397641919153 0.00362753033908316
0.15998587196060574 0.7088461671997275 0.00350871340790293
0.19306977288832497 0.7490689880549875 0.0034132614760469687
0.2329951810515372 0.7862838898175879 0.003254282050762066
0.2811768697974228 0.813413499499321 0.0031400220033728473
0.3393221771895326 0.8434651153217939 0.002963961774303275
0.4094915062380423 0.8646824723261263 0.0027902069718366727
0.49417133613238334 0.8853301091770042 0.002612780914664303
0.5963623316594643 0.904062392185853 0.002441234215869976
0.7196856730011514 0.9159738895329079 0.0023221025206014516
0.868511373751352 0.9273170428109071 0.0021847636015557372
1.0481131341546852 0.938544915435993 0.0020258900028545627
1.2648552168552958 0.9456712342180932 0.0019162458733429511
1.5264179671752318 0.9517036559794271 0.0018331560738337651
1.8420699693267144 0.9565989238314223 0.001736668466158246
2.2229964825261934 0.9649822627143809 0.0015681452069966932
2.6826957952797246 0.969917886878941 0.0014770139594391424
3.2374575428176433 0.9749061945703048 0.001352264109931509
3.906939937054613 0.9776111637436603 0.0012953670622503752
4.714866363457389 0.978430488197667 0.0012882359404600926
5.689866029018293 0.981828389233415 0.0011516678988227477
6.866488450042998 0.9825373460150336 0.0011754900405145303
8.286427728546842 0.9865810361664142 0.0010118841704541178
10.0 0.9873148525000582 0.0009898174264450271
