0.001 3.521830257119153e-05 5.89841820495734e-07
0.0012067926406393288 6.039619625168324e-05 1.0234160050706035e-06
0.0014563484775012444 0.0001064532555843652 1.7604852851085314e-06
0.0017575106248547913 0.00017699550177588652 2.950163178716604e-06
0.0021209508879201904 0.00031105904497722976 5.155889507414417e-06
0.002559547922699536 0.0005159706028121388 8.48468101700778e-06
0.0030888435964774815 0.000899096572542812 1.4716121145322096e-05
0.003727593720314938 0.0014717356641787021 2.3612159064521273e-05
0.004498432668969444 0.0025631005827183853 4.0086909275390606e-05
0.005428675439323859 0.004063366464852393 6.279334038036088e-05
0.006551285568595509 0.006681756417377984 0.00010171620157426012
0.0079060432109077 0.010513924378884834 0.00015976993649019868
0.009540954763499945 0.016704838177046474 0.0002419137740363545
0.01151395399326447 0.02663655006111173 0.0003711042497300884
0.013894954943731374 0.040169986475302503 0.0005308766296042922
0.016768329368110076 0.05980643175442201 0.0007667894509577264
0.020235896477251564 0.0846783640432777 0.0010445206788826543
0.02442053094548651 0.12076073226807867 0.001412862524798976
0.029470517025518096 0.16629752077521365 0.0017817856195600978
0.03556480306223128 0.21656745882529102 0.002172387387662942
0.04291934260128776 0.27700109204572176 0.0025677307380401787
0.0517947467923121 0.33868683053359067 0.002936686312645837
0.0625055192527397 0.40760925483958743 0.0032226022713779494
0.07543120063354615 0.4690720710038966 0.0034222948961356806
0.09102981779915217 0.5374936908854836 0.0035740629170600735
0.10985411419875583 0.5981028185797355 0.003631794721652257
0.13257113655901082 0.6506130061003862 0.003607031319839527
0.15998587196060574 0.703414830395232 0.003527124517950057
0.19306977288832497 0.7483669261531315 0.0033947789059614896
0.2329951810515372 0.7810060652343179 0.003308764481591782
0.2811768697974228 0.8069642929857765 0.0031967952029568415
0.3393221771895326 0.8404139688885652 0.0029957630638669077
0.4094915062380423 0.8657879162298303 0.0028149797433774026
0.49417133613238334 0.8854901341072356 0.0026281839689355543
0.5963623316594643 0.8992603692635426 0.0025070878411021453
0.7196856730011514 0.9127658899456106 0.0023622154517182097
0.868511373751352 0.9265142658060569 0.0021834528953221174
1.0481131341546852 0.9349494213365269 0.002073831082275166
1.2648552168552958 0.945854209377548 0.0019179064280712196
1.5264179671752318 0.9521775236548842 0.0018182223107200413
1.8420699693267144 0.9573120119166749 0.0017369799205023885
2.2229964825261934 0.963157173897138 0.0016097870432134859
2.6826957952797246 0.9685035143610509 0.0014936885531669053
3.2374575428176433 0.9716636752130109 0.0014428914282358079
3.906939937054613 0.973601368725836 0.001396294855245253
4.714866363457389 0.9785324491213238 0.0012558420703104884
5.689866029018293 0.980542783747222 0.001218221747943031
6.866488450042998 0.9853142155025724 0.0010405337856872479
8.286427728546842 0.9862176033630152 0.0009958300102458732
10.0 0.9876365175816006 0.0009839481827226214
