0.001 0.05801963472768687 7.008587081624458e-05
0.0012067926406393288 0.08019472602232426 9.481011048202722e-05
0.0014563484775012444 0.10980592671152233 0.00012440894390186285
0.0017575106248547913 0.1479916561291063 0.00015819221207063515
0.0021209508879201904 0.19748652436395644 0.0001996532163956431
0.002559547922699536 0.2588048436722368 0.0002467679603767331
0.0030888435964774815 0.33211493383845864 0.0002867489870421274
0.003727593720314938 0.4177646055106023 0.0003276321741511175
0.004498432668969444 0.5118835790725239 0.00035056856491827535
0.005428675439323859 0.6118904387177098 0.0003554409663085981
0.006551285568595509 0.7097134237231887 0.0003328264887930792
0.0079060432109077 0.7985150765600971 0.0002858549280120451
0.009540954763499945 0.8728741780128556 0.00022540116181193705
0.01151395399326447 0.9279803679997545 0.0001557016970580909
0.013894954943731374 0.9643485935587826 9.333093999651364e-05
0.016768329368110076 0.9849911929781389 4.760874396223924e-05
0.020235896477251564 0.994729649140907 1.9917578767958726e-05
0.02442053094548651 0.9985273129606594 6.58801029876348e-06
0.029470517025518096 0.9996802579051267 1.6843281564545276e-06
0.03556480306223128 0.9999499195758746 3.102721456691774e-07
0.04291934260128776 0.9999946430587239 3.8832545079860706e-08
0.0517947467923121 0.9999996291337393 3.1129260267352623e-09
0.0625055192527397 0.99999998499363 1.4460427761013406e-10
0.07543120063354615 0.9999999996765482 3.5063114125948772e-12
0.09102981779915217 0.9999999999967712 3.855902284445476e-14
0.10985411419875583 0.9999999999999877 1.6327580132453328e-16
0.13257113655901082 1.0 1.986027322597818e-18
0.15998587196060574 1.0 1.6878311360972634e-18
0.19306977288832497 1.0 1.762284533281153e-18
0.2329951810515372 1.0 1.7278152355491506e-18
0.2811768697974228 1.0 0.0
0.3393221771895326 1.0 0.0
0.4094915062380423 1.0 0.0
0.49417133613238334 1.0 0.0
0.5963623316594643 1.0 0.0
0.7196856730011514 1.0 0.0
0.868511373751352 1.0 0.0
1.0481131341546852 1.0 0.0
1.2648552168552958 1.0 0.0
1.5264179671752318 1.0 0.0
1.8420699693267144 1.0 0.0
2.2229964825261934 1.0 0.0
2.6826957952797246 1.0 0.0
3.2374575428176433 1.0 0.0
3.906939937054613 1.0 0.0
4.714866363457389 1.0 0.0
5.689866029018293 1.0 0.0
6.866488450042998 1.0 0.0
8.286427728546842 1.0 0.0
10.0 1.0 0.0
