0.001 0.037678733235552604 5.979571658161209e-05
0.0012067926406393288 0.05256419845621517 8.323226284351147e-05
0.0014563484775012444 0.07296968693556818 0.00010965506860985474
0.0017575106248547913 0.10002270451133694 0.00014533228900101525
0.0021209508879201904 0.13535301467996932 0.00018414601575920467
0.002559547922699536 0.1808995435279809 0.00023196732999481627
0.0030888435964774815 0.239006451615166 0.00029381594426206985
0.003727593720314938 0.308401718889841 0.0003513315994822192
0.004498432668969444 0.3896771196235281 0.0003910858074098402
0.005428675439323859 0.48233752582908146 0.00043287052809127125
0.006551285568595509 0.5814373739868761 0.00044486404399511213
0.0079060432109077 0.678846506736596 0.0004204097871813262
0.009540954763499945 0.7716846714314194 0.00037584647418821863
0.01151395399326447 0.850743385336199 0.0002998668132614803
0.013894954943731374 0.9124674718919902 0.00021846804548359967
0.016768329368110076 0.9543363005050214 0.00013835812295067795
0.020235896477251564 0.9795615212146522 7.395714400394958e-05
0.02442053094548651 0.9922446330238474 3.294890562322679e-05
0.029470517025518096 0.997644318603824 1.1954225328886254e-05
0.03556480306223128 0.9994345534188221 3.355598389473635e-06
0.04291934260128776 0.9998985555452647 7.115768608791135e-07
0.0517947467923121 0.9999873264349539 1.036033892003888e-07
0.0625055192527397 0.9999989340430404 1.001837380454904e-08
0.07543120063354615 0.9999999450019698 5.821249163324596e-10
0.09102981779915217 0.9999999984123229 1.8543875587570292e-11
0.10985411419875583 0.999999999978043 2.8283213516472427e-13
0.13257113655901082 0.9999999999998689 1.804156934614832e-15
0.15998587196060574 0.9999999999999998 4.2609428221535176e-18
0.19306977288832497 1.0 1.1482089478185648e-18
0.2329951810515372 1.0 1.4495958872328765e-18
0.2811768697974228 1.0 1.3044057516542044e-18
0.3393221771895326 1.0 0.0
0.4094915062380423 1.0 0.0
0.49417133613238334 1.0 0.0
0.5963623316594643 1.0 0.0
0.7196856730011514 1.0 0.0
0.868511373751352 1.0 0.0
1.0481131341546852 1.0 0.0
1.2648552168552958 1.0 0.0
1.5264179671752318 1.0 0.0
1.8420699693267144 1.0 0.0
2.2229964825261934 1.0 0.0
2.6826957952797246 1.0 0.0
3.2374575428176433 1.0 0.0
3.906939937054613 1.0 0.0
4.714866363457389 1.0 0.0
5.689866029018293 1.0 0.0
6.866488450042998 1.0 0.0
8.286427728546842 1.0 0.0
10.0 1.0 0.0
