0.001 0.13447220737832538 9.248002020381709e-05
0.0012067926406393288 0.15987163566678925 0.0001090954122095627
0.0014563484775012444 0.1895166758827981 0.00012517228462290757
0.0017575106248547913 0.22416960592042942 0.00014624595359162565
0.0021209508879201904 0.26360946033203464 0.0001640192961613076
0.002559547922699536 0.30871272349607937 0.0001871804672720081
0.0030888435964774815 0.35971127401168745 0.00021017676861101147
0.003727593720314938 0.4155710779341842 0.00022695928653518874
0.004498432668969444 0.47733251648357283 0.0002453478481741767
0.005428675439323859 0.5423683062417224 0.00025992198776971073
0.006551285568595509 0.6109640597850783 0.00026431699097920886
0.0079060432109077 0.6800849892114251 0.00026604755118335823
0.009540954763499945 0.7466940052145292 0.0002514848785814037
0.01151395399326447 0.809454967484635 0.0002249189474686684
0.013894954943731374 0.8643067524449454 0.00018977725599066874
0.016768329368110076 0.9098304902430686 0.00015114560257204732
0.020235896477251564 0.9451749682066433 0.00011081429738653112
0.02442053094548651 0.9697264019113876 7.204146088500026e-05
0.029470517025518096 0.9852008872368025 4.209731250216297e-05
0.03556480306223128 0.9937462310051005 2.0836380459104273e-05
0.04291934260128776 0.99777638900035 8.856214749534415e-06
0.0517947467923121 0.9993595077446326 3.016235433386538e-06
0.0625055192527397 0.9998562393138156 7.944880744046933e-07
0.07543120063354615 0.9999761980852678 1.5453575805317826e-07
0.09102981779915217 0.9999972007026198 2.1099054504808353e-08
0.10985411419875583 0.9999997871024218 1.849576147714213e-09
0.13257113655901082 0.9999999904174285 9.56063478380181e-11
0.15998587196060574 0.9999999997586619 2.6707401984112616e-12
0.19306977288832497 0.9999999999971465 3.461856354914278e-14
0.2329951810515372 0.9999999999999867 1.7863974156314029e-16
0.2811768697974228 1.0 5.799786378539274e-19
0.3393221771895326 1.0 0.0
0.4094915062380423 1.0 0.0
0.49417133613238334 1.0 0.0
0.5963623316594643 1.0 0.0
0.7196856730011514 1.0 0.0
0.868511373751352 1.0 0.0
1.0481131341546852 1.0 0.0
1.2648552168552958 1.0 0.0
1.5264179671752318 1.0 0.0
1.8420699693267144 1.0 0.0
2.2229964825261934 1.0 0.0
2.6826957952797246 1.0 0.0
3.2374575428176433 1.0 0.0
3.906939937054613 1.0 0.0
4.714866363457389 1.0 0.0
5.689866029018293 1.0 0.0
6.866488450042998 1.0 0.0
8.286427728546842 1.0 0.0
10.0 1.0 0.0
