0.001 0.0024667662344709518 5.344351441947157e-06
0.0012067926406393288 0.0041442805740188595 8.909064504590709e-06
0.0014563484775012444 0.006897401209031081 1.4306478805726475e-05
0.0017575106248547913 0.011411483766271512 2.3567295177651737e-05
0.0021209508879201904 0.0185342847208159 3.607479249203862e-05
0.002559547922699536 0.02975070307011809 5.6284208861519204e-05
0.0030888435964774815 0.04702931073378805 8.77285286745293e-05
0.003727593720314938 0.07241911030368851 0.00012271663349980598
0.004498432668969444 0.10963009493957201 0.00017418992921115794
0.005428675439323859 0.16065579302469793 0.00023766861879899803
0.006551285568595509 0.22935109380493224 0.000305211541901001
0.0079060432109077 0.3160058065778396 0.00037938698418843697
0.009540954763499945 0.41774646129003196 0.00042955380276999056
0.01151395399326447 0.5316029425715902 0.00044867961531912845
0.013894954943731374 0.6465964944714262 0.0004295892966336309
0.016768329368110076 0.7537748339976348 0.00037789292944404094
0.020235896477251564 0.8447260665100766 0.0002980873984413327
0.02442053094548651 0.9120519897243543 0.00020354162230404543
0.029470517025518096 0.9563088484915563 0.0001226411382242552
0.03556480306223128 0.9813687201391598 6.17248811828999e-05
0.04291934260128776 0.9933463370059602 2.6447860699064205e-05
0.0517947467923121 0.9980800264107905 9.036441568794231e-06
0.0625055192527397 0.9995687988733107 2.382708505267298e-06
0.07543120063354615 0.9999285966718034 4.6358157221402517e-07
0.09102981779915217 0.9999916021447225 6.329672970754737e-08
0.10985411419875583 0.9999993613075043 5.5487253746560115e-09
0.13257113655901082 0.9999999712522862 2.868190359647157e-10
0.15998587196060574 0.9999999992759856 8.012220595233771e-12
0.19306977288832497 0.9999999999914396 1.0385569062538765e-13
0.2329951810515372 0.9999999999999601 5.35916197467663e-16
0.2811768697974228 1.0 1.7399359135617824e-18
0.3393221771895326 1.0 0.0
0.4094915062380423 1.0 0.0
0.49417133613238334 1.0 0.0
0.5963623316594643 1.0 0.0
0.7196856730011514 1.0 0.0
0.868511373751352 1.0 0.0
1.0481131341546852 1.0 0.0
1.2648552168552958 1.0 0.0
1.5264179671752318 1.0 0.0
1.8420699693267144 1.0 0.0
2.2229964825261934 1.0 0.0
2.6826957952797246 1.0 0.0
3.2374575428176433 1.0 0.0
3.906939937054613 1.0 0.0
4.714866363457389 1.0 0.0
5.689866029018293 1.0 0.0
6.866488450042998 1.0 0.0
8.286427728546842 1.0 0.0
10.0 1.0 0.0
