0.001 0.08665041547557648 0.0005686534465974598
0.0012067926406393288 0.10483093835275786 0.0006745079841800543
0.0014563484775012444 0.12240310742344863 0.000772647311162407
0.0017575106248547913 0.14631143121015303 0.0009167389316880413
0.0021209508879201904 0.17207177379176414 0.0010555359180342682
0.002559547922699536 0.20329271065845597 0.0012094655860899156
0.0030888435964774815 0.23673258926120946 0.0013786139363899791
0.003727593720314938 0.2759269220457563 0.001544849533905998
0.004498432668969444 0.31737895286271994 0.001739469582162757
0.005428675439323859 0.36369804746479084 0.0019012577329273776
0.006551285568595509 0.4165252775626885 0.002061323689058144
0.0079060432109077 0.4694808290726106 0.0022178451209110953
0.009540954763499945 0.5257645688519982 0.002346618288276896
0.01151395399326447 0.5799233068342433 0.0024762053178684585
0.013894954943731374 0.6354427156836415 0.0025089591128631366
0.016768329368110076 0.6818883993064768 0.0025653122004135253
0.020235896477251564 0.7321471300532321 0.0025500457877903064
0.02442053094548651 0.7718786862713758 0.0025285167169264823
0.029470517025518096 0.8122980215207475 0.002422821463252628
0.03556480306223128 0.8453047041668682 0.0022798349623036848
0.04291934260128776 0.870694146658529 0.00218462819788548
0.0517947467923121 0.8916872945306861 0.002072383665656796
0.0625055192527397 0.9157431446525494 0.001869919039687096
0.07543120063354615 0.9238845306374356 0.0018543345119324223
0.09102981779915217 0.9396587695393664 0.001695430645790646
0.10985411419875583 0.9492921147467829 0.001584976541185263
0.13257113655901082 0.9575590151806096 0.001452906432047006
0.15998587196060574 0.9620470047339175 0.0014144259545248268
0.19306977288832497 0.97062464988894 0.0012523859951486817
0.2329951810515372 0.974480072487637 0.0011647805958611341
0.2811768697974228 0.9781663998015172 0.0011017867445281676
0.3393221771895326 0.9803084263930554 0.001057864576965668
0.4094915062380423 0.9838666279826561 0.0009357209630910175
0.49417133613238334 0.9858996228470818 0.0008925874938111752
0.5963623316594643 0.9894510875662891 0.0007702143804369759
0.7196856730011514 0.988067068757577 0.0008728191532140141
0.868511373751352 0.9900379362313572 0.0007815661776595401
1.0481131341546852 0.9925422453325101 0.0006715378505523337
1.2648552168552958 0.9929466163383865 0.0006901421770406833
1.5264179671752318 0.9936196908458489 0.0006466269285846947
1.8420699693267144 0.9951189434877676 0.0005659380188520499
2.2229964825261934 0.9928767692566806 0.0007205998725306838
2.6826957952797246 0.9952090618557888 0.0005979081523647486
3.2374575428176433 0.9947483862387017 0.0006355101181840066
3.906939937054613 0.9966124721385536 0.0004884198401804646
4.714866363457389 0.9946252790004187 0.0006785110413216862
5.689866029018293 0.9969631116170818 0.0004927257472795265
6.866488450042998 0.9967684787699125 0.0005336071035852836
8.286427728546842 0.9970950185363306 0.0005118715444549826
10.0 0.9975022442460028 0.00048013412785909046
