0.001 0.08821339857264193 0.0005861392384411486
0.0012067926406393288 0.10418473340008849 0.0006638311998484214
0.0014563484775012444 0.12428101927356047 0.0007956809489632605
0.0017575106248547913 0.14734726398088258 0.0009303521102599294
0.0021209508879201904 0.1729062616407956 0.0010529074394125492
0.002559547922699536 0.20226122817955233 0.0011942098594926599
0.0030888435964774815 0.23844515468731675 0.0013886846509214797
0.003727593720314938 0.2773105223846291 0.001542788692340331
0.004498432668969444 0.31991732914171456 0.001711747177955182
0.005428675439323859 0.3674957268826553 0.0018992980631075118
0.006551285568595509 0.4165984843755451 0.002077321351398954
0.0079060432109077 0.4679433069294865 0.0022427430764600433
0.009540954763499945 0.5222687566908539 0.0023730927308307816
0.01151395399326447 0.5793525705659229 0.0024552875638069226
0.013894954943731374 0.6341272979751424 0.002505617737956071
0.016768329368110076 0.6846362536237692 0.0025572837561337503
0.020235896477251564 0.7293236583731254 0.0025727989908912474
0.02442053094548651 0.7746951762899384 0.002477881123992649
0.029470517025518096 0.8132952781909909 0.002374310124972154
0.03556480306223128 0.8418194201206898 0.0023307576789384703
0.04291934260128776 0.8702028285817929 0.0021858385174638177
0.0517947467923121 0.8941284889467742 0.002051822934878547
0.0625055192527397 0.9109682972797682 0.0019417968359955974
0.07543120063354615 0.9299100668500523 0.0017440645472404817
0.09102981779915217 0.9388960423489083 0.001686117577705399
0.10985411419875583 0.9506036348680548 0.0015225404233934529
0.13257113655901082 0.9596027146002263 0.0014162224630736315
0.15998587196060574 0.9622401620801296 0.0014155508220089566
0.19306977288832497 0.9703277764719813 0.0012657856504022205
0.2329951810515372 0.973317049261516 0.001195808768740435
0.2811768697974228 0.9766581778874023 0.0011517646819122942
0.3393221771895326 0.9813657333623298 0.001029176225746483
0.4094915062380423 0.9833336531640693 0.0009810816512677602
0.49417133613238334 0.9868103514531529 0.0008759505885534077
0.5963623316594643 0.9884688059771805 0.0008242135555172806
0.7196856730011514 0.9893282436020643 0.0008151620867544182
0.868511373751352 0.9911032270823175 0.0007287898776605062
1.0481131341546852 0.992057902021196 0.0007155308065737846
1.2648552168552958 0.9923601247042734 0.0007063151271537775
1.5264179671752318 0.994598093107578 0.0005894268269798972
1.8420699693267144 0.9938882504715113 0.0006548989812646917
2.2229964825261934 0.9943801596903755 0.000632916181937314
2.6826957952797246 0.9958487301408401 0.0005453521241633573
3.2374575428176433 0.9958522467286419 0.0005647403583434665
3.906939937054613 0.9965346502482333 0.0005236002066025153
4.714866363457389 0.9974205988667593 0.0004595103225570463
5.689866029018293 0.9963123868253535 0.0005716846143871433
6.866488450042998 0.9957746530805274 0.0006192178449121181
8.286427728546842 0.9974807473914712 0.0004807991728027508
10.0 0.9968708428207738 0.0005474214157191958
