0.001 0.0017448938365784042 4.4039937690388535e-05
0.0012067926406393288 0.0028356398206230518 6.933909346644633e-05
0.0014563484775012444 0.004695345815801208 0.00010793387866452745
0.0017575106248547913 0.007555250204025542 0.00016366038513611648
0.0021209508879201904 0.012224697213177049 0.0002488840943155441
0.002559547922699536 0.019064861929365944 0.0003519789521131429
0.0030888435964774815 0.02835509732100258 0.0004894081865266025
0.003727593720314938 0.043085999545119415 0.0006737093271282853
0.004498432668969444 0.06288391628065351 0.0008638602453504886
0.005428675439323859 0.09136407389456233 0.001141816396318674
0.006551285568595509 0.12742128392824334 0.0014192574002052701
0.0079060432109077 0.1710864890332437 0.0017151064444728998
0.009540954763499945 0.2299153676812361 0.002075647338489539
0.01151395399326447 0.2947897592117345 0.002405214360242476
0.013894954943731374 0.36814507144716724 0.002699924116259111
0.016768329368110076 0.4446665086508403 0.002979507318115188
0.020235896477251564 0.5222504507691189 0.00318115776035247
0.02442053094548651 0.5881696555641995 0.003284531010066465
0.029470517025518096 0.6632115917170475 0.003287933228568209
0.03556480306223128 0.7173424223460543 0.003204330647182376
0.04291934260128776 0.7670384798743519 0.0031297575805432983
0.0517947467923121 0.8084042785130319 0.0029585346878738916
0.0625055192527397 0.8418138831548633 0.0028130401957189455
0.07543120063354615 0.8744128613452973 0.0025758749714001857
0.09102981779915217 0.8963355466203093 0.0024051555922577515
0.10985411419875583 0.9121924400803724 0.002261455533613635
0.13257113655901082 0.923057706406381 0.0021702064330955447
0.15998587196060574 0.9361858028517965 0.002000328879358101
0.19306977288832497 0.9505169168061745 0.0017517146361848727
0.2329951810515372 0.9582679964604668 0.0016440719416393665
0.2811768697974228 0.9647530620555111 0.00153097978949878
0.3393221771895326 0.9688173801933564 0.0014503924821930795
0.4094915062380423 0.9717601522033154 0.0014094196486204064
0.49417133613238334 0.9787442605020619 0.0012231986845202025
0.5963623316594643 0.9815042243493566 0.0011432976254861374
0.7196856730011514 0.9826284235233604 0.001130529128970996
0.868511373751352 0.9852699254693021 0.001019969363192362
1.0481131341546852 0.9898630428174565 0.0008406419351259905
1.2648552168552958 0.9904165572500727 0.000838665576262662
1.5264179671752318 0.9900591602969485 0.0008577012210489469
1.8420699693267144 0.991984922363605 0.0007750065871145424
2.2229964825261934 0.992652971799002 0.0007517759016291406
2.6826957952797246 0.9936913222778768 0.0007167660388557863
3.2374575428176433 0.9950989441999715 0.0006171788617060525
3.906939937054613 0.9938646001019675 0.0006998636312772463
4.714866363457389 0.9968906174358076 0.00046515548289630663
5.689866029018293 0.9959312857262425 0.0005904173043062455
6.866488450042998 0.9967670619867851 0.000510852519943386
8.286427728546842 0.9970238604764609 0.0005073479113200978
10.0 0.9969968447725194 0.0005217484753494004
