0.001 0.0018341556875732007 4.6766997639176164e-05
0.0012067926406393288 0.0028069145875451104 6.712872128297361e-05
0.0014563484775012444 0.0048021957962207824 0.0001127982809231308
0.0017575106248547913 0.007759589227266565 0.00017145835489289687
0.0021209508879201904 0.011743637635002892 0.00023438287957510263
0.002559547922699536 0.01799926987143543 0.00033922702871262846
0.0030888435964774815 0.0287890919550347 0.0005050884906432842
0.003727593720314938 0.0423812591098962 0.0006549216919327534
0.004498432668969444 0.061901946887890184 0.000867113307854161
0.005428675439323859 0.0898195157243991 0.0011283775794106552
0.006551285568595509 0.12519008524178263 0.0014073901330447208
0.0079060432109077 0.17027442595122866 0.0017279737368708242
0.009540954763499945 0.225337999232932 0.0020761968870559853
0.01151395399326447 0.28994755392036387 0.0023641830895111686
0.013894954943731374 0.3621729402001334 0.002702470504789362
0.016768329368110076 0.43911924580942296 0.0029847331865242256
0.020235896477251564 0.5129658630817245 0.0031901801554356218
0.02442053094548651 0.5866588504625889 0.003287632016636897
0.029470517025518096 0.6534837480287082 0.0032890408595457497
0.03556480306223128 0.7097207640627395 0.0032614090241318045
0.04291934260128776 0.7609202199555701 0.003152415274098619
0.0517947467923121 0.8059388643390925 0.00298603501160148
0.0625055192527397 0.8382244743784728 0.002832973245594704
0.07543120063354615 0.8714177614580012 0.002590220954483079
0.09102981779915217 0.8902927961685526 0.0024536656813700405
0.10985411419875583 0.9109177940433776 0.002265300922252019
0.13257113655901082 0.9282891155895772 0.002070609665661269
0.15998587196060574 0.9353921076173703 0.002025460944098491
0.19306977288832497 0.9490681250413221 0.0017995859609255323
0.2329951810515372 0.9539428540917007 0.00172598475838107
0.2811768697974228 0.9609683395924203 0.001622540173941715
0.3393221771895326 0.9687479475188493 0.0014657049231687066
0.4094915062380423 0.9721734024259098 0.0013815214199008135
0.49417133613238334 0.9780491304250503 0.0012400244509017091
0.5963623316594643 0.9808670441165556 0.001154364739249719
0.7196856730011514 0.9828766425965442 0.0011031323578598149
0.868511373751352 0.9853079078077828 0.0010232352671868303
1.0481131341546852 0.987502174126029 0.0009556584260763882
1.2648552168552958 0.9880884958982986 0.0009410511753687259
1.5264179671752318 0.9914123758259907 0.0007838865912489857
1.8420699693267144 0.990913663376608 0.0008280738761827926
2.2229964825261934 0.9917230389633338 0.0007950358998052093
2.6826957952797246 0.9939228182865074 0.000691711796406255
3.2374575428176433 0.9942293564472966 0.0006702150467024834
3.906939937054613 0.9952878163785829 0.0006076338073770146
4.714866363457389 0.9965879408612893 0.0005134554206547336
5.689866029018293 0.9955677320152969 0.0006071586789468998
6.866488450042998 0.9950737060575356 0.0006431448223336371
8.286427728546842 0.9970947890427491 0.0004927631629161205
10.0 0.9966316786689955 0.0005514879823242571
