0.001 0.03648312412967104 0.0018431852985521255
0.0010353218432956625 0.03739800255157563 0.001946826692035332
0.0010718913192051276 0.03757744043391646 0.001960848768934394
0.0011097524964120721 0.0433630092491877 0.0021669027120142154
0.0011489510001873086 0.045635460307397936 0.00248197081528514
0.0011895340673703195 0.04135663414697615 0.00219217411778845
0.0012315506032928262 0.042178613552543584 0.0022042273733023847
0.0012750512407130128 0.04913645964911096 0.0025785653071366704
0.001320088400831418 0.05067892691035532 0.0025757954231146753
0.001366716356462006 0.047649768548457594 0.002396255644191918
0.0014149912974345759 0.0527432128195691 0.002690062801920324
0.0014649713983072863 0.053890826110339074 0.0026782908768298473
0.0015167168884709225 0.054331593488330526 0.0028076178736829304
0.0015702901247293774 0.05342818329619058 0.0026710686040755226
0.0016257556664437934 0.05955986849159068 0.002948960294535856
0.0016831803533309566 0.061321874550803714 0.002857753321109406
0.0017426333860096508 0.0641391754642349 0.0031015538576391194
0.0018041864093920718 0.0622114218338353 0.0030233977784228316
0.0018679135990207828 0.06907339799316199 0.0034416358208149062
0.0019338917504552302 0.07089449128511578 0.003333563791079653
0.0020022003718155844 0.07413845613702559 0.003859804511224284
0.002072921779595372 0.07128724811421458 0.0033821311684849127
0.0021461411978584036 0.07371823723723495 0.0036882948567886972
0.002221946860939524 0.06996294506562643 0.0033476176507134846
0.002300430119772917 0.07757074162490062 0.003694454663947068
0.002381685551976158 0.08236166426290638 0.003785166942527783
0.002465811075822604 0.07862978206122574 0.0036363814752390683
0.0025529080682395165 0.0803286474792944 0.003743663788914717
0.0026430814869741054 0.09123902147114378 0.004438307664252217
0.0027364399970746718 0.09435229013513838 0.0043529837210007395
0.002833096101839324 0.0910632338277625 0.004364233414262002
0.0029331662783900455 0.08984939703436454 0.004130577616465296
0.0030367711180354575 0.10384659381426393 0.004508900046477619
0.0031440354715915 0.10352142406532948 0.004761776792320005
0.0032550885998350564 0.09714407260999255 0.004273880255742895
0.003370064329271928 0.10612289746945468 0.004660538005846554
0.0034891012134067737 0.10685994997968043 0.0046420530862622544
0.0036123426997094303 0.11109766255883734 0.004905386140608349
0.0037399373024787977 0.1207617632428316 0.005167511225219062
0.003872038781812557 0.11841315502881544 0.005120757781089567
0.004008806328898464 0.1232961244117769 0.0053387092209399925
0.004150404757850477 0.13156867808325526 0.005577888550609494
0.00429700470432084 0.12229156729753683 0.005108705641505298
0.004448782831127585 0.12346525351380407 0.005263282414138029
0.004605922041145104 0.1421139302211572 0.005740731077720598
0.004768611697714469 0.1393584133580918 0.005491036092743074
0.004937047852839003 0.14675757765771408 0.005783626746141546
0.005111433483440166 0.147096025685116 0.006069604921901406
0.005291978735958442 0.1494635178260936 0.006029314466059117
0.005478901179593945 0.16011593507654728 0.0061247410964101
0.005672426068491977 0.16237664333325813 0.006346075794590937
0.005872786613189483 0.1596046768144181 0.005975441424440007
0.006080224261649421 0.17996796054519068 0.006827658707107644
0.006294988990221888 0.17360600007338695 0.00655376395159596
0.00651733960488242 0.1765310005352851 0.006746660243284966
0.006747544053110693 0.17991789536213565 0.006479889717512146
0.0069858797467852495 0.19178186073972395 0.006767777945103048
0.007232633896483534 0.19562700231314573 0.00688706144178078
0.007488103857590023 0.19327688631992018 0.006780973544826085
0.007752597488629464 0.2021040757354226 0.006907944735949211
0.008026433522257174 0.20871954631489117 0.006967414964132335
0.008309941949353396 0.20609886123744725 0.007006879526297301
0.008603464416684501 0.21691759301426647 0.007353580382107438
0.00890735463861044 0.21146173383744657 0.006963426100774241
0.009221978823334321 0.22784852821264012 0.007453854571533739
0.009547716114208056 0.21238356894514673 0.006498030817529821
0.009884959046625586 0.22907293293079978 0.007459460973288271
0.010234114021054532 0.23912153552329987 0.007546035128836892
0.010595601792776159 0.23969993533595071 0.007283943793221098
0.010969857978923836 0.2510027236712802 0.007785817286976857
0.01135733358343105 0.248578557573582 0.007613207881135255
0.011758495540521564 0.25826524783492566 0.007747848628289101
0.012173827277396614 0.27003385168129124 0.007851368489770291
0.012603829296797275 0.27125288233040623 0.007993840275213953
0.013049019780144023 0.27403342956392396 0.008049310941197593
0.013509935211980266 0.2950875447399769 0.008318358652162208
0.01398713102647238 0.29157780684462675 0.008055590406442631
0.014481182276745337 0.3014898405483886 0.008252800165604325
0.014992684327860457 0.3047976423714092 0.008084303652242152
0.015522253574270471 0.2990875037254926 0.008180279568553
0.016070528182616384 0.3119165798347114 0.008252709214040392
0.016638168860761283 0.32635266578195216 0.008413227107531061
0.017225859653987867 0.3228075335277505 0.008410059135496521
0.017834308769319095 0.3187855545585733 0.007973584611422224
0.018464249428955436 0.3490085846758083 0.008310138910417375
0.019116440753857017 0.34791253342502454 0.008565147038162333
0.019791668678535563 0.3628921794178319 0.008824333466234893
0.020490746898158472 0.3667233468282682 0.008734213011895853
0.021214517849106298 0.36477260729534566 0.008453337454978237
0.02196385372416546 0.37517161308994945 0.008468816711674959
0.022739657523579274 0.39091628599839523 0.009023564918601677
0.023542864143224165 0.39718778031829965 0.008766563943940788
0.024374441501222206 0.3913732366104267 0.008716434898642425
0.02523539170434766 0.42344679114879075 0.008740238332344797
0.026126752255633278 0.4219745511136872 0.008421786956431795
0.027049597304631343 0.4251282827278983 0.008787757469108636
0.02800503894183631 0.4277524462591856 0.008712928245332785
0.028994228538828767 0.44134614816221474 0.008876712339182774
0.03001835813575589 0.4534803110283353 0.009045493804775042
0.031078661877820123 0.45474515699875423 0.009148022807427983
0.032176417502507354 0.46654760533299944 0.009346881132026736
0.03331294787934674 0.4581339757132364 0.009094987663917342
0.03448962260405758 0.4782307209892162 0.00921502191219159
0.03570785964900463 0.48385164264302255 0.009274055756211019
0.03696912707195026 0.4821814155008126 0.009014934906697247
0.03827494478516311 0.49733370192185455 0.009436336546169505
0.03962688638701478 0.5004360205187717 0.009499311404100963
0.04102658105827192 0.5146799255209787 0.009168556591536477
0.04247571552536898 0.5267256550077319 0.009024807635697572
0.043976036093027186 0.533612056770857 0.00914099627191784
0.04552935074866948 0.5427609092441367 0.008894876676755828
0.047137531341167244 0.5541544652460189 0.009577473762033615
0.04880251583654431 0.563802691097631 0.009217561595440725
0.0505263106533568 0.5870853489023887 0.009240423051183026
0.05231099308056261 0.56679572245785 0.009439007851228377
0.054158713780794704 0.5890688464019125 0.009462829774586528
0.05607169938205458 0.6014111650464533 0.009398163361574409
0.05805225516094899 0.6104689559517456 0.009387469786345234
0.06010276782070382 0.6126900629626781 0.009514755164881351
0.06222570836730228 0.6130905570481742 0.009457025621759754
0.0644236350872137 0.6207974399982586 0.009522303246462168
0.06669919663030122 0.634510933022293 0.009573643311492288
0.06905513520162328 0.6381696437295088 0.009473441386330574
0.07149428986597577 0.6641400961178824 0.009164863968137024
0.07401959996915641 0.6407950710144589 0.009510944157034204
0.07663410868007454 0.6734211111752879 0.009409765124620134
0.07934096665797492 0.6818856425079293 0.009086768920158602
0.08214343584919426 0.6770527755777637 0.009579049667879461
0.08504489341802678 0.6875828888884727 0.009203497498086228
0.0880488358164346 0.6816403671748102 0.009367653398013508
0.09115888299750818 0.6977204365805437 0.0093950254203257
0.09437878277775381 0.7213528489416661 0.009276534146701048
0.09771241535346496 0.7240990581077392 0.009278832782370044
0.1011637979766207 0.7268312000447027 0.008961235164900902
0.10473708979594497 0.7231815724530475 0.009376339599835982
0.10843659686896098 0.7339350745313652 0.009182318344063243
0.11226677735108136 0.7535684114981702 0.008828968022285872
0.11623224686798518 0.7605927186096919 0.008835062142904589
0.12033778407775893 0.7714495325174917 0.00868357732458216
0.12458833642950082 0.7739802696616368 0.00886498646726345
0.1289890261253308 0.7768974307018149 0.008793295334657555
0.13354515629298988 0.7751552356676077 0.00883405752714762
0.1382622173764655 0.785515906577148 0.008613420548330575
0.14314589375234785 0.8015650876741865 0.00858733389988445
0.14820207057988585 0.808784283808996 0.008456571840828016
0.15343684089300116 0.7967129213566512 0.008861302976191126
0.15885651294280528 0.8034459286498018 0.00877973949902476
0.16446761779946628 0.8023084347031926 0.008750335096722269
0.17027691722258995 0.8177077297497571 0.008415394264564825
0.1762914118095948 0.8316501583174747 0.00832803183591996
0.18251834943190426 0.8411108998467596 0.007977044599562335
0.18896523396912096 0.8383225819987861 0.008378995204132263
0.1956398343517063 0.8483729469349491 0.007796436547537699
0.20255019392306664 0.836334996160075 0.008376881058531037
0.2097046401323233 0.8416443698348944 0.007978837486804438
0.21711179456945032 0.8461102915337513 0.008034010272092272
0.22478058335487253 0.857744076570036 0.007752597434233406
0.23272024789604073 0.8644199222243153 0.0076270524797049846
0.24094035602395245 0.8644648255729119 0.007742807423166959
0.24945081352303167 0.8559081900503108 0.008189414818465912
0.2582618760682675 0.8533136653075359 0.00826005643097912
0.26738416158399464 0.874318535753911 0.007718213146995678
0.2768286630392064 0.8817467216669128 0.007358938640266443
0.286606761694825 0.8806957594704806 0.0075739233311481165
0.29673024081888694 0.8783757943039707 0.007572333347141006
0.3072112998861756 0.890714262598448 0.007147594431794052
0.3180625692794119 0.8933368488987034 0.006961143281550046
0.3292971255097148 0.9004013075309292 0.006940928405050818
0.3409285069746811 0.9081121035102299 0.006451243632747517
0.352970730273065 0.9043218297305536 0.00680750548991048
0.36543830709572545 0.908044645677826 0.0064514099295557474
0.3783462617131929 0.9052747966383131 0.0065778398671823305
0.39171014908092566 0.9211915964966152 0.006084111453400701
0.4055460735840828 0.9185962562751706 0.006253060755412135
0.419870708444391 0.9027964455924339 0.006933418411683748
0.4347013158125022 0.9111377809813543 0.0067356361155777675
0.4500557675700497 0.9079881181534076 0.006784170010507139
0.46595256686646774 0.914203211733447 0.006552777400975121
0.48241087041653685 0.9072912177320969 0.0070100643475516505
0.499450511585514 0.9220047429388546 0.006350685237948878
0.5170920242896755 0.9129945694099845 0.006825081464319479
0.5353566677410724 0.926815959233576 0.00612095228093795
0.5542664520663102 0.9388737415665782 0.005674206815375112
0.5738441648302393 0.927695768158969 0.00626743595669648
0.5941133984965034 0.9321162546346071 0.005837473872767477
0.6150985788580497 0.9367637508727601 0.005977641446861189
0.6368249944718586 0.9460957713543702 0.005010079146140522
0.6593188271333542 0.9462884859004851 0.0052737526757757665
0.6826071834272386 0.9366986467057514 0.005959315912451118
0.7067181273927491 0.9387392783953922 0.005672736278451569
0.7316807143427192 0.9463844937451755 0.005554338497794066
0.7575250258771913 0.9493297350380417 0.005408159098841512
0.7842822061337682 0.9484979249243204 0.005240990772572042
0.8119844993184009 0.9465384957052106 0.0054129960888605775
0.8406652885618325 0.9523769472001465 0.005146224265694446
0.8703591361485157 0.9511862048152228 0.00520943144986663
0.9011018251665018 0.9407609425019342 0.006075289878714077
0.9329304026284686 0.9487300173965177 0.005383218836728975
0.9658832241158698 0.9493858160495059 0.005089028896761247
1.0 0.9506495210503086 0.005327520378977704
