0.001 0.15748774643280036 0.0014050768888965507
0.0012067926406393288 0.19847125224020673 0.0017706374559713384
0.0014563484775012444 0.256330411124937 0.0021780104362757484
0.0017575106248547913 0.30732057588612477 0.0025993702707392025
0.0021209508879201904 0.3642243078257772 0.0029990173197487675
0.002559547922699536 0.4293199281516962 0.0033448672932387693
0.0030888435964774815 0.48799753512328764 0.003577702387015596
0.003727593720314938 0.5389737515212154 0.0036887906263501635
0.004498432668969444 0.5880771303930349 0.0036422043595835066
0.005428675439323859 0.6335177736540886 0.0034485277732631135
0.006551285568595509 0.682811677906811 0.0031241483427964754
0.0079060432109077 0.727521193106968 0.002728732391723838
0.009540954763499945 0.777636196195386 0.002264383397170958
0.01151395399326447 0.8267169779049979 0.0017995790653668755
0.013894954943731374 0.8734400253123286 0.0013900628775106853
0.016768329368110076 0.915038640375397 0.000979883459919271
0.020235896477251564 0.9466126545306711 0.0007211649372382565
0.02442053094548651 0.9705826505656711 0.0004966973268563037
0.029470517025518096 0.9858844503015843 0.0003553894337842038
0.03556480306223128 0.9921724999441378 0.0004076168234871358
0.04291934260128776 0.9966418907044338 0.0002817303744904756
0.0517947467923121 0.9984857838602583 0.00019809906231696938
0.0625055192527397 0.9987009794357713 0.00020370119389543376
0.07543120063354615 0.9993898425126879 0.0001290750248749841
0.09102981779915217 0.9995159722907343 0.00010972401502696193
0.10985411419875583 0.9997983757677779 7.15979558550734e-05
0.13257113655901082 0.9997411371340528 0.00011188435556782566
0.15998587196060574 0.999902231295688 5.8754913333155694e-05
0.19306977288832497 0.9999284397290262 6.0033230302561634e-05
0.2329951810515372 0.9999650235277706 1.3372971387735989e-05
0.2811768697974228 0.9999836055530008 1.2060864880522202e-05
0.3393221771895326 0.999976359772465 1.9011887391481177e-05
0.4094915062380423 0.9999976215885185 1.090818579967983e-06
0.49417133613238334 0.9999502815468497 4.294499402265654e-05
0.5963623316594643 0.9999999408364727 3.172321435478967e-08
0.7196856730011514 0.9999992279924325 5.833477468361753e-07
0.868511373751352 0.9999999905468112 7.443404441957381e-09
1.0481131341546852 0.99999980503905 1.9343833268416702e-07
1.2648552168552958 0.9999993323215167 6.675529581617908e-07
1.5264179671752318 0.9999999999976106 2.3654941820952437e-12
1.8420699693267144 0.9999999999995501 4.4981309841346905e-13
2.2229964825261934 0.9999999999999843 9.701487111066011e-15
2.6826957952797246 0.9999999998202124 1.7967538128249276e-10
3.2374575428176433 1.0 6.092727550889832e-18
3.906939937054613 0.9999999999999689 3.1053428031766525e-14
4.714866363457389 1.0 2.2204460492503132e-20
5.689866029018293 1.0 0.0
6.866488450042998 1.0 0.0
8.286427728546842 1.0 0.0
10.0 1.0 0.0
