0.001 0.160275024301929 0.0014037837967164415
0.0012067926406393288 0.20221906817678384 0.0017729669872683922
0.0014563484775012444 0.25144788889857006 0.0021768978910629783
0.0017575106248547913 0.3060129392025354 0.0025994672707880394
0.0021209508879201904 0.3763465796507158 0.0030006267954870007
0.002559547922699536 0.43309488282145475 0.0033420564246050416
0.0030888435964774815 0.483642740200952 0.003585734279702274
0.003727593720314938 0.5363770523527256 0.0036821608160015336
0.004498432668969444 0.5841222725204216 0.003636932140412502
0.005428675439323859 0.6349493113445587 0.0034506739823243105
0.006551285568595509 0.6812835934569066 0.0031260957546690644
0.0079060432109077 0.7300195740126388 0.0027242484288859713
0.009540954763499945 0.77846529023525 0.0022555153596311296
0.01151395399326447 0.8274929881058797 0.0017977538253384799
0.013894954943731374 0.8731731036873893 0.00134161091082661
0.016768329368110076 0.9146117572875438 0.0009712150880214754
0.020235896477251564 0.9473899282685843 0.000669180297243858
0.02442053094548651 0.9700830535322184 0.0005402091421408443
0.029470517025518096 0.9848370690360106 0.0004280154199810897
0.03556480306223128 0.99318369855095 0.00031662179522885727
0.04291934260128776 0.996631027490105 0.0003078309384515571
0.0517947467923121 0.9983685117473761 0.0002206384541254222
0.0625055192527397 0.9988182758133156 0.00022129072611892377
0.07543120063354615 0.9990186025131812 0.00019799808331950116
0.09102981779915217 0.9995576872783757 0.00012409345339333018
0.10985411419875583 0.9997363273013412 9.25002342296997e-05
0.13257113655901082 0.9998146707585794 6.557093827344034e-05
0.15998587196060574 0.9997818321691566 0.00010753614554945646
0.19306977288832497 0.9999490033737156 2.7581521482798762e-05
0.2329951810515372 0.9998789285193436 7.807930216816807e-05
0.2811768697974228 0.9999818344019683 9.479195067548176e-06
0.3393221771895326 0.9999744285266421 1.4796830428667e-05
0.4094915062380423 0.9999909596722948 6.502249473860574e-06
0.49417133613238334 0.9999918474887425 6.661553659755073e-06
0.5963623316594643 0.9999997968977521 1.9227740273057936e-07
0.7196856730011514 0.99998941338507 7.619901040060266e-06
0.868511373751352 0.9999999998393767 1.6037388588261177e-10
1.0481131341546852 0.9999999865475551 9.998020289917763e-09
1.2648552168552958 0.9999999998862933 1.1369815510027879e-10
1.5264179671752318 0.9999999999999248 5.290521144891408e-14
1.8420699693267144 0.9999999991423382 8.576188957889613e-10
2.2229964825261934 1.0 1.687977186470582e-18
2.6826957952797246 0.9999999999999771 2.281287652669422e-14
3.2374575428176433 1.0 0.0
3.906939937054613 1.0 2.2204460492503132e-20
4.714866363457389 0.9999999999846364 1.5356610424509976e-11
5.689866029018293 0.9999999999995227 4.771755971581892e-13
6.866488450042998 1.0 2.2204460492503132e-20
8.286427728546842 1.0 0.0
10.0 1.0 0.0
