0.001 0.15727520594972072 0.0014042407930693083
0.0012067926406393288 0.20393494657647224 0.0017708600338422573
0.0014563484775012444 0.2554101253715872 0.0021783117730868277
0.0017575106248547913 0.3156811258488953 0.0025990315501302572
0.0021209508879201904 0.3641440381310636 0.0030000595704442316
0.002559547922699536 0.4322552622689761 0.0033433667198896648
0.0030888435964774815 0.48375353954506345 0.003587387911031277
0.003727593720314938 0.5345790292229178 0.0036833505049013323
0.004498432668969444 0.5883210182414165 0.003639180853446295
0.005428675439323859 0.6363927813684441 0.003450513763439943
0.006551285568595509 0.6846462505592118 0.0031359562856219563
0.0079060432109077 0.7307848379632487 0.002732057862962543
0.009540954763499945 0.7828305887696099 0.002274315522995661
0.01151395399326447 0.8267482535581361 0.0017879897009470036
0.013894954943731374 0.8736524347558081 0.0013460871985377185
0.016768329368110076 0.9160285748594442 0.0009672695059873618
0.020235896477251564 0.9468906879168859 0.0007216844669115052
0.02442053094548651 0.9699314490867615 0.000524120414986799
0.029470517025518096 0.9853900450096095 0.0003876550058405241
0.03556480306223128 0.9929723287355724 0.00031380123655497943
0.04291934260128776 0.9968990381750388 0.0002448531242822956
0.0517947467923121 0.9982922538014681 0.00022936807018403337
0.0625055192527397 0.9991558242136452 0.00015446043500305287
0.07543120063354615 0.9994553526862795 0.00012632549337671133
0.09102981779915217 0.9994911347534023 0.0001365951554028383
0.10985411419875583 0.9997441274639074 0.00010490745118622581
0.13257113655901082 0.9998328940826148 6.0655468831482034e-05
0.15998587196060574 0.9998444339236586 7.112101828647871e-05
0.19306977288832497 0.9999355203559844 5.3535155874474266e-05
0.2329951810515372 0.9999243065056337 4.574214938656329e-05
0.2811768697974228 0.9998392270708153 9.202501738654449e-05
0.3393221771895326 0.9999969312195021 2.5377768795440033e-06
0.4094915062380423 0.9999994685746267 2.709733466629415e-07
0.49417133613238334 0.9999999031438641 6.008564313295813e-08
0.5963623316594643 0.9999999612994901 2.2655686826322767e-08
0.7196856730011514 0.9999999958353925 2.56216231590023e-09
0.868511373751352 0.9999965950136926 3.39800412170594e-06
1.0481131341546852 0.9999999114334696 5.803333773155474e-08
1.2648552168552958 0.9999999999094497 7.239360330432581e-11
1.5264179671752318 0.9999999996904236 2.910428415638585e-10
1.8420699693267144 0.9999999999999262 6.722905670581757e-14
2.2229964825261934 0.99999986019119 1.3979468503671148e-07
2.6826957952797246 0.9999999999959118 4.04918619529201e-12
3.2374575428176433 0.9999999999999974 2.3254499331821718e-15
3.906939937054613 1.0 2.2204460492503132e-20
4.714866363457389 1.0 0.0
5.689866029018293 1.0 0.0
6.866488450042998 1.0 0.0
8.286427728546842 1.0 0.0
10.0 1.0 0.0
