0.001 0.024367664335411012 0.0002365515679836015
0.0012067926406393288 0.03720181618868029 0.0003654504936007077
0.0014563484775012444 0.05581318173923846 0.0005503880441039643
0.0017575106248547913 0.08178089587013088 0.00080659560555446
0.0021209508879201904 0.12112829307135214 0.001145177381950591
0.002559547922699536 0.1652722721534813 0.0015667884643410053
0.0030888435964774815 0.2157944040746468 0.00206117202693119
0.003727593720314938 0.27503269101837796 0.0025913724273447947
0.004498432668969444 0.3366419012428852 0.003112025946798804
0.005428675439323859 0.4028504672653915 0.0035647358494158327
0.006551285568595509 0.45939562742441775 0.003878919767402523
0.0079060432109077 0.5134372565513455 0.004035862452993357
0.009540954763499945 0.5589300876137219 0.0040040204895180785
0.01151395399326447 0.604988175528728 0.003798731203105952
0.013894954943731374 0.649489240638234 0.0034437816389372043
0.016768329368110076 0.7037149535589448 0.0029804971964021683
0.020235896477251564 0.7587329426534428 0.0024390983196398625
0.02442053094548651 0.8168449303147145 0.0019083594084919819
0.029470517025518096 0.8707757810348837 0.0014027013839356744
0.03556480306223128 0.9175766834561826 0.0009780191341071823
0.04291934260128776 0.9517957525419292 0.0007021495608364123
0.0517947467923121 0.9742476445941304 0.0005156410121117881
0.0625055192527397 0.9874042195014401 0.000438763301555156
0.07543120063354615 0.9934413151837642 0.0004117356264943937
0.09102981779915217 0.9971278148682675 0.00028838390069445453
0.10985411419875583 0.9986456843282685 0.00022392582193110744
0.13257113655901082 0.9989419304311725 0.00019666567308040356
0.15998587196060574 0.9993408026704419 0.00018403020673089614
0.19306977288832497 0.9996365804597934 0.0001063918348837668
0.2329951810515372 0.999583514812345 0.00014060812184885378
0.2811768697974228 0.9998424932608712 6.756207404379006e-05
0.3393221771895326 0.9998195435526355 7.792072439505917e-05
0.4094915062380423 0.9999050190408078 4.786638994513385e-05
0.49417133613238334 0.9999234926181291 4.515617854604203e-05
0.5963623316594643 0.9999890300104307 7.679106407148223e-06
0.7196856730011514 0.9999277207702718 5.1231100671296804e-05
0.868511373751352 0.999999768934155 2.1939635885487254e-07
1.0481131341546852 0.9999965370847557 2.0022413761406835e-06
1.2648552168552958 0.9999998139137999 1.8460916465009948e-07
1.5264179671752318 0.9999999922075231 4.748552896561624e-09
1.8420699693267144 0.9999994932584243 5.066488372232525e-07
2.2229964825261934 0.9999999999766683 2.2372395470667894e-11
2.6826957952797246 0.9999999973630748 2.61607441612149e-09
3.2374575428176433 1.0 1.3988810110276973e-18
3.906939937054613 0.9999999999999989 9.994629321201396e-16
4.714866363457389 0.9999999307697853 6.787639295104569e-08
5.689866029018293 0.9999999880353762 1.1964025511876228e-08
6.866488450042998 1.0 5.701187111947345e-19
8.286427728546842 1.0 7.993605777301127e-19
10.0 1.0 0.0
