0.001 0.2656934745420291 0.0016549098297171602
0.0012067926406393288 0.32679378165722556 0.001920621331412047
0.0014563484775012444 0.40264636780147905 0.002152530792582785
0.0017575106248547913 0.4800542763885277 0.0023453772797774183
0.0021209508879201904 0.5590057619595343 0.0024891086597676774
0.002559547922699536 0.635272915552286 0.002537813452253312
0.0030888435964774815 0.7059980792372748 0.002526953211752841
0.003727593720314938 0.7718923595314634 0.00244566596162043
0.004498432668969444 0.8229622483583396 0.0023115325251317005
0.005428675439323859 0.8655826503270253 0.0021569338705610514
0.006551285568595509 0.9021240654479447 0.00193231316657205
0.0079060432109077 0.9260401465518675 0.0017749650984620966
0.009540954763499945 0.9438265156456251 0.0016494542729264877
0.01151395399326447 0.9565839460770527 0.0015315575858691496
0.013894954943731374 0.9655186411220716 0.0014477473919510375
0.016768329368110076 0.971059746547099 0.0013647756621973641
0.020235896477251564 0.9745650459356496 0.0013520161724419862
0.02442053094548651 0.9777966295391991 0.0012989325961507527
0.029470517025518096 0.9809449389516882 0.0012483853859892743
0.03556480306223128 0.9827657352661774 0.0012081643820553182
0.04291934260128776 0.9810133800533909 0.0013022084638204298
0.0517947467923121 0.9841194023405747 0.001215927587102729
0.0625055192527397 0.9836499318227255 0.0012438007867017406
0.07543120063354615 0.982580541062307 0.0012894550789168072
0.09102981779915217 0.9858780134058396 0.0011707633189945196
0.10985411419875583 0.9853442505294232 0.0011879010195397798
0.13257113655901082 0.9818670941536882 0.0013257730462844803
0.15998587196060574 0.9866192236886534 0.0011397953150306581
0.19306977288832497 0.9844292393401143 0.0012360354677315233
0.2329951810515372 0.9844503458167745 0.0012357307432366018
0.2811768697974228 0.9839616727529036 0.0012533645824791848
0.3393221771895326 0.9852464933475742 0.0012039227098503268
0.4094915062380423 0.9845866906038997 0.001231399803807099
0.49417133613238334 0.9849804268918804 0.0012156266915301554
0.5963623316594643 0.9867570686744708 0.001142046951503445
0.7196856730011514 0.9830942595872264 0.0012889734447132305
0.868511373751352 0.9857988627577366 0.0011831456334548344
1.0481131341546852 0.9849999502482686 0.001215524517278952
1.2648552168552958 0.9850999349990499 0.0012115274698504493
1.5264179671752318 0.9847993666665766 0.0012234763888614682
1.8420699693267144 0.9842979431674955 0.001243120550453577
2.2229964825261934 0.9864999979723259 0.001154025560604865
2.6826957952797246 0.9845999787997506 0.001231374815055366
3.2374575428176433 0.9830999999911424 0.0012889681919931388
3.906939937054613 0.9869999914474477 0.0011327400310029228
4.714866363457389 0.9828999999982112 0.0012964408972235809
5.689866029018293 0.9854999999275402 0.001195397423365916
6.866488450042998 0.9857999999999997 0.0011831466519413385
8.286427728546842 0.9861 0.0011707600095664356
10.0 0.9844 0.0012392191089553133
