0.001 0.2651644851756879 0.001648640411081962
0.0012067926406393288 0.32889077186149207 0.0019124632088248891
0.0014563484775012444 0.39928337917748613 0.002175702366052868
0.0017575106248547913 0.47851908965223394 0.002358706209363552
0.0021209508879201904 0.5587547417927884 0.002493232313447121
0.002559547922699536 0.6391629843657018 0.002553423431510565
0.0030888435964774815 0.7098513047318296 0.002519912550540718
0.003727593720314938 0.7701978485930128 0.002476557184062379
0.004498432668969444 0.8267943916099625 0.0022612884228419296
0.005428675439323859 0.8682725180511461 0.002133900850984357
0.006551285568595509 0.899562094596209 0.0019778322145154056
0.0079060432109077 0.9229185811679661 0.001858481510074944
0.009540954763499945 0.9424738236884507 0.0016596803927526726
0.01151395399326447 0.9566146910141727 0.0014852422098713936
0.013894954943731374 0.962681454377805 0.0014904769578424077
0.016768329368110076 0.9701359399086159 0.0014052540682880357
0.020235896477251564 0.9739418568533837 0.0014015603813691503
0.02442053094548651 0.9773626916702262 0.0013356292271979547
0.029470517025518096 0.9810284741279222 0.0012396979876522108
0.03556480306223128 0.9804627025935424 0.0013048473656816042
0.04291934260128776 0.9823026919170487 0.0012649897702193822
0.0517947467923121 0.9851593044775476 0.0011742945005624313
0.0625055192527397 0.9846591729390546 0.0012038978163599681
0.07543120063354615 0.9823551687252006 0.001295108182478234
0.09102981779915217 0.9836223910983306 0.0012539735054287815
0.10985411419875583 0.9844995786831938 0.0012233148143332199
0.13257113655901082 0.9860770950740212 0.0011628966585623306
0.15998587196060574 0.9849199766461821 0.001211757540057991
0.19306977288832497 0.9845284151271749 0.0012318918810748872
0.2329951810515372 0.9853903650552606 0.0011994452686819102
0.2811768697974228 0.9848108461583465 0.0012218277667075859
0.3393221771895326 0.9846911443712665 0.0012274345890989037
0.4094915062380423 0.986891003149926 0.0011370374251593817
0.49417133613238334 0.985699161893183 0.001187244265645534
0.5963623316594643 0.9846465930356976 0.001228148731711056
0.7196856730011514 0.9860992570149562 0.0011707593604379787
0.868511373751352 0.9844995009592589 0.001235303029956043
1.0481131341546852 0.9842847958317765 0.0012431946264941584
1.2648552168552958 0.9853973386349688 0.00119945122768619
1.5264179671752318 0.9877999985598588 0.001097777753686083
1.8420699693267144 0.9841999986785515 0.0012470108242617498
2.2229964825261934 0.9861999179509657 0.0011666000944021509
2.6826957952797246 0.9858997764838902 0.0011790328322980955
3.2374575428176433 0.9860999489033511 0.0011707599500161948
3.906939937054613 0.9866999996662791 0.0011455614340193012
4.714866363457389 0.9851999999830113 0.0012075164594943268
5.689866029018293 0.987 0.0011327400407860578
6.866488450042998 0.9842999999999996 0.0012431214743539743
8.286427728546842 0.9863 0.0011624246212120594
10.0 0.9833 0.001281448789456684
