0.001 0.323273805499509 0.0013751803411763625
0.0012067926406393288 0.37186882853945935 0.0015113143825501926
0.0014563484775012444 0.42086252301018356 0.0016765236575526487
0.0017575106248547913 0.4768846249232912 0.0017996719012373721
0.0021209508879201904 0.541504497273027 0.001902299040401032
0.002559547922699536 0.5947325012216087 0.0020028311269789166
0.0030888435964774815 0.6579457018426559 0.002023423715753299
0.003727593720314938 0.7164971561314138 0.0020495043513591928
0.004498432668969444 0.7680542940237615 0.0020123096986656625
0.005428675439323859 0.8120967959537031 0.0019577568197250094
0.006551285568595509 0.8497188722622497 0.0019165501952500385
0.0079060432109077 0.8854986399416297 0.0017935507420660476
0.009540954763499945 0.9134086340955637 0.0016633475632623826
0.01151395399326447 0.9299087557717507 0.0016430769752978141
0.013894954943731374 0.946033487104822 0.001514179712548835
0.016768329368110076 0.9588253235285822 0.00138878145184144
0.020235896477251564 0.9661947876897732 0.0013886781568104016
0.02442053094548651 0.9725152912758829 0.001320249670944592
0.029470517025518096 0.9753934781915304 0.001302819789499378
0.03556480306223128 0.980597854222541 0.0012090745704512026
0.04291934260128776 0.9815881280763521 0.0012166321212631432
0.0517947467923121 0.981353599307661 0.001262833881761585
0.0625055192527397 0.9815591714785318 0.0012868999231084328
0.07543120063354615 0.98434851602002 0.001185635328500866
0.09102981779915217 0.9844439309449865 0.0012027813539462221
0.10985411419875583 0.9855948162773717 0.001166228689544469
0.13257113655901082 0.9852493784138063 0.0011906649053766906
0.15998587196060574 0.9863483951703891 0.0011496368500268563
0.19306977288832497 0.9844118173165194 0.0012327502435289747
0.2329951810515372 0.9849143114650957 0.0012131050310054084
0.2811768697974228 0.9852923553467954 0.0012001706074970713
0.3393221771895326 0.9870325398620976 0.0011288623715651877
0.4094915062380423 0.9869753347145277 0.0011327662828232033
0.49417133613238334 0.9854788642150545 0.001195464707374355
0.5963623316594643 0.9833329849422882 0.001278537101232542
0.7196856730011514 0.9845893894391622 0.0012313948767567607
0.868511373751352 0.9868611678245958 0.0011374300543113105
1.0481131341546852 0.9854743162000125 0.001195619189958397
1.2648552168552958 0.984999964236812 0.0012155245344316924
1.5264179671752318 0.9840997524252536 0.0012508869933691962
1.8420699693267144 0.9861933173904719 0.0011666024310305
2.2229964825261934 0.9870999713285448 0.0011284320654945282
2.6826957952797246 0.9882962569548097 0.00107531892960585
3.2374575428176433 0.9850985218998909 0.0012115264487819598
3.906939937054613 0.9857999997906721 0.0011831466516901243
4.714866363457389 0.9846998183349944 0.001227432473492819
5.689866029018293 0.98379999891022 0.0012624404922491595
6.866488450042998 0.9842999999999894 0.0012431214743539613
8.286427728546842 0.986 0.0011749042514179612
10.0 0.985 0.001215524578114322
