0.001 0.3232288767379923 0.0013622738262583992
0.0012067926406393288 0.3687070312740736 0.0015237935739955142
0.0014563484775012444 0.4247594744731239 0.0016568829568391066
0.0017575106248547913 0.4809909049439641 0.0017918675332051837
0.0021209508879201904 0.5392767467642984 0.0019106438831098377
0.002559547922699536 0.5983394436887315 0.0019848382945559227
0.0030888435964774815 0.6568250048149704 0.0020380796447387163
0.003727593720314938 0.715697395938462 0.0020518440076402428
0.004498432668969444 0.7664970479709288 0.0020175962618082396
0.005428675439323859 0.8126996693132718 0.001961121734418011
0.006551285568595509 0.8558847550958945 0.0018391476447036422
0.0079060432109077 0.8884874158110769 0.001738969601514677
0.009540954763499945 0.9145781281877567 0.001649139979603066
0.01151395399326447 0.9344070606603873 0.0015517285957106438
0.013894954943731374 0.9495008921938138 0.0014722970847020592
0.016768329368110076 0.958829655801534 0.0013866166021424364
0.020235896477251564 0.9659477750203869 0.0013721107618452407
0.02442053094548651 0.971408831828338 0.001319171441993548
0.029470517025518096 0.9766764365024244 0.0012628079342538602
0.03556480306223128 0.9797667207359968 0.001216877160271199
0.04291934260128776 0.9790442354864491 0.0013055409607106458
0.0517947467923121 0.9829942463232212 0.0012183020951340065
0.0625055192527397 0.9828166947136906 0.0012450985401549622
0.07543120063354615 0.9818583205228637 0.001292201516929106
0.09102981779915217 0.9855046104391039 0.0011719618759085005
0.10985411419875583 0.985025467136346 0.0011892534509491993
0.13257113655901082 0.9816256420790074 0.0013270564120419189
0.15998587196060574 0.9864765509730583 0.0011403256444146173
0.19306977288832497 0.9843287077278999 0.0012363321423063958
0.2329951810515372 0.9843857183301244 0.0012360074119753379
0.2811768697974228 0.9839159292988293 0.0012534139335078065
0.3393221771895326 0.9852116005286367 0.001204311773976432
0.4094915062380423 0.9845627743916273 0.0012315309321908412
0.49417133613238334 0.9849531167683683 0.001215787522312976
0.5963623316594643 0.986748034479755 0.0011421372002379821
0.7196856730011514 0.9830852527962901 0.0012890310480956448
0.868511373751352 0.9857914215660463 0.0011831529129140293
1.0481131341546852 0.9849980692747354 0.0012155228818673436
1.2648552168552958 0.9850981392597243 0.001211526162244272
1.5264179671752318 0.9847950989786203 0.001223479826404238
1.8420699693267144 0.9842905732913969 0.0012431387833167459
2.2229964825261934 0.9864997273741657 0.0011540252733839987
2.6826957952797246 0.9845991569755828 0.0012313740756093269
3.2374575428176433 0.9830999825923143 0.00128896816929561
3.906939937054613 0.9869994651118724 0.0011327395531928628
4.714866363457389 0.982899992276944 0.0012964408870622568
5.689866029018293 0.985499950821787 0.001195397364811827
6.866488450042998 0.9857999998974117 0.0011831466518182183
8.286427728546842 0.9861 0.0011707600095664356
10.0 0.9843999999998103 0.001239219108955074
