0.001 0.05207841048934268 0.0005798192220148743
0.0012067926406393288 0.07651446283769787 0.0007908269947117065
0.0014563484775012444 0.10873114978282263 0.00103515528217316
0.0017575106248547913 0.1521948796855961 0.0013130706534996367
0.0021209508879201904 0.21343154250272792 0.0016640551537915734
0.002559547922699536 0.27574006976770327 0.0019876651958677665
0.0030888435964774815 0.3572693167853286 0.0022815977829052183
0.003727593720314938 0.44662975407823213 0.0025364213188141943
0.004498432668969444 0.5330455212381155 0.0026894893888533074
0.005428675439323859 0.6142890383061924 0.002770638991014984
0.006551285568595509 0.6903439993970415 0.0027614459138739634
0.0079060432109077 0.7631273875353015 0.0026486341263210517
0.009540954763499945 0.82175142001722 0.0024523110526636148
0.01151395399326447 0.8616358665595703 0.002318273560377079
0.013894954943731374 0.8956201233298702 0.002119217311852199
0.016768329368110076 0.9225291029383603 0.00189457801965547
0.020235896477251564 0.9418830686168278 0.0017340606060746973
0.02442053094548651 0.9556844148983864 0.0015929003689395449
0.029470517025518096 0.9627720003963961 0.001531467986894617
0.03556480306223128 0.9726192815372587 0.001363406568819603
0.04291934260128776 0.975677758511927 0.00133256441855948
0.0517947467923121 0.9771407794818362 0.0013521576428467566
0.0625055192527397 0.9787845418116112 0.001340853945084777
0.07543120063354615 0.981925142411144 0.0012404310870967631
0.09102981779915217 0.9829195638824222 0.0012362661212048
0.10985411419875583 0.9845208475816909 0.0011911899897456817
0.13257113655901082 0.9846017289255354 0.0012048069331163887
0.15998587196060574 0.9859144705463304 0.0011603849799013662
0.19306977288832497 0.9841410269072769 0.001238140144297067
0.2329951810515372 0.9846795160394491 0.0012203899242010342
0.2811768697974228 0.9851317326966295 0.0012031402997707786
0.3393221771895326 0.9869295447612989 0.0011311908752997507
0.4094915062380423 0.9869296277338255 0.0011330861575105393
0.49417133613238334 0.9854429651713297 0.001195967561171369
0.5963623316594643 0.983262091773522 0.0012811591115566518
0.7196856730011514 0.9845705565398315 0.0012315883821003711
0.868511373751352 0.9868107324641462 0.0011390476604528506
1.0481131341546852 0.9854396075844702 0.0011966894579834098
1.2648552168552958 0.9849998927432851 0.0012155244498066977
1.5264179671752318 0.9840992589986057 0.0012508865489541962
1.8420699693267144 0.9861806537153168 0.0011666620039203913
2.2229964825261934 0.9870999139978943 0.001128432001403241
2.6826957952797246 0.9882890254927055 0.001075341110103086
3.2374575428176433 0.9850956177057562 0.0012115284588990478
3.906939937054613 0.9857999993720173 0.0011831466511878076
4.714866363457389 0.9846994559908746 0.0012274321285419602
5.689866029018293 0.9837999967306957 0.0012624404894560936
6.866488450042998 0.9842999999999682 0.0012431214743539346
8.286427728546842 0.986 0.0011749042514179612
10.0 0.985 0.001215524578114322
