0.001 0.051222166375778304 0.0005887008962325682
0.0012067926406393288 0.07479699448648192 0.0007772874959170873
0.0014563484775012444 0.11025804161259903 0.0010562142172691321
0.0017575106248547913 0.15136001349737493 0.0013211649257866016
0.0021209508879201904 0.20903887722052458 0.0016620271206599943
0.002559547922699536 0.2773478892582204 0.0019775928746889535
0.0030888435964774815 0.35312342125591983 0.0022557495202791366
0.003727593720314938 0.44031462116673353 0.002547319772173557
0.004498432668969444 0.5330266010761319 0.0026753083733799823
0.005428675439323859 0.6129604394291355 0.002790141880968681
0.006551285568595509 0.6928222344229508 0.0027480430159939045
0.0079060432109077 0.7622732825729925 0.0026222818390290426
0.009540954763499945 0.8147959288895805 0.00250811928732687
0.01151395399326447 0.8631973359924127 0.0022931150934654863
0.013894954943731374 0.8921927094042751 0.0021444298335880556
0.016768329368110076 0.9228479240170129 0.001906550471053225
0.020235896477251564 0.9397785256525046 0.0017678260756708796
0.02442053094548651 0.9543521453856468 0.0016100852751859305
0.029470517025518096 0.962239531687528 0.001556633714704238
0.03556480306223128 0.9711031082369572 0.0013950771523513874
0.04291934260128776 0.9758274410506083 0.0013383870639066095
0.0517947467923121 0.9770494105622965 0.0013440280981791943
0.0625055192527397 0.978916009379499 0.0013258031938181872
0.07543120063354615 0.9800722393592783 0.0013111158901819324
0.09102981779915217 0.9829187392659271 0.0012362475748299807
0.10985411419875583 0.9823290931658892 0.0012764497702818034
0.13257113655901082 0.984074626904518 0.0012179096234868029
0.15998587196060574 0.9842678596640467 0.0012298648728026043
0.19306977288832497 0.9824856999995584 0.0012992722227654666
0.2329951810515372 0.9843262783167315 0.0012299391629139159
0.2811768697974228 0.9853606398505348 0.001195053549888053
0.3393221771895326 0.9876272260745754 0.0010974805007533705
0.4094915062380423 0.9849368193292392 0.0012152495476584304
0.49417133613238334 0.9852573915004905 0.0012036289218521012
0.5963623316594643 0.9832352754546986 0.0012819005859754445
0.7196856730011514 0.9839505228742157 0.0012552657799251984
0.868511373751352 0.9876218005417042 0.0011015755151485213
1.0481131341546852 0.98648739847011 0.0011540335782291437
1.2648552168552958 0.9848993895289808 0.001219506993999572
1.5264179671752318 0.981197068315457 0.00135817804930036
1.8420699693267144 0.9840999922598812 0.0012508872752635897
2.2229964825261934 0.9852999319431585 0.0012034910903196828
2.6826957952797246 0.9853999621892362 0.0011994514959015022
3.2374575428176433 0.9847995497705934 0.0012234765356889104
3.906939937054613 0.9860999997206537 0.0011707600092347905
4.714866363457389 0.9859999768358785 0.001174904224044232
5.689866029018293 0.9839999999983929 0.0012547509713066007
6.866488450042998 0.9863999996922342 0.0011582331367919725
8.286427728546842 0.9865 0.0011540255629751016
10.0 0.9854 0.0011994515413304536
