0.001 0.05170547253057226 0.0005690700385843448
0.0012067926406393288 0.07534962438004864 0.0007817965820967593
0.0014563484775012444 0.11048664982124567 0.0010523324603357552
0.0017575106248547913 0.15516307661227896 0.0013444392078905151
0.0021209508879201904 0.2114846341422362 0.0016493433106851577
0.002559547922699536 0.2784724228675031 0.001969616713621282
0.0030888435964774815 0.356436120381116 0.0022830293398596966
0.003727593720314938 0.44553892153924946 0.002533481024490658
0.004498432668969444 0.5308558827779912 0.0027012724286050206
0.005428675439323859 0.6156197804474401 0.0027611703267170955
0.006551285568595509 0.6984829991696508 0.002707657668165817
0.0079060432109077 0.7664549879309164 0.0026069539941205927
0.009540954763499945 0.8235614111011964 0.002431883340328728
0.01151395399326447 0.8675007840006429 0.002235327199693997
0.013894954943731374 0.9020834764385698 0.0020333809243120644
0.016768329368110076 0.922342174013238 0.001884780129386298
0.020235896477251564 0.9405404522740018 0.0017483737180808059
0.02442053094548651 0.952657562462115 0.001626202723630491
0.029470517025518096 0.9642930811349845 0.0014815555621943669
0.03556480306223128 0.9707432233074096 0.0013956790214444998
0.04291934260128776 0.9728512905335726 0.001429469966733552
0.0517947467923121 0.9796207312116676 0.001287442451129753
0.0625055192527397 0.9803220728209935 0.0012947764328112702
0.07543120063354615 0.9798251432441222 0.0013295419530800438
0.09102981779915217 0.9844924186709195 0.0011904088147176874
0.10985411419875583 0.9839554876549722 0.0012171936364166077
0.13257113655901082 0.9808659855148147 0.0013438528521881122
0.15998587196060574 0.9858995052148686 0.0011590665050642374
0.19306977288832497 0.9840676451073581 0.0012404179801635403
0.2329951810515372 0.9842134056069551 0.001239023075542764
0.2811768697974228 0.9837206948461895 0.0012593440343375382
0.3393221771895326 0.9850951027845842 0.0012076887425063708
0.4094915062380423 0.9845024663288007 0.0012325504309153902
0.49417133613238334 0.9848808393928226 0.0012171248024087746
0.5963623316594643 0.9866961517497661 0.001144276112944096
0.7196856730011514 0.9830618072490239 0.0012894670497682486
0.868511373751352 0.9857754211009958 0.001183252193004402
1.0481131341546852 0.9849942577334466 0.0012155235533309046
1.2648552168552958 0.9850944830869667 0.0012115286605055146
1.5264179671752318 0.9847859404094496 0.0012235324952696936
1.8420699693267144 0.9842738379405062 0.0012433100516667168
2.2229964825261934 0.9864991841519275 0.001154024871198841
2.6826957952797246 0.984597492186908 0.0012313742583976413
3.2374575428176433 0.9830999477858011 0.001288968124575772
3.906939937054613 0.986998403903473 0.001132739333394228
4.714866363457389 0.982899976832621 0.0012964408668751856
5.689866029018293 0.9854998525378327 0.0011953972536697807
6.866488450042998 0.9857999996922353 0.0011831466515720033
8.286427728546842 0.9861 0.0011707600095664356
10.0 0.9843999999994308 0.0012392191089545968
