0.002615526461860836 0.5535647309228466 0.00018064796484605945 0.00010000014579509814
0.009430188422011704 0.04432962007731957 0.0022559284902461114 0.00010002143436823578
0.03430664010504659 0.003865969856416084 0.025884728624831394 0.0001025186025355433
0.1274867646174425 0.0004881468320361719 0.22104329836639494 0.00017823678759955742
0.47189952490972314 0.00036125870133630765 0.8174884765423801 0.00020747632577023016
0.9720486009344806 0.00014847127758401579 0.9997222191418863 0.00010000360550417668
0.9999998175054918 0.00014142134333518423 0.9999999999999867 0.0001
1.0 0.0001414213562373095 1.0 0.0001
1.0 0.0001414213562373095 1.0 0.0001
1.0 0.0001414213562373095 1.0 0.0001
