0.0037952332891258876 0.2639041058257365 0.0003789282470227304 0.00010000031819784026
0.013697249907944842 0.021477552735220472 0.004656462038080911 0.00010004473737979472
0.050014023763648476 0.0019796264675841233 0.05059743968192402 0.00010423069091694853
0.18768675222150435 0.00032184956527195823 0.3649018232123384 0.0001764466332714371
0.6521635197916672 0.000251017803765228 0.9382003061127634 0.00012032197028988551
0.9965905886510066 0.00014133181908367254 0.9999959676890797 0.00010000000084372719
0.9999999999082338 0.00014142135623082067 1.0 0.0001
1.0 0.0001414213562373095 1.0 0.0001
1.0 0.0001414213562373095 1.0 0.0001
1.0 0.0001414213562373095 1.0 0.0001
