0.0029865716791039583 0.4249637839162386 0.0002353152192500508 0.00010000019885676621
0.01077119309658152 0.03420696217049814 0.002923551405309694 0.00010002895665858332
0.03919093545106815 0.0030415614262543325 0.03290929960615919 0.00010323462253109046
0.14618273970351764 0.00041812585191777107 0.26639365484110156 0.00018212825016757802
0.5331444988932696 0.00031938622298899343 0.8691495906775952 0.0001677486233601983
0.9855077744478427 0.00014296962211272655 0.9999263668993924 0.00010000026742776336
0.9999999830890998 0.0001414213550415473 1.0 0.0001
1.0 0.0001414213562373095 1.0 0.0001
1.0 0.0001414213562373095 1.0 0.0001
1.0 0.0001414213562373095 1.0 0.0001
