0.6933610430580255 0.0023301550207610023 1.0533289908159185 0.0025915664630705164
0.861288724207749 0.0033217005108990383 1.18821440118916 0.00374055515620214
0.8970044349259932 0.003954779251130813 1.2409038845277955 0.0042514259757570495
0.9121520590789887 0.00427949438974073 1.2845452695521278 0.004411010663496259
0.9182314140651315 0.004389142537584948 1.2981928358685062 0.004310675139670156
0.9169261905619097 0.004435562315818913 1.3299147222732313 0.00428966677038592
0.9108845508207956 0.004313362470604227 1.3591338091937457 0.004153221608077378
0.9012759428581825 0.004182738596720735 1.3856712354172491 0.004033367233802358
0.8940211922540655 0.004117050910365453 1.4104153084693956 0.003993228294468758
0.8858038526726967 0.00400039349646003 1.4420549115537824 0.003924471838701989
0.8773036190584191 0.003845917003365158 1.462188791186163 0.0038150960404314234
0.8680756627546431 0.0037325749996927502 1.4829876570681761 0.003745731928768264
0.862853593728425 0.0035735469226768073 1.5123398675490294 0.003621729386670284
0.8575220505018375 0.003489606257475778 1.5319979074795351 0.003585933240198685
0.8515201335850459 0.003409960895929955 1.550480950812229 0.003572059557475725
0.8494784698453525 0.0033239665168756987 1.5731000939000717 0.0035334660576020515
0.845026249299482 0.0032555902378480924 1.5893331792198888 0.0035045653439598075
0.8476401475374394 0.0031923790773492077 1.6079440026355063 0.0035105558832256097
0.8437735957802814 0.0031334345182469445 1.6232427411623616 0.003484985220138295
0.8439383836462672 0.0031064927844736204 1.6394878422747678 0.003514138993405173
0.8437270057617255 0.003021662976787463 1.6585778373569589 0.0034633101336248922
0.844263290820961 0.0029507698811919456 1.6678082832005 0.003449234817973271
0.8461519545480766 0.002920210754848443 1.6859451888777757 0.003456565401051997
0.846334951614323 0.0028674064471451368 1.6959497472057454 0.0034544846444957687
0.8485482981929349 0.0028510362878130216 1.7105036342474471 0.0034841127968753753
0.8492472330346844 0.00278619704906934 1.717701194384187 0.0034566737157933508
0.8527980854077272 0.002800496538139971 1.7232161824423886 0.003511640848975614
0.8549908916529007 0.0027323648691547353 1.7378221090221457 0.0034698853415279125
0.8577469828492063 0.0027937379117245436 1.7383879526586707 0.0035842233841316476
0.8591056441816409 0.0027138561055761287 1.7466865170126082 0.0035278447188200916
0.863146240300453 0.0027299389799458457 1.752853106256133 0.0035865989752983216
0.8657359782176249 0.0026501099966384028 1.7690867372110703 0.0034995446690056177
0.8693251453364219 0.0026865880139863986 1.7731388894545497 0.003565036329936929
0.8716386693718804 0.0026743358933527237 1.7773737655502178 0.0035885661171030396
0.8778522241278315 0.002692695352831627 1.7805957636892082 0.003624783922018788
0.878757327516514 0.002667635486864525 1.785655105767125 0.0036175874108350767
0.8824127191937217 0.002731974804287363 1.781345741500672 0.0037224804725487855
0.8877568807192322 0.002637560604125268 1.7979449747453327 0.0035993451213129457
0.8918391399515387 0.0027134437653688966 1.7910195288162856 0.0037162630139421396
0.8929479523955844 0.0026041637006829627 1.808540586352065 0.0035868490932871215
0.8960396518229029 0.002602711121873833 1.8118265387187702 0.003580656073226299
0.9010319525851083 0.002721589634457114 1.800615162860299 0.003737044601635608
0.9034219357851071 0.0026715521870766725 1.8075407720704104 0.0036967886602767195
0.9062128375933884 0.0026755941875057174 1.8124602429119498 0.003709670299283455
0.9098313987009955 0.002632452212843868 1.8215351860243651 0.003643814259545874
0.9136108897174237 0.0026815659442800057 1.8170824554369454 0.0037126532518656254
0.9160506540939594 0.0026075551157507208 1.823654442771678 0.003629362896674385
0.9187095924036317 0.0026761840371807457 1.8205987727660624 0.0037088225377680285
0.9215948883509565 0.0027163415948283053 1.82243352358067 0.0037524397359724373
0.9247291332757198 0.0027321281093088292 1.8206450945702393 0.0037717481552676946
0.9263587402832854 0.002671945169195618 1.8252803156701685 0.00369774316512906
0.9280225870712567 0.0026460164546391837 1.8305645135973354 0.0036735176508496795
0.9320689796309742 0.0026887701165572253 1.8293721486805596 0.003713226673325446
0.9331354021779672 0.002680013348819876 1.828232729688885 0.0037068373470311093
0.9362534164533145 0.002748133649780244 1.8238314732066871 0.0037880752009797113
0.9395733263787569 0.0027056130463234533 1.833061799246116 0.00373078503230104
0.9411245470680081 0.002728154862944058 1.8283400789431132 0.003752381118904217
0.9434884012830443 0.002769239561526577 1.827115230101578 0.0038025054626066577
0.9461560108541432 0.0026985638910877953 1.8346449943589218 0.0037122701870791258
0.94809662682813 0.002703101256750937 1.835918840752739 0.0037144936120673856
0.9500525479426408 0.0027647231451659567 1.830456066604695 0.003777688610029642
0.9520762420816986 0.0027227010249334274 1.837897544081109 0.0037291264071433326
0.9541837817153361 0.002721082339457917 1.8383684101229283 0.00371969817342161
0.955975571556853 0.002746595994292156 1.8367187564466863 0.0037456180770235807
0.958195655266853 0.002791742215079803 1.8326260077386511 0.003789642661954516
0.9592828045473898 0.0027543392240995403 1.8369761190503309 0.0037434533089329247
0.9610610590703108 0.002773798334603603 1.8347211690613563 0.00375914095400051
0.9621756900447445 0.002719102543935568 1.843268401653754 0.003695702886656678
0.9634801859319353 0.0027635048570755637 1.8375242009534387 0.003735115407960973
0.9657765918855375 0.002700733685639127 1.8444797841577922 0.0036663208402210865
0.9662677330393029 0.0028020123525384784 1.835498848331348 0.0037820282963758113
0.9684678089462082 0.0026717897575466837 1.850987998505322 0.0036218183390636085
0.9695619691066535 0.0027656351139518946 1.8406138501342302 0.00372425525199924
0.9707456696531915 0.0028172125073555746 1.837197456248066 0.0037875341923124272
0.9724417090276538 0.002812775903486524 1.8377181822905546 0.003772766660365702
0.9735667504220189 0.0028235299060687716 1.8380725872936374 0.0037845945749067546
0.9745781128502669 0.0028063104783562546 1.8389793049619176 0.0037575010922619276
0.9749632405060729 0.0028046915080707537 1.8397138333022078 0.0037553234270523562
0.9767763869303013 0.002788538733751966 1.8420908780585563 0.003731563383982452
0.9772716785652942 0.0028242338243728345 1.8387675320190748 0.0037686897111160527
0.9784245833978412 0.0027248925948308183 1.8478727265270245 0.0036528485836799713
0.9795750878221233 0.00280547760467687 1.8413244131554596 0.0037413615216259333
0.9801144235829999 0.002810696298870039 1.8411048941331836 0.003743745523860163
0.9810484321793688 0.002828503796715867 1.8381781382558442 0.0037593632913312243
0.9816453223018381 0.002837534151114403 1.840222689075636 0.003771223625226633
0.9823499561205794 0.0028218469903287147 1.838588665357967 0.003748297706945291
0.983245784745616 0.0028320967438682123 1.839610830494356 0.00375721187524529
0.9836620824965372 0.002762541686833156 1.8469574951579526 0.003676411102202299
0.9845027742496412 0.0028448659571945786 1.8399482562929756 0.0037690226688580973
0.984889302757469 0.002831961029314965 1.840911306731714 0.0037516697073655026
0.9857183812169285 0.0027753225002202665 1.8476581760787945 0.0036837550670494597
0.9864734042785563 0.0028619788888102965 1.8388847652759155 0.003781503631884064
0.9868803608791318 0.002849574140456353 1.840241369364753 0.0037666836112719214
0.9877044616583612 0.0028111106287091077 1.8445230949989178 0.0037194005750508337
0.9880904856432132 0.002868880305031887 1.8398469727612166 0.0037843070723833075
0.9883459764075089 0.0028131097212026088 1.8439047860357929 0.0037169399958465956
0.9891562979085664 0.0028539493890465057 1.8382664028030598 0.00375795599798586
0.9894808116702446 0.002747792721520427 1.8489853420847995 0.0036359323613427523
0.9900399716915295 0.002926801690629249 1.8344640713938327 0.0038409133617956157
