0.8626989740770421 0.0034693149661582834 1.1928886743184968 0.0038749115867315162
0.8975594722799424 0.00407902169435114 1.2482237060978891 0.00434360081723505
0.9116668957748791 0.004287635678771522 1.29784167540092 0.004402169517508126
0.9150191223715896 0.004382909283758595 1.3167428853980483 0.0043142144176970924
0.9113686471064586 0.0043409470103073 1.3444136519331271 0.0042041734060600765
0.9042079536587158 0.004221161312375703 1.3819129400808825 0.004089093242928719
0.8906869178806318 0.004055751022502994 1.397480261809936 0.003908179451127948
0.8834122098403 0.003971828131040979 1.4293938066088305 0.0038720100617249506
0.8755335837781605 0.0038144947766342364 1.4559375768421174 0.0037728834329237176
0.8679851538204665 0.003643139916526201 1.4969821491894235 0.003644615976283388
0.8614785897526908 0.0035869113543914597 1.5173836876994484 0.003647263700455903
0.8562896917246767 0.003465874804825091 1.5390755565071632 0.0035829403823000694
0.850920476117136 0.0033783443501652893 1.5618107361707283 0.0035440164516062065
0.8464645240225287 0.003257040809076724 1.5837936047348506 0.0034669444478175
0.8469716101557868 0.0032359833584843047 1.6020316220564037 0.0035338119848316476
0.8449954991902531 0.003153178982984805 1.6237654433654047 0.0034929330256687936
0.8428252449563503 0.0030763765063521694 1.6360061151406997 0.0034862459801120725
0.8420452997988581 0.0029868676453322332 1.658046333074652 0.003420204471835499
