0.855278888474398 0.003254263505241713 1.1708931613856912 0.0036322900074903953
0.8930161596671641 0.0038550497193823724 1.226716569754629 0.004196428119374911
0.9112818944472504 0.004268799042059958 1.259732185976712 0.004435545740455614
0.9218605248808175 0.004446051175456687 1.2840773036272246 0.004439605781068454
0.9249936660487689 0.004545042599832657 1.3027116005979835 0.0044149629655300575
0.9227742253391725 0.004515556723614353 1.325755624061201 0.004333303691322755
0.9187454128729217 0.004395587473145512 1.3528316425936457 0.004218044583564502
0.9099792571225876 0.00438251625370321 1.3652014296422927 0.004183143502643172
0.9026379693594436 0.004195952586267162 1.3975082469748945 0.004045183588548897
0.8950399674894914 0.004071510116174859 1.413453381678199 0.003945633887833705
0.8873528738131354 0.004039415751147351 1.4237163662376346 0.003932583796690601
0.8802129844335623 0.0039046582316106158 1.4511430560858485 0.003846207125584498
0.8747698411707799 0.003820420590904437 1.4714832299862672 0.0038035416959897404
0.8696423366918424 0.0037492222344871714 1.489162160682642 0.003763374403631479
0.862211109204016 0.003565947854615834 1.5088499278843313 0.0036176368795488795
0.8585842150377311 0.0035486657535160884 1.5241132518585558 0.0036533409244011313
0.8561729645561055 0.0034664452431550047 1.5445302951814184 0.003601536930710689
0.85193075311777 0.0033464699348815198 1.5608102990145807 0.0035210413062258454
