0.8575128566500029 0.0033424296326657606 1.1814555567867624 0.003745406235236092
0.8939843251938179 0.003949980792608984 1.2401787663286234 0.004291014427284738
0.9124690907846008 0.004221474205748156 1.2706067775316021 0.004353460643065647
0.9203392219680183 0.004395409642480448 1.2944808953115636 0.004354839832459983
0.9209266146567038 0.0044242172903466576 1.316064159772196 0.004280843192615905
0.9155609002066705 0.004421236091422749 1.3371518579367592 0.004227506042910801
0.9094751234382084 0.0043012036052965065 1.3685361835087801 0.004131649557346501
0.900346038658872 0.004238348626732614 1.3903794408213148 0.004081363689153344
0.8924435540462231 0.004047975982919516 1.4143744594480923 0.003928507481392228
0.8841539535390077 0.003908810958664386 1.4383899309791346 0.003828675372216459
0.8778162143168058 0.0038121228025945813 1.4662074613548803 0.0037796651442909284
0.870299855044436 0.0037517420688039714 1.478455162004564 0.0037541604908245723
0.8644269525508391 0.0036598373890508965 1.5003135414855848 0.003711657990998303
0.8588960974619104 0.003531101460561661 1.5254872914617823 0.0036178224565587736
0.8525560420759131 0.003414739139869251 1.5413537078124748 0.003548358853556856
0.85174240457164 0.0033631628089187487 1.5606640249787136 0.003542947387264736
0.8466216339265574 0.0032849254038223676 1.5776782072258053 0.0035092974162802184
0.8478467204771049 0.003267954796663754 1.5959892286681558 0.003536087755587426
