0.8571049645184429 0.003282147212250478 1.179512087740434 0.003689779755120303
0.894992934260334 0.003973421072525277 1.2263647143022776 0.0042681123357379055
0.9119141281261678 0.004245926926283827 1.2663922473608584 0.004385228089840618
0.9209896625528884 0.00441608780529957 1.294603501172794 0.004401237871911101
0.92266642398721 0.004513304435248897 1.3152780383561884 0.004383133393493825
0.9192048643295019 0.00447169066645318 1.3410592096926703 0.004305318377904646
0.9121796260430184 0.0042856956106337475 1.3593874486043136 0.00410010086739147
0.9039210481692823 0.004254167046289793 1.3798666523781347 0.004078123894201654
0.8967989871588771 0.00406957683524293 1.4144793524966446 0.003939968149985606
0.8899344949686601 0.004073794873433768 1.435715167610216 0.003989549593659171
0.8809925555573213 0.003913118775512617 1.4523535039056679 0.003851869417072875
0.8726328918038924 0.0038073643478515264 1.4682653693555465 0.003786589204119842
0.8665572634345278 0.003723348453742078 1.4868253051842313 0.003743001416629096
0.8625469143659816 0.0036388145935521326 1.5116869267715505 0.00369613756488802
0.8569338666632399 0.0034995167639472057 1.5314576343903863 0.0036091150773133497
0.8550769984871763 0.0034449556055356108 1.5500208629353742 0.003605239176935545
0.8521145135981599 0.0033732789793421026 1.5704281076708346 0.00356578807560523
0.850027645717187 0.003306681987391777 1.5906687676813276 0.003536324732100093
