0.8577627445640127 0.0033267459047804154 1.187785601376267 0.003751760745506026
0.8948794299377892 0.004043532069610074 1.2364365670245352 0.004336517521824085
0.9123682704097356 0.004310770707179862 1.2832856481684063 0.004464654733284328
0.9192281688819982 0.0044229411090826514 1.302553726801236 0.004383817104074304
0.9197027796062632 0.004418651823545313 1.3322290654036613 0.004297983350608733
0.9139840264874391 0.0044116071224803545 1.3460584661867843 0.004228311764191358
0.9064486693328163 0.0042802068331772155 1.3773389976365906 0.004114293940368104
0.8976060204668654 0.004146149739382533 1.399321073050907 0.004005498991789504
0.8885579675707141 0.004047365641717563 1.4222948898026024 0.003939596894093302
0.8790752799721769 0.0038723451967137617 1.4458110992984736 0.003799707619746657
0.8728853352313495 0.0037515910233997885 1.4805113658571458 0.003734496834077454
0.8666685608070076 0.003642811162052374 1.496368712055298 0.003668827618668489
0.8607566688121878 0.0035918060196124717 1.515598084220426 0.0036713891237096846
0.8560975953306558 0.0035054454137978083 1.5378183997238843 0.003643219292957105
0.8521231362920864 0.0034027755810589226 1.5575698926282704 0.0035702347100414547
0.8485936445681391 0.0033215962081646583 1.5765938157348638 0.0035225556385145877
0.8468733576624802 0.0032264806077420003 1.595287580522673 0.003482386436410032
0.8451063710481317 0.003220987655820231 1.607887551669442 0.0035451785171022117
