0.8594309389273438 0.003427481559244239 1.1941712697993472 0.003854797906810912
0.8947874212851484 0.003974133956130282 1.2598589382139165 0.004324685872252896
0.91175954421956 0.004291635998647359 1.2817367981283174 0.0043785783801877105
0.9169194627829608 0.004392271902414531 1.3122011869377461 0.004332219474541991
0.9135538923213757 0.004338390385385011 1.3356977230441052 0.00419593782695771
0.9079812951845415 0.004259765539079538 1.3699474945423789 0.004114484922305632
0.9001048847731384 0.004219164534968773 1.397762923485685 0.004085214414768868
0.8897775272753228 0.004062473598274873 1.4238090025409498 0.003963268819968215
0.8835009011972342 0.0039082684002130315 1.453499980099265 0.003852283317820098
0.8720746127376323 0.003749491389853427 1.4781491035909409 0.0037231242114040292
0.8647272903998078 0.003648515748689959 1.49802294172955 0.0036825859901079908
0.8595718389907409 0.003563052836449143 1.52352388546873 0.003654980039073647
0.8553400064274183 0.0034520563265541837 1.5435177482921922 0.003587725482062949
0.8505026387330088 0.003354375171340825 1.5708749013294936 0.00354329340825376
0.8471042570932269 0.003271123256900806 1.5901062194449864 0.0035074877508744842
0.8464239887344922 0.0032110129206645633 1.6077484146329437 0.003510139077546526
0.843473378729673 0.0031105857275570887 1.6238083311254388 0.0034537396869779757
0.8404773227884098 0.003043092215543307 1.6360693426211756 0.003453281870157645
