0.8630723573089051 0.0034458741701214155 1.2033121155165865 0.0038853686819022284
0.8967427796776332 0.004039598549127622 1.2587660180889568 0.004324633733794955
0.9099746481981568 0.00424118144193315 1.2920335800689957 0.004295687325376149
0.9127554023590683 0.004304646712981969 1.3254511572156062 0.004235223666048041
0.9078663165879499 0.004298423510262068 1.3574537152239607 0.004172047844879489
0.8990870196036761 0.00416778908310993 1.388477269085712 0.004037370837677623
0.8877083112462256 0.004018082124955726 1.4157875406005183 0.0039055975529850772
0.8800233121660089 0.003978521016157275 1.441872951029411 0.003912575538827832
0.8684081835217522 0.0037712023319083905 1.4747969839335833 0.003756224729474678
0.863376129231286 0.003615878268743071 1.5054198786156074 0.0036539787491279285
0.856170576714733 0.003491534049631494 1.5288425865863735 0.0035927570463506584
0.8520952374907876 0.0033932401324426016 1.5598309373669244 0.0035441545475546413
0.8491609748162914 0.0033472341841208576 1.576177754577099 0.003567724162928873
0.8421270219485267 0.0031967538149749314 1.5994837632231862 0.003460825959309294
0.8427424773295131 0.0031061749252160905 1.6198032386419101 0.003430717133007513
0.8404857834783863 0.00306817462725749 1.635851089791989 0.0034707056105251844
0.8433977832152652 0.003028000986603817 1.653482474995312 0.003489171314609884
0.8400507905286607 0.0029485960027694665 1.6664509466124582 0.0034673090681090935
