0.8550173845385897 0.003271697308434223 1.1772312382714354 0.0036749316963548993
0.8926290702402179 0.0038938719987941595 1.2338182368120725 0.004250146716709334
0.9107957883160124 0.004243307101065853 1.2732827031227822 0.00444182484460408
0.9213186334232306 0.004434620028264708 1.2849580637644593 0.004406535593974315
0.9241606112987246 0.0044546395781367 1.3148812151876028 0.004347691434006499
0.9206453130676007 0.004474731414894205 1.3314949849705884 0.004297987115256375
0.9161245184664101 0.0044223080257477804 1.3510500983110532 0.004226544544865156
0.9082543718354759 0.004275789069004782 1.3767279466456317 0.004096193288083236
0.9004961486729184 0.004201348762932633 1.394239012574443 0.004045086415328938
0.891528938995325 0.004064326910995635 1.4160570162156316 0.003939331086675382
0.8843321202827306 0.003935024654288705 1.440495061031371 0.0038484809796573588
0.8765761516218149 0.0038761543678075046 1.4572690806885984 0.003831386424181646
0.871205307340911 0.0038025575807076432 1.4768060529767615 0.0038097593826279088
0.8650992400924891 0.0036725805905737756 1.5045339028680929 0.0037110491163621162
0.8597185929050568 0.003551028663949189 1.5222637259093112 0.0036235252780848427
0.8552637552325405 0.003443297962605422 1.536007935258211 0.0035593197184172363
0.8526504590066818 0.003374370676398178 1.5557757274510706 0.003536964197391195
0.8487636480297803 0.003328172884159091 1.5732944886006797 0.0035388621500633353
