0.001 0.4116860368928541 0.002665028663857495
0.0012067926406393288 0.4851248642133318 0.0029521549673341176
0.0014563484775012444 0.5553558400196296 0.0031173532606121198
0.0017575106248547913 0.6269880767920291 0.0031784281917944333
0.0021209508879201904 0.6811509610919744 0.00313513199961159
0.002559547922699536 0.7347929821728817 0.0029830659407808053
0.0030888435964774815 0.7825103070433418 0.002723266475241226
0.003727593720314938 0.8246631028520709 0.0024651782896625007
0.004498432668969444 0.8596520739302045 0.002191240672148471
0.005428675439323859 0.888278330627176 0.0019380695970008075
0.006551285568595509 0.9177327658804736 0.0016123776318052144
0.0079060432109077 0.9386772209851668 0.0013690284619368059
0.009540954763499945 0.9574217369312884 0.0010784068827689934
0.01151395399326447 0.970854420968924 0.0008525202334087939
0.013894954943731374 0.9810596755470422 0.000672687112456553
0.016768329368110076 0.9883151709444347 0.0005223725329269086
0.020235896477251564 0.9928908320572113 0.00038659172030451166
0.02442053094548651 0.9958230836294367 0.00030099175243623514
0.029470517025518096 0.9979298593148578 0.0002157385931219663
0.03556480306223128 0.9986450618783316 0.00017899086606855107
0.04291934260128776 0.9992463636697767 0.0001394378698467786
0.0517947467923121 0.9996032680118433 9.20363831733854e-05
0.0625055192527397 0.9998128986184349 6.267742273896799e-05
0.07543120063354615 0.9998674418509842 5.005611488439821e-05
0.09102981779915217 0.9999787597673738 7.727521842714319e-06
0.10985411419875583 0.9999509083171535 2.2046806066679077e-05
0.13257113655901082 0.9999671759886612 2.0588186038045348e-05
0.15998587196060574 0.9999942376656831 3.0786329013067363e-06
0.19306977288832497 0.9999988951344625 6.343559451939257e-07
0.2329951810515372 0.9999984343003369 9.020718073734689e-07
0.2811768697974228 0.9999994383750381 5.103694932061562e-07
0.3393221771895326 0.9999998975369879 9.135699466896033e-08
0.4094915062380423 0.9999999914883317 7.974746091692698e-09
0.49417133613238334 0.9999998313695542 1.6772060906937505e-07
0.5963623316594643 0.9999999999998583 8.64751356039336e-14
0.7196856730011514 0.9999998744755234 1.2002282225570856e-07
0.868511373751352 0.9999999970765613 2.9232923349213995e-09
1.0481131341546852 0.9999999999999826 1.58366558285386e-14
1.2648552168552958 0.9999999996729866 3.2699698890864126e-10
1.5264179671752318 1.0 3.845925372767128e-20
1.8420699693267144 1.0 3.14018491736755e-20
2.2229964825261934 1.0 0.0
2.6826957952797246 1.0 3.14018491736755e-20
3.2374575428176433 1.0 1.7763568394002505e-19
3.906939937054613 1.0 2.2204460492503132e-20
4.714866363457389 1.0 0.0
5.689866029018293 1.0 0.0
6.866488450042998 1.0 0.0
8.286427728546842 1.0 0.0
10.0 1.0 0.0
