0.001 0.41472291799040106 0.0026747390524475274
0.0012067926406393288 0.4855236613796591 0.002939759628248101
0.0014563484775012444 0.5536871911488718 0.003135000908073794
0.0017575106248547913 0.6249221051509769 0.0031736423174568425
0.0021209508879201904 0.6799239974986991 0.0031398535292692957
0.002559547922699536 0.7318049014988983 0.002961977917009467
0.0030888435964774815 0.7867352623853251 0.0027044888018486397
0.003727593720314938 0.821739264658467 0.002495304960116303
0.004498432668969444 0.8560271770106356 0.0022285893503755207
0.005428675439323859 0.8899205695429205 0.0019154722180090955
0.006551285568595509 0.9165323506718264 0.001625286629295617
0.0079060432109077 0.9396054393746436 0.0013364975364355011
0.009540954763499945 0.9588956860243072 0.001061189539032209
0.01151395399326447 0.9711583276381022 0.000880593423975343
0.013894954943731374 0.9815040052727189 0.000662911340101057
0.016768329368110076 0.9889786262117676 0.0004800406910481024
0.020235896477251564 0.9933544989317871 0.0003481236279786827
0.02442053094548651 0.9959451087579444 0.00028374177967848893
0.029470517025518096 0.9978548943097998 0.00021235417596504168
0.03556480306223128 0.9983986755255084 0.00017497946008044875
0.04291934260128776 0.9991522572161755 0.00012219577645038027
0.0517947467923121 0.9995868616099206 8.627449239193339e-05
0.0625055192527397 0.9997159343516174 8.267652456697693e-05
0.07543120063354615 0.999771925232883 0.00011089520240027338
0.09102981779915217 0.9998881084886551 3.7072489587904004e-05
0.10985411419875583 0.9999775342421704 1.2370138227013969e-05
0.13257113655901082 0.9999664407640637 2.0903344514090016e-05
0.15998587196060574 0.999946817198478 3.5209946836256624e-05
0.19306977288832497 0.9999909912263283 4.3020611213357035e-06
0.2329951810515372 0.9999982218159971 1.6951632167065623e-06
0.2811768697974228 0.9999985428371472 1.4053790707724788e-06
0.3393221771895326 0.9999995068904466 4.776770162122493e-07
0.4094915062380423 0.9999999895060371 1.0285184295106974e-08
0.49417133613238334 0.9999999968657354 3.0934031812476053e-09
0.5963623316594643 0.9999999999998798 1.1234130667716182e-13
0.7196856730011514 0.9999999996141811 3.6971457630097475e-10
0.868511373751352 0.9999999999773085 2.2171293233508582e-11
1.0481131341546852 0.9999999999999989 1.1304625704347035e-15
1.2648552168552958 1.0 0.0
1.5264179671752318 1.0 8.784085132119876e-17
1.8420699693267144 0.9999999999999835 1.653670000649989e-14
2.2229964825261934 1.0 2.2204460492503132e-20
2.6826957952797246 1.0 3.14018491736755e-20
3.2374575428176433 1.0 0.0
3.906939937054613 1.0 0.0
4.714866363457389 1.0 0.0
5.689866029018293 1.0 0.0
6.866488450042998 1.0 0.0
8.286427728546842 1.0 0.0
10.0 1.0 0.0
