0.001 0.42702761759739605 0.002027566993615198
0.0012067926406393288 0.48165317101320915 0.002189832381858619
0.0014563484775012444 0.5369288992891462 0.0023416116154805415
0.0017575106248547913 0.597761095850329 0.002413516855695087
0.0021209508879201904 0.6489535327761556 0.0024714779687074187
0.002559547922699536 0.7000342382140249 0.002437177193873587
0.0030888435964774815 0.7545013452377785 0.002337616955502536
0.003727593720314938 0.792147674896285 0.002248739664236887
0.004498432668969444 0.8264335112077391 0.0020846645698007937
0.005428675439323859 0.8606137669453255 0.0018676902837198492
0.006551285568595509 0.8875806991960197 0.0016516971411104598
0.0079060432109077 0.9124298966709963 0.0014232425118969657
0.009540954763499945 0.934915291770845 0.0011914055421648334
0.01151395399326447 0.9507581474345036 0.0010201060127303491
0.013894954943731374 0.9647749269015651 0.0008216485818041934
0.016768329368110076 0.9759566208033539 0.0006352270132754167
0.020235896477251564 0.9833449816932279 0.0004934316156502091
0.02442053094548651 0.988982267492212 0.00039354020873751187
0.029470517025518096 0.993335772839581 0.0002922276079332575
0.03556480306223128 0.9951764427473129 0.00025097479882160294
0.04291934260128776 0.9974186235367799 0.0001832177014502661
0.0517947467923121 0.9986134080153788 0.00012838872864602465
0.0625055192527397 0.9991382822250796 0.00010941346188983568
0.07543120063354615 0.9994674270658099 0.00011123960781986532
0.09102981779915217 0.9996397919370056 6.57339053703372e-05
0.10985411419875583 0.9998861662658419 2.8802283113251592e-05
0.13257113655901082 0.9998991315911305 3.615411738667505e-05
0.15998587196060574 0.9999017171410959 4.72718745158691e-05
0.19306977288832497 0.9999490017076423 1.7817038192374545e-05
0.2329951810515372 0.999988648280596 7.895852160271016e-06
0.2811768697974228 0.9999908798366907 7.132441475412724e-06
0.3393221771895326 0.9999943841132195 4.108100446237765e-06
0.4094915062380423 0.9999992578981354 5.925304714677519e-07
0.49417133613238334 0.9999996403170579 3.2354958207233865e-07
0.5963623316594643 0.9999999974048351 2.001964139757431e-09
0.7196856730011514 0.9999998651083424 1.1343726744548126e-07
0.868511373751352 0.9999999681807591 2.7503018846270757e-08
1.0481131341546852 0.9999999997931917 1.943204466128568e-10
1.2648552168552958 0.9999999999997492 2.442168991977383e-13
1.5264179671752318 0.9999999999454041 5.411099569202188e-11
1.8420699693267144 0.999999999257484 7.424278557128994e-10
2.2229964825261934 1.0 2.3869795029440864e-18
2.6826957952797246 0.9999999999999991 9.687768275396871e-16
3.2374575428176433 1.0 0.0
3.906939937054613 1.0 0.0
4.714866363457389 1.0 0.0
5.689866029018293 1.0 0.0
6.866488450042998 1.0 0.0
8.286427728546842 1.0 0.0
10.0 1.0 0.0
