0.001 0.12620695255425932 0.001100202811185433
0.0012067926406393288 0.17752000848524163 0.0014932561465007164
0.0014563484775012444 0.23802032670731843 0.0019255853798364562
0.0017575106248547913 0.31286895913956586 0.002375314790368387
0.0021209508879201904 0.38487601470870175 0.0028061473270617338
0.002559547922699536 0.46347230241844756 0.0031544280688950506
0.0030888435964774815 0.5367619802296121 0.003370660330416365
0.003727593720314938 0.6072717546001876 0.0034483271164333714
0.004498432668969444 0.6677639659702003 0.0034068312835105925
0.005428675439323859 0.7167399773110904 0.0032581926197778506
0.006551285568595509 0.7678167198853025 0.00299428888077783
0.0079060432109077 0.8104689166957533 0.0027259806045840385
0.009540954763499945 0.8479677167412898 0.0023931305081241424
0.01151395399326447 0.8843862096839417 0.0020890064153269356
0.013894954943731374 0.9133085546824734 0.0017537247619185306
0.016768329368110076 0.9389797965874399 0.0014277824230365796
0.020235896477251564 0.9575123710239981 0.0011529039757410678
0.02442053094548651 0.9715409310779458 0.0008995546853877067
0.029470517025518096 0.9832277382239935 0.0006451172741381199
0.03556480306223128 0.9890347243903161 0.000523695564788482
0.04291934260128776 0.993748103499926 0.0003910626729580801
0.0517947467923121 0.9965248799715267 0.0002887649727194504
0.0625055192527397 0.998034334791688 0.00020220672466602328
0.07543120063354615 0.9988122748482332 0.00016959477870601703
0.09102981779915217 0.999536028584996 7.509666530467333e-05
0.10985411419875583 0.9995516869443414 0.00010761070622011981
0.13257113655901082 0.9997299188135615 8.627202374120058e-05
0.15998587196060574 0.9998698141936453 3.966734681144249e-05
0.19306977288832497 0.9999554323213735 1.7799146785406285e-05
0.2329951810515372 0.9999540174035585 2.10818018533374e-05
0.2811768697974228 0.9999774948807578 1.2648565380140274e-05
0.3393221771895326 0.999990947079561 5.484643613661356e-06
0.4094915062380423 0.9999978331259907 1.592608448275904e-06
0.49417133613238334 0.9999924811747869 7.0004191317590414e-06
0.5963623316594643 0.9999999874660254 6.518600577700656e-09
0.7196856730011514 0.9999926988886071 6.057088824748637e-06
0.868511373751352 0.9999990651973493 9.345034302259179e-07
1.0481131341546852 0.9999999968209456 2.291518029885117e-09
1.2648552168552958 0.9999996869730596 3.129819038967561e-07
1.5264179671752318 0.9999999999998698 1.3011800473294214e-13
1.8420699693267144 0.9999999999999846 1.5408603240651807e-14
2.2229964825261934 1.0 0.0
2.6826957952797246 0.9999999999999986 1.3877206039643634e-15
3.2374575428176433 0.9999999999929728 7.026887753195021e-12
3.906939937054613 1.0 4.4397818754760014e-17
4.714866363457389 0.9999999999999906 9.577592857616856e-15
5.689866029018293 1.0 6.468159341466162e-17
6.866488450042998 1.0 0.0
8.286427728546842 1.0 0.0
10.0 1.0 0.0
