0.001 0.013802849901400446 0.00010587047105383041
0.0012067926406393288 0.016661281354232362 0.00012755995069708723
0.0014563484775012444 0.019868571006790493 0.00015170932104980754
0.0017575106248547913 0.0242723188298477 0.00018434254357717626
0.0021209508879201904 0.02888659711647512 0.0002212683117981826
0.002559547922699536 0.03495943018497229 0.0002626626979150925
0.0030888435964774815 0.041591616651192986 0.000315332578253922
0.003727593720314938 0.04980335518044966 0.0003785321315997506
0.004498432668969444 0.06002799733422005 0.0004543763755363685
0.005428675439323859 0.0714642080222744 0.0005311353427992637
0.006551285568595509 0.08527888130072783 0.0006286945999434254
0.0079060432109077 0.10117330513409012 0.0007435582118353542
0.009540954763499945 0.12008821062065879 0.0008723767113529211
0.01151395399326447 0.14090846276844543 0.0010128808794759771
0.013894954943731374 0.16742941808177275 0.001188475819337897
0.016768329368110076 0.19539577949945733 0.0013500926285907081
0.020235896477251564 0.22920928854729045 0.001547357133376899
0.02442053094548651 0.2641740264324135 0.0017618723833349905
0.029470517025518096 0.3056997568738104 0.001983188204065137
0.03556480306223128 0.3493450121012341 0.002192569016529472
0.04291934260128776 0.39269637767191445 0.002394968772026721
0.0517947467923121 0.4461454762683462 0.002583780160966205
0.0625055192527397 0.4974312727424356 0.002738757703966994
0.07543120063354615 0.5487289750645463 0.002878108631767901
0.09102981779915217 0.5941260365073365 0.002942978858278177
0.10985411419875583 0.6403141523305999 0.0029750299959876852
0.13257113655901082 0.6812891336894931 0.002995766230845967
0.15998587196060574 0.7250136441222514 0.002968649918105209
0.19306977288832497 0.7554861137455395 0.0029280067241437635
0.2329951810515372 0.7888707066937086 0.0028415567133827802
0.2811768697974228 0.8175866048790105 0.002753734096763865
0.3393221771895326 0.8381711774686657 0.002661757796189837
0.4094915062380423 0.867985285303339 0.002443787802756112
0.49417133613238334 0.8813835534158084 0.002378178067176799
0.5963623316594643 0.8990689189218533 0.00224733065917098
0.7196856730011514 0.9087346083918768 0.0021719255746383663
0.868511373751352 0.9214280674818136 0.002031392766034349
1.0481131341546852 0.931574159561047 0.0019098803210814913
1.2648552168552958 0.9395756892779807 0.0018337156275531523
1.5264179671752318 0.9490824795852737 0.001705552806215662
1.8420699693267144 0.955618282002665 0.0016109115784620816
2.2229964825261934 0.9593209515824445 0.0015602029735925207
2.6826957952797246 0.9652020643523596 0.0014199593842291788
3.2374575428176433 0.9682006014967507 0.001412721830662488
3.906939937054613 0.972781754280032 0.0012947042472092358
4.714866363457389 0.9753230834360629 0.0012353933707688158
5.689866029018293 0.978656263802428 0.0011476571815206026
6.866488450042998 0.9812456087481077 0.0011072253651210789
8.286427728546842 0.9830392550647126 0.0010611659341488765
10.0 0.9849694894460447 0.0009791418473765892
