0.001 0.0674875060528096 0.0010260909247608583
0.0012067926406393288 0.0874238526353733 0.0012906972536966355
0.0014563484775012444 0.11410311462436427 0.0015984535150247985
0.0017575106248547913 0.14359149398515256 0.0018873063661232284
0.0021209508879201904 0.17845362040805077 0.0022379977715205916
0.002559547922699536 0.2182903862473393 0.002553340314568599
0.0030888435964774815 0.2600034007815167 0.0028611694727011454
0.003727593720314938 0.3078657005888403 0.003098858876568521
0.004498432668969444 0.3545093928047616 0.0032898794263568716
0.005428675439323859 0.3962581729963382 0.003410457168474413
0.006551285568595509 0.4514388849278007 0.003550238143244291
0.0079060432109077 0.5054461520929519 0.0036129147884521482
0.009540954763499945 0.5595814370932929 0.003645005323081352
0.01151395399326447 0.6013423900368029 0.0036346998070615976
0.013894954943731374 0.648338207271632 0.003565096946071998
0.016768329368110076 0.6886695154554215 0.0035298921462810313
0.020235896477251564 0.7284372630909285 0.003415988484837797
0.02442053094548651 0.7689980875245753 0.0032446186912731528
0.029470517025518096 0.7963504523132435 0.0031588166316900445
0.03556480306223128 0.8277804173681299 0.0029563594771084088
0.04291934260128776 0.8488505710085681 0.0028407792003305858
0.0517947467923121 0.8645363652052287 0.002750593223715327
0.0625055192527397 0.8916584338321464 0.002483207550221286
0.07543120063354615 0.9027202116560235 0.0023922765445716673
0.09102981779915217 0.9134156769105217 0.0022523913360833828
0.10985411419875583 0.9290841517291348 0.0020981385299536155
0.13257113655901082 0.9424535533542394 0.0018889591622205174
0.15998587196060574 0.9465611251400751 0.0018451282553144932
0.19306977288832497 0.9558986708576318 0.0016973325019561264
0.2329951810515372 0.9604089404176304 0.0016253343371574111
0.2811768697974228 0.9648723242888902 0.001548249079245247
0.3393221771895326 0.9704247133435667 0.0014498295326218127
0.4094915062380423 0.9729907548646043 0.001360611643620495
0.49417133613238334 0.977522399114016 0.001245727434962541
0.5963623316594643 0.9820750946316139 0.0011022275312879309
0.7196856730011514 0.9829104345279309 0.0010997154479926532
0.868511373751352 0.9844408142779395 0.001057327858936348
1.0481131341546852 0.988871283202101 0.0008922870849264658
1.2648552168552958 0.9878891327676869 0.0009513911648214356
1.5264179671752318 0.9894317599962184 0.000882114819069162
1.8420699693267144 0.9910091680231692 0.000815702154113032
2.2229964825261934 0.9915607702385921 0.0007931561703903394
2.6826957952797246 0.9937070354092984 0.0006836756701292633
3.2374575428176433 0.9923081750031822 0.0008076837002988102
3.906939937054613 0.9949999716958715 0.0006275457863975024
4.714866363457389 0.9944492769309614 0.00067670384163914
5.689866029018293 0.9947865340870666 0.0006729384363056275
6.866488450042998 0.9946404452478439 0.0006945199779477114
8.286427728546842 0.9954202021081892 0.0006515694923529349
10.0 0.995409866369374 0.0006552967579244133
