0.001 0.06831503988744392 0.0010397271628489208
0.0012067926406393288 0.09051031213818328 0.0013154256242940998
0.0014563484775012444 0.11339419698833629 0.0015905615916696756
0.0017575106248547913 0.1449719024338002 0.001901275284935684
0.0021209508879201904 0.17807979217810577 0.0022374463942563872
0.002559547922699536 0.21431531078782146 0.0025042657443775946
0.0030888435964774815 0.2612594036317064 0.0028506089697582816
0.003727593720314938 0.30878128427888457 0.0030934394784944614
0.004498432668969444 0.35590648506991385 0.0032964249964770927
0.005428675439323859 0.40925938811890705 0.0034702194323743113
0.006551285568595509 0.4530190054075034 0.003569716574822039
0.0079060432109077 0.5005616841738519 0.0035984395428808598
0.009540954763499945 0.5490132651210792 0.003653580577188292
0.01151395399326447 0.6059818151908971 0.0036189693470726884
0.013894954943731374 0.6511016208544239 0.0035960776467877176
0.016768329368110076 0.6875694715958525 0.0035245254260017006
0.020235896477251564 0.7298815404080123 0.003398258892670211
0.02442053094548651 0.7649267989395551 0.0032852059624577353
0.029470517025518096 0.7986597468689606 0.003115017811788079
0.03556480306223128 0.818229256788054 0.003057378239573035
0.04291934260128776 0.85191781721197 0.0027988047991243784
0.0517947467923121 0.8736964825494778 0.0026374043397809606
0.0625055192527397 0.88491793094523 0.0025777156723194566
0.07543120063354615 0.9023465130299637 0.002384068064875106
0.09102981779915217 0.9174401506720496 0.0022190274943973947
0.10985411419875583 0.9273837624482474 0.0020991291672388564
0.13257113655901082 0.9389023899210697 0.001958414336286269
0.15998587196060574 0.9483754293186326 0.0018095027263419097
0.19306977288832497 0.9523011980432277 0.001760843482473901
0.2329951810515372 0.9621544342349021 0.0015695790415130066
0.2811768697974228 0.9674744336996383 0.0014508806063449956
0.3393221771895326 0.9744258438594956 0.0012989081133193128
0.4094915062380423 0.9740923276289046 0.0013237539418821866
0.49417133613238334 0.977729798434662 0.0012404841104523233
0.5963623316594643 0.9803008274048659 0.0011923529906730907
0.7196856730011514 0.9841508487060812 0.0010464002959371377
0.868511373751352 0.9856254888584542 0.001024084410488057
1.0481131341546852 0.9860896358542742 0.0010100542731167718
1.2648552168552958 0.9879075059453386 0.0009554016743745407
1.5264179671752318 0.9892019733815101 0.0009088894121146023
1.8420699693267144 0.9901045959370366 0.0008731536796728
2.2229964825261934 0.9917391763692918 0.0008031959916428512
2.6826957952797246 0.993560054867635 0.0007022189523413218
3.2374575428176433 0.9933001372907929 0.0007284357667513587
3.906939937054613 0.9934542467047444 0.000737081048155395
4.714866363457389 0.9943699448883395 0.0006874340118470418
5.689866029018293 0.9945875058257574 0.0006912552947170129
6.866488450042998 0.9951957872995734 0.0006568927942080546
8.286427728546842 0.9944135283184289 0.0007197714310359479
10.0 0.9961056182010707 0.00060098411890715
