0.001 0.12316951767574524 0.0011567590698108247
0.0012067926406393288 0.14615468374595048 0.0013474694011578656
0.0014563484775012444 0.17030324977413883 0.001529572487822101
0.0017575106248547913 0.19396067981850537 0.0017203593760584878
0.0021209508879201904 0.22757295374100062 0.0019389297430321406
0.002559547922699536 0.259445552125058 0.002158620632959964
0.0030888435964774815 0.2993128199146687 0.00237009670622599
0.003727593720314938 0.3363389095263589 0.002549056495039956
0.004498432668969444 0.3758859542426216 0.0027122812294181346
0.005428675439323859 0.42571252844570573 0.002888826065358761
0.006551285568595509 0.4675917358899097 0.002979033481471444
0.0079060432109077 0.5120062205351923 0.0030811097850284757
0.009540954763499945 0.5553395809897034 0.0031203878855378692
0.01151395399326447 0.5978601151505348 0.0031535521620234762
0.013894954943731374 0.6378194505334406 0.0031362253725779055
0.016768329368110076 0.6758048067129316 0.003073031706300333
0.020235896477251564 0.710856560049525 0.0030320025469451634
0.02442053094548651 0.7464906185029742 0.002953744830454722
0.029470517025518096 0.7821895137152731 0.002849543011086523
0.03556480306223128 0.8125501342927485 0.0027184163069530836
0.04291934260128776 0.8364251862669666 0.002586893520290902
0.0517947467923121 0.8543840314408493 0.0025046230948159933
0.0625055192527397 0.8737948897929975 0.002406713471428309
0.07543120063354615 0.8937390706609087 0.0022038813140963652
0.09102981779915217 0.9108211245837973 0.002060401680092948
0.10985411419875583 0.9197099367089533 0.001990900121762255
0.13257113655901082 0.9304801794281461 0.0018757701897473761
0.15998587196060574 0.9411384875539665 0.0017527536999349044
0.19306977288832497 0.9508617276145443 0.001605630594371157
0.2329951810515372 0.9580414384286143 0.0015034662500997354
0.2811768697974228 0.964206975273052 0.0013999136047589337
0.3393221771895326 0.9668671191250192 0.0013707154863301086
0.4094915062380423 0.9722751485584739 0.0012702640001873433
0.49417133613238334 0.9760007906823155 0.0011826671605810102
0.5963623316594643 0.978596759413914 0.001137669456295839
0.7196856730011514 0.9805291602115478 0.0011162159924079916
0.868511373751352 0.9866833830330856 0.000883758744582984
1.0481131341546852 0.9851989082878166 0.0009820965019631124
1.2648552168552958 0.988634551293413 0.0008721157000554073
1.5264179671752318 0.9872600684567371 0.0009376821123569254
1.8420699693267144 0.9897603034694563 0.0008441897278648973
2.2229964825261934 0.9903518013421981 0.0008358071350696217
2.6826957952797246 0.9914529523110281 0.0008174636926562721
3.2374575428176433 0.9930576501922964 0.0007046679030557725
3.906939937054613 0.9925894505196233 0.0007616528989393526
4.714866363457389 0.9940142622093483 0.000690430423323122
5.689866029018293 0.9949428163519164 0.000638833762569155
6.866488450042998 0.9938738232627602 0.0007240828443472415
8.286427728546842 0.9959366090789554 0.0006001377746039776
10.0 0.9952842134389659 0.0006596700810173325
