0.001 0.12256017628805127 0.0011649281467534843
0.0012067926406393288 0.1458017154943805 0.0013462359561058931
0.0014563484775012444 0.1675377070180135 0.001525083182564254
0.0017575106248547913 0.19678071256586258 0.0017263880220364384
0.0021209508879201904 0.22540930504801654 0.0019455216464339467
0.002559547922699536 0.25751668164141744 0.002122456809548151
0.0030888435964774815 0.2965304316792547 0.0023762777185180888
0.003727593720314938 0.3376426730796723 0.0025556479549302047
0.004498432668969444 0.37806918999253675 0.002727781295085463
0.005428675439323859 0.42374259207571524 0.002895764844870563
0.006551285568595509 0.4615472938979633 0.0030091286065144613
0.0079060432109077 0.5032278038362199 0.003058650603677427
0.009540954763499945 0.5460154970866155 0.0031376452524498385
0.01151395399326447 0.5965310940118567 0.003132678682480593
0.013894954943731374 0.6378794749163585 0.003141968821438388
0.016768329368110076 0.6714381590980137 0.003112410239612784
0.020235896477251564 0.7111179238273833 0.0030276464381689895
0.02442053094548651 0.7462566348526393 0.002958570330081382
0.029470517025518096 0.7799674795369294 0.002834626032234678
0.03556480306223128 0.8014112763490284 0.002809103074387555
0.04291934260128776 0.8350562260341032 0.002598194043485077
0.0517947467923121 0.8585817814566097 0.002469958018272258
0.0625055192527397 0.8717191256635975 0.0024231097126687974
0.07543120063354615 0.8904607816049022 0.0022529400818579563
0.09102981779915217 0.9068711253470041 0.002110918430084576
0.10985411419875583 0.9182142535083425 0.0020066319231253423
0.13257113655901082 0.9309785756073372 0.0018808532269601079
0.15998587196060574 0.9415944323850614 0.0017431900152601245
0.19306977288832497 0.946824026583825 0.0016892058729347339
0.2329951810515372 0.9571025071070675 0.0015199182629029376
0.2811768697974228 0.9629134214839135 0.0014082569562044636
0.3393221771895326 0.9706917428907432 0.0012687857078103615
0.4094915062380423 0.9707511962178585 0.0012877571713748872
0.49417133613238334 0.9750053522020642 0.0012068453070179892
0.5963623316594643 0.9782050517475868 0.0011629759660273338
0.7196856730011514 0.9821351470128243 0.0010240968624314058
0.868511373751352 0.9840187517741437 0.0010046140876132893
1.0481131341546852 0.9845259607453838 0.000995012185596142
1.2648552168552958 0.9865893129986798 0.0009389829724881517
1.5264179671752318 0.9880214117470326 0.0009009000884611193
1.8420699693267144 0.9891558215986718 0.0008678485905749131
2.2229964825261934 0.9908168292935959 0.0008007185319173632
2.6826957952797246 0.9928640588360342 0.0007007892318921954
3.2374575428176433 0.9927440705734607 0.0007256204588612602
3.906939937054613 0.9929722298478607 0.0007366094562642105
4.714866363457389 0.9937455483012293 0.0006932694259248615
5.689866029018293 0.9941190017191386 0.0006948290562820673
6.866488450042998 0.994793978355776 0.000658452949081083
8.286427728546842 0.9941017660786987 0.0007214245382248842
10.0 0.9958764049658654 0.0006021745046158489
