0.001 0.008538701368141074 0.0001891610838835705
0.0012067926406393288 0.013208007577387078 0.00028906700246120453
0.0014563484775012444 0.020503794968356196 0.0004269574987023333
0.0017575106248547913 0.029837997882823833 0.000594088111037904
0.0021209508879201904 0.04402617527128724 0.0008394257294819157
0.002559547922699536 0.062458673404615674 0.00113167418996325
0.0030888435964774815 0.0861630759638742 0.0014764020615277709
0.003727593720314938 0.11468988851580919 0.0018239670973979687
0.004498432668969444 0.14712826107024513 0.002183295440472666
0.005428675439323859 0.17978351058461062 0.0025206657689998036
0.006551285568595509 0.22669442421770555 0.002883334614466966
0.0079060432109077 0.2758428568083012 0.003190786794633863
0.009540954763499945 0.3298823984267745 0.0034388760129350927
0.01151395399326447 0.3735886926419142 0.003576245745491748
0.013894954943731374 0.4243598193319574 0.0036836129000829467
0.016768329368110076 0.48068443162996327 0.0038073771640903475
0.020235896477251564 0.53224104051406 0.00383269074167987
0.02442053094548651 0.5860008481587164 0.0037982386697689675
0.029470517025518096 0.6352523128224015 0.0037884764135191706
0.03556480306223128 0.6794077410572467 0.0036674558767390937
0.04291934260128776 0.7190657263257983 0.0035840758064097766
0.0517947467923121 0.7506632307321253 0.003496537253666474
0.0625055192527397 0.7927683633326257 0.003270192618243794
0.07543120063354615 0.8161995267057929 0.003160182955340955
0.09102981779915217 0.8339208055539185 0.003044372734608517
0.10985411419875583 0.8654907569437325 0.002809062611871283
0.13257113655901082 0.8881037294292684 0.0025940335640426194
0.15998587196060574 0.8977491196600222 0.0025056007501611617
0.19306977288832497 0.9162114561652943 0.0023030216413465468
0.2329951810515372 0.9260661263239597 0.002190911421168854
0.2811768697974228 0.9365637173377416 0.002070365067918181
0.3393221771895326 0.9468946094205432 0.001896431315485986
0.4094915062380423 0.9508184228941667 0.0018381238459953036
0.49417133613238334 0.9585220956897876 0.0016878434627242726
0.5963623316594643 0.9661998596876762 0.001526237185209992
0.7196856730011514 0.969517350236465 0.001475048907343378
0.868511373751352 0.9728130234137019 0.0014035662780809057
1.0481131341546852 0.9799173002529513 0.001198321285675789
1.2648552168552958 0.9792862837381426 0.0012312843628468637
1.5264179671752318 0.9816328600392887 0.0011581224278293335
1.8420699693267144 0.9843249612950973 0.0010715966603012906
2.2229964825261934 0.985977243834557 0.0010334090579559156
2.6826957952797246 0.9894108274860343 0.0008970804680150556
3.2374575428176433 0.9888433963764038 0.0009433870261448763
3.906939937054613 0.9917914017929695 0.0007883266390501471
4.714866363457389 0.9914076168206682 0.0008165336175180376
5.689866029018293 0.9923668810897303 0.0007749606723130106
6.866488450042998 0.992789761106976 0.0007709035967743367
8.286427728546842 0.9939176957022475 0.0007043872364404622
10.0 0.9943608750322721 0.0006996168694356597
