0.001 0.008729839080392965 0.00019200823462460156
0.0012067926406393288 0.013817323035249995 0.00029476565109593135
0.0014563484775012444 0.020294407121217172 0.0004240880057942479
0.0017575106248547913 0.030304256079456127 0.0005993963549373191
0.0021209508879201904 0.0439499532654376 0.0008400166994592969
0.002559547922699536 0.05988695021745975 0.001089756399365141
0.0030888435964774815 0.08596618048485753 0.0014642280133222657
0.003727593720314938 0.11458326693022154 0.0018147069879116112
0.004498432668969444 0.14806308800473422 0.0021890074962954325
0.005428675439323859 0.19048879300093907 0.0025884439371182
0.006551285568595509 0.22885217861120255 0.0028947277068189776
0.0079060432109077 0.269906644474456 0.0031489912390145645
0.009540954763499945 0.32036501798089134 0.0034101835150602234
0.01151395399326447 0.37798824750405036 0.0035918116616953477
0.013894954943731374 0.43286404747550605 0.0037305215047793304
0.016768329368110076 0.47776552893616553 0.0037950002859872055
0.020235896477251564 0.5310919264972066 0.0038096610395963976
0.02442053094548651 0.5841821240931686 0.0038201418318804864
0.029470517025518096 0.6337206014076432 0.0037666358518016274
0.03556480306223128 0.6726413236330453 0.003732259976298135
0.04291934260128776 0.7212786266655139 0.0035634899683474985
0.0517947467923121 0.7604061610794802 0.0034241759471327843
0.0625055192527397 0.7854542957933934 0.003333283754390876
0.07543120063354615 0.81434343403627 0.003167336219471102
0.09102981779915217 0.8417424309232486 0.0029847318299460867
0.10985411419875583 0.861382816918286 0.002847366715514658
0.13257113655901082 0.8836946003197585 0.002650485546978599
0.15998587196060574 0.9012930694280414 0.002473910227551803
0.19306977288832497 0.9113642541703559 0.002385447124166357
0.2329951810515372 0.9276428694370885 0.002160245479389187
0.2811768697974228 0.9368139838814395 0.002025051068135279
0.3393221771895326 0.9502980252298128 0.00180940709852462
0.4094915062380423 0.9513654416095644 0.0018100004121137353
0.49417133613238334 0.9589353899427459 0.001680288713975796
0.5963623316594643 0.9654649676576733 0.001566496011005587
0.7196856730011514 0.9705403618984403 0.0014322963133623701
0.868511373751352 0.9747653533109552 0.0013469206294147707
1.0481131341546852 0.9757429718875666 0.0013237959929992985
1.2648552168552958 0.9793092911514812 0.0012269241310199567
1.5264179671752318 0.9818527929559832 0.0011569684788535226
1.8420699693267144 0.9838889787777396 0.0011055163888124466
2.2229964825261934 0.9863246481428145 0.0010087688417085888
2.6826957952797246 0.9892551147717695 0.0008987314757899579
3.2374575428176433 0.9895589915975206 0.0009045279367953185
3.906939937054613 0.990402552887045 0.0008793585756893933
4.714866363457389 0.991319687162429 0.0008163715867834853
5.689866029018293 0.9923569427175138 0.0007833884263803611
6.866488450042998 0.9933280997018854 0.0007323007748357435
8.286427728546842 0.9929575182872624 0.0007753567308303275
10.0 0.995041123861209 0.0006476767307214295
