0.001 0.008521677433983896 0.00018832817008628152
0.0012067926406393288 0.01383103666452739 0.0002963563760096393
0.0014563484775012444 0.021235756212374834 0.000440159390751955
0.0017575106248547913 0.03016885764145153 0.0006038430869661946
0.0021209508879201904 0.04578899567203632 0.0008637628974578347
0.002559547922699536 0.06603656739733665 0.0011752899987989471
0.0030888435964774815 0.08272921590675028 0.0014448799758080611
0.003727593720314938 0.11611379167303276 0.0018266847642395337
0.004498432668969444 0.14839089983099002 0.002199677268851282
0.005428675439323859 0.18845294382376668 0.0025662301798376323
0.006551285568595509 0.23122853218070968 0.0029051666944241604
0.0079060432109077 0.2736906388842895 0.003154512296433472
0.009540954763499945 0.32657524968045004 0.0034248518523160537
0.01151395399326447 0.3765321242106868 0.0035976336454313896
0.013894954943731374 0.4313067659860612 0.0037100156045309198
0.016768329368110076 0.4857191699833935 0.0037831854812967105
0.020235896477251564 0.5432343699335832 0.0038072516937813767
0.02442053094548651 0.5866814397768888 0.003814255557466359
0.029470517025518096 0.6342843288729394 0.003766776060524753
0.03556480306223128 0.680106716439912 0.003668840244053254
0.04291934260128776 0.7203806371117402 0.0035694120394615873
0.0517947467923121 0.7623479826805196 0.003409111657427718
0.0625055192527397 0.7898856174743725 0.003283844997709401
0.07543120063354615 0.816148013156439 0.0031521671957270886
0.09102981779915217 0.8423179767013961 0.0029846333365911963
0.10985411419875583 0.8672411744525867 0.0027768011438659072
0.13257113655901082 0.8881073468562014 0.0025917488124914314
0.15998587196060574 0.9021219956025281 0.0024530778873500976
0.19306977288832497 0.9165158427943417 0.002294703807779453
0.2329951810515372 0.9311555064819982 0.0021080322760562934
0.2811768697974228 0.9364583160543581 0.0020482473557403044
0.3393221771895326 0.9480547351822912 0.0018843591328892245
0.4094915062380423 0.9534556965833086 0.0017934596937925408
0.49417133613238334 0.9624815034906862 0.0015946865543541497
0.5963623316594643 0.9685296374632678 0.001481161866941347
0.7196856730011514 0.9704174273983573 0.0014652668950990053
0.868511373751352 0.9764015167910891 0.0012874850421531311
1.0481131341546852 0.9780834324449983 0.001259874903286696
1.2648552168552958 0.9826109194877998 0.0011279660264059447
1.5264179671752318 0.9832520951225764 0.0011143259441669144
1.8420699693267144 0.9847686728845231 0.001082935867325115
2.2229964825261934 0.9843584451885683 0.0011113319389092532
2.6826957952797246 0.9877566245735153 0.0009685510121101253
3.2374575428176433 0.991189996462806 0.0008214454781720457
3.906939937054613 0.9910333238575278 0.0008507957078901791
4.714866363457389 0.9923504533231071 0.0007635159751079517
5.689866029018293 0.9927371141667032 0.000763565110006875
6.866488450042998 0.9925711912991401 0.0007956537513391461
8.286427728546842 0.9944604726007176 0.000697964755718714
10.0 0.9958813018685758 0.0005973836073171249
