0.001 0.0601491959292822 0.001093588294009446
0.0012067926406393288 0.0774945550070486 0.0013486312455335426
0.0014563484775012444 0.09937026713562798 0.0016302619043243795
0.0017575106248547913 0.12277818685849624 0.0019033942547977175
0.0021209508879201904 0.15424702960846204 0.0021951308713485953
0.002559547922699536 0.18658331271822853 0.0024496966504198845
0.0030888435964774815 0.22792052441550545 0.0026567213449705663
0.003727593720314938 0.27139460266013976 0.002787547705689698
0.004498432668969444 0.3134139420415796 0.002848728773113826
0.005428675439323859 0.36589479536515596 0.0029251661398426044
0.006551285568595509 0.4325277848009029 0.003008116248255512
0.0079060432109077 0.4894658444612622 0.0029842147942264197
0.009540954763499945 0.5514877285973524 0.0029812044477825835
0.01151395399326447 0.6242456314569875 0.002953109346584156
0.013894954943731374 0.6905936477352542 0.0028391217660910582
0.016768329368110076 0.7441397860094762 0.0027252322753788176
0.020235896477251564 0.7947507446176496 0.0025390492350318592
0.02442053094548651 0.834308151925891 0.0023601807799735566
0.029470517025518096 0.8745944577580336 0.0021225120162875234
0.03556480306223128 0.9052151337534687 0.0018826355720114975
0.04291934260128776 0.926582700149486 0.0017053352634996922
0.0517947467923121 0.947866839280989 0.001450116751655254
0.0625055192527397 0.9597808694624866 0.0012859127431728628
0.07543120063354615 0.9706760993035117 0.0011017922715733904
0.09102981779915217 0.9769375439156762 0.000981878144653178
0.10985411419875583 0.9842525634457128 0.0008084581059923479
0.13257113655901082 0.989669581060867 0.000659022944751111
0.15998587196060574 0.9913593277113145 0.0005957785520929032
0.19306977288832497 0.9939438947770671 0.000511337901623547
0.2329951810515372 0.9959173958752199 0.00040571045593186
0.2811768697974228 0.9959144392319342 0.00044088533408781516
0.3393221771895326 0.9981054187748732 0.0002807348737630074
0.4094915062380423 0.9983127618997021 0.0002887260251177135
0.49417133613238334 0.9989370355563464 0.00019607994216494206
0.5963623316594643 0.9995117460826055 0.0001371069987344786
0.7196856730011514 0.9993416206141142 0.00017347934229701686
0.868511373751352 0.9993182937260968 0.0001914349727704501
1.0481131341546852 0.9998181669513834 5.453454763477591e-05
1.2648552168552958 0.9996976669383064 0.00012612323037195555
1.5264179671752318 0.9998514780671852 7.106570790884934e-05
1.8420699693267144 0.9998812018470766 5.5384169369688525e-05
2.2229964825261934 0.9998641743060858 7.89098546756024e-05
2.6826957952797246 0.9999716237397374 1.9977915108903292e-05
3.2374575428176433 0.9999848764076121 1.2039167102761586e-05
3.906939937054613 0.9999910490139108 6.649503387925038e-06
4.714866363457389 0.9999797132393887 1.7442112627307193e-05
5.689866029018293 0.9999986491339296 1.2441644932984158e-06
6.866488450042998 0.9999995899924919 4.0991570456844735e-07
8.286427728546842 0.9999999969584166 3.0401036811888833e-09
10.0 0.9999999374468094 3.610795959481604e-08
