0.001 0.11460973585581437 0.001120603933636148
0.0012067926406393288 0.13423421576664807 0.0012861774672745753
0.0014563484775012444 0.15816583459304356 0.001465566184876471
0.0017575106248547913 0.18247745507183338 0.0016199908165939368
0.0021209508879201904 0.2181294697570317 0.0018407895118196943
0.002559547922699536 0.24555078157090174 0.0019707016750402377
0.0030888435964774815 0.2804634247895977 0.0021275306739550566
0.003727593720314938 0.31866074541107897 0.002239667741411283
0.004498432668969444 0.3606262674605219 0.0023514958968993667
0.005428675439323859 0.4077789825292809 0.0024439627713660214
0.006551285568595509 0.45105927311560345 0.0024873783027975376
0.0079060432109077 0.502672631699244 0.0024987719249929033
0.009540954763499945 0.554914962133981 0.0024948073307077064
0.01151395399326447 0.6012374667814896 0.0024490102573561105
0.013894954943731374 0.655430050988115 0.002427163986759818
0.016768329368110076 0.7057897480207366 0.0023170061496969826
0.020235896477251564 0.7503293258977186 0.002225882734658235
0.02442053094548651 0.7965926560711736 0.0021040187880353115
0.029470517025518096 0.835968577270312 0.001957269574559076
0.03556480306223128 0.8710323212395733 0.0017982569135978276
0.04291934260128776 0.8962219247925152 0.0016707374121538764
0.0517947467923121 0.920956317104882 0.0014837647979268082
0.0625055192527397 0.9400799430710335 0.0012894212972674782
0.07543120063354615 0.9538007508824039 0.0011705796029545682
0.09102981779915217 0.9657732316819143 0.0010090350842618249
0.10985411419875583 0.9748248462166286 0.0008680250764036746
0.13257113655901082 0.9804140397838064 0.0007830869660649606
0.15998587196060574 0.9864405890980584 0.0006391461214993057
0.19306977288832497 0.9895656298412028 0.0005642019189176801
0.2329951810515372 0.9928273614478572 0.0004339214922113513
0.2811768697974228 0.9942057848566135 0.00041113400971732895
0.3393221771895326 0.9956904366928873 0.0003765384806768626
0.4094915062380423 0.997175216424452 0.0002915234327853584
0.49417133613238334 0.9981418927924864 0.00024605847624891824
0.5963623316594643 0.9987838152696906 0.00017606286448268286
0.7196856730011514 0.99901285900604 0.0001726428938122105
0.868511373751352 0.9994034121708335 0.0001271567566525465
1.0481131341546852 0.9994603955035672 0.00010950391001151326
1.2648552168552958 0.9995449174931264 0.00011992448530841096
1.5264179671752318 0.9996207815046804 0.00010078035314441297
1.8420699693267144 0.9999127082685407 3.802096498558142e-05
2.2229964825261934 0.9998609750748998 8.21009854554603e-05
2.6826957952797246 0.9998377004758601 7.68324778905198e-05
3.2374575428176433 0.999921328960147 6.976460850810169e-05
3.906939937054613 0.9999251541683644 3.9887639596553474e-05
4.714866363457389 0.9999838373868799 1.1685164913911919e-05
5.689866029018293 0.9999215089162231 5.727901038985374e-05
6.866488450042998 0.9999931302818404 4.556473797219264e-06
8.286427728546842 0.9999864327650027 1.0957068560893416e-05
10.0 0.999991698503026 6.834645159887554e-06
