0.001 0.11780031763023001 0.001141365482625917
0.0012067926406393288 0.13638814653459796 0.001277136253752074
0.0014563484775012444 0.15917772711285705 0.0014619282449093538
0.0017575106248547913 0.18286975759734045 0.001597130043241842
0.0021209508879201904 0.21507201680122248 0.001804221270317902
0.002559547922699536 0.24611978702208898 0.0019518056155993827
0.0030888435964774815 0.28169471242773914 0.0021169030177066823
0.003727593720314938 0.32639665412283564 0.0022762698283203702
0.004498432668969444 0.3671332058897087 0.00237091021858142
0.005428675439323859 0.4085747290384149 0.0024352122769490323
0.006551285568595509 0.4549909466443458 0.002473377394670847
0.0079060432109077 0.506264317910704 0.002494304236171872
0.009540954763499945 0.5580777168808441 0.002494398965685876
0.01151395399326447 0.6041457606531081 0.002408128946661587
0.013894954943731374 0.6586154216467396 0.002373322959465943
0.016768329368110076 0.708745314926365 0.0023113049691177823
0.020235896477251564 0.7537871684538416 0.0022261271294864095
0.02442053094548651 0.7973809010172983 0.002075553880849244
0.029470517025518096 0.8372671272340066 0.0019355704721142895
0.03556480306223128 0.870568818497058 0.0017948563451930396
0.04291934260128776 0.9005215004082169 0.0016047234090899615
0.0517947467923121 0.9207962188877835 0.0014618112279803238
0.0625055192527397 0.9436280970614058 0.0012405573949684564
0.07543120063354615 0.9545220479086199 0.0011426879630817008
0.09102981779915217 0.9658443443243246 0.001017385706591775
0.10985411419875583 0.9773785353539534 0.0007873486995086422
0.13257113655901082 0.9822167561231028 0.0007256869616698663
0.15998587196060574 0.9863419297180764 0.0005972111347992882
0.19306977288832497 0.9908338569025035 0.0005151709298858505
0.2329951810515372 0.9930433777189644 0.0004366373614495037
0.2811768697974228 0.9954857241026468 0.0003668775749835398
0.3393221771895326 0.9965232789840093 0.0002953481351012559
0.4094915062380423 0.9975546338147521 0.00026311596788588436
0.49417133613238334 0.9983453495693521 0.00020472228996720518
0.5963623316594643 0.9988017126621799 0.0001646158686937882
0.7196856730011514 0.9991018886645141 0.00015594861433075
0.868511373751352 0.9992350054151188 0.00015314008191909416
1.0481131341546852 0.9995853905762353 0.00011644276090966349
1.2648552168552958 0.9995683055167852 0.00012191234984436356
1.5264179671752318 0.9997161929538679 7.140878332430527e-05
1.8420699693267144 0.9998399263871431 6.493102026011057e-05
2.2229964825261934 0.9999691024627276 1.1789079233751942e-05
2.6826957952797246 0.9999670070376354 1.0340494992451424e-05
3.2374575428176433 0.99986805173958 5.658741612563579e-05
3.906939937054613 0.9999692497385791 1.822055996544246e-05
4.714866363457389 0.9999942010921679 3.235873013913488e-06
5.689866029018293 0.9999974890829341 1.4806025685999059e-06
6.866488450042998 0.9999865990600125 1.1601402426150659e-05
8.286427728546842 0.999992167665779 7.4048734097572284e-06
10.0 0.9999994781831032 5.21290548323246e-07
