0.001 0.008438607727207606 0.00021607454812805498
0.0012067926406393288 0.012938053908002067 0.00032811002277511307
0.0014563484775012444 0.01968782848770255 0.0004868914682692971
0.0017575106248547913 0.027636819770844097 0.0006616222223782602
0.0021209508879201904 0.04232158939848628 0.0009586182323109506
0.002559547922699536 0.05508515521562268 0.0012261784140756471
0.0030888435964774815 0.07366922856576469 0.001558379458082756
0.003727593720314938 0.0945714272776944 0.0018850826202772438
0.004498432668969444 0.12098480237990653 0.0022184201662460586
0.005428675439323859 0.1537547145545543 0.002534310912593699
0.006551285568595509 0.1859378610081366 0.0027553572149642343
0.0079060432109077 0.22740933907467548 0.002905248107245301
0.009540954763499945 0.2764255856275194 0.0030359456531746636
0.01151395399326447 0.3236583854440853 0.003080456680930968
0.013894954943731374 0.39130046554838016 0.0031853835731212765
0.016768329368110076 0.4565089930569291 0.003196322412177072
0.020235896477251564 0.5231200286326632 0.0032016572284647203
0.02442053094548651 0.5992879841779531 0.003168900562712747
0.029470517025518096 0.6680793479135642 0.0030728703164358486
0.03556480306223128 0.7338083809395958 0.0029310059964592293
0.04291934260128776 0.7838618390647082 0.0027672890665862565
0.0517947467923121 0.8326914865537257 0.002531047532502685
0.0625055192527397 0.8705319334886604 0.002271969881004062
0.07543120063354615 0.9005884655407924 0.002055552856713399
0.09102981779915217 0.9256337694954382 0.0018198328383930466
0.10985411419875583 0.9449311057907713 0.0015858525797221457
0.13257113655901082 0.9574202418755438 0.0014151567638885536
0.15998587196060574 0.9700117969924699 0.0011797774526459805
0.19306977288832497 0.976956284766518 0.0010510707762037361
0.2329951810515372 0.9834555163520164 0.0008586733898542031
0.2811768697974228 0.9870023430232729 0.0007882083094043915
0.3393221771895326 0.9906325605882849 0.0006804589599019381
0.4094915062380423 0.9936904110581578 0.0005496047789833829
0.49417133613238334 0.9959265578239274 0.00043950165017471264
0.5963623316594643 0.997156315981572 0.00035220201297216504
0.7196856730011514 0.9977828451024172 0.00031538094354337714
0.868511373751352 0.998619103214096 0.00023811422012296778
1.0481131341546852 0.9987024125115924 0.00023661155906521352
1.2648552168552958 0.9989804398357561 0.00020941097585847258
1.5264179671752318 0.9991289620861681 0.00020674194426401217
1.8420699693267144 0.9997780518428339 8.94034221412828e-05
2.2229964825261934 0.9997368244485233 0.00011952346812679677
2.6826957952797246 0.9996644209898632 0.00014614536685854872
3.2374575428176433 0.999876172161397 9.770586026371953e-05
3.906939937054613 0.9998184444035003 8.824632253172402e-05
4.714866363457389 0.99995545520903 3.1258122177107865e-05
5.689866029018293 0.9998470702804818 0.00010373653165695609
6.866488450042998 0.9999800056211315 1.3137315592782931e-05
8.286427728546842 0.999962776339299 2.959600614028939e-05
10.0 0.9999764661829257 1.9178851246749828e-05
