0.001 0.037453152957948294 0.0006859340073263723
0.0012067926406393288 0.04853520284274271 0.0008251056485970463
0.0014563484775012444 0.06570068250871981 0.0010183979761856632
0.0017575106248547913 0.08597613229873505 0.0012188545102700806
0.0021209508879201904 0.1087337179178475 0.0013838690907859057
0.002559547922699536 0.1436037872779571 0.0016332765398419577
0.0030888435964774815 0.17931962224019046 0.001763265228755371
0.003727593720314938 0.22640819730712014 0.0019858701004457783
0.004498432668969444 0.27933193055695743 0.0021569871590520736
0.005428675439323859 0.34482723841902824 0.0023854976540867083
0.006551285568595509 0.41131075399101885 0.002530000905486621
0.0079060432109077 0.4820789445389079 0.00266513760904653
0.009540954763499945 0.5525834652976664 0.002755014491591747
0.01151395399326447 0.6203788772390135 0.0027975121441754175
0.013894954943731374 0.6916881464604008 0.0027511568172008433
0.016768329368110076 0.7539920290682017 0.0026318922285529745
0.020235896477251564 0.804587238743125 0.0024890450794752073
0.02442053094548651 0.8461500278297983 0.002285204351160071
0.029470517025518096 0.8825595324378038 0.0020790627160162988
0.03556480306223128 0.9117947687188219 0.0018323721987840195
0.04291934260128776 0.9333139305456086 0.001638097159397652
0.0517947467923121 0.9487272792779892 0.0014648906934055367
0.0625055192527397 0.9646157370948345 0.001186524495898314
0.07543120063354615 0.9708939623300085 0.0011157979845007146
0.09102981779915217 0.9808787215864863 0.0008912970783362821
0.10985411419875583 0.9852771156254745 0.0007742653703072615
0.13257113655901082 0.988884575101651 0.0006833208844864153
0.15998587196060574 0.9906842452152811 0.0006339013715815013
0.19306977288832497 0.9943318176018978 0.0004705026817464658
0.2329951810515372 0.9951488367348414 0.0004726903455069916
0.2811768697974228 0.9971037301957713 0.0003549537884751758
0.3393221771895326 0.9974069416203211 0.00034441189287355697
0.4094915062380423 0.9984635550080971 0.00025884532953410563
0.49417133613238334 0.9987312404983151 0.00023010966019072732
0.5963623316594643 0.9991090864607213 0.0002119073353883217
0.7196856730011514 0.9992378725973174 0.00020003965682044206
0.868511373751352 0.9995077954543394 0.00016630407789885733
1.0481131341546852 0.9996994100920893 0.00012523697438115934
1.2648552168552958 0.9997700804462258 7.354530412168881e-05
1.5264179671752318 0.9998551163104086 7.854052996437779e-05
1.8420699693267144 0.9998932911568792 6.722396190594573e-05
2.2229964825261934 0.9999839318624909 1.1994508955013196e-05
2.6826957952797246 0.9999792001335358 1.1288284216173785e-05
3.2374575428176433 0.999960660905492 3.536888183628352e-05
3.906939937054613 0.999972953993167 2.566780917103708e-05
4.714866363457389 0.9999991359892912 5.962198693872242e-07
5.689866029018293 0.9999892691013565 1.0400976332648748e-05
6.866488450042998 0.9999943787734814 5.577471198533998e-06
8.286427728546842 0.9999974116629341 2.5851639596745542e-06
10.0 0.9999999999998826 5.248249113251663e-14
