0.001 0.036265469963973 0.0006746212285824696
0.0012067926406393288 0.048984514756523975 0.000836077962089198
0.0014563484775012444 0.06475030737854011 0.0010148878741312861
0.0017575106248547913 0.08481492278258747 0.001204727573346226
0.0021209508879201904 0.11279596827960818 0.0014350731643274154
0.002559547922699536 0.14023259355746218 0.0015891771296923432
0.0030888435964774815 0.17985835452904175 0.001792865106895145
0.003727593720314938 0.2259441232732559 0.0019717187212221015
0.004498432668969444 0.28190829682203955 0.0021770634776154887
0.005428675439323859 0.3400258068670611 0.002351117132577897
0.006551285568595509 0.4096116713451359 0.0025532438325211373
0.0079060432109077 0.4763288886693961 0.002678295982647491
0.009540954763499945 0.5515237514524981 0.0027556181797575474
0.01151395399326447 0.6221350142029927 0.00281206722959944
0.013894954943731374 0.6944680711877661 0.00272230327095837
0.016768329368110076 0.7498689602884709 0.0026534969685031613
0.020235896477251564 0.8059878318991353 0.0024691475565184738
0.02442053094548651 0.8495162441807952 0.002269035164600202
0.029470517025518096 0.877527142028098 0.002132494742313334
0.03556480306223128 0.9108887263324472 0.0018650558426055405
0.04291934260128776 0.9344629206930788 0.0016133438301751473
0.0517947467923121 0.9491529230910674 0.0014569045689298132
0.0625055192527397 0.9614105383317357 0.001282936813989384
0.07543120063354615 0.9722431267648519 0.0011022067986990992
0.09102981779915217 0.9771939881829061 0.0010037117639740021
0.10985411419875583 0.9849626148009538 0.0008112937335653977
0.13257113655901082 0.9883907233309652 0.0007137889349039607
0.15998587196060574 0.9927837833565633 0.0005268494316374523
0.19306977288832497 0.9934073128849686 0.0005378435002450793
0.2329951810515372 0.9951634352368827 0.0004555015116362136
0.2811768697974228 0.9965813794431844 0.00038228207213201283
0.3393221771895326 0.9973065781662607 0.0003337733131024656
0.4094915062380423 0.9981605256478512 0.00028065109552533545
0.49417133613238334 0.9987712059205803 0.00022139113162232546
0.5963623316594643 0.9989029178302783 0.00023863784510676827
0.7196856730011514 0.9992862469182381 0.00017761477950325425
0.868511373751352 0.9994346387523723 0.0001552696392549811
1.0481131341546852 0.9997277133767121 0.00010882170085291565
1.2648552168552958 0.9996679353643262 0.0001290526586274983
1.5264179671752318 0.9999046737964485 4.4149274036512964e-05
1.8420699693267144 0.9998632603162627 5.1109445397656326e-05
2.2229964825261934 0.999931777638313 2.944108525941044e-05
2.6826957952797246 0.9999671642970301 1.4972295175327558e-05
3.2374575428176433 0.9999578812378007 3.797275948574463e-05
3.906939937054613 0.9999937520083944 3.118421237269833e-06
4.714866363457389 0.999979694523874 1.9219231990494533e-05
5.689866029018293 0.9999998458295589 1.4998416200903973e-07
6.866488450042998 0.9999999682017038 3.15006975080069e-08
8.286427728546842 0.9999999856996448 8.250858944300406e-09
10.0 0.9999999985418856 8.415971880361879e-10
