0.001 0.09568606393198296 0.0007356484136025172
0.0012067926406393288 0.11407198442134583 0.000850419319666509
0.0014563484775012444 0.13390577570205428 0.0009639447095333847
0.0017575106248547913 0.1579532312061663 0.0011145092739281975
0.0021209508879201904 0.1842092099229551 0.0012070415871431879
0.002559547922699536 0.21593102774410242 0.0013727763714530853
0.0030888435964774815 0.2532008527748329 0.0015295278479193076
0.003727593720314938 0.29077709021345705 0.0016736278528201825
0.004498432668969444 0.33958450586585925 0.0018131908378633285
0.005428675439323859 0.37955294938643935 0.0018781326493457042
0.006551285568595509 0.4334736335731274 0.002013073882414958
0.0079060432109077 0.48664174834967244 0.0020775581013237707
0.009540954763499945 0.5458979831590327 0.002151502570757872
0.01151395399326447 0.602864204688654 0.0021839357826891194
0.013894954943731374 0.6563341687129502 0.0022207937181346975
0.016768329368110076 0.7089309200031837 0.0022122518677366756
0.020235896477251564 0.7592077377176049 0.002124387611963303
0.02442053094548651 0.8036604427278822 0.0020180581502620663
0.029470517025518096 0.8434169281550203 0.0018901481589818716
0.03556480306223128 0.8808849505171105 0.0017190564413613212
0.04291934260128776 0.9073843399545214 0.0015526958010681933
0.0517947467923121 0.9273921779982959 0.0014180385465492606
0.0625055192527397 0.9464083230855407 0.001221359094868677
0.07543120063354615 0.9605752805402555 0.0010464224074338698
0.09102981779915217 0.9684686376045686 0.000977462217891127
0.10985411419875583 0.977122040015088 0.0008288736854082742
0.13257113655901082 0.9826873512188713 0.000736866954077365
0.15998587196060574 0.9875498688517611 0.00060741738903214
0.19306977288832497 0.9910116148753659 0.0005248659645360977
0.2329951810515372 0.9932833167168481 0.0004561124360870358
0.2811768697974228 0.9956968176799427 0.0003285816533234394
0.3393221771895326 0.9964965736331513 0.00030562519924991194
0.4094915062380423 0.9973666007965664 0.0002768069391768243
0.49417133613238334 0.9982387311994133 0.00022849481649102292
0.5963623316594643 0.9987212660521773 0.00020170486341654554
0.7196856730011514 0.9988854394641498 0.00018092506068329633
0.868511373751352 0.9992573294666598 0.00014863816542253896
1.0481131341546852 0.9996239013858108 8.954959695051687e-05
1.2648552168552958 0.9997804330842842 4.4816184649566564e-05
1.5264179671752318 0.9997199054049419 9.885077045109224e-05
1.8420699693267144 0.9997071539553938 9.82401499094155e-05
2.2229964825261934 0.999877799734403 4.036968339824146e-05
2.6826957952797246 0.9998240832400995 7.716871103093701e-05
3.2374575428176433 0.9999610637480558 1.5601386712803553e-05
3.906939937054613 0.9999625488699139 1.2934144134635866e-05
4.714866363457389 0.9999740866245713 2.2907123637020834e-05
5.689866029018293 0.9999288091964268 3.3540781755033755e-05
6.866488450042998 0.9999878229244349 1.1574255459725945e-05
8.286427728546842 0.9999846212906598 1.0469672793650599e-05
10.0 0.9999998419670499 9.038180201455783e-08
