0.001 0.09618834500022638 0.000752998976080448
0.0012067926406393288 0.11210216548127205 0.0008482350489913617
0.0014563484775012444 0.13445716025746818 0.0009735242847960053
0.0017575106248547913 0.1574739655252991 0.0011148752568486964
0.0021209508879201904 0.18188346893139962 0.0012355703847607771
0.002559547922699536 0.21609313982051473 0.0014092301415688513
0.0030888435964774815 0.24954016896276215 0.0015047247006500172
0.003727593720314938 0.28945922608814734 0.0016663495598316052
0.004498432668969444 0.33238230117321815 0.0017807640951488582
0.005428675439323859 0.38318470750071937 0.0019314951053704212
0.006551285568595509 0.43333488865426073 0.0020085836882872314
0.0079060432109077 0.4866726041244618 0.0020901746846510782
0.009540954763499945 0.540206373479209 0.0021637308548936034
0.01151395399326447 0.5941300338884825 0.0022153892373507414
0.013894954943731374 0.6530802519212725 0.0022274968429226564
0.016768329368110076 0.7090444019786337 0.0021933078941621326
0.020235896477251564 0.7572667475859357 0.0021388206781372144
0.02442053094548651 0.8008922403186731 0.002030747767538308
0.029470517025518096 0.8421688137616494 0.0019114135595454168
0.03556480306223128 0.8762774170809356 0.0017392409385762508
0.04291934260128776 0.9047170340003331 0.001593858389790312
0.0517947467923121 0.9251299258038244 0.001446814892812431
0.0625055192527397 0.9462224181766691 0.0012184242053895579
0.07543120063354615 0.9566921728353749 0.0011408359040389067
0.09102981779915217 0.9700989687991525 0.0009355245798536945
0.10985411419875583 0.9766953598439857 0.0008210948149537205
0.13257113655901082 0.9826861704464125 0.0007263934194869887
0.15998587196060574 0.9858629995696448 0.0006719586115718295
0.19306977288832497 0.9906917784652985 0.0005128741710454056
0.2329951810515372 0.9926298128036988 0.0004926163018737994
0.2811768697974228 0.9952782264498161 0.0003769712895611247
0.3393221771895326 0.9959221846059345 0.0003612356554687145
0.4094915062380423 0.9974020832221208 0.0002768864477924873
0.49417133613238334 0.9980192751948697 0.000248908350634676
0.5963623316594643 0.9986503444073256 0.000217637845845332
0.7196856730011514 0.9988065102700567 0.00020415874853660872
0.868511373751352 0.9993293437888578 0.00016436557121343878
1.0481131341546852 0.999492487473221 0.00012735308140245552
1.2648552168552958 0.9995650000621752 9.828432779272121e-05
1.5264179671752318 0.9997349140446963 8.414006651144081e-05
1.8420699693267144 0.9998072460162127 7.178052851662496e-05
2.2229964825261934 0.9999413719439588 2.4631698546913664e-05
2.6826957952797246 0.9999385255282407 2.773680056267478e-05
3.2374575428176433 0.9999319883640757 4.179224222024365e-05
3.906939937054613 0.9999545313287425 3.384456914017489e-05
4.714866363457389 0.9999904650598355 5.4335140105061805e-06
5.689866029018293 0.9999741669615348 2.0275730165589725e-05
6.866488450042998 0.9999838502807931 1.4387705306279727e-05
8.286427728546842 0.9999900596450813 9.599865300500317e-06
10.0 0.999999995553957 1.977616173327019e-09
