0.001 0.09437618196074526 0.0007433358106139913
0.0012067926406393288 0.11263251693291433 0.0008543957986640791
0.0014563484775012444 0.13275947708873617 0.0009767377810427314
0.0017575106248547913 0.1562937018677894 0.0011057056042181896
0.0021209508879201904 0.18579637534301727 0.0012661310506546883
0.002559547922699536 0.21310701139720956 0.0013812946082383476
0.0030888435964774815 0.24948430150690984 0.0015305392144881105
0.003727593720314938 0.2890718299854915 0.001660357967280765
0.004498432668969444 0.3341492546313204 0.0017942000998967473
0.005428675439323859 0.3793208676766636 0.0019001943356535096
0.006551285568595509 0.4320165012191106 0.002037486109204798
0.0079060432109077 0.4823017392232783 0.0021077825041861576
0.009540954763499945 0.5393014624409982 0.0021612214178075165
0.01151395399326447 0.5953784808663729 0.002220849705064839
0.013894954943731374 0.6553727899563744 0.0022001109266472905
0.016768329368110076 0.704629988646691 0.002201649682963912
0.020235896477251564 0.7587793371851782 0.00211917008531584
0.02442053094548651 0.8049396109458037 0.0020204586477892573
0.029470517025518096 0.8371090805674408 0.0019519161785145232
0.03556480306223128 0.8760921780037645 0.0017638573156661583
0.04291934260128776 0.9053764405870621 0.0015700397275084106
0.0517947467923121 0.9252896494015292 0.0014400316977306743
0.0625055192527397 0.942483138301727 0.001288906484699324
0.07543120063354615 0.9580739011320134 0.0011182545446871651
0.09102981779915217 0.9664567074312618 0.001029219710600574
0.10985411419875583 0.9768507417758674 0.0008461885550605017
0.13257113655901082 0.9823303811897156 0.0007487549053080593
0.15998587196060574 0.9878784666544922 0.0005768453782689128
0.19306977288832497 0.9897762053403558 0.0005677981560012952
0.2329951810515372 0.9926441074589107 0.00048446544088594294
0.2811768697974228 0.9945285281150558 0.00040977941796535816
0.3393221771895326 0.9958125589609148 0.0003588114414238685
0.4094915062380423 0.9970275837111132 0.000299670733618228
0.49417133613238334 0.99796154493697 0.00024310956574352872
0.5963623316594643 0.9984063853313284 0.0002424557857715833
0.7196856730011514 0.9989464706966601 0.00018865688112153033
0.868511373751352 0.9991413476450094 0.00016691334595967294
1.0481131341546852 0.999503467068415 0.00011670189660522017
1.2648552168552958 0.9994736659233872 0.00013151674202953724
1.5264179671752318 0.9997861823532825 6.256518267791245e-05
1.8420699693267144 0.9997611763749057 7.475197041027375e-05
2.2229964825261934 0.999863448221842 5.1644931132637346e-05
2.6826957952797246 0.9999049945739622 3.495077261951912e-05
3.2374575428176433 0.9999368548110793 4.3596955031088636e-05
3.906939937054613 0.9999683091895193 1.4796909856490262e-05
4.714866363457389 0.9999619927247934 2.8724609249334655e-05
5.689866029018293 0.9999968393076699 2.2835066188474957e-06
6.866488450042998 0.9999987462868283 1.0329747847083545e-06
8.286427728546842 0.9999987749358191 6.912302647323072e-07
10.0 0.9999996127164607 2.2052234256260115e-07
