0.001 0.003656831961522763 0.00013465966183502868
0.0012067926406393288 0.005375282312075065 0.00019482085306770484
0.0014563484775012444 0.008483993658707415 0.0002900591021428023
0.0017575106248547913 0.012853211153028817 0.00041622658394155175
0.0021209508879201904 0.018155048082323783 0.0005572151383093468
0.002559547922699536 0.028031417855846688 0.0007766447519693455
0.0030888435964774815 0.03770857914004485 0.0009375172546574329
0.003727593720314938 0.05412667953102856 0.0011779328770835276
0.004498432668969444 0.07361783735989713 0.0013724753109697748
0.005428675439323859 0.1037922610151521 0.0016338214795813832
0.006551285568595509 0.13652943808479445 0.0017892738961414142
0.0079060432109077 0.17976831632381718 0.001993173059471902
0.009540954763499945 0.23166862445878386 0.002212675170751031
0.01151395399326447 0.2929155492275298 0.002455172950431557
0.013894954943731374 0.3683527827225849 0.0026766403503113725
0.016768329368110076 0.4492789242106655 0.0028761051705397172
0.020235896477251564 0.5265040795259195 0.0029697753738723133
0.02442053094548651 0.6009266044195231 0.0030193677627697556
0.029470517025518096 0.677395227024365 0.002983485308057599
0.03556480306223128 0.7412701688059368 0.0028381133768323407
0.04291934260128776 0.79921817064331 0.0026695512737775484
0.0517947467923121 0.8408335297986472 0.0024626420401251308
0.0625055192527397 0.8829657916069249 0.002177132630025492
0.07543120063354615 0.9069654875808663 0.0020148867183957947
0.09102981779915217 0.9343267466971819 0.001697277005857738
0.10985411419875583 0.9483751315255796 0.001519202840904956
0.13257113655901082 0.9619805878272378 0.0013351021211861305
0.15998587196060574 0.969319583908029 0.0012267355418983013
0.19306977288832497 0.9789849898070386 0.0009837115557544695
0.2329951810515372 0.9840365618457161 0.000889599210544706
0.2811768697974228 0.989447867267052 0.0006991137850565865
0.3393221771895326 0.9910453938569541 0.0006579138962095882
0.4094915062380423 0.9941345874942579 0.0005141585686277994
0.49417133613238334 0.9956274207468169 0.0004677746181162221
0.5963623316594643 0.9971097158261076 0.00037976923486767995
0.7196856730011514 0.9974279430571754 0.00035147101921705434
0.868511373751352 0.9986400489240392 0.0002751524857900354
1.0481131341546852 0.998871425837206 0.00022260921071951708
1.2648552168552958 0.9989551409371765 0.00021558764358699175
1.5264179671752318 0.9993834826466181 0.00016024509474855332
1.8420699693267144 0.9995524348654581 0.00013719133883268085
2.2229964825261934 0.999841255865104 6.188216720358553e-05
2.6826957952797246 0.9998375221382021 7.148963730033206e-05
3.2374575428176433 0.9998418404505021 8.513090578957967e-05
3.906939937054613 0.9998943019136486 7.279873408003296e-05
4.714866363457389 0.999972270167351 1.5702487173558408e-05
5.689866029018293 0.9999340339134511 4.977720324203248e-05
6.866488450042998 0.9999574669378184 3.731202329046905e-05
8.286427728546842 0.9999728556131995 2.6127616062580475e-05
10.0 0.9999999866619881 5.932796038223884e-09
