0.001 0.0037637028222904335 0.0001366408925647595
0.0012067926406393288 0.005392878149988738 0.00019482921579405424
0.0014563484775012444 0.008566966653550716 0.0002922514884004725
0.0017575106248547913 0.013717623524112179 0.000430732900467444
0.0021209508879201904 0.018076531046003774 0.0005373587593448249
0.002559547922699536 0.026381546032769484 0.0007126916030764487
0.0030888435964774815 0.03940817529745413 0.0009595132909627496
0.003727593720314938 0.05527010582112279 0.0011829617794763291
0.004498432668969444 0.07631961038205129 0.0013981458297884024
0.005428675439323859 0.1043397955695124 0.0016193230774833602
0.006551285568595509 0.13547488725227524 0.0017689026380382322
0.0079060432109077 0.18152178174171135 0.0020251215380709293
0.009540954763499945 0.24035853329944804 0.0022413287960959876
0.01151395399326447 0.30198209855466157 0.002492488600665635
0.013894954943731374 0.3797632210984898 0.0026953582886266553
0.016768329368110076 0.45281492510769156 0.0028695101539753976
0.020235896477251564 0.5308294040115074 0.0029845743641704493
0.02442053094548651 0.6125228501373564 0.003013739193578474
0.029470517025518096 0.6828676508308686 0.0029436974690128224
0.03556480306223128 0.745653870297429 0.002826675427699286
0.04291934260128776 0.8037773444092022 0.0026345727184691387
0.0517947467923121 0.84790034200302 0.0024364482088019184
0.0625055192527397 0.8852399093849789 0.002175575234713875
0.07543120063354615 0.9095603762924378 0.0020022176616487255
0.09102981779915217 0.9342331839500699 0.0017003354643592029
0.10985411419875583 0.9513378335587442 0.0014781964747476641
0.13257113655901082 0.9643484464331193 0.0012916278363792756
0.15998587196060574 0.9722297682048382 0.0011820134663308073
0.19306977288832497 0.9786712121597435 0.0010345489185373715
0.2329951810515372 0.9847753108525201 0.0008595515849315021
0.2811768697974228 0.9888570882104596 0.0007426857561529974
0.3393221771895326 0.993372546662079 0.0005371857887025864
0.4094915062380423 0.9934622403705263 0.0005616052743368667
0.49417133613238334 0.9964893453054535 0.0004006038012522431
0.5963623316594643 0.9965158742176218 0.0004019760886812922
0.7196856730011514 0.9982414715019579 0.00029105705714953305
0.868511373751352 0.9984162182614272 0.0002585899192601857
1.0481131341546852 0.9990017280847878 0.0002230884913544523
1.2648552168552958 0.9992858224003414 0.0001823445440269962
1.5264179671752318 0.9996883749719989 9.792376611631953e-05
1.8420699693267144 0.9998143104318238 8.047616172058521e-05
2.2229964825261934 0.9998336745586818 6.760488409955722e-05
2.6826957952797246 0.9998375968534885 8.747931773110394e-05
3.2374575428176433 0.9998812375925555 4.82291292500283e-05
3.906939937054613 0.9999532996447149 2.27567849085674e-05
4.714866363457389 0.9999768090082954 1.2194287368752088e-05
5.689866029018293 0.9999794986485298 8.047421402326605e-06
6.866488450042998 0.9999986164541799 1.3033920556194712e-06
8.286427728546842 0.9999991322243567 6.003252228511494e-07
10.0 0.9999790239568689 1.4675420443914247e-05
