0.001 0.0035892258964749283 0.00013300072939337036
0.0012067926406393288 0.005213107527952849 0.00018934360826125679
0.0014563484775012444 0.008464510363564767 0.0002880953077224615
0.0017575106248547913 0.012221056147411704 0.00039837033377054543
0.0021209508879201904 0.019637778114910458 0.0005879720844368112
0.002559547922699536 0.027716447545187373 0.0007604388545673536
0.0030888435964774815 0.038711981754361684 0.000949465836680367
0.003727593720314938 0.05514750800261586 0.001188145427160246
0.004498432668969444 0.07347500655599086 0.0013537658003669444
0.005428675439323859 0.10224754478984165 0.0015993504126920455
0.006551285568595509 0.13662137648320138 0.0017610146140074345
0.0079060432109077 0.1779613457754778 0.0019764658570190466
0.009540954763499945 0.23016461023302487 0.0021657030391451695
0.01151395399326447 0.297918354040537 0.002437290541714784
0.013894954943731374 0.37055987463286666 0.0026849246735777604
0.016768329368110076 0.4474581006335413 0.0028562969870892406
0.020235896477251564 0.5287251574805032 0.002990282681186749
0.02442053094548651 0.6086360506594849 0.0030115944853984864
0.029470517025518096 0.681590617948069 0.002954841265411801
0.03556480306223128 0.7469863917974076 0.002847745053835721
0.04291934260128776 0.8028079929383649 0.002641526675900505
0.0517947467923121 0.8427092612113279 0.002454261456350507
0.0625055192527397 0.8793237634467509 0.0022469599817458606
0.07543120063354615 0.909719123466718 0.0019656562497741346
0.09102981779915217 0.9319610558337046 0.0017427843029622792
0.10985411419875583 0.9467627430120125 0.0015692441055421785
0.13257113655901082 0.9620065599456673 0.0013146730345187422
0.15998587196060574 0.9736572475720584 0.0011176516109998565
0.19306977288832497 0.9805193648695242 0.0009138585453800921
0.2329951810515372 0.986233608876065 0.0007885187916935249
0.2811768697974228 0.9899651856986873 0.0006750309904679237
0.3393221771895326 0.9914606014623325 0.0006224404932675862
0.4094915062380423 0.9939955678645321 0.0005452440573478645
0.49417133613238334 0.9960099306107084 0.0004130100817325686
0.5963623316594643 0.9972708256581749 0.0003396226793936133
0.7196856730011514 0.9974936206782673 0.0003648866991517194
0.868511373751352 0.9984997336931716 0.00025697628702182456
1.0481131341546852 0.9987011895724783 0.0002475185545495402
1.2648552168552958 0.9993185622489942 0.0001751031167158691
1.5264179671752318 0.9991611938772663 0.00018489607115410468
1.8420699693267144 0.9993315470107716 0.0001785353001073321
2.2229964825261934 0.9997875088576659 0.00010402944608204678
2.6826957952797246 0.9998012344865977 7.649126000211959e-05
3.2374575428176433 0.9997470945279263 9.742912625279239e-05
3.906939937054613 0.999810264933614 9.980317156761192e-05
4.714866363457389 0.999919550946552 5.870603278495963e-05
5.689866029018293 0.9999648861315418 1.2748478563286402e-05
6.866488450042998 0.9999296086658027 4.817920886223193e-05
8.286427728546842 0.9999758363895307 2.3372158361721508e-05
10.0 0.9999997782746554 2.1643383987383142e-07
