0.001 0.21415302886341198 0.00025698644533194174
0.0012067926406393288 0.2527101930981628 0.00029189744281828914
0.0014563484775012444 0.29619109353207307 0.00033494918998804214
0.0017575106248547913 0.3452851061965345 0.0003824384608138606
0.0021209508879201904 0.40008484195099325 0.0004275053006383293
0.002559547922699536 0.45926961838385977 0.00048273535511724543
0.0030888435964774815 0.5237043056857056 0.000519632728097895
0.003727593720314938 0.5910207972602302 0.0005520479316390581
0.004498432668969444 0.6597233556713238 0.0005683376560626026
0.005428675439323859 0.7269186205156477 0.0005698387599990946
0.006551285568595509 0.7893313992641433 0.0005661847974687765
0.0079060432109077 0.8463687248689344 0.000523332930266375
0.009540954763499945 0.8948652952616553 0.00045780366979378837
0.01151395399326447 0.9326183309860906 0.0003814570030178738
0.013894954943731374 0.9596906943247641 0.0003028569421892705
0.016768329368110076 0.9785918569086425 0.00020903336246439437
0.020235896477251564 0.9894150622677736 0.0001360472626684543
0.02442053094548651 0.995330793320062 7.737183711541208e-05
0.029470517025518096 0.998112108609017 3.888157861329384e-05
0.03556480306223128 0.9993582681505393 1.5969696180953434e-05
0.04291934260128776 0.9998083807878253 5.4557532526120226e-06
0.0517947467923121 0.9999448444533613 1.5931813835980433e-06
0.0625055192527397 0.9999896428103104 3.224896835992111e-07
0.07543120063354615 0.9999984587973426 4.91140142723298e-08
0.09102981779915217 0.9999998384280839 5.126444068723178e-09
0.10985411419875583 0.9999999893999134 3.3593991637115905e-10
0.13257113655901082 0.999999999582232 1.2794754314153335e-11
0.15998587196060574 0.9999999999928526 2.294964278430417e-13
0.19306977288832497 0.9999999999999399 1.91568060584944e-15
0.2329951810515372 0.9999999999999998 5.815799226847403e-18
0.2811768697974228 1.0 0.0
0.3393221771895326 1.0 0.0
0.4094915062380423 1.0 0.0
0.49417133613238334 1.0 0.0
0.5963623316594643 1.0 0.0
0.7196856730011514 1.0 0.0
0.868511373751352 1.0 0.0
1.0481131341546852 1.0 0.0
1.2648552168552958 1.0 0.0
1.5264179671752318 1.0 0.0
1.8420699693267144 1.0 0.0
2.2229964825261934 1.0 0.0
2.6826957952797246 1.0 0.0
3.2374575428176433 1.0 0.0
3.906939937054613 1.0 0.0
4.714866363457389 1.0 0.0
5.689866029018293 1.0 0.0
6.866488450042998 1.0 0.0
8.286427728546842 1.0 0.0
10.0 1.0 0.0
