0.001 0.2141947922896224 0.00025680428578398406
0.0012067926406393288 0.2518852627487286 0.00030213548557289464
0.0014563484775012444 0.29546867371991964 0.00034520728308084695
0.0017575106248547913 0.3457258012603957 0.000376351855387545
0.0021209508879201904 0.3990716584774931 0.00044107561955613895
0.002559547922699536 0.4595089461499856 0.000478697912930298
0.0030888435964774815 0.5233316804796316 0.0005246155048287016
0.003727593720314938 0.5906528085075987 0.0005560208010376654
0.004498432668969444 0.6596467416124527 0.0005687999704647479
0.005428675439323859 0.7258156604332451 0.0005847008459500034
0.006551285568595509 0.7901098564928336 0.0005537392664871596
0.0079060432109077 0.8467508675289737 0.0005173586033709976
0.009540954763499945 0.8939683533732014 0.00047058693666797506
0.01151395399326447 0.9328248191225662 0.0003790739917555229
0.013894954943731374 0.959889307063458 0.00029960623558986945
0.016768329368110076 0.9784785697142928 0.00021073398620598803
0.020235896477251564 0.9895126595819161 0.00013477227099578117
0.02442053094548651 0.9954205727092461 7.61140153029937e-05
0.029470517025518096 0.9981332598741708 3.853334500523659e-05
0.03556480306223128 0.9993298242840989 1.6360641764135462e-05
0.04291934260128776 0.9998068711409229 5.491903789448741e-06
0.0517947467923121 0.9999470690869497 1.56331099957622e-06
0.0625055192527397 0.9999893570566841 3.27678451319177e-07
0.07543120063354615 0.9999984203690092 4.975665596880083e-08
0.09102981779915217 0.9999998378593684 5.15474532511745e-09
0.10985411419875583 0.999999989508174 3.348187663030653e-10
0.13257113655901082 0.9999999996041559 1.2484034181562079e-11
0.15998587196060574 0.9999999999929585 2.290598930369129e-13
0.19306977288832497 0.9999999999999422 1.8848729923335125e-15
0.2329951810515372 0.9999999999999998 5.66546711562944e-18
0.2811768697974228 1.0 0.0
0.3393221771895326 1.0 0.0
0.4094915062380423 1.0 0.0
0.49417133613238334 1.0 0.0
0.5963623316594643 1.0 0.0
0.7196856730011514 1.0 0.0
0.868511373751352 1.0 0.0
1.0481131341546852 1.0 0.0
1.2648552168552958 1.0 0.0
1.5264179671752318 1.0 0.0
1.8420699693267144 1.0 0.0
2.2229964825261934 1.0 0.0
2.6826957952797246 1.0 0.0
3.2374575428176433 1.0 0.0
3.906939937054613 1.0 0.0
4.714866363457389 1.0 0.0
5.689866029018293 1.0 0.0
6.866488450042998 1.0 0.0
8.286427728546842 1.0 0.0
10.0 1.0 0.0
