0.001 0.26255569760184244 0.0016671248157789842
0.0012067926406393288 0.3257236069081706 0.0019106781770399928
0.0014563484775012444 0.40059836906975577 0.002180338967088914
0.0017575106248547913 0.4726426618140234 0.0023637901120107598
0.0021209508879201904 0.5548884556229943 0.002484506466753736
0.002559547922699536 0.63281529746553 0.0025566189035904374
0.0030888435964774815 0.7037891674010737 0.002531177489260408
0.003727593720314938 0.7655703686821296 0.002506071003690179
0.004498432668969444 0.8260595757962838 0.002281709739751871
0.005428675439323859 0.8624241200028416 0.002194860415397654
0.006551285568595509 0.8985470203263106 0.001956881296250441
0.0079060432109077 0.923868732912672 0.001813164148184519
0.009540954763499945 0.9395899724441231 0.0016943954117874247
0.01151395399326447 0.9537522634872361 0.0015833587961172377
0.013894954943731374 0.961179772432095 0.0015195821315498014
0.016768329368110076 0.9701338502622046 0.001399335888731274
0.020235896477251564 0.9740909475069935 0.001360416901146159
0.02442053094548651 0.9777196975490632 0.001324727637446071
0.029470517025518096 0.9787301419359612 0.0013202776239625918
0.03556480306223128 0.9827350994495675 0.0012115887449521891
0.04291934260128776 0.9834528269952693 0.0012169747466558485
0.0517947467923121 0.9829761473039922 0.0012465723170853689
0.0625055192527397 0.9831243267638893 0.0012539176372810782
0.07543120063354615 0.9833072377487231 0.0012542394615549881
0.09102981779915217 0.9850526217057959 0.001193063347455085
0.10985411419875583 0.9838141374728754 0.0012495048443406764
0.13257113655901082 0.9851321164331887 0.0012041190442865588
0.15998587196060574 0.9847514928460183 0.0012214593233001146
0.19306977288832497 0.9828868429062649 0.0012948539532603668
0.2329951810515372 0.9848322733265606 0.0012149777769209667
0.2811768697974228 0.9855458191384049 0.0011921432296461965
0.3393221771895326 0.9878507761725998 0.0010938700922023038
0.4094915062380423 0.9850348635471168 0.001213014433331542
0.49417133613238334 0.9852983819505409 0.0012034896090150089
0.5963623316594643 0.9833353847346101 0.00127848142907526
0.7196856730011514 0.9839941402817982 0.0012547566288101158
0.868511373751352 0.987758028820271 0.0010980838070249106
1.0481131341546852 0.9864998208501911 0.001154025360294547
1.2648552168552958 0.9848999994924234 0.001219507686924227
1.5264179671752318 0.9811999911713345 0.001358181124456542
1.8420699693267144 0.9840999999999002 0.0012508872850899408
2.2229964825261934 0.985299999984774 0.0012034911715319045
2.6826957952797246 0.9853999999952393 0.0011994515413246587
3.2374575428176433 0.9847999993249872 0.0012234770116142015
3.906939937054613 0.9861 0.0011707600095664356
4.714866363457389 0.9859999999982112 0.0011749042514158296
5.689866029018293 0.984 0.0012547509713086498
6.866488450042998 0.9863999999999996 0.0011582331371533105
8.286427728546842 0.9865 0.0011540255629751016
10.0 0.9854 0.0011994515413304536
