0.001 0.3185772617359053 0.001367965198003907
0.0012067926406393288 0.368426675883244 0.0015085604216279512
0.0014563484775012444 0.42253276495181546 0.0016700931506939073
0.0017575106248547913 0.48021981548520287 0.001776236995833356
0.0021209508879201904 0.5361127441419111 0.0018867559164254873
0.002559547922699536 0.5983879991106678 0.0019805286463152475
0.0030888435964774815 0.6585848575628579 0.0020354312276246746
0.003727593720314938 0.7136467048393903 0.002066701248502049
0.004498432668969444 0.7652983595004109 0.002011543819056567
0.005428675439323859 0.8148914568751272 0.0019567556729059026
0.006551285568595509 0.850270772342929 0.0019276847448418725
0.0079060432109077 0.8842224648632997 0.0017915889891981247
0.009540954763499945 0.9113390361436208 0.0016823509358311248
0.01151395399326447 0.9353874616038443 0.0015023508970846314
0.013894954943731374 0.9458579409878377 0.0015112912209263663
0.016768329368110076 0.9594128071514477 0.0013787080198897502
0.020235896477251564 0.9672072231798129 0.001349800435584096
0.02442053094548651 0.9706347865066054 0.001354508233280679
0.029470517025518096 0.9762424306781017 0.0012770242222929647
0.03556480306223128 0.9796460714799163 0.0012377079834891111
0.04291934260128776 0.9823343543525956 0.0011935827416051515
0.0517947467923121 0.9819183397135505 0.0012449544815436486
0.0625055192527397 0.983279510125613 0.001219286123694695
0.07543120063354615 0.9824089306024887 0.0012746068107531445
0.09102981779915217 0.9828825115281788 0.0012606079398370575
0.10985411419875583 0.9838836065369622 0.0012347108794643425
0.13257113655901082 0.984556164591346 0.0012158081209069419
0.15998587196060574 0.9860603677432069 0.0011589913961451645
0.19306977288832497 0.9841097820321797 0.0012414329848003031
0.2329951810515372 0.9838691167891515 0.0012556315225628668
0.2811768697974228 0.9864769592853574 0.00114693232595047
0.3393221771895326 0.9850171449554744 0.0012116903824010061
0.4094915062380423 0.9858013205614807 0.0011804434122506388
0.49417133613238334 0.9858469401577651 0.0011791970962814105
0.5963623316594643 0.9857913120713898 0.0011831446371039992
0.7196856730011514 0.9831945574894851 0.001285210074265056
0.868511373751352 0.9855991549687857 0.001191327758133738
1.0481131341546852 0.9837990318517604 0.001262439338405357
1.2648552168552958 0.9864693330074213 0.0011541998192309893
1.5264179671752318 0.9819993721606163 0.0013295104756471307
1.8420699693267144 0.9849952074656767 0.0012155274819837805
2.2229964825261934 0.9841999999645972 0.0012470108258905085
2.6826957952797246 0.9837995395735964 0.0012624399856238655
3.2374575428176433 0.986399999999483 0.0011582331371527042
3.906939937054613 0.9851999970956511 0.001207516455958805
4.714866363457389 0.9856999999854009 0.001187245130526231
5.689866029018293 0.985 0.001215524578114322
6.866488450042998 0.9839999999999894 0.0012547509713086366
8.286427728546842 0.9873999999007532 0.001115403066048282
10.0 0.9838999996935143 0.0012586020018310645
