0.001 0.3207732121168025 0.0013700811352885347
0.0012067926406393288 0.3683180222112147 0.0015093387009370684
0.0014563484775012444 0.4226775085228549 0.0016846920951288568
0.0017575106248547913 0.47516600914859675 0.0018075257495460508
0.0021209508879201904 0.5368678460265989 0.0018998680460523567
0.002559547922699536 0.5965874204012667 0.0019980108895170136
0.0030888435964774815 0.6545646591887158 0.0020385561126803676
0.003727593720314938 0.7104305683665391 0.0020981327699233377
0.004498432668969444 0.7686730013936875 0.001996148197018512
0.005428675439323859 0.8099710623396424 0.0020015463470217766
0.006551285568595509 0.852482154811894 0.001862024134770393
0.0079060432109077 0.8859247908383276 0.0017684936433101553
0.009540954763499945 0.9098158547883138 0.0016920122276027224
0.01151395399326447 0.9316973794102272 0.0015912983700153624
0.013894954943731374 0.9442019362086452 0.0015385415412026012
0.016768329368110076 0.9583562793783064 0.0014199697605317713
0.020235896477251564 0.9655286221560573 0.0013773336342886072
0.02442053094548651 0.9716885646116714 0.0013402485904871779
0.029470517025518096 0.9747551856297479 0.0013262250886729126
0.03556480306223128 0.9797918909613336 0.0012242666804081113
0.04291934260128776 0.9815115842534097 0.001224918215304901
0.0517947467923121 0.9815039324432344 0.0012519992042594075
0.0625055192527397 0.9820854217102629 0.0012580543034836505
0.07543120063354615 0.9825329433448046 0.0012561682768624368
0.09102981779915217 0.9845445736011043 0.001195910364750203
0.10985411419875583 0.9834435338749423 0.001251516025244966
0.13257113655901082 0.9848310988062676 0.0012056048373374454
0.15998587196060574 0.9846306122176663 0.001221950416693232
0.19306977288832497 0.9827798106762743 0.0012947300115815905
0.2329951810515372 0.9847522743651796 0.0012148210342521073
0.2811768697974228 0.9854985989256358 0.0011922616237820321
0.3393221771895326 0.9877903236914426 0.0010941672265002177
0.4094915062380423 0.9850174306596952 0.0012128545680241778
0.49417133613238334 0.9852852494500801 0.0012034962484334564
0.5963623316594643 0.9833195975628088 0.0012787186658364225
0.7196856730011514 0.983981451413982 0.0012548133440201394
0.868511373751352 0.9877250625033843 0.001098472160347208
1.0481131341546852 0.9864957394311503 0.0011540231950727202
1.2648552168552958 0.9848997963404127 0.0012195074423201407
1.5264179671752318 0.9811990198258617 0.0013581798884359161
1.8420699693267144 0.9840999974199273 0.0012508872818118729
2.2229964825261934 0.9852999773093104 0.0012034911440459094
2.6826957952797246 0.9853999873948253 0.0011994515260532925
3.2374575428176433 0.9847998496984143 0.0012234768349273651
3.906939937054613 0.9860999999068845 0.0011707600094558843
4.714866363457389 0.9859999922780298 0.0011749042422419399
5.689866029018293 0.9839999999994643 0.0012547509713079666
6.866488450042998 0.9863999998974113 0.0011582331370328556
8.286427728546842 0.9865 0.0011540255629751016
10.0 0.9854 0.0011994515413304536
