0.001 0.042898090096091544 6.216192218737375e-05
0.0012067926406393288 0.05972469854936443 8.316979606640029e-05
0.0014563484775012444 0.08250522958056197 0.00011243721942085389
0.0017575106248547913 0.11260846383568089 0.00015285587434751434
0.0021209508879201904 0.15193586911961368 0.00019672234897144007
0.002559547922699536 0.20252683049958628 0.00023625564749860537
0.0030888435964774815 0.2645248050731921 0.00029105278435874677
0.003727593720314938 0.33954486064012407 0.0003415462590535242
0.004498432668969444 0.4253352288874178 0.0003780332353889049
0.005428675439323859 0.5209561776941704 0.000405321263562489
0.006551285568595509 0.6196115788375216 0.0004106475356068241
0.0079060432109077 0.7175468074581424 0.00038032218470982176
0.009540954763499945 0.8052999987972286 0.00032587326645507254
0.01151395399326447 0.8778045259530151 0.0002522367221512784
0.013894954943731374 0.931416569794427 0.00017320404394034335
0.016768329368110076 0.9663895314821961 0.00010241433434152808
0.020235896477251564 0.9859268203510286 5.165344644631031e-05
0.02442053094548651 0.9951500146624036 2.1336019313138186e-05
0.029470517025518096 0.9986474190708843 7.000665024265848e-06
0.03556480306223128 0.9997120578549582 1.7472485373692134e-06
0.04291934260128776 0.9999549155722282 3.19086191969228e-07
0.0517947467923121 0.9999952059168232 3.939541228109016e-08
0.0625055192527397 0.9999996718561515 3.086984815704292e-09
0.07543120063354615 0.9999999867801361 1.406330826116177e-10
0.09102981779915217 0.9999999997110827 3.368521961005935e-12
0.10985411419875583 0.9999999999972468 3.575878127427493e-14
0.13257113655901082 0.9999999999999895 1.4890728403234834e-16
0.15998587196060574 1.0 1.5777671545694109e-18
0.19306977288832497 1.0 1.70483412614649e-18
0.2329951810515372 1.0 1.8381484882007618e-18
0.2811768697974228 1.0 1.4782234971282937e-18
0.3393221771895326 1.0 0.0
0.4094915062380423 1.0 0.0
0.49417133613238334 1.0 0.0
0.5963623316594643 1.0 0.0
0.7196856730011514 1.0 0.0
0.868511373751352 1.0 0.0
1.0481131341546852 1.0 0.0
1.2648552168552958 1.0 0.0
1.5264179671752318 1.0 0.0
1.8420699693267144 1.0 0.0
2.2229964825261934 1.0 0.0
2.6826957952797246 1.0 0.0
3.2374575428176433 1.0 0.0
3.906939937054613 1.0 0.0
4.714866363457389 1.0 0.0
5.689866029018293 1.0 0.0
6.866488450042998 1.0 0.0
8.286427728546842 1.0 0.0
10.0 1.0 0.0
