0.001 0.049571367826763094 6.607661558754132e-05
0.0012067926406393288 0.0687453127932413 8.984538937343507e-05
0.0014563484775012444 0.09442495192006606 0.00011756548744329637
0.0017575106248547913 0.12857470549127656 0.0001554475538382726
0.0021209508879201904 0.17220834317340536 0.00019367324373584496
0.002559547922699536 0.22746032662470902 0.0002422392294363801
0.0030888435964774815 0.29544320870767077 0.00029269204071691193
0.003727593720314938 0.37480505737109926 0.00033179383967929223
0.004498432668969444 0.46608467099658785 0.000366865009815301
0.005428675439323859 0.5632053359889331 0.0003848586322139304
0.006551285568595509 0.6632249635889385 0.00037288630140210847
0.0079060432109077 0.7576586034811533 0.0003414807754395332
0.009540954763499945 0.8390602290145356 0.00027942741221090214
0.01151395399326447 0.9039638040013867 0.00020330508125229293
0.013894954943731374 0.9489659602296728 0.00013022644026148208
0.016768329368110076 0.9765102447278634 7.24031604594027e-05
0.020235896477251564 0.9909834228082914 3.363748910277283e-05
0.02442053094548651 0.9971596034059028 1.2500412853486712e-05
0.029470517025518096 0.9992978331650338 3.666490692971041e-06
0.03556480306223128 0.9998702992747267 7.92550839487939e-07
0.04291934260128776 0.9999828463040025 1.2270419674231075e-07
0.0517947467923121 0.9999984972674872 1.2491142526943823e-08
0.0625055192527397 0.9999999190740165 7.70643442936112e-10
0.07543120063354615 0.9999999975840325 2.6196243561706614e-11
0.09102981779915217 0.9999999999631369 4.412010115139198e-13
0.10985411419875583 0.9999999999997613 3.1135703153331815e-15
0.13257113655901082 0.9999999999999994 7.602555652503442e-18
0.15998587196060574 1.0 1.3168199866682373e-18
0.19306977288832497 1.0 1.3914598392522225e-18
0.2329951810515372 1.0 1.6965719047317644e-18
0.2811768697974228 1.0 1.1599572757078547e-18
0.3393221771895326 1.0 0.0
0.4094915062380423 1.0 0.0
0.49417133613238334 1.0 0.0
0.5963623316594643 1.0 0.0
0.7196856730011514 1.0 0.0
0.868511373751352 1.0 0.0
1.0481131341546852 1.0 0.0
1.2648552168552958 1.0 0.0
1.5264179671752318 1.0 0.0
1.8420699693267144 1.0 0.0
2.2229964825261934 1.0 0.0
2.6826957952797246 1.0 0.0
3.2374575428176433 1.0 0.0
3.906939937054613 1.0 0.0
4.714866363457389 1.0 0.0
5.689866029018293 1.0 0.0
6.866488450042998 1.0 0.0
8.286427728546842 1.0 0.0
10.0 1.0 0.0
