0.001 0.0016076518265938802 4.135833123854877e-06
0.0012067926406393288 0.0027153623397954425 7.5726869180904925e-06
0.0014563484775012444 0.00457141919295473 1.1394838992638336e-05
0.0017575106248547913 0.007595320647627652 1.8634182343032693e-05
0.0021209508879201904 0.012449295083325424 2.8965010380770982e-05
0.002559547922699536 0.020188046167124284 4.5234602574725666e-05
0.0030888435964774815 0.032506189985660856 7.209324548820144e-05
0.003727593720314938 0.050930339493007196 0.00011006984043539225
0.004498432668969444 0.07807057413328075 0.00015283617329652375
0.005428675439323859 0.11761681685470157 0.00022039687664193004
0.006551285568595509 0.17225877536050174 0.0002924971684112858
0.0079060432109077 0.2425128042888598 0.00036311726782154883
0.009540954763499945 0.33200858877541084 0.000440854649095911
0.01151395399326447 0.43621428690671143 0.0004896134781012632
0.013894954943731374 0.5512315085953169 0.0005176773281548989
0.016768329368110076 0.6653416175336598 0.0004926286530323951
0.020235896477251564 0.7706076602959807 0.0004203118041680933
0.02442053094548651 0.8564840151625933 0.0003174022977155205
0.029470517025518096 0.920531104784377 0.00021548592010135872
0.03556480306223128 0.9612139635402557 0.00012529129410699324
0.04291934260128776 0.98382224364421 6.310955679452128e-05
0.0517947467923121 0.9944105748299964 2.5786582146047744e-05
0.0625055192527397 0.9984312232154895 8.5642185128931e-06
0.07543120063354615 0.9996566643428443 2.169631783466031e-06
0.09102981779915217 0.999944310575417 4.0761524210377233e-07
0.10985411419875583 0.9999938144858675 5.254539602947894e-08
0.13257113655901082 0.999999549968143 4.36656202984995e-09
0.15998587196060574 0.9999999806940268 2.1123591809975749e-10
0.19306977288832497 0.9999999995438302 5.492462144212466e-12
0.2329951810515372 0.999999999995068 6.472172622752232e-14
0.2811768697974228 0.9999999999999784 3.0293833379845697e-16
0.3393221771895326 1.0 0.0
0.4094915062380423 1.0 0.0
0.49417133613238334 1.0 0.0
0.5963623316594643 1.0 0.0
0.7196856730011514 1.0 0.0
0.868511373751352 1.0 0.0
1.0481131341546852 1.0 0.0
1.2648552168552958 1.0 0.0
1.5264179671752318 1.0 0.0
1.8420699693267144 1.0 0.0
2.2229964825261934 1.0 0.0
2.6826957952797246 1.0 0.0
3.2374575428176433 1.0 0.0
3.906939937054613 1.0 0.0
4.714866363457389 1.0 0.0
5.689866029018293 1.0 0.0
6.866488450042998 1.0 0.0
8.286427728546842 1.0 0.0
10.0 1.0 0.0
