0.04282763997663941 0.0029558831752053215 0.033967087869568736 0.00016212852121270883
0.04495647163561792 0.002717125225002321 0.03699013933785322 0.0001711942824183749
0.04711008951765645 0.0025094885343820515 0.0401031145846115 0.00018128499448395797
0.04940832559635629 0.002329058206880193 0.04329176031138579 0.00019483390876236624
0.051827172967495644 0.0021339876323425966 0.04733682360436508 0.000204076919328797
0.054319694396654364 0.001989874004936474 0.050923376160990526 0.0002209346368177138
0.056975280228230306 0.0018402185129472684 0.055257588980286536 0.00023555819910413034
0.05981650761261079 0.0017072321078813587 0.05984973376727724 0.00025351932206474625
0.06262759929886184 0.0015752906955878337 0.06514952436980741 0.0002652480224637325
0.06573609706552301 0.0014725102080056388 0.07024835734749074 0.0002880766031247258
0.06898920493495736 0.00135430231791145 0.07688888030205301 0.00030003044770140477
0.07228779728478527 0.00128908132058482 0.08190080916657783 0.0003326584174405419
0.07584084388842585 0.0011976861737848434 0.08916156615731288 0.00034978857430160174
0.07952655137227892 0.0011316113505196908 0.09600373816596756 0.0003769992989557601
0.08351622818376138 0.0010667897260568167 0.10390156001123421 0.0004031657114883707
0.08756680804962842 0.0010081269986884555 0.1123587773145716 0.0004267954395527798
0.0919560792244711 0.000982842672681365 0.11977430838116054 0.00047387618408709293
0.09642689039078897 0.0009391892036401175 0.12936563555741307 0.0005012097192391908
0.10113646250433966 0.0009178182713851234 0.1384714701916168 0.0005426595491923499
0.10614392846990292 0.0008992469562809572 0.14858326347162973 0.0005836403650940425
0.11140928178386865 0.0008786137905485451 0.16002426248477813 0.0006193423107679985
0.11691105278061924 0.0008778586702861881 0.17101562186454894 0.0006684911994520966
0.12273128817895725 0.0008676220210421077 0.1839828353947226 0.0007067265527843572
0.12869623644866013 0.0008872861665414834 0.1953744284511681 0.000767466870561445
0.13522957195024538 0.0008999775826556877 0.20904469678174545 0.0008212762548571649
0.14177793922134602 0.0008912701321611775 0.22479860429702417 0.0008524083160942098
0.14888310037724678 0.000939613094784638 0.23757216830373915 0.0009335613531886331
0.15625047473247275 0.0009196642162035405 0.256635778881718 0.0009516495499987639
0.16415799707746706 0.0009569926770867174 0.2725406120408489 0.0010208201701222455
0.17237207559223844 0.0009755302754234132 0.2907855712307738 0.00107022740807476
0.18078474461949867 0.0010215984984793642 0.30721451536225414 0.00114421333275171
0.18978733350346122 0.0010777081898356595 0.32413770427772176 0.0012269002717734195
0.19923492616423494 0.0011091450510089297 0.34401448097639825 0.0012846273548371583
0.2089980158268485 0.0011598341367267636 0.3627361304756639 0.0013597874942728708
0.21937211434106518 0.0012282785678240343 0.38112231039137034 0.0014501915270424815
0.23045678647813717 0.0013014069729960676 0.4003241623454463 0.0015437248801755653
0.24206073130160885 0.0013507122980102758 0.42216046762180404 0.0016135742265812232
0.25365053688289096 0.0013673358968819323 0.44607073480337 0.0016497359257812083
0.2660430195611815 0.0014739349592681778 0.46368115646827573 0.0017686414060320618
0.2792442736306842 0.0014740881355440121 0.49099758089668666 0.0017844724385995916
0.29327749997249153 0.0015760021636731514 0.5108504197505492 0.0018941867828464346
0.3073629582991042 0.001654096347965502 0.5317709874212165 0.0019783008887649806
0.32232679329598446 0.0017728119819060437 0.5501910643675405 0.002095280686934549
0.3377490757147986 0.0018613277028432448 0.570863505326746 0.0021803907512228794
0.3544632083082444 0.0019366955129823072 0.5937480714637703 0.002249082937160003
0.3711740777584924 0.0020296129735043983 0.6139758268814939 0.0023299728426221023
0.3884353935890557 0.0020709124367370006 0.6378950987540822 0.00236008271371676
0.40679969510061403 0.002162543402983732 0.6583197152265597 0.0024294748018416556
0.4261006431113757 0.0023140833563539765 0.6743258389649631 0.0025434555902971523
0.4450909302041769 0.002384756044922726 0.6945138317916113 0.0025853658790098177
0.4652626289673185 0.0024917716380992586 0.7122713855402685 0.0026506302424132958
0.48565452299268375 0.0025979908835073893 0.7289936001848222 0.0027101322413093905
0.5073186563938674 0.002652151053396611 0.7493558657063795 0.00272098180543035
0.5293870192714493 0.002809878920026293 0.7617037382416239 0.002808693886070611
0.5513859364544604 0.002930462748572701 0.7751717806275443 0.0028624569034069835
0.5734940424794355 0.0030166560764653873 0.7897414677555287 0.002884710375248496
0.5965879900739229 0.0031906379035723732 0.7984117344583685 0.002965306243306772
0.6193214502854304 0.0031982623600306515 0.8158114522246207 0.0029242054773412655
0.6430150772205966 0.003374704848764271 0.8226527011213326 0.002994470408315005
0.6657974251222628 0.0035027007809596013 0.8307133475770996 0.0030294034791702165
0.6892560325399888 0.003607653004957479 0.8395890744587854 0.0030435687120577253
0.7113534961213335 0.003703754051068004 0.847228617568206 0.0030519534175413427
0.7340827302226022 0.0038077554783297702 0.8540024173129869 0.0030602631796441153
0.7555979475703015 0.003978914312500191 0.8558912301443529 0.0031120865150323137
0.7769027258997082 0.0040118464534054914 0.8642751576198833 0.0030735440865024637
0.797470637436605 0.004072859602764355 0.8701662838059787 0.0030564157997289977
0.8174218226377323 0.004113942198775902 0.8761636065444707 0.0030292488208440308
0.835448166509619 0.0042879665833450015 0.8747058141800731 0.0030756788844585868
0.853099992024665 0.004284881115362699 0.8810875916847526 0.003024435890011241
0.8697420310013348 0.00446902201147957 0.8781775443382217 0.0030790655181061376
0.884459782887058 0.004452963460286218 0.883537393410219 0.0030257833122054093
0.8978551610866607 0.004580312775331599 0.8818848486629035 0.003050252055594069
0.9105836523556236 0.004540917764756193 0.8871958033843721 0.0029890466002847264
0.9216535936248302 0.004631802796248057 0.8862485190763737 0.0030011436966082346
0.9316600421552909 0.004559073875732052 0.8918654446875356 0.0029275376097305417
0.9396766004236404 0.0047161952093456826 0.8872442750528797 0.002977021722968423
0.9470620041083047 0.00471471871316151 0.8890770987968469 0.002943116180589165
0.9526095042287162 0.004784506747588375 0.8874833361496456 0.002946361806695053
0.9592269099120726 0.004624222354360304 0.8955116023046532 0.0028468392937333496
0.9626816506398461 0.004686576779411909 0.8937410954869276 0.0028498163469958303
0.9654839977819003 0.00466288747294653 0.8952969049497764 0.0028074427277275313
0.9683653492320904 0.004629967107512122 0.8972151408235477 0.0027732274683608315
0.9705262987694995 0.004551818734099109 0.9007453893550246 0.002712056831682863
0.9704770514603711 0.004652668487565755 0.8967878353491735 0.0027385340698644
0.9718663675038786 0.004495072692554583 0.9032760743061754 0.002636945784215554
0.9717086107481363 0.0045477500721387955 0.9012376682981036 0.002648090439595498
0.9709283980258554 0.0044841902446053974 0.903625713551063 0.002586676444622415
0.9712951082504893 0.004407557904281309 0.9067023538259095 0.0025345772111540067
0.9699976972307709 0.004372460769350459 0.9078929905844583 0.0024915140854054703
0.9697838213592737 0.004270160754791957 0.9118143982820637 0.0024213137949376075
0.9665791591244705 0.00432751843760963 0.9092067732512218 0.002420423060736076
0.9669302322474698 0.004200169728799841 0.9141633528252927 0.0023436405714995275
0.9650533198492616 0.004141481009208926 0.9161726013316933 0.0022854004873554727
0.9642732891155474 0.004115839877800304 0.9171072612091488 0.002266162027520652
0.9629144902440472 0.004020429869339205 0.9205458080757313 0.002190800266282722
0.9616022738470912 0.0039643278914283575 0.9225309842232285 0.002144979135726539
0.9587050602465333 0.003979240099421754 0.9217355661621576 0.0021331699859935506
0.9580551991658943 0.0038443326346802743 0.9266670715244018 0.0020381742530577733
0.9566485566623033 0.003760468584781541 0.9296172539945715 0.001971886702835087
0.9582598621548698 0.003607116292462072 0.9352280552934921 0.0018899397876959451
