0.037782624354790496 0.0037148357511680467 0.026982448611086136 0.00014471004898932357
0.03960235398866103 0.0034089884539970313 0.029418775867617285 0.00015082969635299775
0.041550533905767816 0.0031317352896800504 0.032045978351159375 0.0001583856167455395
0.04354269838490318 0.0028859766696511207 0.034805616062919834 0.00016671251391868879
0.04563919892024145 0.002658860858445401 0.03782095454078434 0.00017581187814458269
0.0479564013392681 0.0024423952993921074 0.041235087148382726 0.0001866136505695964
0.050189526163135746 0.0022667112961232473 0.04451428481785231 0.00019860938507274494
0.05269043412646733 0.002081664617309855 0.048579640112152364 0.000209866485914017
0.055249099461646606 0.0019338074995565286 0.05246388806277831 0.0002257578605712424
0.05787926207121578 0.0017961564907383676 0.056703619488676214 0.00024136998882287518
0.06076780664189942 0.0016611542740655543 0.06161091557699636 0.0002577992094110425
0.06370591989506577 0.0015368963035255723 0.06695681796752642 0.00027269429253869924
0.06678827949644127 0.0014395358464808934 0.0720797562075139 0.00029524873837620264
0.07001931103926821 0.0013447784348424102 0.0778971948525837 0.0003161615281602949
0.0735753933563845 0.0012566433257739807 0.0844238738541492 0.0003400373520763269
0.07720099232685577 0.0011616378594153107 0.0923060058201949 0.0003528838447279028
0.08090084108454793 0.001115255766618513 0.09831194557824292 0.00039045098802514236
0.08481232498392716 0.0010534525940591318 0.10621100293384679 0.00041505665769544755
0.08904165975186684 0.0010144134301510802 0.11382911002431809 0.0004537766659890034
0.09345163666540465 0.0009599558240971982 0.12357147920226598 0.0004765082206869155
0.09812560619085466 0.0009401050995507678 0.13203581644203777 0.000522777372507974
0.10284446454208052 0.0009027482605810433 0.1425866069024898 0.0005491835684376476
0.10790122076348084 0.0008867393757019754 0.1528794930623923 0.000590229474769253
0.11333091076913723 0.0008778387699817699 0.1639734062724476 0.0006352296830545817
0.1188628509765933 0.0008773727829163858 0.1752047210402532 0.0006829952316065413
0.12467624436023089 0.0008637499207628075 0.1886229385592498 0.0007161358978593071
0.13082676775901275 0.0008628976454690591 0.20217633165399443 0.000758761575740383
0.1372116546877551 0.0008877355643909014 0.21470723575082967 0.0008208100291110463
0.14417985489284155 0.0008962293871554103 0.23015175059327567 0.0008682331911470381
0.15139129865771228 0.0009325117746160911 0.24426394625691378 0.0009377369287428236
0.15887221497538664 0.0009586160912409199 0.25996090116105863 0.0009966760378920462
0.16698930050537814 0.000991148469854316 0.27679416770673254 0.0010609621464663548
0.17502958183723555 0.0009968066391622984 0.29564441254865714 0.0010974117469218893
0.18383509782278445 0.001054036723262913 0.3120989898966108 0.001181845620280312
0.19293099684956297 0.0011037894152523752 0.3297039055355073 0.001257931844123422
0.20263700756718633 0.0011388494158516601 0.3498084297616477 0.0013190897979814989
0.21242131887633764 0.0012037439361092667 0.3673013895629378 0.0014065612834063305
0.22292189249053693 0.0012529615409099261 0.38740187000236254 0.0014788066718979672
0.23415758157795388 0.0013109098431964743 0.40804908301326176 0.0015576577276108985
0.24588212372260967 0.0013938706855220078 0.4271837249508481 0.0016575634309269067
0.25820620708046343 0.0014360015915993495 0.4504198263121888 0.0017177687972992175
0.2707345437678532 0.00144455500986137 0.4761255478713286 0.0017430160492949852
0.28388892100348556 0.0015332770487379095 0.49578318787548925 0.001842147190548669
0.2977410218097401 0.0016407326575445856 0.5145246371216472 0.001954718635367712
0.3123399807945376 0.0016763615047792721 0.5395980384204664 0.001997969533570975
0.3272949821227524 0.0017601551106214473 0.5604355694483086 0.002082289055279172
0.34337555871854875 0.0018453380078411541 0.5821577898539734 0.0021632539025527534
0.3596229953998884 0.001961986553447873 0.6005327461415298 0.0022684614223125103
0.37677376804025037 0.001998750941193097 0.62544758182474 0.002297567320454369
0.39445824951775904 0.0021835822541359045 0.6385420710484269 0.002452376386409417
0.4129079460630737 0.002203738466561537 0.6641345627564327 0.002458183547065707
0.43218298890126094 0.0022828566173205356 0.6850026707671406 0.0025091539451376705
0.45195357270401404 0.00242129603243235 0.7008256562362687 0.0026052764150732936
0.4723123844289274 0.0025401952241365395 0.7174677853018787 0.002679021667575715
0.4932623086115178 0.002590330039052516 0.7382366869827254 0.002691410256617805
0.5145644906558262 0.0028161962267079723 0.745968890125528 0.0028371359311330207
0.53644599979592 0.002893457924820386 0.7632176577319649 0.002860374975969483
0.5585023609025879 0.0030064137973373835 0.7769263258504007 0.002905304479478134
0.5811163909035159 0.0031089700131366137 0.7905416681423998 0.0029379787975389055
0.6043487289690801 0.0031877333439149507 0.8048798144262994 0.002948482896400728
0.6271971915573927 0.0032983736690006043 0.815740695857362 0.002978136773091352
0.6508691081166561 0.003423745228133303 0.8252535735451915 0.003012046859035647
0.6740006651839626 0.003544805653539526 0.8336137004562061 0.003041028279853571
0.6966279510853335 0.0036797990846445527 0.8400237497477577 0.0030739345459367432
0.718975360698933 0.00377501388748458 0.8476173164434857 0.0030810704582471967
0.7413305536559064 0.003952333590035398 0.8500865846144762 0.0031345603106633286
0.7629045712033328 0.004014526832575781 0.8575800613353711 0.003118375788830063
0.7841575106748527 0.004074092889795303 0.8643428928738809 0.0030995570079693493
0.8042256326081667 0.004167492194429466 0.8682849038002527 0.0031016794815937193
0.8238433044852029 0.0042455202278325315 0.8723308264270802 0.003092337501595343
0.8417278329508989 0.004378832637901608 0.8726783448703925 0.003116594615591033
0.8591976644406082 0.00433909592170022 0.8806184900970043 0.003047520012192706
0.8747563713122807 0.004513066571027608 0.8777763410886721 0.0030967240340882447
0.8892047802243893 0.004607209906004855 0.8780673797229932 0.003101997149580088
0.9023043320686566 0.004724936143057898 0.8767553230517351 0.0031201503196036863
0.9148406735918313 0.004557805457260467 0.8875988161619054 0.002996297472120243
0.9258058952914217 0.00466727609789307 0.8858039225433049 0.003017951796055588
0.9347990969983722 0.004755709253849347 0.8843449902756391 0.003026920084051141
0.9426264347764637 0.004821082179353834 0.8835352511167824 0.003027343686240969
0.9497525389710904 0.004851374903716516 0.8839952225225707 0.00301714173554951
0.9564659345731128 0.004687367634045569 0.8923357340208524 0.0029081736079140984
0.9609815107018048 0.004713666547406065 0.8922599506718664 0.002893414954818025
0.964010212635182 0.004824164516231616 0.8884188464945353 0.002921144953039027
0.9678808131936937 0.004730871581191909 0.8930459815178423 0.002856855116755978
0.9705602533732562 0.004644950557231553 0.8970397694798925 0.0027923215510914923
0.971329000092371 0.004704318618917804 0.8948486998242231 0.0027969453508120195
0.9733070510154015 0.004578379898371088 0.9002375209729689 0.002717194879352253
0.9738883085310938 0.004625569278549727 0.8985224760293453 0.0027289925367023743
0.9731206762334236 0.004597303995490138 0.8995232224330554 0.0026856788853073387
0.9721637527222029 0.004570441593677773 0.9004423813204924 0.002645680594793891
0.972441660755182 0.004497626809379286 0.9033787533551937 0.002596805407397454
0.9717376522399662 0.004453075491077183 0.9050333172681316 0.002556367030472479
0.9703444844609406 0.004426089203868905 0.9058974707166264 0.002520874444623439
0.9695544024146866 0.0043025454372404804 0.910559078483167 0.002432393040980449
0.9684646647417842 0.004289900745160183 0.9109373050132701 0.0024140734442861765
0.966996195958543 0.0042427917968225785 0.9125730269928436 0.002369805263063207
0.9646473607369853 0.004219939302378882 0.91317303293005 0.002332330798092789
0.9613358464207028 0.004187195786764006 0.9140277568353802 0.002277626672075015
0.9614927311564065 0.004068682702595594 0.9185840501395953 0.0022062702998199377
0.9620136880008847 0.003882738490621835 0.9255316010086398 0.0020884686089455116
