0.035076445059186404 0.004268068937340386 0.023470518142065886 0.0001366358295250081
0.036769337810708125 0.003900326683016223 0.025692571452852586 0.0001412501373519748
0.03856984988258204 0.0035688534661242853 0.028091845955595215 0.00014681533664918169
0.040458769897589446 0.003281231851220683 0.03057343076053389 0.0001540431224057111
0.042381057782143745 0.003037226554389739 0.033057509832693496 0.00016298295062561226
0.04438904506825811 0.002813036382507307 0.03573022875263959 0.00017290180147382407
0.04657659132382945 0.00257403506188325 0.03909326607812919 0.00018104800724904853
0.048862359987687606 0.002394425655953894 0.042108823057191096 0.00019562904671861293
0.051251500896204914 0.0021828941389493046 0.046265513282184346 0.0002030303321286352
0.0537269608371823 0.0020303612145567947 0.04988680425664488 0.0002187890146560405
0.05634308431754126 0.0018696240903100963 0.05434174258670165 0.00023098594516012533
0.05906850255651086 0.001743903526935724 0.058534674547122266 0.0002498717889940764
0.06198340872651804 0.0016057526670204903 0.06387416876443298 0.00026331499397551947
0.06504653324911645 0.001496510938776677 0.06903594499324155 0.000283970823172413
0.06820716117957977 0.0013978569541687354 0.07455851953604163 0.00030513645397201234
0.07149310292039954 0.0013022168171892344 0.08080644725168404 0.00032371560914671617
0.0750222821483114 0.0012251128549026788 0.08711247244362307 0.0003499959977082683
0.07872583193873674 0.0011539111005028973 0.09405372806775694 0.00037619427416927886
0.08254752040901783 0.0010922689436232542 0.10136998316307029 0.0004035575543127523
0.0867185847021508 0.0010301737836804702 0.10997573406920592 0.0004288047898089771
0.09086624688167175 0.000981121681017602 0.11853309735295584 0.000455639665497151
0.09536355865415565 0.0009657898090242147 0.12598630354685486 0.0005065869507353807
0.1000001611151694 0.0009153998644104277 0.13692133276580434 0.0005255219276355163
0.10508758587996865 0.0008864042411721291 0.14782850061198935 0.0005596665347859762
0.11011893090588334 0.0008827740324314395 0.15741021440099215 0.0006084901365166144
0.11557308997855383 0.0008631723619615194 0.16965301727197743 0.0006418567734692745
0.12129004423543917 0.0008565676687748422 0.18199964701811172 0.0006833158371979672
0.1272885389728824 0.0008775825330345937 0.1933121330618073 0.0007461823431534382
0.1336371687455436 0.0008911056423428723 0.20638735396452776 0.0008006595207750598
0.14022623431945977 0.0008835198593992184 0.22211083213253632 0.000833090911730344
0.14722939271974986 0.000906256801367807 0.2366285811615514 0.0008918674462483684
0.15464069065497973 0.0009289884183867364 0.2524051490437048 0.0009484139801280353
0.16232835831838888 0.0009646509350664175 0.2678882331473949 0.0010155948457032241
0.17031482523341854 0.001001706380148927 0.2840516725534313 0.0010823442917485353
0.17880333213017674 0.0010372996095870406 0.3015257980721038 0.0011471691182179163
0.18776369360333606 0.0010572359223081822 0.32134665069144847 0.001196128856954778
0.19698795795218446 0.0011258325368179013 0.3376123762444963 0.0012894757255283579
0.2065742410110557 0.0011532411704231603 0.35797362860682014 0.0013418018972823902
0.21672362241072757 0.0011906331402837455 0.3784729281597011 0.0014030279634229732
0.22765097710003004 0.0012665270175613967 0.39722790846523315 0.0014995572410905472
0.2388788873008076 0.0013225670504050172 0.41777728975901557 0.0015757378786523763
0.25106809459382945 0.00140633904410555 0.4376562464067839 0.0016756974262509207
0.2631043676529284 0.0014369535684207308 0.46087310797987646 0.0017240740839801322
0.27620189937367756 0.0015107000770825088 0.48215559168059596 0.0018096227151265843
0.2897801147593852 0.001587842609480901 0.5032675099773528 0.0018964556456138248
0.3041586635355193 0.0016621002065028262 0.5252889982295854 0.0019780739366591234
0.3188270044329987 0.0017083999378115216 0.5492484698531707 0.0020282616894214756
0.33420345032619697 0.001806587026057398 0.5692486975948304 0.0021241927265070715
0.3498920237560164 0.0019095314791385066 0.5883584656305627 0.0022202712473693258
0.3668672259223036 0.001990352577044335 0.6103375734598608 0.0022904376086082417
0.3843778335271537 0.002079497532559303 0.631259740313133 0.0023636544636495144
0.4022646733452297 0.0021668233625217353 0.6515872677153935 0.0024313120176458285
0.42080606919869795 0.002311522109495992 0.6673294964567805 0.002541644980859579
0.44046801204602043 0.002285353579079367 0.6958565464737809 0.0025013990126844738
0.46041977162965286 0.002423436155110626 0.7112880774736711 0.002597385501518751
0.4806787856910776 0.002549800320228675 0.7267363318047776 0.0026747323608786416
0.5021034221213302 0.002686968983196535 0.741433195448378 0.002754606011654536
0.5236270072073375 0.002829966255012421 0.7545582855609919 0.002832508348036091
0.5458604301953572 0.0029010717451038743 0.7719084695288416 0.0028492957004918173
0.5681014554923814 0.002987906576774608 0.7868459686708674 0.0028738795850900465
0.5909723565905876 0.003176413450581934 0.7946897220612543 0.0029665790414006
0.61413877128554 0.0032038006228280293 0.8115912300176447 0.0029390078795321155
0.6371029673151164 0.0032592253030431155 0.825233981403313 0.0029297323676604776
0.6600346040122775 0.0034409791756045407 0.8304504932096963 0.0030041376561632856
0.6830463164549233 0.003631653234384488 0.8344217694187708 0.0030766743021258965
0.7059778623594055 0.0037711396635218726 0.8404380693382097 0.0031124551855107965
0.728423103525835 0.0038946928148814778 0.8463183394076951 0.0031333610104872863
0.7511065438880455 0.003959830733060708 0.8546591709515982 0.0031170031505568813
0.7722616465223715 0.004018001681559035 0.8617943928384 0.003099381319197055
0.7926160537793087 0.004151931005405705 0.8641487714085235 0.0031242517494475546
0.8126873233031097 0.004219203006310374 0.8692065290359742 0.0031101151473000594
0.8317932973196938 0.004347619260061783 0.870453195075988 0.003132091660486573
0.8497384308530347 0.004227658433538 0.8825305977968332 0.0030157262660595596
0.8654760893080355 0.004631252504773612 0.8692186646038421 0.0031878365310382623
0.881367089126479 0.004506847075934723 0.8801492703116118 0.0030779191597551194
0.895335737446963 0.004578299705746571 0.8811908920711438 0.0030767285590886538
0.9087961920713653 0.004481161862114572 0.8892565562928807 0.0029824776693086253
0.920060299990563 0.00463700216543339 0.8855813224525911 0.003028642153740141
0.9301639269395322 0.004740448736349901 0.8837938999159546 0.0030482892543906718
0.9386038316456302 0.004734653650621529 0.8861883680733786 0.00300888423297181
0.9461477856173858 0.004848437850723021 0.8832387521223786 0.0030364898389196597
0.9535696668818291 0.0047177237388173554 0.8904381659533063 0.002946394399441542
0.9588099639101504 0.004727969240016404 0.8911968769779433 0.0029217569320590404
0.9631323166496122 0.004697605155103209 0.8933753137021253 0.002880668793088081
0.9666051655281815 0.004726802170167316 0.8929319143188451 0.002871817680142111
0.9705930661623463 0.004644147031703856 0.8970655750343254 0.00281960009685502
0.9715915360014299 0.0047242603395561454 0.89408413467519 0.0028326442689387177
0.9728067770865982 0.004670088945322655 0.896500820295896 0.0027807932566461303
0.9725019610998905 0.004725120130888782 0.8942738695249053 0.00278236518652093
0.9742198438897515 0.004599588962041534 0.8996011960705773 0.0027078658923994207
0.9740609109261096 0.004561811461236857 0.9010820487860441 0.0026687415303613417
0.9744903953753189 0.004475759497647766 0.9045347633032023 0.002610492456991087
0.9735871401401431 0.004464808088273028 0.9048413429916754 0.0025856634544323383
0.9739161538669507 0.004353208218319963 0.9092122273654956 0.0025162462671807608
0.9717242789382263 0.004358655042406259 0.9086991848139206 0.00249124851499838
0.9691032027987525 0.00440528468837679 0.9065461392863056 0.0024906030767594925
0.9686184040131459 0.004332748635005399 0.9093178576753986 0.0024415060424524903
0.9662662785397804 0.004322373802420449 0.9094219198334775 0.002411558170081395
0.9663270243702913 0.004144073112159381 0.9162401611998705 0.002298406467348737
0.9654137343950757 0.004067886709157491 0.9190197763435354 0.0022423066506747744
