0.03931964154446741 0.003456222313249358 0.029014182155660886 0.0001499945048765438
0.0411986129927914 0.003191203342172599 0.031445870585233585 0.0001579746365028611
0.043211324762266516 0.002919354331560434 0.03440076728742337 0.00016472907280964022
0.04537017188134045 0.0026951274993475315 0.03730867608981991 0.00017568666947793884
0.04750109488630843 0.002490634547354744 0.04042678181076824 0.00018561887030739323
0.049851544272504274 0.0022997989329146176 0.04386543718991828 0.00019812192299836588
0.05222776161102456 0.002129294654334368 0.04748715790326155 0.00021092018042151957
0.054849333755149526 0.0019443814665216568 0.052129054221635315 0.00022038636723112904
0.05747807904285401 0.0018085477950785928 0.056257866976919375 0.00023679552573090126
0.06028751988161933 0.0016844217610175953 0.06071033165104396 0.0002557349536805738
0.06327508698823016 0.0015536671753539043 0.06617325868783165 0.00027037620621679333
0.06626353701948667 0.0014562162562288291 0.07114942493403405 0.0002918586292709755
0.06951805244529942 0.0013514433982950765 0.07731073167265118 0.0003094084374953472
0.07298720393706855 0.001265963693967878 0.08354010762570581 0.0003337809948051216
0.07658029033418225 0.0011932203048067582 0.0900104314417646 0.00036089307131828666
0.08031296517843681 0.0011229276403262084 0.09727786385001698 0.0003852014497493535
0.08421474521919373 0.0010646368416255454 0.10483126667290281 0.0004130657542226722
0.08840774482564177 0.0010151703563417522 0.11295728506502965 0.0004448888256464476
0.09282899645743162 0.0009698270803038236 0.12194672166008397 0.00047588125528785525
0.09716779928760587 0.0009451336322965239 0.13012946906965556 0.0005149646057076706
0.10200676045402224 0.0009205669792142527 0.13980297342225181 0.0005543322835767861
0.1070964150089931 0.0008833257488916979 0.1515956749922736 0.0005795943894906798
0.11223783332537605 0.0008702091085671152 0.16235567745477178 0.0006191691085673238
0.11802798353721541 0.0008738000162253966 0.1737262286639796 0.0006733353980423143
0.1238445938010725 0.0008637344313676688 0.18676982530725317 0.0007106422199210123
0.129970645627087 0.0008547839394570828 0.20089946016644838 0.0007457837011316115
0.1362237798281938 0.0008800117007318009 0.21300235289026195 0.0008086136930969346
0.14304980409335147 0.000902983047763303 0.22694924065962305 0.0008684909065965687
0.15020398745785463 0.000906893242617208 0.24342606838397546 0.0009095453902279998
0.1576313523514216 0.0009286110079928785 0.2593478980575299 0.0009644416706950264
0.16563356298274434 0.0009493262358971938 0.27687141996341197 0.0010173340734485785
0.17374826512474126 0.001018165937001162 0.29077907136523257 0.0011131240372618744
0.18212389387519443 0.0010599645214489043 0.3074076811786468 0.001182780410657859
0.1912713705233109 0.0010700780320479948 0.32844718182060795 0.00122226922061488
0.20087445766246523 0.0011366130600944466 0.3457679285748027 0.0013130448626440647
0.21080012424503067 0.0011806629264507762 0.36535526432097537 0.0013820914128162207
0.22132960789015071 0.0012075032453035877 0.3874473257373651 0.001433256614896155
0.23225637043259748 0.0012453804768400422 0.40913244704387 0.0014923774242365413
0.24392506800585886 0.0013426219268316694 0.42711308867100034 0.0016067868628524811
0.25604742633708816 0.00137912319058602 0.4504470722515082 0.0016614374036592
0.2685413509493264 0.0014676325516972135 0.4695909594487595 0.0017636747445667982
0.28179791200839155 0.0015480441196055073 0.49030026109399005 0.001854608036509716
0.2956673153574866 0.0015967867119618044 0.513956083429885 0.0019138269815321583
0.30997782360976794 0.0016978282206124803 0.5333585016614566 0.0020174073105852387
0.3251709555050554 0.001753446304174947 0.5570566764300892 0.0020766591420283724
0.3406064595745993 0.0018349047080534826 0.5780942978984469 0.0021548941437789897
0.3572346673818194 0.0018551868214899785 0.6048178561222297 0.002172937729061371
0.37392793503357485 0.00202334375194284 0.6189936966927475 0.0023213790906006313
0.3916839532389517 0.0021158622267050562 0.6395202179542439 0.0023956659775886797
0.4103230313225102 0.0021902823979480924 0.661398855284035 0.0024494049972718446
0.4290053115786979 0.002290272017296073 0.6800884779234385 0.002520213192430787
0.4487200903146972 0.002433348297699527 0.6957402193057911 0.002620428657254759
0.4690226357710281 0.0024805480214311975 0.7176919481233851 0.00263539179252852
0.4897771430449746 0.00258399627877658 0.7347407910095731 0.0026914484990113578
0.51093805032719 0.0027230540898546254 0.7484410106792415 0.002771234711778259
0.5327732545218701 0.0028187699464966116 0.7645272494510446 0.0028094596032461924
0.5552436398206088 0.0029249360449707866 0.7791627517679053 0.0028509870481437205
0.5772719987857293 0.0029795590270262824 0.7953343445136779 0.002851109060772485
0.6003411984023984 0.003127681993334231 0.8053358083551717 0.0029136978282361336
0.6239354080354643 0.0032600806220507025 0.81561701489564 0.002957466450215723
0.6470709679587078 0.0033562859967236733 0.8265772463838948 0.00297311171385067
0.6693955843798346 0.0035953048407933756 0.827757750660598 0.003082974169458752
0.6936342741518129 0.003566807315630244 0.8444619518445121 0.0030089759037796545
0.7153857422872745 0.003851363402131516 0.8414283987801234 0.003137467285875929
0.7381717712662742 0.0038856806051467637 0.8519922467156069 0.003100741860149304
0.7597676922521759 0.004061275971428931 0.8536461420802105 0.00315210154177826
0.780476797507723 0.00412480405387951 0.8601465167182423 0.003135549198516003
0.801299567638155 0.003998915167266151 0.8753081982935522 0.003008289186383139
0.8203840378954887 0.004312378162392535 0.8677652340936322 0.003136111429486337
0.8389615062442747 0.004250269002127601 0.8777253850017616 0.0030531358478978615
0.8563707645403698 0.004380388793785362 0.8777776095945048 0.0030746378153763965
0.8721582617466377 0.004492751325413402 0.8778750889268756 0.0030900765658730617
0.886938793740042 0.004545422702806742 0.8801515427515578 0.003075140430894514
0.9008420546988074 0.004559514416542215 0.8836458024788726 0.003041213761546238
0.9125785918914034 0.004621228707897971 0.884255385335536 0.003033358226999696
0.9237426340237126 0.004666770765333022 0.8852930125018431 0.003017420543669144
0.9331227649296421 0.004749956464093178 0.8841672751400053 0.0030259906210873422
0.9414917164810379 0.004695670896276927 0.8885398595126357 0.0029633893885830606
0.9490722950481656 0.004662492193337166 0.8916972562741332 0.002921335178721849
0.955090246113685 0.00474543314332279 0.88965298346911 0.0029362518930380016
0.9602204438374015 0.0046649902288900275 0.8940721243892286 0.0028700415164296623
0.9631251305550501 0.004815819465902537 0.8885696912561032 0.0029173280372743844
0.9668916665632084 0.004733565715257019 0.8927338009552297 0.0028546845845959625
0.9698731613424243 0.004611422676411982 0.898236139992547 0.0027730493904762773
0.9704593557290507 0.004704973980832593 0.8946523350218873 0.002793339183563494
0.972161069888823 0.004600151263813602 0.8991703225449874 0.0027217360223818605
0.9720283147191884 0.00467918138200661 0.8960496303961456 0.0027427241444581757
0.9735186544173032 0.004471768841747804 0.9044908519235682 0.00261829960858586
0.9737184937909226 0.004411324530286797 0.9068888350384353 0.002570347497807906
0.970623930448404 0.004585818149721846 0.8996167185497809 0.0026319775177943744
0.9702704358236856 0.004536007676245236 0.9015657552300618 0.0025928725436486725
0.9704482426222553 0.004356801932024735 0.9085854777625513 0.0024799259367882945
0.9672530161028056 0.004417132993837314 0.9058125480500927 0.0024811054249513327
0.9690330059697003 0.0042063422996060995 0.9141862463494843 0.0023675844379188204
0.9650466587832853 0.004327757757357586 0.9090616732583529 0.0024055446432181735
0.9661284511328558 0.004186741448964159 0.9146532497186439 0.0023306857884897976
0.9646354525629045 0.004024112462843955 0.920563229776623 0.002206476750573862
0.9630415629687137 0.004034231010593817 0.9200779249427217 0.0022043377771068244
0.9599241619821488 0.003986110964270817 0.9215531814689626 0.002141987826178471
0.9580515191144117 0.0039494634098805595 0.9227741912883654 0.0021055727169612052
