0.001 3.6417840146477297e-06 1.4086688863420719e-08
0.0012067926406393288 5.294303397580147e-06 2.0521932397274782e-08
0.0014563484775012444 7.712639043168651e-06 2.995827453556546e-08
0.0017575106248547913 1.1229769942757156e-05 4.346948550053256e-08
0.0021209508879201904 1.6397023771544248e-05 6.252818971047195e-08
0.002559547922699536 2.3853203908480592e-05 9.122229913727685e-08
0.0030888435964774815 3.4651705089712084e-05 1.3309965647541798e-07
0.003727593720314938 4.9958835355988814e-05 1.9907246504094802e-07
0.004498432668969444 7.280135935337497e-05 2.870281574372617e-07
0.005428675439323859 0.00010644607004510294 4.114373971807044e-07
0.006551285568595509 0.00015566797905609657 5.890206597123114e-07
0.0079060432109077 0.00022542876937064346 8.61496732695273e-07
0.009540954763499945 0.0003254426785402956 1.2691367715208477e-06
0.01151395399326447 0.0004737858011548145 1.8286992531584476e-06
0.013894954943731374 0.0006826020345241817 2.6868482531760493e-06
0.016768329368110076 0.0009914403785098397 3.852311490510488e-06
0.020235896477251564 0.0014354915266351143 5.560077310885698e-06
0.02442053094548651 0.002068074412656384 8.119681195087755e-06
0.029470517025518096 0.0029837446990615634 1.1648319194243937e-05
0.03556480306223128 0.004298787024431694 1.671893729458938e-05
0.04291934260128776 0.006179136250766247 2.3891599955597266e-05
0.0517947467923121 0.008902997168078622 3.365684365464484e-05
0.0625055192527397 0.012550922755245301 4.9453558439446184e-05
0.07543120063354615 0.018058131167735296 6.777985274273014e-05
0.09102981779915217 0.02537308122340689 9.785270407358762e-05
0.10985411419875583 0.035869521674366855 0.00013476505221712078
0.13257113655901082 0.049806355026080655 0.00019030642288646302
0.15998587196060574 0.06857731782489662 0.00026651826898273126
0.19306977288832497 0.09392106959407472 0.0003626403303212375
0.2329951810515372 0.1273908435493322 0.00048577793087485106
0.2811768697974228 0.16834753142110795 0.000664292337572545
0.3393221771895326 0.2241178900157313 0.0008351449644223022
0.4094915062380423 0.2866190686191324 0.0010942922972122383
0.49417133613238334 0.36025728469766355 0.0013858122866654207
0.5963623316594643 0.44147602517501994 0.0017158602659948902
0.7196856730011514 0.5295835672094725 0.0020343074207873884
0.868511373751352 0.6145161787078911 0.0023645842260865083
1.0481131341546852 0.6914017465516586 0.002679126010389905
1.2648552168552958 0.7618085767027207 0.0028646716405346245
1.5264179671752318 0.8098953714059649 0.0030482774208347298
1.8420699693267144 0.8437565962167064 0.0031370817090009663
2.2229964825261934 0.8674100608704804 0.00312412614586197
2.6826957952797246 0.8750812930712204 0.003141496504861284
3.2374575428176433 0.8783102224106558 0.0031172945489100854
3.906939937054613 0.8835148881619767 0.003021013843938878
4.714866363457389 0.8891691168001449 0.0028994730842361333
5.689866029018293 0.8932763213801772 0.002776908549171837
6.866488450042998 0.9002204792395385 0.0025979527457138636
8.286427728546842 0.9084235009879184 0.002400849484232051
10.0 0.9161108684920657 0.002210545629234431
