0.001 3.914105094643098e-06 1.5315125487141633e-08
0.0012067926406393288 5.67143923722683e-06 2.262652522958032e-08
0.0014563484775012444 8.34513507911618e-06 3.188318300676071e-08
0.0017575106248547913 1.219097341576146e-05 4.586125057659903e-08
0.0021209508879201904 1.7521318317761812e-05 6.908075934724899e-08
0.002559547922699536 2.585966441808029e-05 9.680064989644942e-08
0.0030888435964774815 3.747835562708363e-05 1.4208662717753868e-07
0.003727593720314938 5.394055098280538e-05 2.1306848776109675e-07
0.004498432668969444 7.870618589793161e-05 3.0679896854625587e-07
0.005428675439323859 0.00011401914823557862 4.5053264642046765e-07
0.006551285568595509 0.00016671227271608025 6.430716820772971e-07
0.0079060432109077 0.00024157649408756412 9.393406391180011e-07
0.009540954763499945 0.00035043403475015425 1.3642233331892488e-06
0.01151395399326447 0.0005081256006012381 1.986466140876354e-06
0.013894954943731374 0.0007354105855765452 2.8821965487378257e-06
0.016768329368110076 0.0010672061935322363 4.143952008069414e-06
0.020235896477251564 0.0015514946139485468 5.929052257219552e-06
0.02442053094548651 0.0022291417175854173 8.642213712446296e-06
0.029470517025518096 0.003234144272695621 1.2264093964590562e-05
0.03556480306223128 0.004622548861061953 1.789859565251347e-05
0.04291934260128776 0.006626157020687353 2.571820956206532e-05
0.0517947467923121 0.009545086205391238 3.614584640398932e-05
0.0625055192527397 0.013602852885575785 5.1602233351537134e-05
0.07543120063354615 0.019229272992902148 7.412249030541788e-05
0.09102981779915217 0.02721083951204368 0.00010382160190851586
0.10985411419875583 0.038292486336281295 0.0001443320970340697
0.13257113655901082 0.05320679327117386 0.00020261084388927024
0.15998587196060574 0.0736139949306269 0.00027754086416691473
0.19306977288832497 0.09963513837087877 0.0003882717336095759
0.2329951810515372 0.13430556120832804 0.000522199571425227
0.2811768697974228 0.1787859939656369 0.0006949584998144756
0.3393221771895326 0.23440019127853803 0.0008984250883728346
0.4094915062380423 0.3002166581488851 0.0011510653456801036
0.49417133613238334 0.3748463949196771 0.0014621692801824095
0.5963623316594643 0.4629628516915214 0.001731821958975441
0.7196856730011514 0.5480940472980282 0.002086886578872883
0.868511373751352 0.6329982267986927 0.0024031301043528157
1.0481131341546852 0.7155769289966025 0.002621674282605669
1.2648552168552958 0.7733074682080956 0.0028988923031029582
1.5264179671752318 0.8188651700541368 0.0030601094031398935
1.8420699693267144 0.845242374814389 0.003183175227462746
2.2229964825261934 0.8710800579491188 0.003109672145315407
2.6826957952797246 0.875918258328811 0.0031360453439616153
3.2374575428176433 0.8780332328673534 0.00310941552820483
3.906939937054613 0.8888117515952355 0.0029531392738750112
4.714866363457389 0.8906081486085045 0.002863983749878935
5.689866029018293 0.9004092874796008 0.0026688809506105905
6.866488450042998 0.9013600478653198 0.002566814006547845
8.286427728546842 0.9132898080503852 0.002310058689061271
10.0 0.9226050866286798 0.0021189590385816805
