0.001 4.23010844519352e-06 1.6592041622058138e-08
0.0012067926406393288 6.186656358611015e-06 2.380830862372083e-08
0.0014563484775012444 9.022318152071068e-06 3.444689259015294e-08
0.0017575106248547913 1.3168912987672668e-05 4.983046288439456e-08
0.0021209508879201904 1.8943923088346542e-05 7.473583907876522e-08
0.002559547922699536 2.770036260411738e-05 1.0717230254553654e-07
0.0030888435964774815 4.050731411124134e-05 1.5377360675168752e-07
0.003727593720314938 5.887893792428776e-05 2.2448329421954635e-07
0.004498432668969444 8.527406222645439e-05 3.2946943543208894e-07
0.005428675439323859 0.00012505122660159254 4.6838637099458015e-07
0.006551285568595509 0.00017969139675404097 6.974325700903568e-07
0.0079060432109077 0.0002601065613533537 1.0276173549802007e-06
0.009540954763499945 0.0003776611337031686 1.4829867981164763e-06
0.01151395399326447 0.0005491488230924343 2.141139002008306e-06
0.013894954943731374 0.0007967596216737131 3.0822063848759233e-06
0.016768329368110076 0.0011544150317764675 4.4482743609255025e-06
0.020235896477251564 0.0016729765361023876 6.395542964542959e-06
0.02442053094548651 0.0024123321947035143 9.263046656393429e-06
0.029470517025518096 0.0034846876720418217 1.3263529562518709e-05
0.03556480306223128 0.00503468100630963 1.876558980548745e-05
0.04291934260128776 0.007223147880509045 2.703290299415853e-05
0.0517947467923121 0.01025065227198329 3.9210536453889244e-05
0.0625055192527397 0.014616025296407275 5.570886332330782e-05
0.07543120063354615 0.02076646823985943 7.85700934389186e-05
0.09102981779915217 0.02917369387053118 0.00011209563719415958
0.10985411419875583 0.04064996756822546 0.0001590427359243711
0.13257113655901082 0.056843981784025256 0.00021700465575463484
0.15998587196060574 0.0779969257387171 0.00030219303682164407
0.19306977288832497 0.10616204569496876 0.0004126414331252507
0.2329951810515372 0.14352658354494205 0.0005472393356252912
0.2811768697974228 0.1887323248819677 0.0007415498128535599
0.3393221771895326 0.2466480486868067 0.0009536444491795598
0.4094915062380423 0.316642525153347 0.0011956670684242863
0.49417133613238334 0.39393165431085236 0.0015021018919838746
0.5963623316594643 0.47820822475599833 0.0018324385398477824
0.7196856730011514 0.5659437769444777 0.002157186308110402
0.868511373751352 0.648313716385257 0.002486729857786844
1.0481131341546852 0.7255919697268826 0.0027202622960723066
1.2648552168552958 0.779507383589677 0.002989839551923533
1.5264179671752318 0.8232171480704057 0.0031161553669531022
1.8420699693267144 0.8511068267135772 0.0031752611668798996
2.2229964825261934 0.8697512462523449 0.003147995905109536
2.6826957952797246 0.8777864508692889 0.0031148439225710954
3.2374575428176433 0.8828259548370126 0.003043495429968155
3.906939937054613 0.8853946540546823 0.0029650756093001595
4.714866363457389 0.8915463898012286 0.002824855068325619
5.689866029018293 0.8946220603460889 0.0027157031262360952
6.866488450042998 0.905280919480765 0.0024876038318654525
8.286427728546842 0.9167623388692242 0.002247880429723628
10.0 0.9231508228784308 0.0020783999085318416
