0.001 0.001000812109246961 3.6353075990051524e-06
0.0012067926406393288 0.0011994588473087798 4.477685981119766e-06
0.0014563484775012444 0.0014502316677797434 5.3824111790144905e-06
0.0017575106248547913 0.001751526621744178 6.463264292195791e-06
0.0021209508879201904 0.0021194492550618304 7.725036603732765e-06
0.002559547922699536 0.002558899899087888 9.323782004163903e-06
0.0030888435964774815 0.003088539661313253 1.1229287556168066e-05
0.003727593720314938 0.003714369293642565 1.3652718897125656e-05
0.004498432668969444 0.004478636679963121 1.6506480618856234e-05
0.005428675439323859 0.005400210627380761 1.9897512273513627e-05
0.006551285568595509 0.0065049559886073294 2.411227702151629e-05
0.0079060432109077 0.0078492740766569 2.8998293336416026e-05
0.009540954763499945 0.00949114291243926 3.4708555026470646e-05
0.01151395399326447 0.011475927107004532 4.1327137054266196e-05
0.013894954943731374 0.01381531718515181 5.006612729216044e-05
0.016768329368110076 0.01664546412680235 6.028834183606699e-05
0.020235896477251564 0.019899579738235532 7.428317356590636e-05
0.02442053094548651 0.023950975321192926 8.937448302924269e-05
0.029470517025518096 0.028877801777253548 0.00010705157845652414
0.03556480306223128 0.03489636867160518 0.00012673985008679258
0.04291934260128776 0.04196396949761367 0.00015248361893474742
0.0517947467923121 0.05041092031704311 0.00018245044534185784
0.0625055192527397 0.06017564084964381 0.0002220417838587167
0.07543120063354615 0.0726722688112682 0.00026012394048117885
0.09102981779915217 0.08676795999404546 0.00031235770396662586
0.10985411419875583 0.103714604547861 0.0003718610081277296
0.13257113655901082 0.12291017671592426 0.00045081695252858567
0.15998587196060574 0.14620695711872964 0.0005334286006256748
0.19306977288832497 0.1733711002137153 0.0006299249611295674
0.2329951810515372 0.2042278044802109 0.0007498484332294958
0.2811768697974228 0.2406621172083799 0.0008744344507352092
0.3393221771895326 0.2803789391206179 0.0010333532467578662
0.4094915062380423 0.32523904345476917 0.0012097841641220733
0.49417133613238334 0.38036322404023015 0.0013394624599660221
0.5963623316594643 0.43351345972437394 0.0015593430866628643
0.7196856730011514 0.49255121499613996 0.0017533413312579471
0.868511373751352 0.554038590119022 0.001953393162361387
1.0481131341546852 0.6141032474566186 0.002167249871503261
1.2648552168552958 0.6747292306284196 0.002335048988581209
1.5264179671752318 0.7249837040671013 0.0025479943933535126
1.8420699693267144 0.7749578079969107 0.0026580729278648275
2.2229964825261934 0.8113178393107253 0.002788279562172613
2.6826957952797246 0.8419393257135859 0.0028285077472730833
3.2374575428176433 0.8729047876342054 0.0027353959940326768
3.906939937054613 0.8791667539109305 0.002791059150866187
4.714866363457389 0.8929790102020055 0.0026805668872426896
5.689866029018293 0.8949960238157044 0.0026282416791313266
6.866488450042998 0.90438229910868 0.002475607179700843
8.286427728546842 0.9119098243905691 0.0023330543164479982
10.0 0.9174104195526009 0.002197789748018101
