0.001 0.0011622726461810412 4.2835461826647055e-06
0.0012067926406393288 0.001403405120581149 5.1613977093757035e-06
0.0014563484775012444 0.001689359336113426 6.269760066486779e-06
0.0017575106248547913 0.002061453979127801 7.301864001956033e-06
0.0021209508879201904 0.002482697218204487 8.851985232756966e-06
0.002559547922699536 0.002968610276377162 1.0970357864260427e-05
0.0030888435964774815 0.0035920801883304334 1.312354276406835e-05
0.003727593720314938 0.0043462726581721955 1.570603888291748e-05
0.004498432668969444 0.0052752197274315935 1.855926448713056e-05
0.005428675439323859 0.006332353262070211 2.2752042428388963e-05
0.006551285568595509 0.007607839568729255 2.7757283404704542e-05
0.0079060432109077 0.009152713415025097 3.36248953629355e-05
0.009540954763499945 0.011063180542300844 4.0197947267908056e-05
0.01151395399326447 0.01328472549733939 4.900715252474668e-05
0.013894954943731374 0.016108375104082355 5.790252193593084e-05
0.016768329368110076 0.019246257216915013 7.150218937688075e-05
0.020235896477251564 0.02326357673013796 8.516966966236692e-05
0.02442053094548651 0.027921527606864647 0.00010314496545908043
0.029470517025518096 0.03366750532585422 0.00012318739384068212
0.03556480306223128 0.040803943845544415 0.00014446382582908407
0.04291934260128776 0.048497174551505894 0.00017880095849677258
0.0517947467923121 0.05791611884341677 0.00021747449549726255
0.0625055192527397 0.0696028610700522 0.00025884583797201486
0.07543120063354615 0.08350970879091082 0.00030664814895304784
0.09102981779915217 0.1000407128707104 0.00036277699140886086
0.10985411419875583 0.1191421043045159 0.0004333215266657486
0.13257113655901082 0.14175072014969334 0.0005159243263810355
0.15998587196060574 0.16777487567559257 0.0006139708730241493
0.19306977288832497 0.19844421864796322 0.0007232499533494939
0.2329951810515372 0.23401473663754682 0.0008439683185336251
0.2811768697974228 0.27361362978002635 0.000990269179409796
0.3393221771895326 0.3202782653716333 0.0011337186662463783
0.4094915062380423 0.370127532296559 0.0013091729158927203
0.49417133613238334 0.4211537186013553 0.001537592592963034
0.5963623316594643 0.4807923140221127 0.0017222460859371955
0.7196856730011514 0.5435025023639026 0.0019012939819963088
0.868511373751352 0.6062268415273083 0.0020885938289079355
1.0481131341546852 0.6619132623982478 0.002319655870385466
1.2648552168552958 0.7203066357834382 0.0024563310907848098
1.5264179671752318 0.7664932775189538 0.0026267653914336985
1.8420699693267144 0.8107688527857418 0.0026901356815454123
2.2229964825261934 0.8391426353183197 0.00278976448966256
2.6826957952797246 0.8676567290301247 0.002735741408236109
3.2374575428176433 0.8820165345134161 0.0027185076729281943
3.906939937054613 0.8975483112650511 0.0025794515258641105
4.714866363457389 0.9019388227872202 0.0025313968306654665
5.689866029018293 0.908051858115715 0.002416820712563094
6.866488450042998 0.9140336337533237 0.00228194400012104
8.286427728546842 0.9218780828971516 0.0021064562204475314
10.0 0.9264198393786591 0.0020126886238051693
