0.001 2.0396196348208614e-09 8.055922545763725e-12
0.0012067926406393288 3.586222736980538e-09 1.4105657620374476e-11
0.0014563484775012444 6.283086023252431e-09 2.4924505912581536e-11
0.0017575106248547913 1.1166410539099755e-08 4.233923770599035e-11
0.0021209508879201904 1.9564226698442403e-08 7.462079538897576e-11
0.002559547922699536 3.40233363650309e-08 1.344111878897239e-10
0.0030888435964774815 5.9938986370695e-08 2.3419426249820306e-10
0.003727593720314938 1.0562421141268117e-07 4.0830231746277456e-10
0.004498432668969444 1.8652973750118862e-07 7.021759670193336e-10
0.005428675439323859 3.257920150702498e-07 1.253121003403495e-09
0.006551285568595509 5.6912728794736e-07 2.2232100700642793e-09
0.0079060432109077 9.943416697428439e-07 3.907805240083103e-09
0.009540954763499945 1.7467595311077386e-06 6.792574234334486e-09
0.01151395399326447 3.0467761388936907e-06 1.2032221318205144e-08
0.013894954943731374 5.3640468747373644e-06 2.062681431069901e-08
0.016768329368110076 9.296980210030592e-06 3.6966882920421614e-08
0.020235896477251564 1.62979790348439e-05 6.377801042733102e-08
0.02442053094548651 2.8308630945708797e-05 1.1192509021640919e-07
0.029470517025518096 4.939523488934308e-05 1.9341802507450364e-07
0.03556480306223128 8.658254361088885e-05 3.284036041307099e-07
0.04291934260128776 0.00014818745899563315 5.84463003648957e-07
0.0517947467923121 0.00025477482028400184 1.0257438753124565e-06
0.0625055192527397 0.00044003023688265894 1.7540763639128876e-06
0.07543120063354615 0.0007552140265656814 2.9696680653466713e-06
0.09102981779915217 0.0012906637289323277 5.013133231044706e-06
0.10985411419875583 0.0021833985249026713 8.51062726201144e-06
0.13257113655901082 0.003678252114431379 1.435098781861127e-05
0.15998587196060574 0.006116056894763706 2.4019119739172816e-05
0.19306977288832497 0.010101069005470066 3.951531657765612e-05
0.2329951810515372 0.01648406104792307 6.386197881532697e-05
0.2811768697974228 0.026399171973285535 0.00010282512236276629
0.3393221771895326 0.041907371642303085 0.00015975707900429864
0.4094915062380423 0.06467733516056505 0.00024697066219743285
0.49417133613238334 0.09677095874361255 0.00038302238346161734
0.5963623316594643 0.14271059279446022 0.0005553255034403284
0.7196856730011514 0.20403435522605406 0.000779259333350885
0.868511373751352 0.2813890045407139 0.0010645625201776638
1.0481131341546852 0.3693569082933885 0.0014311586293565396
1.2648552168552958 0.47077746243545787 0.0017957933046291478
1.5264179671752318 0.5691958586408393 0.0022103215374450853
1.8420699693267144 0.6652421663730669 0.002540285114506744
2.2229964825261934 0.7391381636718714 0.0028750904596353787
2.6826957952797246 0.8014555721384682 0.0030385464113891797
3.2374575428176433 0.8364643919585891 0.003197924122103588
3.906939937054613 0.8621608152737035 0.003206574786362564
4.714866363457389 0.8692734387056629 0.00325592464834162
5.689866029018293 0.8740991915920173 0.0032325246127386143
6.866488450042998 0.876973981654648 0.003180681681580597
8.286427728546842 0.8816170265159484 0.003078400395391052
10.0 0.8843791993550065 0.0029808763296664776
