0.001 1.601615243565311e-09 6.342141059127435e-12
0.0012067926406393288 2.8015157927934627e-09 1.1312655673406685e-11
0.0014563484775012444 4.9734851216158995e-09 1.9235625217712946e-11
0.0017575106248547913 8.767760331081754e-09 3.339168143561511e-11
0.0021209508879201904 1.5205483493594925e-08 6.065006857750864e-11
0.002559547922699536 2.7097281333336037e-08 1.0271840341414751e-10
0.0030888435964774815 4.738376152149755e-08 1.8185047466142745e-10
0.003727593720314938 8.231664361956145e-08 3.2899365731215444e-10
0.004498432668969444 1.449682287398024e-07 5.718103670840563e-10
0.005428675439323859 2.535159604329799e-07 1.013738632184208e-09
0.006551285568595509 4.4741424371007274e-07 1.7467243983765337e-09
0.0079060432109077 7.825518029192943e-07 3.0795482290877178e-09
0.009540954763499945 1.3701938444942034e-06 5.394933964274465e-09
0.01151395399326447 2.399437717127778e-06 9.496707187429616e-09
0.013894954943731374 4.191395600089374e-06 1.661972723806841e-08
0.016768329368110076 7.343936281243564e-06 2.8852032150614154e-08
0.020235896477251564 1.2901059596639283e-05 4.991994824601125e-08
0.02442053094548651 2.237305172295332e-05 8.77293890499659e-08
0.029470517025518096 3.922722545572661e-05 1.5066056672090637e-07
0.03556480306223128 6.770722832819838e-05 2.6516571798425415e-07
0.04291934260128776 0.00011727355271572319 4.6020977013315917e-07
0.0517947467923121 0.00020429234806612867 7.829630910329576e-07
0.0625055192527397 0.0003521322198955474 1.351981912813644e-06
0.07543120063354615 0.0006022654772050242 2.3500134948115236e-06
0.09102981779915217 0.0010313791254793572 3.9832839880581255e-06
0.10985411419875583 0.001757668854433577 6.705037166109821e-06
0.13257113655901082 0.0029599866696697853 1.1411827225441966e-05
0.15998587196060574 0.004965534448926017 1.8953880354733146e-05
0.19306977288832497 0.008152344389832618 3.21477191413412e-05
0.2329951810515372 0.013333666469252381 5.244606872525671e-05
0.2811768697974228 0.021589954422634006 8.49236927632744e-05
0.3393221771895326 0.03441071718015784 0.00013349850738448064
0.4094915062380423 0.053597239509687894 0.00020790580392213213
0.49417133613238334 0.08147435459314979 0.0003217699104651031
0.5963623316594643 0.12231784785288491 0.00046346859809511963
0.7196856730011514 0.175737525973348 0.0006784351201793998
0.868511373751352 0.24517403738925705 0.000944651314726171
1.0481131341546852 0.333011227389929 0.0012412975969823875
1.2648552168552958 0.42693994752906766 0.0016338473263504325
1.5264179671752318 0.5282932294707372 0.002026551797247678
1.8420699693267144 0.623367293414779 0.002430438015041182
2.2229964825261934 0.7158599311929769 0.002678295241292737
2.6826957952797246 0.7786184104663894 0.002968108680238144
3.2374575428176433 0.8209058519432416 0.0031722410060577837
3.906939937054613 0.8553395547491351 0.0031849989895887275
4.714866363457389 0.8659917080285743 0.003257671250581238
5.689866029018293 0.8772062069569503 0.003198080938174674
6.866488450042998 0.8733253544006864 0.00324311025234062
8.286427728546842 0.8798621657282741 0.0031352696429529747
10.0 0.8846585195744032 0.003029671003218643
