0.001 1.8001247871525896e-09 7.142323872757934e-12
0.0012067926406393288 3.1768153193834506e-09 1.2370582122519131e-11
0.0014563484775012444 5.590971930979212e-09 2.159353929306433e-11
0.0017575106248547913 9.851611541414281e-09 3.772867581868302e-11
0.0021209508879201904 1.709775572145837e-08 6.821182816025859e-11
0.002559547922699536 3.017102601374264e-08 1.1805967148086377e-10
0.0030888435964774815 5.325964667902954e-08 2.0460010398314212e-10
0.003727593720314938 9.345996293011043e-08 3.6068737068061873e-10
0.004498432668969444 1.6333564467086143e-07 6.383616896935278e-10
0.005428675439323859 2.892667227141286e-07 1.0971084843729356e-09
0.006551285568595509 5.012402753088274e-07 1.966333754057161e-09
0.0079060432109077 8.764873819031552e-07 3.5027183818018214e-09
0.009540954763499945 1.5354122938110808e-06 6.095371048880518e-09
0.01151395399326447 2.696409476135052e-06 1.06340471893579e-08
0.013894954943731374 4.7218450762413916e-06 1.8466822575415347e-08
0.016768329368110076 8.260865557520664e-06 3.218488473941377e-08
0.020235896477251564 1.446058257325468e-05 5.5906569226087576e-08
0.02442053094548651 2.5185378981841633e-05 9.782316241795766e-08
0.029470517025518096 4.395606953673449e-05 1.693283199921636e-07
0.03556480306223128 7.672533085076219e-05 2.893612256181824e-07
0.04291934260128776 0.0001331399824001043 5.045531381676641e-07
0.0517947467923121 0.00022821224877284254 8.828311676904758e-07
0.0625055192527397 0.0003935999639148065 1.5176992550243696e-06
0.07543120063354615 0.0006767319007019955 2.590718976745285e-06
0.09102981779915217 0.0011509525682817693 4.473950309261713e-06
0.10985411419875583 0.0019415710630738762 7.684019841469377e-06
0.13257113655901082 0.0032894766402518463 1.2699577356169016e-05
0.15998587196060574 0.005473551141616236 2.144777510884744e-05
0.19306977288832497 0.009040634987507385 3.553513683936671e-05
0.2329951810515372 0.014846449242344099 5.725945725020978e-05
0.2811768697974228 0.023733426035833987 9.433825434833393e-05
0.3393221771895326 0.03771096442884028 0.00014748985855124217
0.4094915062380423 0.05890994132019518 0.00022510623647164585
0.49417133613238334 0.08917225696147477 0.00034420329577509524
0.5963623316594643 0.1315725804132527 0.0005105926945097229
0.7196856730011514 0.1888231650927249 0.0007297335804225804
0.868511373751352 0.2611969235821681 0.001017728672944783
1.0481131341546852 0.35015872511677854 0.0013368224569407978
1.2648552168552958 0.44522649859611046 0.0017462958727307576
1.5264179671752318 0.5470650098565869 0.002130787243000444
1.8420699693267144 0.6434303243510892 0.0024945597235080438
2.2229964825261934 0.7278838621370061 0.0027732729254425913
2.6826957952797246 0.7901582874770372 0.0030070304303426803
3.2374575428176433 0.8314729805450235 0.003157009576357511
3.906939937054613 0.8535162664865493 0.0032576545344342733
4.714866363457389 0.8667399979949089 0.0032687368055917946
5.689866029018293 0.8692903122065336 0.00328879401296982
6.866488450042998 0.8757341065830234 0.0032073185460444287
8.286427728546842 0.8823932742284422 0.003092911099586587
10.0 0.881795464032666 0.0030379076504682048
