0.001 0.005124420669457336 7.01717024559786e-05
0.0012067926406393288 0.007338351963554422 0.00010046837447807766
0.0014563484775012444 0.01038638689072942 0.00013809398132138764
0.0017575106248547913 0.014290059817416451 0.00018758903380402996
0.0021209508879201904 0.020072254664307808 0.00025823674105098773
0.002559547922699536 0.0284485119505278 0.0003607167209189749
0.0030888435964774815 0.038758124317222434 0.00047731270661933523
0.003727593720314938 0.0519253623429472 0.0006187321067513383
0.004498432668969444 0.07118995529352426 0.0008080029676668722
0.005428675439323859 0.09304313999819702 0.0010268088437860449
0.006551285568595509 0.12474402873932873 0.00130275517633551
0.0079060432109077 0.1608108760483537 0.001569302488115854
0.009540954763499945 0.20773118068751223 0.001904864666803427
0.01151395399326447 0.2528902371595546 0.00216859712788931
0.013894954943731374 0.3126679511293843 0.0024639644294397
0.016768329368110076 0.370432893553733 0.0026628566246586776
0.020235896477251564 0.4390988996884355 0.0028829787418076097
0.02442053094548651 0.5083189198517024 0.0029785477332709247
0.029470517025518096 0.5738574240003691 0.003012405032261059
0.03556480306223128 0.6414130013501519 0.002962704753042466
0.04291934260128776 0.6987837379175275 0.002893764439615482
0.0517947467923121 0.7546901107298314 0.002724464440365913
0.0625055192527397 0.8020744867082577 0.00255891114180386
0.07543120063354615 0.8428805556111207 0.0023403195321594953
0.09102981779915217 0.8817538808049722 0.0020264330913372956
0.10985411419875583 0.9044494269996416 0.0018878935731402413
0.13257113655901082 0.9320898676161762 0.001599860344525633
0.15998587196060574 0.9453057881985533 0.0014591318725014357
0.19306977288832497 0.9613754247255325 0.0012341319061923723
0.2329951810515372 0.9724315444891323 0.00107888004985085
0.2811768697974228 0.9781795556081233 0.0010079761166782476
0.3393221771895326 0.9858312038281166 0.0008371274124221162
0.4094915062380423 0.989046413273679 0.0007977755793896374
0.49417133613238334 0.9900414863343978 0.0007996307408018841
0.5963623316594643 0.9921650973077212 0.0007083958013266855
0.7196856730011514 0.9930927812220254 0.0006932538029242002
0.868511373751352 0.9948042121287585 0.0006070196587155762
1.0481131341546852 0.9952214725200987 0.000571636769564722
1.2648552168552958 0.9957791292624887 0.0005488523204411866
1.5264179671752318 0.996391849918215 0.0005109389359596308
1.8420699693267144 0.9972587543186935 0.00044448986958018906
2.2229964825261934 0.9984442090528295 0.00030953578938478556
2.6826957952797246 0.9974163623564584 0.00043612653286913614
3.2374575428176433 0.9979111026098453 0.000389304348357959
3.906939937054613 0.9982382528384416 0.0003652041377613503
4.714866363457389 0.9980598473151465 0.0003857620733016976
5.689866029018293 0.9988987390622277 0.00027217261773330943
6.866488450042998 0.9984309779630707 0.0003466341148708466
8.286427728546842 0.9978448570900524 0.0004309399839594887
10.0 0.9993349484159973 0.00021727357478191836
