0.001 0.004827757045991803 6.621124054997152e-05
0.0012067926406393288 0.006851263919370706 9.357490910692682e-05
0.0014563484775012444 0.0096255449725384 0.0001302567666351933
0.0017575106248547913 0.01335458215074553 0.0001754877757137267
0.0021209508879201904 0.019122265591384354 0.0002526397073408291
0.002559547922699536 0.02654896715307206 0.0003368975524139258
0.0030888435964774815 0.03732703855773953 0.0004654573820599697
0.003727593720314938 0.049965282884704525 0.0006001969606089457
0.004498432668969444 0.06795771624330299 0.0007895223579660358
0.005428675439323859 0.09091760488511279 0.001017751458959375
0.006551285568595509 0.1183313939643316 0.001253886986581218
0.0079060432109077 0.15598389949405864 0.0015523794642307745
0.009540954763499945 0.19920138598518458 0.0018570409412146651
0.01151395399326447 0.24114441690412383 0.0021301621221383933
0.013894954943731374 0.30147455812358787 0.0024273458924958685
0.016768329368110076 0.3622224379499094 0.00264445268854322
0.020235896477251564 0.4276727440517969 0.0028560680869435633
0.02442053094548651 0.4895523903231493 0.002979161455683477
0.029470517025518096 0.5583391826143604 0.0030350347392591698
0.03556480306223128 0.6202936185774267 0.0030430248534154512
0.04291934260128776 0.6910128793748642 0.002938136141679387
0.0517947467923121 0.737796377627282 0.0028292375026212433
0.0625055192527397 0.7906083462427498 0.002626657030381842
0.07543120063354615 0.8333202985508109 0.002430481138382527
0.09102981779915217 0.8681274116320638 0.002175446487337032
0.10985411419875583 0.8994236240846498 0.0019644839591947973
0.13257113655901082 0.9252824462983135 0.0016805966483090786
0.15998587196060574 0.9403138599682137 0.0015471506606122315
0.19306977288832497 0.959107286889231 0.0012667608286060512
0.2329951810515372 0.9671425584584235 0.0011739365200354518
0.2811768697974228 0.9782285043973666 0.0009801538637967532
0.3393221771895326 0.9835577794814145 0.0009086832513624135
0.4094915062380423 0.9886004283315593 0.0007824544087311665
0.49417133613238334 0.9901604647959411 0.0007808246702452581
0.5963623316594643 0.9925260573616855 0.0006908307507005239
0.7196856730011514 0.9920186387637057 0.0007559817762187425
0.868511373751352 0.9934749434691612 0.0006908040067811953
1.0481131341546852 0.9939137654268814 0.0006576316227206214
1.2648552168552958 0.9952637034296647 0.0006011162406501408
1.5264179671752318 0.9970608123500384 0.00044174938933621145
1.8420699693267144 0.9967878527698333 0.0005047521082674737
2.2229964825261934 0.9972882024295583 0.00045106171234797206
2.6826957952797246 0.997647161882677 0.00040837693216282117
3.2374575428176433 0.9980881450892446 0.00034904195115251
3.906939937054613 0.9971601790251229 0.0004469788921964553
4.714866363457389 0.9980956203702206 0.00038922926289587683
5.689866029018293 0.998349452354673 0.00035320852817085496
6.866488450042998 0.998170921407728 0.0003820297202413654
8.286427728546842 0.9983497177789296 0.0003520858734705736
10.0 0.9983317193854109 0.0003788790684175672
