0.001 0.03339588727869528 0.00023809440069178035
0.0012067926406393288 0.03985389702221706 0.00028646042965199176
0.0014563484775012444 0.04756521417411663 0.0003401662264578613
0.0017575106248547913 0.056713086907226144 0.0003976368189239251
0.0021209508879201904 0.06818018681673665 0.000483598788345709
0.002559547922699536 0.08159016082974586 0.0005658546701285124
0.0030888435964774815 0.09783716232217134 0.0006786479248946243
0.003727593720314938 0.11536419682398787 0.0007797212979578823
0.004498432668969444 0.13700343258147651 0.0009144841040993959
0.005428675439323859 0.16175450476309997 0.0010652471898752627
0.006551285568595509 0.18919208393353978 0.001211655303430503
0.0079060432109077 0.2241535055173532 0.0013848472183458796
0.009540954763499945 0.2608506027866127 0.0015710949276719099
0.01151395399326447 0.29530671615102433 0.00173589805162403
0.013894954943731374 0.3438822278520037 0.0019162278216264272
0.016768329368110076 0.3917146965711478 0.0020559837201302345
0.020235896477251564 0.44302880851613363 0.0022152541949990432
0.02442053094548651 0.49228413599711374 0.002325416907407205
0.029470517025518096 0.5479572429176226 0.0023944739527469627
0.03556480306223128 0.5991719930960179 0.0024499292167278006
0.04291934260128776 0.6595742982016902 0.0024243932135174107
0.0517947467923121 0.7030394765981679 0.0023929106413281514
0.0625055192527397 0.7529674573023364 0.0022907008918441
0.07543120063354615 0.7962933703882958 0.0021881510595066064
0.09102981779915217 0.832035674501334 0.002026513530204056
0.10985411419875583 0.8674308494532417 0.0018828360735191044
0.13257113655901082 0.8961380611186842 0.0016654970229426189
0.15998587196060574 0.9152743108083025 0.001559845591777443
0.19306977288832497 0.9384230034385506 0.001325654207163516
0.2329951810515372 0.9503151115521464 0.001228895784682819
0.2811768697974228 0.9647474661137166 0.001028298111222191
0.3393221771895326 0.9735414116319288 0.0009381543137886706
0.4094915062380423 0.9808785453661352 0.0007986121983383844
0.49417133613238334 0.985278194102678 0.0007675087981093864
0.5963623316594643 0.989182364656658 0.0006833762513053335
0.7196856730011514 0.9898723967094446 0.0007366455025118348
0.868511373751352 0.99230265956338 0.0006622168906083051
1.0481131341546852 0.992993474143976 0.0006373601641087263
1.2648552168552958 0.9947693895732737 0.0005884020665517299
1.5264179671752318 0.9964858441367643 0.00043764431650991994
1.8420699693267144 0.9964938527832885 0.0004942063121146446
2.2229964825261934 0.9970923301351984 0.0004319652127238968
2.6826957952797246 0.9974050489719717 0.00040138409209743603
3.2374575428176433 0.9978269605201516 0.0003474530863586091
3.906939937054613 0.9968700075016986 0.00044423464321526556
4.714866363457389 0.9979468782909542 0.0003853605528559304
5.689866029018293 0.9981442702168255 0.00035642803998572024
6.866488450042998 0.9980438187406755 0.0003825295951633513
8.286427728546842 0.9982387547172539 0.00035526577973569415
10.0 0.9982519413682829 0.00038299230078610644
