0.001 0.1392818994273626 0.00013397729695327574
0.0012067926406393288 0.16566869018989955 0.00015650509278892464
0.0014563484775012444 0.1962028342791754 0.00018135727680227128
0.0017575106248547913 0.23163373389737754 0.0002084215261057062
0.0021209508879201904 0.27231963540749105 0.00023685787133826707
0.002559547922699536 0.3181380071818707 0.00026752057430027535
0.0030888435964774815 0.36986014211218027 0.0002959974435194033
0.003727593720314938 0.4278716531298348 0.0003268698671475817
0.004498432668969444 0.4901027562602001 0.00034966097715105447
0.005428675439323859 0.555479310803459 0.0003624137276583806
0.006551285568595509 0.6234772690628453 0.0003653292532011062
0.0079060432109077 0.6929800208777589 0.0003633482965238636
0.009540954763499945 0.7590172948402049 0.0003395788362081873
0.01151395399326447 0.8194693166818823 0.00029904129293878835
0.013894954943731374 0.872610049949266 0.00025181475696350647
0.016768329368110076 0.9162995922956519 0.0001918110730505054
0.020235896477251564 0.9498111173192212 0.00013870986240428393
0.02442053094548651 0.9725982434715134 8.861850142636284e-05
0.029470517025518096 0.9868937761151901 5.1299040465786e-05
0.03556480306223128 0.9945378600637065 2.4651620321474497e-05
0.04291934260128776 0.9981117080512635 1.0072965738369946e-05
0.0517947467923121 0.999456512733371 3.336912523877303e-06
0.0625055192527397 0.9998811118382106 8.502325205416533e-07
0.07543120063354615 0.999980315063026 1.6764387185895443e-07
0.09102981779915217 0.9999977296156223 2.3417667648235047e-08
0.10985411419875583 0.9999998291580697 2.0945165254718383e-09
0.13257113655901082 0.9999999921899384 1.1570006078295829e-10
0.15998587196060574 0.9999999997980842 3.5753918086458473e-12
0.19306977288832497 0.9999999999975496 5.259148338080611e-14
0.2329951810515372 0.9999999999999869 3.235839600450589e-16
0.2811768697974228 1.0 6.47080039368655e-19
0.3393221771895326 1.0 0.0
0.4094915062380423 1.0 0.0
0.49417133613238334 1.0 0.0
0.5963623316594643 1.0 0.0
0.7196856730011514 1.0 0.0
0.868511373751352 1.0 0.0
1.0481131341546852 1.0 0.0
1.2648552168552958 1.0 0.0
1.5264179671752318 1.0 0.0
1.8420699693267144 1.0 0.0
2.2229964825261934 1.0 0.0
2.6826957952797246 1.0 0.0
3.2374575428176433 1.0 0.0
3.906939937054613 1.0 0.0
4.714866363457389 1.0 0.0
5.689866029018293 1.0 0.0
6.866488450042998 1.0 0.0
8.286427728546842 1.0 0.0
10.0 1.0 0.0
