0.001 0.15064931403381315 0.00013220070729772399
0.0012067926406393288 0.1787918789149506 0.00015351083818145224
0.0014563484775012444 0.2116075621864487 0.0001793394738580377
0.0017575106248547913 0.249305563188604 0.00020481135374816105
0.0021209508879201904 0.2923427641499943 0.00023141132898649335
0.002559547922699536 0.3409127442801533 0.0002621093038350463
0.0030888435964774815 0.39542876167545177 0.0002856506898184372
0.003727593720314938 0.4547712003806217 0.000307538509344516
0.004498432668969444 0.5189689669267231 0.0003315057089532283
0.005428675439323859 0.5865802787948243 0.0003418748780037685
0.006551285568595509 0.6546428332979307 0.0003392102762500259
0.0079060432109077 0.7232079795768824 0.00032953135927470264
0.009540954763499945 0.7866940766697262 0.00029907477955495165
0.01151395399326447 0.8447388185111129 0.0002584493770676738
0.013894954943731374 0.8942972978622525 0.00021072068166416185
0.016768329368110076 0.9331127769880324 0.00015878141536817693
0.020235896477251564 0.9615609018001556 0.0001079292570166635
0.02442053094548651 0.9801527925741275 6.458325041073573e-05
0.029470517025518096 0.9910894326448432 3.439893185428976e-05
0.03556480306223128 0.9965561916307959 1.5416483664115373e-05
0.04291934260128776 0.9989074474717312 5.797345975065499e-06
0.0517947467923121 0.9997235007325046 1.7210539322281982e-06
0.0625055192527397 0.9999472526214295 3.8892542824507825e-07
0.07543120063354615 0.9999925368389889 6.427904841057155e-08
0.09102981779915217 0.9999993104845147 7.142668147518419e-09
0.10985411419875583 0.9999999586342013 5.104050776555117e-10
0.13257113655901082 0.9999999985787003 2.1290938409801393e-11
0.15998587196060574 0.9999999999748921 4.5303029132752636e-13
0.19306977288832497 0.9999999999997937 4.506997375424551e-15
0.2329951810515372 0.9999999999999994 1.5572297793277693e-17
0.2811768697974228 1.0 0.0
0.3393221771895326 1.0 0.0
0.4094915062380423 1.0 0.0
0.49417133613238334 1.0 0.0
0.5963623316594643 1.0 0.0
0.7196856730011514 1.0 0.0
0.868511373751352 1.0 0.0
1.0481131341546852 1.0 0.0
1.2648552168552958 1.0 0.0
1.5264179671752318 1.0 0.0
1.8420699693267144 1.0 0.0
2.2229964825261934 1.0 0.0
2.6826957952797246 1.0 0.0
3.2374575428176433 1.0 0.0
3.906939937054613 1.0 0.0
4.714866363457389 1.0 0.0
5.689866029018293 1.0 0.0
6.866488450042998 1.0 0.0
8.286427728546842 1.0 0.0
10.0 1.0 0.0
