0.001 0.16416375243978845 0.00013083117701394008
0.0012067926406393288 0.19468711927165014 0.000153938737882141
0.0014563484775012444 0.22983060349605575 0.00017527917442498647
0.0017575106248547913 0.2703193292979176 0.00020049214526010766
0.0021209508879201904 0.31614646437817945 0.00022337566395447606
0.002559547922699536 0.3677341305259764 0.00025168445642184586
0.0030888435964774815 0.4245695165786776 0.0002740565565221398
0.003727593720314938 0.48686880846865077 0.00029706886228270704
0.004498432668969444 0.5527416568970468 0.00030793847449131696
0.005428675439323859 0.6212363218949367 0.0003138125437093502
0.006551285568595509 0.6899848133381552 0.00030885064771960945
0.0079060432109077 0.7564093582147654 0.0002899841515404618
0.009540954763499945 0.8174636265694288 0.0002569919756171136
0.01151395399326447 0.8714544518740921 0.00021904646572791804
0.013894954943731374 0.9160390919395787 0.000170898173377111
0.016768329368110076 0.9490257998319274 0.0001218862828978233
0.020235896477251564 0.9722260697593772 7.858872803651417e-05
0.02442053094548651 0.9866857095914245 4.371367728391296e-05
0.029470517025518096 0.9944392343861844 2.167347187249648e-05
0.03556480306223128 0.9980828247228345 8.814452301789073e-06
0.04291934260128776 0.9994535738515582 2.9445077625557476e-06
0.0517947467923121 0.9998809268745097 7.459819566642916e-07
0.0625055192527397 0.9999805931647611 1.4261831466801673e-07
0.07543120063354615 0.999997801527094 1.9581224594123733e-08
0.09102981779915217 0.9999998398974174 1.6769644593463461e-09
0.10985411419875583 0.9999999930092618 8.864683917928825e-11
0.13257113655901082 0.9999999998318458 2.5720823389586516e-12
0.15998587196060574 0.999999999998059 3.564913907985101e-14
0.19306977288832497 0.9999999999999902 2.092735854644412e-16
0.2329951810515372 1.0 3.2595966494637806e-19
0.2811768697974228 1.0 0.0
0.3393221771895326 1.0 0.0
0.4094915062380423 1.0 0.0
0.49417133613238334 1.0 0.0
0.5963623316594643 1.0 0.0
0.7196856730011514 1.0 0.0
0.868511373751352 1.0 0.0
1.0481131341546852 1.0 0.0
1.2648552168552958 1.0 0.0
1.5264179671752318 1.0 0.0
1.8420699693267144 1.0 0.0
2.2229964825261934 1.0 0.0
2.6826957952797246 1.0 0.0
3.2374575428176433 1.0 0.0
3.906939937054613 1.0 0.0
4.714866363457389 1.0 0.0
5.689866029018293 1.0 0.0
6.866488450042998 1.0 0.0
8.286427728546842 1.0 0.0
10.0 1.0 0.0
