0.001 0.004510219231415004 1.1325886134855385e-05
0.0012067926406393288 0.007520423875153184 1.8701542638001047e-05
0.0014563484775012444 0.012356228348336478 2.9672068907957394e-05
0.0017575106248547913 0.020085162867482062 4.681372509286103e-05
0.0021209508879201904 0.03208053526925896 7.121527099911063e-05
0.002559547922699536 0.05043899518420002 0.00010804980915573548
0.0030888435964774815 0.0775051157754188 0.00015643196900436176
0.003727593720314938 0.11671572968786423 0.0002215481166967082
0.004498432668969444 0.1704686333036114 0.00029462563108128214
0.005428675439323859 0.24161335059113054 0.00037732899502489805
0.006551285568595509 0.33048081346079644 0.0004550579550579696
0.0079060432109077 0.4347069341821978 0.0005106785571997879
0.009540954763499945 0.5478970526976905 0.0005254081111999802
0.01151395399326447 0.6630710859109035 0.0005061005083835158
0.013894954943731374 0.769478497884766 0.0004339271433079553
0.016768329368110076 0.8551637191249012 0.00033103044034687285
0.020235896477251564 0.9191512248026531 0.00022334533252188368
0.02442053094548651 0.9606431551727437 0.0001277598064211483
0.029470517025518096 0.9834243113433422 6.429947016779353e-05
0.03556480306223128 0.9942618200200466 2.6336889486554968e-05
0.04291934260128776 0.9983618770851505 8.822587618827266e-06
0.0517947467923121 0.9996428398494223 2.237280107752843e-06
0.0625055192527397 0.999941781234336 4.2783148270476023e-07
0.07543120063354615 0.9999934046072849 5.874324428301229e-08
0.09102981779915217 0.9999995196924137 5.030890182393115e-09
0.10985411419875583 0.9999999790277854 2.6594050852819315e-10
0.13257113655901082 0.9999999994955373 7.716247016875625e-12
0.15998587196060574 0.9999999999941771 1.0694741725197149e-13
0.19306977288832497 0.9999999999999706 6.278186323046396e-16
0.2329951810515372 1.0 9.778789948391341e-19
0.2811768697974228 1.0 0.0
0.3393221771895326 1.0 0.0
0.4094915062380423 1.0 0.0
0.49417133613238334 1.0 0.0
0.5963623316594643 1.0 0.0
0.7196856730011514 1.0 0.0
0.868511373751352 1.0 0.0
1.0481131341546852 1.0 0.0
1.2648552168552958 1.0 0.0
1.5264179671752318 1.0 0.0
1.8420699693267144 1.0 0.0
2.2229964825261934 1.0 0.0
2.6826957952797246 1.0 0.0
3.2374575428176433 1.0 0.0
3.906939937054613 1.0 0.0
4.714866363457389 1.0 0.0
5.689866029018293 1.0 0.0
6.866488450042998 1.0 0.0
8.286427728546842 1.0 0.0
10.0 1.0 0.0
