0.001 0.14362429520147618 0.0008799436878994797
0.0012067926406393288 0.1696579637736113 0.0010356550599124297
0.0014563484775012444 0.19988911960580139 0.001201633742542265
0.0017575106248547913 0.2346366491386665 0.0013632244163455712
0.0021209508879201904 0.27023944146110834 0.001556891254899933
0.002559547922699536 0.3137820382110561 0.0017694391893773457
0.0030888435964774815 0.35343376023367096 0.0019551980006241114
0.003727593720314938 0.4091178566712663 0.0021368492127189264
0.004498432668969444 0.4615175413830957 0.002305830329360727
0.005428675439323859 0.5147272367041413 0.0024373234978422383
0.006551285568595509 0.5709618721354447 0.002540260954306245
0.0079060432109077 0.6222634279774748 0.00260201190728299
0.009540954763499945 0.6716086105313724 0.002628596307058817
0.01151395399326447 0.7197530361572815 0.0025986149643041656
0.013894954943731374 0.7636562633595647 0.0025388561482028314
0.016768329368110076 0.8041328598721424 0.00245709606029072
0.020235896477251564 0.8342050460014742 0.0023091631291781555
0.02442053094548651 0.86448215193707 0.0021709144513601536
0.029470517025518096 0.8882974345221417 0.002016956883305744
0.03556480306223128 0.907172069222169 0.0018558844839429581
0.04291934260128776 0.9239268986331758 0.0017394931695073634
0.0517947467923121 0.932334790228279 0.0016692033039057486
0.0625055192527397 0.9488474603228104 0.001459885246494196
0.07543120063354615 0.9562985574688567 0.0013938917483230138
0.09102981779915217 0.9666201043905854 0.001203864248628444
0.10985411419875583 0.9713030054778669 0.0011537078731497993
0.13257113655901082 0.9762862003251587 0.0010776986027282568
0.15998587196060574 0.9794596252209194 0.0010171176840275116
0.19306977288832497 0.9834397253454328 0.0009546373799255847
0.2329951810515372 0.9872918189593438 0.0008085047887368828
0.2811768697974228 0.9868610016323248 0.000900140223627629
0.3393221771895326 0.9908807587242588 0.0007329988971155336
0.4094915062380423 0.9928288274896662 0.0006642350676533616
0.49417133613238334 0.9937735376753474 0.0006302048164472315
0.5963623316594643 0.9937142158911756 0.000651991649025917
0.7196856730011514 0.9941789578153668 0.0006506464528946267
0.868511373751352 0.9953684844625712 0.000587539994684037
1.0481131341546852 0.9957131451863939 0.0005870416445809719
1.2648552168552958 0.9953308468281133 0.0006101653137384857
1.5264179671752318 0.9959300102256219 0.0005831162931110131
1.8420699693267144 0.9965619867998514 0.0005446911613429689
2.2229964825261934 0.9960916427027392 0.0005903453958792524
2.6826957952797246 0.996243102412211 0.0005996859278592173
3.2374575428176433 0.9965034391848725 0.0005823655371334655
3.906939937054613 0.9976249215579004 0.0004791518043484459
4.714866363457389 0.9967774650161259 0.0005647847098229962
5.689866029018293 0.9971864107737569 0.0005284073855241247
6.866488450042998 0.9972966232892435 0.0005189118687401236
8.286427728546842 0.9972992894982241 0.0005189129351895355
10.0 0.9966998671823001 0.0005735075526502202
