0.001 0.1445400661909197 0.0008909690371774009
0.0012067926406393288 0.16925291307375104 0.0010305105033665482
0.0014563484775012444 0.19820082408161727 0.0011950614311488066
0.0017575106248547913 0.2323214583031072 0.0013679741204639456
0.0021209508879201904 0.2716756678979349 0.0015655214814099191
0.002559547922699536 0.31244252076782814 0.0017442137270573955
0.0030888435964774815 0.3583130694342279 0.0019448779608879356
0.003727593720314938 0.41306254782505275 0.0021339044903335297
0.004498432668969444 0.45855703476571213 0.002308587948778691
0.005428675439323859 0.51345748895631 0.0024547039174019404
0.006551285568595509 0.5637591741651456 0.0025719647109024475
0.0079060432109077 0.6199614873391363 0.002636585992851982
0.009540954763499945 0.6674014120089691 0.0026515845883884437
0.01151395399326447 0.7157000809943783 0.0026158397963721414
0.013894954943731374 0.7582965926714859 0.002568794292679037
0.016768329368110076 0.799252587310539 0.002454601803468691
0.020235896477251564 0.8268007574206693 0.002407597986179755
0.02442053094548651 0.8560155098386207 0.0022535374853105716
0.029470517025518096 0.885963222291908 0.002068986511990673
0.03556480306223128 0.9060745204035793 0.001895425131704577
0.04291934260128776 0.9227845038813953 0.001734308834938401
0.0517947467923121 0.9355288403249955 0.0016345882208664412
0.0625055192527397 0.9475477989193847 0.0014790596331481379
0.07543120063354615 0.9559344402728266 0.0013754469043299408
0.09102981779915217 0.9645506392435671 0.0012541786854340263
0.10985411419875583 0.9707594076144703 0.001166902914834861
0.13257113655901082 0.9757553473513346 0.0010714151046476053
0.15998587196060574 0.9800073900755498 0.0010136070265873904
0.19306977288832497 0.9846260625987306 0.0008794041098786165
0.2329951810515372 0.9870143119020391 0.0008258001600691453
0.2811768697974228 0.9892267939813031 0.0007900128821032958
0.3393221771895326 0.9906347117974288 0.0007378391560857464
0.4094915062380423 0.9922857234176005 0.0006898366997828627
0.49417133613238334 0.9930120733166908 0.0006560903464684617
0.5963623316594643 0.9922017217430499 0.0007310752342052773
0.7196856730011514 0.9946208076840496 0.000638791049447425
0.868511373751352 0.9951184112823906 0.0006219618763963433
1.0481131341546852 0.9962213926079554 0.0005351088815869008
1.2648552168552958 0.9956490283104736 0.000578104456769001
1.5264179671752318 0.9957226456697248 0.000596907166871241
1.8420699693267144 0.9964649785061505 0.0005547673773163024
2.2229964825261934 0.9967824384004964 0.0005289677901612027
2.6826957952797246 0.9975344027707103 0.00048016685185824087
3.2374575428176433 0.996685526937941 0.0005603666978721291
3.906939937054613 0.9971274855516533 0.0005285500421656343
4.714866363457389 0.9958510764283465 0.0006390696070573335
5.689866029018293 0.9978880796555007 0.0004577761972413156
6.866488450042998 0.9977834713713215 0.0004686970622357343
8.286427728546842 0.997799049165141 0.0004685249353297166
10.0 0.9969997755406137 0.000546900234819892
