0.001 0.006856133480562967 9.428663368845822e-05
0.0012067926406393288 0.010804255482434055 0.00014725866997263644
0.0014563484775012444 0.016941586688795703 0.0002225083752198215
0.0017575106248547913 0.026873893454718325 0.0003447716617303626
0.0021209508879201904 0.04098197260652858 0.0005062879968565326
0.002559547922699536 0.0602126626936839 0.000721285342891041
0.0030888435964774815 0.08842548746169912 0.0009932036107073107
0.003727593720314938 0.12576042589952718 0.001328514840903107
0.004498432668969444 0.1706988429011107 0.0017071938249389922
0.005428675439323859 0.22582634471437335 0.0021005397989649253
0.006551285568595509 0.28909468714764713 0.0024814339069421333
0.0079060432109077 0.35845935416540076 0.0028243168188542174
0.009540954763499945 0.42791661599655534 0.003114863472182329
0.01151395399326447 0.5107542837080651 0.003318223398848655
0.013894954943731374 0.5704286596969472 0.003398344060340557
0.016768329368110076 0.6331233580752116 0.003431689165169607
0.020235896477251564 0.6973634098791296 0.003321886955208692
0.02442053094548651 0.7465055337943297 0.0032259688208810798
0.029470517025518096 0.7921799159747888 0.0030367602697546625
0.03556480306223128 0.8262251961875156 0.002886934088749515
0.04291934260128776 0.8575459247973957 0.002654705135953096
0.0517947467923121 0.8848483452115181 0.0024587698381519987
0.0625055192527397 0.904178463515485 0.0022783375762251835
0.07543120063354615 0.9241251689247018 0.0020294037556295792
0.09102981779915217 0.9365493546724176 0.0018915259990621913
0.10985411419875583 0.947040958004036 0.001743909579438055
0.13257113655901082 0.956903523052819 0.0015897150755945818
0.15998587196060574 0.9670948090166428 0.0013859391432532466
0.19306977288832497 0.9734425411974138 0.0012407902466328462
0.2329951810515372 0.9784787523285977 0.0011529988777991842
0.2811768697974228 0.9802440313626717 0.001144298172027019
0.3393221771895326 0.9841076272218541 0.001032807832923025
0.4094915062380423 0.9878765847228776 0.0009124478935732403
0.49417133613238334 0.9892221049717543 0.0008651269598880369
0.5963623316594643 0.9903739333188294 0.0008415592625833644
0.7196856730011514 0.9923486824665863 0.0007512454559596559
0.868511373751352 0.9935749032473697 0.0006943127089419266
1.0481131341546852 0.993742440608208 0.0006968226661707246
1.2648552168552958 0.9940134049694643 0.0006936931132501009
1.5264179671752318 0.9953393044359146 0.0006102936980696736
1.8420699693267144 0.9957117389948047 0.0005792532793885859
2.2229964825261934 0.9963235568692488 0.0005415571997464787
2.6826957952797246 0.9967263049122638 0.000527724623247994
3.2374575428176433 0.9980966229360634 0.00040322916806065167
3.906939937054613 0.9972785507052038 0.0005097694459437859
4.714866363457389 0.9973319621256723 0.0005093487657212839
5.689866029018293 0.9967630160626652 0.0005649106379460325
6.866488450042998 0.9963647707937054 0.0005995314355946111
8.286427728546842 0.9971805499921882 0.0005287000250025614
10.0 0.9972996970459475 0.0005189131325135936
