0.001 0.1428756475251264 1.6001292143468768e-06
0.0012067926406393288 0.19074926520426627 1.9816240241320233e-06
0.0014563484775012444 0.2505664481456225 2.4952711891085007e-06
0.0017575106248547913 0.322986321280553 2.882175827248288e-06
0.0021209508879201904 0.40748236960107465 3.443036003948957e-06
0.002559547922699536 0.5017002863251883 3.591044656501685e-06
0.0030888435964774815 0.6013039880059629 3.8254783085050744e-06
0.003727593720314938 0.7000643244319176 3.6091883028445357e-06
0.004498432668969444 0.7907898250553866 3.199366817007172e-06
0.005428675439323859 0.8669146753412941 2.5519402952308146e-06
0.006551285568595509 0.9242701412270024 1.791140383744689e-06
0.0079060432109077 0.9623134455963441 1.0977531815171807e-06
0.009540954763499945 0.9840290995984847 5.623020934291195e-07
0.01151395399326447 0.9944140968845382 2.4147811300382033e-07
0.013894954943731374 0.9984463648925408 8.059310772254206e-08
0.016768329368110076 0.9996712313108397 2.0622145644733e-08
0.020235896477251564 0.9999498339535611 3.9571154639772206e-09
0.02442053094548651 0.9999948269673605 4.801481278775486e-10
0.029470517025518096 0.99999966707869 3.764591276654066e-11
0.03556480306223128 0.9999999878619931 1.6722757592629355e-12
0.04291934260128776 0.999999999776847 3.57821858869537e-14
0.0517947467923121 0.9999999999982047 3.514810450891421e-16
0.0625055192527397 0.9999999999999947 1.3302306634655067e-18
0.07543120063354615 1.0 6.78236327069704e-19
0.09102981779915217 1.0 2.9707543448020183e-19
0.10985411419875583 1.0 2.1143264039107873e-18
0.13257113655901082 1.0 0.0
0.15998587196060574 1.0 0.0
0.19306977288832497 1.0 0.0
0.2329951810515372 1.0 0.0
0.2811768697974228 1.0 0.0
0.3393221771895326 1.0 0.0
0.4094915062380423 1.0 0.0
0.49417133613238334 1.0 0.0
0.5963623316594643 1.0 0.0
0.7196856730011514 1.0 0.0
0.868511373751352 1.0 0.0
1.0481131341546852 1.0 0.0
1.2648552168552958 1.0 0.0
1.5264179671752318 1.0 0.0
1.8420699693267144 1.0 0.0
2.2229964825261934 1.0 0.0
2.6826957952797246 1.0 0.0
3.2374575428176433 1.0 0.0
3.906939937054613 1.0 0.0
4.714866363457389 1.0 0.0
5.689866029018293 1.0 0.0
6.866488450042998 1.0 0.0
8.286427728546842 1.0 0.0
10.0 1.0 0.0
