0.001 0.14288630891889714 1.5936830116993354e-06
0.0012067926406393288 0.19076679663154658 1.9701025830360113e-06
0.0014563484775012444 0.25058243891202603 2.4413525718799495e-06
0.0017575106248547913 0.32301385016343975 2.9625445957522945e-06
0.0021209508879201904 0.40750087197783913 3.324148788464519e-06
0.002559547922699536 0.5017235567738237 3.608829587412353e-06
0.0030888435964774815 0.6013394522182304 3.7375112463746958e-06
0.003727593720314938 0.7000931343114211 3.6443928891762393e-06
0.004498432668969444 0.7908173922755419 3.1402927851527817e-06
0.005428675439323859 0.8669288320666679 2.457848796440342e-06
0.006551285568595509 0.9242865483828177 1.791558129354212e-06
0.0079060432109077 0.9623230834440434 1.0976893945224304e-06
0.009540954763499945 0.9840333319603156 5.48443417832812e-07
0.01151395399326447 0.9944163140912023 2.409893218957077e-07
0.013894954943731374 0.9984470383790296 8.261469259639518e-08
0.016768329368110076 0.9996714091411198 2.1034588098494e-08
0.020235896477251564 0.9999498536330967 3.830130104572904e-09
0.02442053094548651 0.9999948314634941 4.827949347902106e-10
0.029470517025518096 0.9999996674182823 3.683489796469029e-11
0.03556480306223128 0.999999987873821 1.6219338754298812e-12
0.04291934260128776 0.9999999997771363 3.619971138184351e-14
0.0517947467923121 0.9999999999982074 3.5097215660206854e-16
0.0625055192527397 0.9999999999999947 1.1042115452358874e-18
0.07543120063354615 1.0 6.804136563529433e-19
0.09102981779915217 1.0 6.986470390014553e-19
0.10985411419875583 1.0 2.0532823722860296e-18
0.13257113655901082 1.0 0.0
0.15998587196060574 1.0 0.0
0.19306977288832497 1.0 0.0
0.2329951810515372 1.0 0.0
0.2811768697974228 1.0 0.0
0.3393221771895326 1.0 0.0
0.4094915062380423 1.0 0.0
0.49417133613238334 1.0 0.0
0.5963623316594643 1.0 0.0
0.7196856730011514 1.0 0.0
0.868511373751352 1.0 0.0
1.0481131341546852 1.0 0.0
1.2648552168552958 1.0 0.0
1.5264179671752318 1.0 0.0
1.8420699693267144 1.0 0.0
2.2229964825261934 1.0 0.0
2.6826957952797246 1.0 0.0
3.2374575428176433 1.0 0.0
3.906939937054613 1.0 0.0
4.714866363457389 1.0 0.0
5.689866029018293 1.0 0.0
6.866488450042998 1.0 0.0
8.286427728546842 1.0 0.0
10.0 1.0 0.0
