0.001 0.2379137477515399 1.47064928861404e-06
0.0012067926406393288 0.27954775089866873 1.6396451225251328e-06
0.0014563484775012444 0.3267810761480764 1.890179326082552e-06
0.0017575106248547913 0.37966766530062607 2.039423451705216e-06
0.0021209508879201904 0.4380038548740773 2.3310906886993563e-06
0.002559547922699536 0.5011335264333238 2.3940452478265197e-06
0.0030888435964774815 0.5679544103808318 2.5984544090872074e-06
0.003727593720314938 0.636788899844517 2.601092676683024e-06
0.004498432668969444 0.7054170135084648 2.5664974817530135e-06
0.005428675439323859 0.7712075434856778 2.4111588951872374e-06
0.006551285568595509 0.8313558663014501 2.130053037235319e-06
0.0079060432109077 0.8832863208278997 1.775610770268303e-06
0.009540954763499945 0.9251452256161423 1.3541182479728973e-06
0.01151395399326447 0.9562055193196355 9.618011144597225e-07
0.013894954943731374 0.9770671540121826 6.000600453398983e-07
0.016768329368110076 0.9894946960902171 3.310477959268162e-07
0.020235896477251564 0.9959051827119813 1.6196118101033195e-07
0.02442053094548651 0.9986862959023576 6.109944940110847e-08
0.029470517025518096 0.9996668410861781 1.8876307708958568e-08
0.03556480306223128 0.9999363919734685 4.392745944014969e-09
0.04291934260128776 0.9999913756160095 6.93535938142568e-10
0.0517947467923121 0.9999992264177625 7.611557926216302e-11
0.0625055192527397 0.9999999578739176 4.95176580544712e-12
0.07543120063354615 0.9999999987426265 1.834401824653955e-13
0.09102981779915217 0.9999999999818511 3.1589555057759125e-15
0.10985411419875583 0.9999999999998912 2.2704869754728066e-17
0.13257113655901082 0.9999999999999998 0.0
0.15998587196060574 1.0 0.0
0.19306977288832497 1.0 0.0
0.2329951810515372 1.0 0.0
0.2811768697974228 1.0 0.0
0.3393221771895326 1.0 0.0
0.4094915062380423 1.0 0.0
0.49417133613238334 1.0 0.0
0.5963623316594643 1.0 0.0
0.7196856730011514 1.0 0.0
0.868511373751352 1.0 0.0
1.0481131341546852 1.0 0.0
1.2648552168552958 1.0 0.0
1.5264179671752318 1.0 0.0
1.8420699693267144 1.0 0.0
2.2229964825261934 1.0 0.0
2.6826957952797246 1.0 0.0
3.2374575428176433 1.0 0.0
3.906939937054613 1.0 0.0
4.714866363457389 1.0 0.0
5.689866029018293 1.0 0.0
6.866488450042998 1.0 0.0
8.286427728546842 1.0 0.0
10.0 1.0 0.0
