0.001 0.23795231648451645 1.4335547293813678e-06
0.0012067926406393288 0.27959337480748575 1.6446910061225922e-06
0.0014563484775012444 0.3268274455070972 1.8870758876678336e-06
0.0017575106248547913 0.37972596796973074 2.1072630422978732e-06
0.0021209508879201904 0.438055553573194 2.2243137340641734e-06
0.002559547922699536 0.5011952660627045 2.4500783943256865e-06
0.0030888435964774815 0.5680186244544722 2.5094992255137665e-06
0.003727593720314938 0.6368543316002445 2.5351936398848854e-06
0.004498432668969444 0.7054865655981998 2.5005461667961542e-06
0.005428675439323859 0.771265276664862 2.3796955594307107e-06
0.006551285568595509 0.8314032928653804 2.088593383914234e-06
0.0079060432109077 0.8833308738872138 1.750813286297607e-06
0.009540954763499945 0.9251837802428102 1.3668016429426564e-06
0.01151395399326447 0.9562315711875992 9.488356941547179e-07
0.013894954943731374 0.9770826009269654 6.103087578950961e-07
0.016768329368110076 0.9895031947869395 3.346112242463635e-07
0.020235896477251564 0.9959092169420201 1.5919379326873593e-07
0.02442053094548651 0.9986878615075339 6.090021993078441e-08
0.029470517025518096 0.9996673397961302 1.8604012222938833e-08
0.03556480306223128 0.9999365113822866 4.295606749896336e-09
0.04291934260128776 0.9999913925776527 7.156097214678257e-10
0.0517947467923121 0.9999992284545951 7.495513571960056e-11
0.0625055192527397 0.9999999579916584 5.0335158205725406e-12
0.07543120063354615 0.999999998747103 1.7929318177816778e-13
0.09102981779915217 0.9999999999819276 3.1006307618625017e-15
0.10985411419875583 0.9999999999998916 2.2662534738947118e-17
0.13257113655901082 0.9999999999999998 0.0
0.15998587196060574 1.0 0.0
0.19306977288832497 1.0 0.0
0.2329951810515372 1.0 0.0
0.2811768697974228 1.0 0.0
0.3393221771895326 1.0 0.0
0.4094915062380423 1.0 0.0
0.49417133613238334 1.0 0.0
0.5963623316594643 1.0 0.0
0.7196856730011514 1.0 0.0
0.868511373751352 1.0 0.0
1.0481131341546852 1.0 0.0
1.2648552168552958 1.0 0.0
1.5264179671752318 1.0 0.0
1.8420699693267144 1.0 0.0
2.2229964825261934 1.0 0.0
2.6826957952797246 1.0 0.0
3.2374575428176433 1.0 0.0
3.906939937054613 1.0 0.0
4.714866363457389 1.0 0.0
5.689866029018293 1.0 0.0
6.866488450042998 1.0 0.0
8.286427728546842 1.0 0.0
10.0 1.0 0.0
