0.001 0.013466635733351743 2.4984849195333157e-07
0.0012067926406393288 0.02184582527316499 3.8457106083457583e-07
0.0014563484775012444 0.0348956371115993 6.05807202625992e-07
0.0017575106248547913 0.0547282058606861 8.822897877190831e-07
0.0021209508879201904 0.08402996203604755 1.3422036424224186e-06
0.002559547922699536 0.12585215978244388 1.8043797874384919e-06
0.0030888435964774815 0.1832064256830557 2.5154326819365876e-06
0.003727593720314938 0.2582180937170734 3.1652363899448047e-06
0.004498432668969444 0.35102493069674856 3.832401090604269e-06
0.005428675439323859 0.45868436222848197 4.303189627671638e-06
0.006551285568595509 0.5745938620941404 4.417456808588443e-06
0.0079060432109077 0.689135411336264 4.1566013679185764e-06
0.009540954763499945 0.7918260104258147 3.4773216934826232e-06
0.01151395399326447 0.874286458199652 2.6384005233988796e-06
0.013894954943731374 0.9327671581290103 1.7186424922446523e-06
0.016768329368110076 0.9688140163744764 9.724120154371013e-07
0.020235896477251564 0.9877657828455682 4.819183339727461e-07
0.02442053094548651 0.9960640630070738 1.8281789019058105e-07
0.029470517025518096 0.9990008562168272 5.65912715701656e-08
0.03556480306223128 0.9998091880586706 1.3176565542919522e-08
0.04291934260128776 0.9999741270711815 2.0805720332437488e-09
0.0517947467923121 0.9999976792550825 2.2834638570032168e-10
0.0625055192527397 0.9999998736217584 1.4855296216573862e-11
0.07543120063354615 0.999999996227879 5.50320547394463e-13
0.09102981779915217 0.9999999999455538 9.476866067893033e-15
0.10985411419875583 0.9999999999996729 6.774596452467167e-17
0.13257113655901082 0.9999999999999997 3.3306690738754695e-18
0.15998587196060574 1.0 0.0
0.19306977288832497 1.0 0.0
0.2329951810515372 1.0 0.0
0.2811768697974228 1.0 0.0
0.3393221771895326 1.0 0.0
0.4094915062380423 1.0 0.0
0.49417133613238334 1.0 0.0
0.5963623316594643 1.0 0.0
0.7196856730011514 1.0 0.0
0.868511373751352 1.0 0.0
1.0481131341546852 1.0 0.0
1.2648552168552958 1.0 0.0
1.5264179671752318 1.0 0.0
1.8420699693267144 1.0 0.0
2.2229964825261934 1.0 0.0
2.6826957952797246 1.0 0.0
3.2374575428176433 1.0 0.0
3.906939937054613 1.0 0.0
4.714866363457389 1.0 0.0
5.689866029018293 1.0 0.0
6.866488450042998 1.0 0.0
8.286427728546842 1.0 0.0
10.0 1.0 0.0
