0.001 0.013470582043926402 2.502348465825973e-07
0.0012067926406393288 0.02185269948484796 3.8475169485439753e-07
0.0014563484775012444 0.03490497365240131 6.064824158740625e-07
0.0017575106248547913 0.05474528317006095 9.160863109185623e-07
0.0021209508879201904 0.08404982578257614 1.3346446673793217e-06
0.002559547922699536 0.1258836892685307 1.8129035423574904e-06
0.0030888435964774815 0.18324537072944833 2.4535232064221053e-06
0.003727593720314938 0.25827114321391237 3.16059108878078e-06
0.004498432668969444 0.35108608069237546 3.745993025072898e-06
0.005428675439323859 0.4587631755601412 4.217933461978653e-06
0.006551285568595509 0.5746540446961008 4.299555754020476e-06
0.0079060432109077 0.6892049833918501 4.157749404867769e-06
0.009540954763499945 0.7918876203076345 3.4163185494511883e-06
0.01151395399326447 0.8743323849504188 2.588875692803295e-06
0.013894954943731374 0.9327957731946593 1.738590516636771e-06
0.016768329368110076 0.9688298134145807 9.856792465759202e-07
0.020235896477251564 0.9877728162333289 4.766170420996141e-07
0.02442053094548651 0.9960671635970794 1.8385512289175133e-07
0.029470517025518096 0.9990018242208858 5.549193483302189e-08
0.03556480306223128 0.9998093847867449 1.2644732201370134e-08
0.04291934260128776 0.9999741618831879 2.1248504343466466e-09
0.0517947467923121 0.9999976831703236 2.2683505422858037e-10
0.0625055192527397 0.9999998738240095 1.499849969989788e-11
0.07543120063354615 0.999999996236769 5.490732220923819e-13
0.09102981779915217 0.9999999999457087 9.586046508564062e-15
0.10985411419875583 0.9999999999996737 6.867121698836623e-17
0.13257113655901082 0.9999999999999997 3.3306690738754695e-18
0.15998587196060574 1.0 0.0
0.19306977288832497 1.0 0.0
0.2329951810515372 1.0 0.0
0.2811768697974228 1.0 0.0
0.3393221771895326 1.0 0.0
0.4094915062380423 1.0 0.0
0.49417133613238334 1.0 0.0
0.5963623316594643 1.0 0.0
0.7196856730011514 1.0 0.0
0.868511373751352 1.0 0.0
1.0481131341546852 1.0 0.0
1.2648552168552958 1.0 0.0
1.5264179671752318 1.0 0.0
1.8420699693267144 1.0 0.0
2.2229964825261934 1.0 0.0
2.6826957952797246 1.0 0.0
3.2374575428176433 1.0 0.0
3.906939937054613 1.0 0.0
4.714866363457389 1.0 0.0
5.689866029018293 1.0 0.0
6.866488450042998 1.0 0.0
8.286427728546842 1.0 0.0
10.0 1.0 0.0
