0.001 0.013473185338629736 2.4351612514498337e-07
0.0012067926406393288 0.02185652326568872 3.8571565619680425e-07
0.0014563484775012444 0.034910493881718706 6.047179831189706e-07
0.0017575106248547913 0.05475342549669751 9.115668051409565e-07
0.0021209508879201904 0.08405971393382586 1.2804877541008324e-06
0.002559547922699536 0.12589868450484204 1.8463705729234955e-06
0.0030888435964774815 0.18326856599363459 2.429046925001618e-06
0.003727593720314938 0.2582976931803115 3.08471623822309e-06
0.004498432668969444 0.35112876396965886 3.733705758861199e-06
0.005428675439323859 0.4587873787950619 4.246658689221852e-06
0.006551285568595509 0.5746922003157657 4.331062317749796e-06
0.0079060432109077 0.6892396944644316 4.098342288595781e-06
0.009540954763499945 0.7919250114945764 3.509827160583025e-06
0.01151395399326447 0.8743579193708146 2.602786744897515e-06
0.013894954943731374 0.9328113988573872 1.7479680740111885e-06
0.016768329368110076 0.9688389798748965 9.828701096217968e-07
0.020235896477251564 0.987777786644078 4.7368217969829286e-07
0.02442053094548651 0.9960687474968719 1.8222149326612893e-07
0.029470517025518096 0.9990023513503904 5.577490718887011e-08
0.03556480306223128 0.9998095462395712 1.2885184135001688e-08
0.04291934260128776 0.9999741779552365 2.1467921977810765e-09
0.0517947467923121 0.9999976853655715 2.2486505996605485e-10
0.0625055192527397 0.9999998739749811 1.5100546264940758e-11
0.07543120063354615 0.99999999624131 5.378795452874368e-13
0.09102981779915217 0.9999999999457834 9.301889021464348e-15
0.10985411419875583 0.9999999999996748 6.792698590801693e-17
0.13257113655901082 0.9999999999999997 3.3306690738754695e-18
0.15998587196060574 1.0 0.0
0.19306977288832497 1.0 0.0
0.2329951810515372 1.0 0.0
0.2811768697974228 1.0 0.0
0.3393221771895326 1.0 0.0
0.4094915062380423 1.0 0.0
0.49417133613238334 1.0 0.0
0.5963623316594643 1.0 0.0
0.7196856730011514 1.0 0.0
0.868511373751352 1.0 0.0
1.0481131341546852 1.0 0.0
1.2648552168552958 1.0 0.0
1.5264179671752318 1.0 0.0
1.8420699693267144 1.0 0.0
2.2229964825261934 1.0 0.0
2.6826957952797246 1.0 0.0
3.2374575428176433 1.0 0.0
3.906939937054613 1.0 0.0
4.714866363457389 1.0 0.0
5.689866029018293 1.0 0.0
6.866488450042998 1.0 0.0
8.286427728546842 1.0 0.0
10.0 1.0 0.0
