0.001 0.21282286123796867 9.084100756415338e-05
0.0012067926406393288 0.2507670827430211 9.93492688658089e-05
0.0014563484775012444 0.29414853586497763 0.00011843420569444898
0.0017575106248547913 0.3432555176785888 0.00013200089942280973
0.0021209508879201904 0.39775976998188123 0.0001645780056064579
0.002559547922699536 0.457945355106247 0.00015391647410941954
0.0030888435964774815 0.5221326878480723 0.00019151152062934083
0.003727593720314938 0.5896703218317253 0.00022693950765976072
0.004498432668969444 0.658667543330133 0.00022251493687396178
0.005428675439323859 0.7265197495142262 0.00022396499329227
0.006551285568595509 0.7908234359588082 0.00023099249023858894
0.0079060432109077 0.8487907614972042 0.00019539883558388117
0.009540954763499945 0.8972747395788662 0.0002167559987699559
0.01151395399326447 0.9354816535238552 0.00022278957453491572
0.013894954943731374 0.963137077425387 0.0002139163157749103
0.016768329368110076 0.9810993891716715 0.00018092794213347383
0.020235896477251564 0.9913469139967036 0.00016601926281340932
0.02442053094548651 0.9967477549368654 0.00010225303242315056
0.029470517025518096 0.9987915608836567 8.968194521300063e-05
0.03556480306223128 0.9995894861713539 6.007490091486771e-05
0.04291934260128776 0.9998102337003533 4.452354768596967e-05
0.0517947467923121 0.9998125027699744 3.898295425839122e-05
0.0625055192527397 0.9999314278516563 1.9032615631033697e-05
0.07543120063354615 0.9999510326379106 1.1896458529609548e-05
0.09102981779915217 0.9999798977915872 5.225368305944252e-06
0.10985411419875583 0.9999930563641014 2.0495083731415835e-06
0.13257113655901082 0.9999971709305641 7.629649347010628e-07
0.15998587196060574 0.9999987241532612 2.581622805300964e-07
0.19306977288832497 0.9999998087151564 4.9256636724995476e-08
0.2329951810515372 0.9999999753260589 7.023475788662228e-09
0.2811768697974228 0.9999999965718538 8.924962905127056e-10
0.3393221771895326 0.9999999997858439 5.622500472242449e-11
0.4094915062380423 0.9999999999912262 2.599910258291257e-12
0.49417133613238334 0.9999999999998322 5.299772156394534e-14
0.5963623316594643 0.9999999999999988 6.847906298425467e-16
0.7196856730011514 1.0 1.4226025447893792e-18
0.868511373751352 1.0 0.0
1.0481131341546852 1.0 0.0
1.2648552168552958 1.0 0.0
1.5264179671752318 1.0 0.0
1.8420699693267144 1.0 0.0
2.2229964825261934 1.0 0.0
2.6826957952797246 1.0 0.0
3.2374575428176433 1.0 0.0
3.906939937054613 1.0 0.0
4.714866363457389 1.0 0.0
5.689866029018293 1.0 0.0
6.866488450042998 1.0 0.0
8.286427728546842 1.0 0.0
10.0 1.0 0.0
