0.001 0.0035157825103624466 0.00013232447213179255
0.0012067926406393288 0.005486751139325313 0.0001981670368724253
0.0014563484775012444 0.008372714839786128 0.0002895109252141563
0.0017575106248547913 0.012572893722005096 0.00041202107045728973
0.0021209508879201904 0.019428773057580104 0.000582070216422903
0.002559547922699536 0.026625222602469457 0.000745464352851285
0.0030888435964774815 0.03857270208935342 0.0009638841432577738
0.003727593720314938 0.053723551392804145 0.0011734024909114862
0.004498432668969444 0.07481674812202309 0.0013778228195571432
0.005428675439323859 0.09997465524768016 0.0015676485225770995
0.006551285568595509 0.13742179499387233 0.0018317626485429592
0.0079060432109077 0.17739921342629977 0.002005474537125645
0.009540954763499945 0.23057039561209905 0.0022003782824747903
0.01151395399326447 0.29462839730392754 0.002444250186337433
0.013894954943731374 0.3696435264722118 0.002668751307136607
0.016768329368110076 0.44252957110354485 0.002839326612719324
0.020235896477251564 0.5279884356166632 0.0029707296640201415
0.02442053094548651 0.6083673410253712 0.0030285608925396134
0.029470517025518096 0.6695134996578513 0.003012456919249544
0.03556480306223128 0.7425297828232813 0.002852323436170423
0.04291934260128776 0.7993036595979278 0.0026472895863216416
0.0517947467923121 0.8407703107459101 0.0024517133465712386
0.0625055192527397 0.8766256287032402 0.002232641199072553
0.07543120063354615 0.9094942350637489 0.001964748645391051
0.09102981779915217 0.9283502551071914 0.0018211492299358624
0.10985411419875583 0.9496152762223475 0.001519723932523889
0.13257113655901082 0.961673613670359 0.0013533393858898
0.15998587196060574 0.9724551644976175 0.0011062800693660143
0.19306977288832497 0.977617669733824 0.0010397202097192687
0.2329951810515372 0.9839523699420967 0.0008985544139407684
0.2811768697974228 0.9878585877012772 0.0007612832927308615
0.3393221771895326 0.9907418745507475 0.0006790563882222276
0.4094915062380423 0.9933627794261148 0.0005612571077636743
0.49417133613238334 0.9953917987135257 0.00046421149469236624
0.5963623316594643 0.9966532786112257 0.000418687031367586
0.7196856730011514 0.9977318247987685 0.00034714891271629315
0.868511373751352 0.9981257304605342 0.0003126546943788178
1.0481131341546852 0.9988512043243861 0.00021810423221108215
1.2648552168552958 0.9988468954308491 0.00023383962617611759
1.5264179671752318 0.9994649947698554 0.00014143012187037187
1.8420699693267144 0.9994358023778744 0.00016825908489206812
2.2229964825261934 0.9996644917996271 0.00012319305236852012
2.6826957952797246 0.9997497384600185 8.935245496158369e-05
3.2374575428176433 0.9998601402126296 8.702747560032181e-05
3.906939937054613 0.9999113372989413 4.119393117145954e-05
4.714866363457389 0.9999085096269202 6.520228839739153e-05
5.689866029018293 0.9999906732392523 6.7011769674477775e-06
6.866488450042998 0.9999962707675444 3.067450448357854e-06
8.286427728546842 0.9999963391268751 2.065430949825881e-06
10.0 0.9999988396081155 6.607251314469322e-07
