0.001 0.0034800281118112695 0.00012946936572776017
0.0012067926406393288 0.005515065229635429 0.0001973535022506196
0.0014563484775012444 0.008248655683021648 0.0002829310532171508
0.0017575106248547913 0.012889056105104399 0.0004164066647182598
0.0021209508879201904 0.01774679319408473 0.0005344181537874324
0.002559547922699536 0.02685949281943856 0.000740747702833014
0.0030888435964774815 0.039334178051359935 0.000958341484465776
0.003727593720314938 0.05480861062624137 0.001186234497349975
0.004498432668969444 0.07810101355956882 0.0014253504053955129
0.005428675439323859 0.09903554224314826 0.0015506847119586482
0.006551285568595509 0.13691861964382818 0.0017863118815053727
0.0079060432109077 0.17879377324987686 0.001964280065795653
0.009540954763499945 0.23649555056080157 0.00221991714935632
0.01151395399326447 0.3009118802396064 0.0024561566938498826
0.013894954943731374 0.37238763121604784 0.0026842791745270533
0.016768329368110076 0.4505924336084862 0.0028895578086098545
0.020235896477251564 0.5291411513329217 0.0029836328556278324
0.02442053094548651 0.6057368067465205 0.0030328785332989078
0.029470517025518096 0.6784825488468945 0.0029629678293771567
0.03556480306223128 0.7505470821978414 0.002811474257777502
0.04291934260128776 0.8029729938356416 0.002618403266271816
0.0517947467923121 0.8451028818463857 0.0024491424851998717
0.0625055192527397 0.8835165229343179 0.002161533928731505
0.07543120063354615 0.9130901693467769 0.0019099272748585138
0.09102981779915217 0.931539534262645 0.0017405048622528424
0.10985411419875583 0.9497919723779338 0.0015069268578374781
0.13257113655901082 0.9622322406458729 0.001325691107091575
0.15998587196060574 0.9723132381065727 0.001134257952701711
0.19306977288832497 0.9801120630437555 0.0009621341065540655
0.2329951810515372 0.9851510535820603 0.0008387790645634282
0.2811768697974228 0.9899652496591538 0.0006751584760382466
0.3393221771895326 0.9919430270271096 0.0006127165410811411
0.4094915062380423 0.9940485539121909 0.0005253366204009356
0.49417133613238334 0.9960188061534236 0.00042230833973588085
0.5963623316594643 0.997164169096616 0.0003600190684656999
0.7196856730011514 0.9974759684492568 0.00034041806995413845
0.868511373751352 0.9983467135911591 0.00029503946182998016
1.0481131341546852 0.9990860672103379 0.00019323230481274736
1.2648552168552958 0.9993989182389349 0.00011712350184893456
1.5264179671752318 0.9994010891869665 0.00017385298583918313
1.8420699693267144 0.999368120742456 0.00018836208090819897
2.2229964825261934 0.9996796032170713 0.00010216085631539018
2.6826957952797246 0.9996265920448777 0.0001508441567613033
3.2374575428176433 0.9998903001520446 4.3120132300541616e-05
3.906939937054613 0.9998925839978858 3.685418530740637e-05
4.714866363457389 0.999936827198319 5.449913802376025e-05
5.689866029018293 0.9998183175496106 8.480162775948143e-05
6.866488450042998 0.9999673335649153 3.087204495511157e-05
8.286427728546842 0.9999570719463727 2.9144254005500783e-05
10.0 0.9999995261462483 2.7100393337981974e-07
