0.001 0.05204097210889257 0.00046426663981132823
0.0012067926406393288 0.07031763269304997 0.0005957936467664163
0.0014563484775012444 0.09518295385238705 0.0007953834024456102
0.0017575106248547913 0.12784324128420876 0.0010171000933871216
0.0021209508879201904 0.16683761070074446 0.0012420655867306709
0.002559547922699536 0.2151083727305374 0.0015031878131413349
0.0030888435964774815 0.2731002276892594 0.001776867003618651
0.003727593720314938 0.3388982485170659 0.002049586122800791
0.004498432668969444 0.41012460630876185 0.0023184807669416182
0.005428675439323859 0.48495983776148804 0.0025151598486407314
0.006551285568595509 0.5635548042733328 0.002647012719407431
0.0079060432109077 0.6395072187809979 0.0026867795333262857
0.009540954763499945 0.7037864496691753 0.002660520026694398
0.01151395399326447 0.7681276194101119 0.0025471585273591562
0.013894954943731374 0.8148768824334612 0.0024145327598687734
0.016768329368110076 0.859890633565871 0.0021949008918627972
0.020235896477251564 0.8900331373956735 0.002037600253007503
0.02442053094548651 0.9185824741121793 0.0017997652798637449
0.029470517025518096 0.9396350583618956 0.0015923812471273402
0.03556480306223128 0.9552673322137849 0.001362431067674875
0.04291934260128776 0.9640061134594187 0.0012683432019316896
0.0517947467923121 0.9751702169789714 0.0010359423528228547
0.0625055192527397 0.980902652980498 0.0009414895217251468
0.07543120063354615 0.9854720957921252 0.0008123732527923672
0.09102981779915217 0.99023433720182 0.0006536860958543249
0.10985411419875583 0.9922410319806207 0.0005916592257883526
0.13257113655901082 0.9943153198430879 0.0004913715673534846
0.15998587196060574 0.995942955800076 0.0004344304647704804
0.19306977288832497 0.9974062138935454 0.00032666338347945906
0.2329951810515372 0.9975718331859736 0.000332701534167013
0.2811768697974228 0.998331750916422 0.00029166107800512447
0.3393221771895326 0.998717290833516 0.00023453053683100282
0.4094915062380423 0.9990189810975295 0.00021967939194256854
0.49417133613238334 0.9991498379152912 0.00020130229071642274
0.5963623316594643 0.9994512863032403 0.00014751982807795571
0.7196856730011514 0.9997224448862536 9.991543905143648e-05
0.868511373751352 0.9994752875215721 0.00015265407423290585
1.0481131341546852 0.9999017585885427 3.676109142447536e-05
1.2648552168552958 0.9998812174660596 5.500956551477615e-05
1.5264179671752318 0.9999132456027968 5.615293752303783e-05
1.8420699693267144 0.999928759084873 4.2285968528907885e-05
2.2229964825261934 0.999958637001394 2.919201148352791e-05
2.6826957952797246 0.9999732635111883 1.851198755112656e-05
3.2374575428176433 0.9999922571558156 7.4190453921605085e-06
3.906939937054613 0.99999625811092 3.673539013101391e-06
4.714866363457389 0.9999968947744475 2.1886417452193436e-06
5.689866029018293 0.9999989244837969 7.601963967054592e-07
6.866488450042998 0.9999997033700352 2.0971362840087986e-07
8.286427728546842 0.9999999378477674 4.3943691297218465e-08
10.0 0.999999981253837 9.371203051163766e-09
