0.001 0.051442698461885664 0.0004580151956793523
0.0012067926406393288 0.06986423106785197 0.0006060476926581137
0.0014563484775012444 0.09231326611975381 0.0007686543375282803
0.0017575106248547913 0.12407198144773265 0.0009875360954561569
0.0021209508879201904 0.16296942596982716 0.0012204554460146656
0.002559547922699536 0.21321712468165024 0.001509460874579866
0.0030888435964774815 0.26649470552026844 0.001762918658391032
0.003727593720314938 0.3335599304237051 0.002034664302352065
0.004498432668969444 0.4060458256654627 0.0022985261147602104
0.005428675439323859 0.4838400830913216 0.002500470842117093
0.006551285568595509 0.5598691742988298 0.0026235550963154826
0.0079060432109077 0.6339719845187374 0.0027067584736456024
0.009540954763499945 0.7014106737624072 0.0026622532802710245
0.01151395399326447 0.7637065921602975 0.002544329975391038
0.013894954943731374 0.8121191184263084 0.0024432314941253016
0.016768329368110076 0.8594790624919386 0.002197244667000209
0.020235896477251564 0.8886009074025342 0.0020454608272101765
0.02442053094548651 0.9183682016272964 0.0017857484347235141
0.029470517025518096 0.9368107300049152 0.0016116905971072962
0.03556480306223128 0.9511020898271785 0.0014402822375570864
0.04291934260128776 0.9649073077267422 0.0012310956195568015
0.0517947467923121 0.972899142391237 0.0010954699610863632
0.0625055192527397 0.980282719794139 0.0009298699204791932
0.07543120063354615 0.9849094129283327 0.0008333529423532201
0.09102981779915217 0.9892402009686548 0.0006959365884127571
0.10985411419875583 0.9911900708921032 0.0006282489550959947
0.13257113655901082 0.9931003903569469 0.0005960562487004152
0.15998587196060574 0.9958655215469032 0.00042878054806123824
0.19306977288832497 0.9968947962186315 0.0003723825775969642
0.2329951810515372 0.9963473040467241 0.0004553250166347762
0.2811768697974228 0.9978468059639656 0.0003076953998127572
0.3393221771895326 0.9985752921401195 0.00027549494338800827
0.4094915062380423 0.9989751929867718 0.00021806023902344213
0.49417133613238334 0.9990682150557615 0.00022238185217582387
0.5963623316594643 0.9992237078937627 0.00021772661989995335
0.7196856730011514 0.9997493922614836 8.243816030599278e-05
0.868511373751352 0.999766400570107 9.11346285202941e-05
1.0481131341546852 0.9998669639537234 7.508665102666325e-05
1.2648552168552958 0.9997230281061898 0.00010838780418111714
1.5264179671752318 0.9999767765134498 1.2291045436980912e-05
1.8420699693267144 0.9998310797953123 7.939932054909763e-05
2.2229964825261934 0.9998968406127259 5.1721107087154514e-05
2.6826957952797246 0.9999365029285598 3.58325180336733e-05
3.2374575428176433 0.9999993849036746 3.5227990530864287e-07
3.906939937054613 0.9999774966137626 1.2884903444147957e-05
4.714866363457389 0.9999925885700697 5.213811629003656e-06
5.689866029018293 0.9999999941636972 2.2050810664910854e-09
6.866488450042998 0.9999989186760804 7.643674706777785e-07
8.286427728546842 0.9999998506909147 1.492870194995644e-07
10.0 0.9999998746899345 6.264244885097226e-08
