0.001 0.12550523509348396 0.0006338890682252694
0.0012067926406393288 0.14779943050391872 0.000739987867010818
0.0014563484775012444 0.17476118762434167 0.0008726721953972568
0.0017575106248547913 0.20674968196744972 0.0010146744622106143
0.0021209508879201904 0.24170814411849748 0.001151282885300857
0.002559547922699536 0.2821793083792977 0.001294626781356978
0.0030888435964774815 0.3275547784725435 0.0014483799234778383
0.003727593720314938 0.3768993508024269 0.0016030288384541584
0.004498432668969444 0.42907518349931245 0.001768107523870757
0.005428675439323859 0.4846339924494019 0.0018982480542637117
0.006551285568595509 0.5439850041936298 0.0020084483908749157
0.0079060432109077 0.6045376037287505 0.0020767937279470025
0.009540954763499945 0.6594805340454631 0.0021141478153653744
0.01151395399326447 0.7177431874836873 0.0021009611128413007
0.013894954943731374 0.7647267116802177 0.002065376080784644
0.016768329368110076 0.8128335749788843 0.0019557370149885676
0.020235896477251564 0.849476927497365 0.0018717026418698006
0.02442053094548651 0.8841568467848294 0.0017121326606290327
0.029470517025518096 0.9119606069504854 0.001554218619431499
0.03556480306223128 0.9336167345452603 0.0013625215334006984
0.04291934260128776 0.9476269175331655 0.0012674976521943931
0.0517947467923121 0.9622573467923187 0.001059747089572371
0.0625055192527397 0.9715354388738721 0.000961537372355729
0.07543120063354615 0.9784203129348158 0.0008377591307012002
0.09102981779915217 0.9847858255145749 0.0006842652622111173
0.10985411419875583 0.9882920192937218 0.0006169167710429192
0.13257113655901082 0.9910791972666643 0.0005234307029710191
0.15998587196060574 0.9937278372738557 0.00045332968459236184
0.19306977288832497 0.9956411501510191 0.00035589517165422865
0.2329951810515372 0.9963140724971976 0.0003512307571122938
0.2811768697974228 0.9974508596255033 0.00029868631049170786
0.3393221771895326 0.9980413759428364 0.00025052014227911276
0.4094915062380423 0.9985039598394183 0.0002264539618203525
0.49417133613238334 0.9987432861761761 0.00020885404245199677
0.5963623316594643 0.999181407061961 0.00016138584636768785
0.7196856730011514 0.9995106826264722 0.00011363040745831012
0.868511373751352 0.99928804265005 0.00016044381923161069
1.0481131341546852 0.9997641571689745 6.209732236342599e-05
1.2648552168552958 0.9997539313531953 7.121518462722704e-05
1.5264179671752318 0.999869741007069 6.299172031088996e-05
1.8420699693267144 0.9998748956467007 5.500113337249461e-05
2.2229964825261934 0.9999378150944369 4.137112774358294e-05
2.6826957952797246 0.9999466071328663 3.235220316788135e-05
3.2374575428176433 0.9999752811708932 1.700222674441771e-05
3.906939937054613 0.9999845766768561 1.1614604265727796e-05
4.714866363457389 0.9999837562741591 1.0431212456821888e-05
5.689866029018293 0.9999912272699673 6.074482281242636e-06
6.866488450042998 0.9999954670851815 3.167886906960519e-06
8.286427728546842 0.9999979533713066 1.44413436543416e-06
10.0 0.9999984158316496 7.91374874411368e-07
