0.001 0.12443141512330518 0.0006356827267015791
0.0012067926406393288 0.14698498013646807 0.0007466058472944507
0.0014563484775012444 0.1717237566173177 0.0008581571732286614
0.0017575106248547913 0.2032450854715045 0.0009967758246239968
0.0021209508879201904 0.23829341667926845 0.0011393071796130224
0.002559547922699536 0.2803835530224627 0.0013022123360812462
0.0030888435964774815 0.3219767150366907 0.0014467809715218028
0.003727593720314938 0.37270712040535603 0.001596356551839625
0.004498432668969444 0.42604798889061385 0.0017565879227108532
0.005428675439323859 0.4838792934597395 0.001886042302444692
0.006551285568595509 0.5415695772807206 0.0019874657250736933
0.0079060432109077 0.6001235831615938 0.0020942450932987812
0.009540954763499945 0.6569318964421347 0.0021119795582042133
0.01151395399326447 0.7131541551081325 0.002096879445263004
0.013894954943731374 0.7622841861650399 0.0020917253274044447
0.016768329368110076 0.811950599003404 0.0019555131057823675
0.020235896477251564 0.8480686200539697 0.0018787482928919522
0.02442053094548651 0.8835443546185557 0.001698277661728773
0.029470517025518096 0.9086581492446818 0.001565601534494261
0.03556480306223128 0.9285371197589162 0.0014266251993725507
0.04291934260128776 0.9479396598739297 0.001240119139328643
0.0517947467923121 0.9598208463890564 0.0011161181202192973
0.0625055192527397 0.9701026612048332 0.0009617380288848927
0.07543120063354615 0.9773628142054266 0.0008590174701253861
0.09102981779915217 0.9836108460543507 0.0007248674702576082
0.10985411419875583 0.9869976601400833 0.0006577912577501136
0.13257113655901082 0.9899596470320171 0.0006069246505279207
0.15998587196060574 0.9933242930184956 0.000454990675218754
0.19306977288832497 0.9951427118598316 0.0003925713297839691
0.2329951810515372 0.9951405349256546 0.0004508121600392521
0.2811768697974228 0.9968069303653134 0.0003276383785789345
0.3393221771895326 0.997787235732308 0.00028351276543251656
0.4094915062380423 0.9984101864109818 0.0002290719842251677
0.49417133613238334 0.9986381736534055 0.0002253916988952564
0.5963623316594643 0.9989789805537317 0.0002105316682462904
0.7196856730011514 0.9995351878047173 0.0001038794881180537
0.868511373751352 0.9995783020488465 0.0001043084332293447
1.0481131341546852 0.999760665613711 8.028342773592002e-05
1.2648552168552958 0.9996134157681771 0.00011541239403178166
1.5264179671752318 0.9999152642581461 2.9301240353365567e-05
1.8420699693267144 0.9997793332926013 8.818059788889844e-05
2.2229964825261934 0.9998193221503819 6.63659578343747e-05
2.6826957952797246 0.9998990347827102 5.1171475900216365e-05
3.2374575428176433 0.9999913434778498 4.567117912830645e-06
3.906939937054613 0.9999444565658548 2.9036207135826098e-05
4.714866363457389 0.999974336219526 1.635452285268264e-05
5.689866029018293 0.9999988299663599 4.411610807607238e-07
6.866488450042998 0.9999912057966621 6.091118436157939e-06
8.286427728546842 0.9999976982365241 2.2476977864425526e-06
10.0 0.9999958957853019 2.0503824327118707e-06
