0.001 0.0036603811999795914 7.470055617625707e-05
0.0012067926406393288 0.005669978027572733 9.770846710011365e-05
0.0014563484775012444 0.009446123735972086 0.00016131810785869106
0.0017575106248547913 0.015165877253369098 0.00022991465469157855
0.0021209508879201904 0.02338092567047363 0.00030387633325329607
0.002559547922699536 0.0356307454323031 0.0004448064733873845
0.0030888435964774815 0.05500224339179241 0.0006341946685616723
0.003727593720314938 0.07948303796601204 0.0008339041236756966
0.004498432668969444 0.11591167757544894 0.0011115556398417767
0.005428675439323859 0.16226856735386855 0.0014244125217851916
0.006551285568595509 0.21948100397649442 0.001776166532239278
0.0079060432109077 0.2865547724828864 0.002100985287764163
0.009540954763499945 0.36523630980800553 0.002446822623847872
0.01151395399326447 0.4518754499726716 0.0026892350823652816
0.013894954943731374 0.5362212324578097 0.0028553792554810607
0.016768329368110076 0.6169292953770515 0.0029614287487332125
0.020235896477251564 0.6867456060803967 0.00291642984210054
0.02442053094548651 0.758932685328665 0.0027536568724771467
0.029470517025518096 0.8070454770985613 0.002603708487708073
0.03556480306223128 0.8565567819375121 0.0023410200730440635
0.04291934260128776 0.8872746850631423 0.0021738003770940453
0.0517947467923121 0.9151984973700155 0.0019172845781370669
0.0625055192527397 0.9351463763110365 0.001710112991623681
0.07543120063354615 0.9492239453430246 0.0015778892375802878
0.09102981779915217 0.9617702772506236 0.0013802634209051153
0.10985411419875583 0.9737539700981821 0.0011314136888350237
0.13257113655901082 0.9776054799202855 0.0010676540177090332
0.15998587196060574 0.9852018381389418 0.0008456032720805081
0.19306977288832497 0.9892548768070597 0.0007407741107111495
0.2329951810515372 0.9924401995572111 0.0006104184811413172
0.2811768697974228 0.9931300271312526 0.0005788333127264383
0.3393221771895326 0.9951524107770496 0.0005189420593687125
0.4094915062380423 0.9965918273594261 0.0004158033188817573
0.49417133613238334 0.9975764552518569 0.0003280293459911232
0.5963623316594643 0.9981601617565342 0.00031312901571713424
0.7196856730011514 0.9987557581659013 0.0002514097897372721
0.868511373751352 0.9985261028013911 0.0002861044503175491
1.0481131341546852 0.9990711491366917 0.00021251373608684065
1.2648552168552958 0.9993596444751959 0.00017328811640129668
1.5264179671752318 0.9991569739090704 0.00023112687112872805
1.8420699693267144 0.9998151523897013 8.868365237287633e-05
2.2229964825261934 0.9995919806852042 0.00015016645821169257
2.6826957952797246 0.99983641488396 8.988814989827815e-05
3.2374575428176433 0.9998619150860916 7.391456488377911e-05
3.906939937054613 0.9997887243556038 8.853281599185126e-05
4.714866363457389 0.9999347757521211 4.009362254007864e-05
5.689866029018293 0.9999441848887327 3.1956148379959114e-05
6.866488450042998 0.999967043511569 1.8731509712155432e-05
8.286427728546842 0.9999887301902177 7.899182689920426e-06
10.0 0.9999950178464238 3.5169323835512613e-06
