0.001 0.0036340902615922465 6.654683317487364e-05
0.0012067926406393288 0.005821921789247366 9.329122654813636e-05
0.0014563484775012444 0.00964408353290401 0.00016045006043803652
0.0017575106248547913 0.015639989812294017 0.0002437827420292378
0.0021209508879201904 0.024097219279240273 0.00032875482899266743
0.002559547922699536 0.03702443429596043 0.0004680435615125788
0.0030888435964774815 0.05585515154667088 0.0006348159761731188
0.003727593720314938 0.08217607854813877 0.0008463278099808498
0.004498432668969444 0.11798902972759766 0.0011185145158326246
0.005428675439323859 0.16387542620816592 0.0014386484601065048
0.006551285568595509 0.22261009912676932 0.0017724783458450103
0.0079060432109077 0.293141044919251 0.0021321164838652372
0.009540954763499945 0.36752295212095953 0.002455031010628731
0.01151395399326447 0.4548796790288796 0.0027007089891801094
0.013894954943731374 0.5337586494452876 0.002867341981028934
0.016768329368110076 0.6184759232134406 0.0029188545219943573
0.020235896477251564 0.6899490685214444 0.002910948440205759
0.02442053094548651 0.7572797312325389 0.002764570169133549
0.029470517025518096 0.8139246265181121 0.0025670188168197346
0.03556480306223128 0.8576736183622489 0.00235168891599328
0.04291934260128776 0.8890903599951786 0.002174477946667618
0.0517947467923121 0.91816965210206 0.0018815462861082582
0.0625055192527397 0.9392386487680733 0.00167391828091549
0.07543120063354615 0.9537510206652301 0.0014911084352506282
0.09102981779915217 0.966610798836757 0.0012485033050725098
0.10985411419875583 0.9746699516450932 0.0011159725080716859
0.13257113655901082 0.9803089984727507 0.0009732703750651696
0.15998587196060574 0.9863536610034135 0.0008152049094538878
0.19306977288832497 0.9901487634623949 0.0006702922740664224
0.2329951810515372 0.9920271256620652 0.0006359481848173833
0.2811768697974228 0.9945346532743994 0.0005200454524404691
0.3393221771895326 0.99571264184936 0.00046765995963483556
0.4094915062380423 0.9967749671260956 0.00040065280753661926
0.49417133613238334 0.9973116087310633 0.0003752934820788808
0.5963623316594643 0.9982102640469771 0.0003100595789292267
0.7196856730011514 0.9988648626260148 0.00022592225378291274
0.868511373751352 0.9985133778012106 0.00029685699348104414
1.0481131341546852 0.9993995168070838 0.00014769182959096367
1.2648552168552958 0.9993973501890469 0.0001552558983256657
1.5264179671752318 0.9997121450233324 0.0001235806819546878
1.8420699693267144 0.9997057077443986 0.00011864882393452677
2.2229964825261934 0.9998598061362193 9.141847323141057e-05
2.6826957952797246 0.9998688938949494 7.706877961001289e-05
3.2374575428176433 0.9999340519870168 4.3269650827423525e-05
3.906939937054613 0.9999576248174104 3.105008909747086e-05
4.714866363457389 0.9999544539839413 2.905187345862178e-05
5.689866029018293 0.999974773173469 1.7452162018307436e-05
6.866488450042998 0.9999867001339596 9.292364605903383e-06
8.286427728546842 0.9999939224791796 4.288308876428377e-06
10.0 0.9999952662659076 2.3647410266027744e-06
