0.001 0.0036209340423236504 7.21166958809078e-05
0.0012067926406393288 0.005955121660997442 0.00010382789342277849
0.0014563484775012444 0.009504554145717908 0.0001609777056833732
0.0017575106248547913 0.015177443086195811 0.00022891560286813584
0.0021209508879201904 0.02395556722188975 0.0003288285238866532
0.002559547922699536 0.03678785434085953 0.0004595752456592927
0.0030888435964774815 0.05699158257471471 0.0006732365954139899
0.003727593720314938 0.08216555219287403 0.0008567426509804355
0.004498432668969444 0.11727899518353033 0.0011054861335419637
0.005428675439323859 0.16298325975170833 0.001448204530348707
0.006551285568595509 0.21834229443820813 0.0017662147668616962
0.0079060432109077 0.2884360955625406 0.002127713693269616
0.009540954763499945 0.36770500370431947 0.002446657739703266
0.01151395399326447 0.450949355479228 0.00268815684677169
0.013894954943731374 0.5410740665378472 0.0028352647772446294
0.016768329368110076 0.6192432234087873 0.002925529403559676
0.020235896477251564 0.6888686142383995 0.0028911937734891454
0.02442053094548651 0.7565750717734949 0.0027634880714619485
0.029470517025518096 0.8047015506907778 0.002644702700148144
0.03556480306223128 0.8560168712041081 0.0023421294726371487
0.04291934260128776 0.8910708421090896 0.0021337051729381413
0.0517947467923121 0.9152711724654957 0.0019127946676983623
0.0625055192527397 0.9362759788518288 0.0016960601833715713
0.07543120063354615 0.9523210850620886 0.0015046286104396741
0.09102981779915217 0.9664259151179111 0.0012534221106403267
0.10985411419875583 0.9737071355892735 0.00113161865323112
0.13257113655901082 0.9804687632474725 0.0009823376907524078
0.15998587196060574 0.9865821842722311 0.0007927536815356928
0.19306977288832497 0.9884455501609929 0.0007610685383360519
0.2329951810515372 0.9924261869943736 0.0006096371765693913
0.2811768697974228 0.9935967438477142 0.0005777808766898564
0.3393221771895326 0.9957858256952448 0.000450275867661522
0.4094915062380423 0.996490416496465 0.00041976061523239035
0.49417133613238334 0.9980102808079937 0.000298206250045277
0.5963623316594643 0.997688553253739 0.0003445859985075951
0.7196856730011514 0.9987818554270464 0.0002341154593476501
0.868511373751352 0.9991622897590081 0.00019882391028078612
1.0481131341546852 0.9991128907073275 0.00021727557744874774
1.2648552168552958 0.9991864141055643 0.00019887425035829926
1.5264179671752318 0.9993735028419868 0.0002009623086577916
1.8420699693267144 0.9996474759394447 0.0001319233422463483
2.2229964825261934 0.999721306644592 0.00012530621800974233
2.6826957952797246 0.9998109889778017 8.812585540053593e-05
3.2374575428176433 0.9999080148970851 5.081404701747747e-05
3.906939937054613 0.9998392295480302 7.359108059935284e-05
4.714866363457389 0.9999711532248748 2.5758613254421443e-05
5.689866029018293 0.9999502383054804 2.8354211149318912e-05
6.866488450042998 0.999962636967867 1.8639267811152946e-05
8.286427728546842 0.9999859852438389 8.058575615462206e-06
10.0 0.9999960171479046 2.814792095540092e-06
