0.001 0.05138143624932816 0.0004827162695887602
0.0012067926406393288 0.06873102341567483 0.0005947205805888705
0.0014563484775012444 0.093746423486907 0.0007898047482015904
0.0017575106248547913 0.12588180711630081 0.0009972538422548143
0.0021209508879201904 0.16460161812285193 0.0012191645220557493
0.002559547922699536 0.21014986636335967 0.0014867242406727988
0.0030888435964774815 0.2702928785541739 0.0017702422970694359
0.003727593720314938 0.330711870449273 0.002058763323153741
0.004498432668969444 0.407019711298915 0.0022869256596846892
0.005428675439323859 0.48240417870067304 0.0025160221070196585
0.006551285568595509 0.5582972580834388 0.0026549479735646668
0.0079060432109077 0.6337922950662279 0.002669929406251385
0.009540954763499945 0.7015828285750118 0.0026735402578981116
0.01151395399326447 0.7665913675622452 0.002541411624535145
0.013894954943731374 0.8187132724971469 0.0023492606484023407
0.016768329368110076 0.8566414714400343 0.002231128099759337
0.020235896477251564 0.8888460471204739 0.0020386878953111316
0.02442053094548651 0.9194305785083258 0.0017929042444695302
0.029470517025518096 0.9372052277996936 0.0016020871239449007
0.03556480306223128 0.9554600776547528 0.0013604259941206371
0.04291934260128776 0.9640308832986697 0.0012599217372521317
0.0517947467923121 0.9742516262175511 0.0010428449201192438
0.0625055192527397 0.9803611425676747 0.00091862244612282
0.07543120063354615 0.9832851389182801 0.0008914300007713173
0.09102981779915217 0.9875776413391033 0.0007663406472652158
0.10985411419875583 0.9920374306695321 0.0005973258959779864
0.13257113655901082 0.9930848737001972 0.000543856292416528
0.15998587196060574 0.9958128034670499 0.0004121765419176969
0.19306977288832497 0.9966275994085345 0.000399717488278221
0.2329951810515372 0.9978216494408593 0.000301510197542631
0.2811768697974228 0.9980527806189997 0.000289461779993622
0.3393221771895326 0.9983290013084268 0.0002879706981620597
0.4094915062380423 0.9989369044366986 0.000229688363967495
0.49417133613238334 0.9994577041044517 0.0001175140215632925
0.5963623316594643 0.9994008384140141 0.0001707571325871627
0.7196856730011514 0.9996082854377033 0.00014013019803392485
0.868511373751352 0.9995272965259449 0.00013838258795110953
1.0481131341546852 0.9997430230018733 0.00010264750103887175
1.2648552168552958 0.9998283103557786 8.389356269188761e-05
1.5264179671752318 0.9996796775988475 0.00011675653348881022
1.8420699693267144 0.9999571725677472 3.745918838927095e-05
2.2229964825261934 0.9998830297395914 5.5134092586628906e-05
2.6826957952797246 0.9999612469279707 2.656317755636954e-05
3.2374575428176433 0.9999759550395804 1.64436545316849e-05
3.906939937054613 0.9999678466587486 1.4315703138872431e-05
4.714866363457389 0.9999938349650122 4.3334831824868045e-06
5.689866029018293 0.9999962814688832 2.1462648860746918e-06
6.866488450042998 0.9999987700190375 7.099237986502169e-07
8.286427728546842 0.9999997866279049 1.50857290368197e-07
10.0 0.9999999582997933 2.9483500379597356e-08
