0.001 0.12482452577561735 0.0006416964229172347
0.0012067926406393288 0.14826612815784018 0.0007422238615536301
0.0014563484775012444 0.17561587661230751 0.0008672340096387219
0.0017575106248547913 0.20689734519858208 0.0010148134692688692
0.0021209508879201904 0.24105324016985719 0.001159763079739215
0.002559547922699536 0.27933434946692587 0.0012957244545786786
0.0030888435964774815 0.32680939790392405 0.0014644489987357056
0.003727593720314938 0.3791983179694996 0.001615639925163077
0.004498432668969444 0.427514521079134 0.0017687846533752164
0.005428675439323859 0.48234371718715274 0.0018953908010602765
0.006551285568595509 0.5472597233045815 0.0020017350552024105
0.0079060432109077 0.5995897436175021 0.002113452226760318
0.009540954763499945 0.6658018808328223 0.002100978105543847
0.01151395399326447 0.7201265264436605 0.0021098121116426053
0.013894954943731374 0.7665881846838238 0.0020631541630660756
0.016768329368110076 0.8131567721432224 0.001961535283929678
0.020235896477251564 0.8518119776520618 0.0018261935795134607
0.02442053094548651 0.8830888706958211 0.0017474432205015602
0.029470517025518096 0.9126408924456105 0.0015328656196472517
0.03556480306223128 0.9313003546175749 0.0014119168343675586
0.04291934260128776 0.94779566494678 0.0012464919429990048
0.0517947467923121 0.9608463145752074 0.0010947568983249996
0.0625055192527397 0.9732980278777165 0.0008751140008421973
0.07543120063354615 0.9795751735371782 0.0007863661735726142
0.09102981779915217 0.9829064850045998 0.0007376427183197924
0.10985411419875583 0.9890522856503218 0.0005842125274743126
0.13257113655901082 0.9913843180571265 0.0005099663388996743
0.15998587196060574 0.9925458364544687 0.0004984674357130947
0.19306977288832497 0.9952720101730909 0.00039902907984822397
0.2329951810515372 0.996260204526048 0.0003598405391616185
0.2811768697974228 0.9971516156641886 0.00032405297997818564
0.3393221771895326 0.99793609491796 0.000248295112302943
0.4094915062380423 0.9989428175132945 0.00017912856132366962
0.49417133613238334 0.9988400712624916 0.00019172105474744839
0.5963623316594643 0.9992708111398834 0.00014238301055012742
0.7196856730011514 0.9994242513755828 0.00013255290515416763
0.868511373751352 0.999613882158341 0.00011025038402763024
1.0481131341546852 0.999754814522011 7.56929090567125e-05
1.2648552168552958 0.9997035731872175 9.612452442371768e-05
1.5264179671752318 0.9998514267850537 6.5732492484258e-05
1.8420699693267144 0.9998055619589015 7.455398381701356e-05
2.2229964825261934 0.9999326450672575 3.2263090049484504e-05
2.6826957952797246 0.9999215454321168 3.9614300535126865e-05
3.2374575428176433 0.9999098032543956 3.7403003861030345e-05
3.906939937054613 0.9999876829673625 1.1532874657590908e-05
4.714866363457389 0.9999846036868677 1.0422461340993967e-05
5.689866029018293 0.9999868089887224 7.439420235871589e-06
6.866488450042998 0.9999977336601799 2.2401489812669383e-06
8.286427728546842 0.9999969280096087 1.7686081828631828e-06
10.0 0.9999980207260618 8.847397807474173e-07
