0.001 0.1251143167236818 0.0006305870258293622
0.0012067926406393288 0.1482263879516357 0.0007495834599108585
0.0014563484775012444 0.17529437033706605 0.0008680569574340695
0.0017575106248547913 0.2069007641383455 0.00099757273849843
0.0021209508879201904 0.237715979795304 0.0011318081183570921
0.002559547922699536 0.28417011002630144 0.0012929122046034353
0.0030888435964774815 0.32652197314443393 0.001455767473800515
0.003727593720314938 0.3765545622909609 0.0016320917653461261
0.004498432668969444 0.4290325568284827 0.0017476792162172997
0.005428675439323859 0.4873555444215876 0.0018830725419576439
0.006551285568595509 0.5422645063423981 0.0020111461028893885
0.0079060432109077 0.6038905554577155 0.0020735181618788665
0.009540954763499945 0.6611707308212452 0.0021009647529817536
0.01151395399326447 0.7160726373327346 0.0020944583842661658
0.013894954943731374 0.7641689519260283 0.0020807307660799163
0.016768329368110076 0.8107311904717664 0.0019797427167728096
0.020235896477251564 0.8506788060227304 0.0018456785053545426
0.02442053094548651 0.885556511147457 0.0016797567947875653
0.029470517025518096 0.9117621796585433 0.0015013803771072053
0.03556480306223128 0.9322521854133625 0.0013796478230044176
0.04291934260128776 0.9482939358324187 0.0012368252088614119
0.0517947467923121 0.9611937885824289 0.001080448401598643
0.0625055192527397 0.9708992664659376 0.0009594198052273715
0.07543120063354615 0.9793023423762656 0.0007694090903690348
0.09102981779915217 0.9840066749494741 0.0007225826710333641
0.10985411419875583 0.9867262806184596 0.0006782338522800438
0.13257113655901082 0.9915155972289816 0.0005005439495613476
0.15998587196060574 0.9928345065560094 0.000494509582069622
0.19306977288832497 0.9949266796508897 0.00040212303750222685
0.2329951810515372 0.9961186472213065 0.000356913528160557
0.2811768697974228 0.9974042637962098 0.0002957495940677216
0.3393221771895326 0.9976804608633479 0.00028594003901662976
0.4094915062380423 0.9986635415766952 0.00019562495942332178
0.49417133613238334 0.9985456892744913 0.00023843327452271454
0.5963623316594643 0.9992747775895998 0.00014296824890046354
0.7196856730011514 0.9996155444496948 8.124908667498569e-05
0.868511373751352 0.9995936761645112 0.00012554135270387854
1.0481131341546852 0.9997282133109531 9.288289133957726e-05
1.2648552168552958 0.9997760210194346 9.093035753698098e-05
1.5264179671752318 0.9997966324331552 8.213875539746593e-05
1.8420699693267144 0.9998460823275332 6.752554538445085e-05
2.2229964825261934 0.9998560633311677 5.6305453514075175e-05
2.6826957952797246 0.9999287595572841 3.5555065034093766e-05
3.2374575428176433 0.9999741354256321 1.856331885265715e-05
3.906939937054613 0.9999975124453249 1.302061562744681e-06
4.714866363457389 0.9999815243497695 1.1879406403659275e-05
5.689866029018293 0.9999995900977807 1.7985888264401156e-07
6.866488450042998 0.9999999628286973 2.6066217355476524e-08
8.286427728546842 0.9999974180141066 1.8145414313698063e-06
10.0 0.9999994768609446 5.212909214197032e-07
