0.001 0.003654317690815047 7.076588261850677e-05
0.0012067926406393288 0.00590679447042329 9.95099439556669e-05
0.0014563484775012444 0.009688904734581671 0.00016204861835870742
0.0017575106248547913 0.015657562606327287 0.00024621038372172287
0.0021209508879201904 0.02420681389294286 0.0003479024744334044
0.002559547922699536 0.03612971316513282 0.00044628422146343084
0.0030888435964774815 0.05607319308827747 0.0006422280433636458
0.003727593720314938 0.0838278050423254 0.0008681316866583558
0.004498432668969444 0.11718449686155524 0.001128228236157848
0.005428675439323859 0.16191757225096312 0.0014251606478031945
0.006551285568595509 0.22567008121508844 0.0018004175879034123
0.0079060432109077 0.2897638579133659 0.0021434802569201584
0.009540954763499945 0.3751965269058199 0.002448960480412777
0.01151395399326447 0.4593536880435223 0.002712585787983406
0.013894954943731374 0.5368601103566022 0.0028638294372153915
0.016768329368110076 0.619646142771556 0.0029281597379282676
0.020235896477251564 0.6918651521858183 0.0028821197060737475
0.02442053094548651 0.7573833145555645 0.0027979415710546853
0.029470517025518096 0.8144558420288976 0.00256204552494973
0.03556480306223128 0.8545074558954983 0.002399439711674465
0.04291934260128776 0.8885032883019464 0.002167830121655673
0.0517947467923121 0.9158269472241698 0.0019195085930763067
0.0625055192527397 0.940867528693653 0.001608364794176195
0.07543120063354615 0.9551632839116941 0.0014296131076684748
0.09102981779915217 0.9630110091715187 0.0013428968107053515
0.10985411419875583 0.9759279218918032 0.0010649290662368951
0.13257113655901082 0.9808250441746457 0.0009491355528496179
0.15998587196060574 0.9839336408201234 0.0009053514760145175
0.19306977288832497 0.9897819932854349 0.0007108988006812706
0.2329951810515372 0.9920220519207807 0.0006484140175341556
0.2811768697974228 0.9940568727644858 0.0005734116443624454
0.3393221771895326 0.9953653042842969 0.0004681069092354524
0.4094915062380423 0.9976411684823797 0.0003387035827093491
0.49417133613238334 0.9974526286377999 0.0003606533466893664
0.5963623316594643 0.9983284908165915 0.0002721930892022163
0.7196856730011514 0.9987151380099507 0.0002478846268505397
0.868511373751352 0.9991477132704926 0.00020481108128909224
1.0481131341546852 0.9994134474599654 0.0001537084133072558
1.2648552168552958 0.9993483284130074 0.00018614149106219863
1.5264179671752318 0.9996672949929485 0.00013280238528612192
1.8420699693267144 0.9995644363951329 0.0001564582737542804
2.2229964825261934 0.9998265756267242 7.530376779116354e-05
2.6826957952797246 0.9998082295519815 9.435928795546122e-05
3.2374575428176433 0.9997690822919265 9.46422377125602e-05
3.906939937054613 0.9999668867924982 3.0777972698861676e-05
4.714866363457389 0.9999569906708295 2.902368705415661e-05
5.689866029018293 0.999962064066321 2.1373696647277927e-05
6.866488450042998 0.9999933504197468 6.571030555723786e-06
8.286427728546842 0.9999908775768434 5.251823116389237e-06
10.0 0.9999940856418774 2.643728685667405e-06
