0.001 0.0035648043088409324 6.411222359165138e-05
0.0012067926406393288 0.005836065412864842 0.00010112058764738841
0.0014563484775012444 0.009123445829725836 0.00014564325568515714
0.0017575106248547913 0.014830287096935155 0.00022806632946146532
0.0021209508879201904 0.023161228406872316 0.00031463350647228065
0.002559547922699536 0.036750197391057796 0.0004767248406302339
0.0030888435964774815 0.05365378247195683 0.0006055259454102844
0.003727593720314938 0.0798112447984458 0.0008184689807139065
0.004498432668969444 0.11553643737707803 0.0010971937299796273
0.005428675439323859 0.16264604791214743 0.0014249396815748535
0.006551285568595509 0.21926212352975336 0.001765229949888526
0.0079060432109077 0.2890244180027873 0.0021296269442739294
0.009540954763499945 0.3635408027774728 0.002422359893685071
0.01151395399326447 0.44698352846134004 0.002672591983885195
0.013894954943731374 0.53118593418237 0.002878024221160841
0.016768329368110076 0.6165166041903096 0.0029052733850496028
0.020235896477251564 0.6874755499997656 0.002924441255612321
0.02442053094548651 0.7550540442987361 0.0027638282377775935
0.029470517025518096 0.8068507057528596 0.0026113180021823485
0.03556480306223128 0.8482496211339582 0.0024235368909081203
0.04291934260128776 0.8884991764754193 0.002155392323985521
0.0517947467923121 0.9141203094231157 0.0019496330481364424
0.0625055192527397 0.9353815005610306 0.0017099941695027235
0.07543120063354615 0.95147106463287 0.0015124576376701643
0.09102981779915217 0.964496836970871 0.0013006920447623518
0.10985411419875583 0.9721418763185345 0.001187383008118724
0.13257113655901082 0.979005321920437 0.001033114217099613
0.15998587196060574 0.9852122135956292 0.0008309171556466946
0.19306977288832497 0.989327811076819 0.0007203967827576296
0.2329951810515372 0.9903318484094038 0.0007421620830363942
0.2811768697974228 0.9931228852612628 0.0006022798043199723
0.3393221771895326 0.9952870979378687 0.0004780352794172989
0.4094915062380423 0.9965338636097844 0.0004145476911460592
0.49417133613238334 0.9971452165577963 0.0003868362727433518
0.5963623316594643 0.9979915051853971 0.0003385915646929133
0.7196856730011514 0.9988930555797506 0.0002212227355787006
0.868511373751352 0.9990151763438706 0.00020932602311036854
1.0481131341546852 0.9994452822172294 0.00015228470994462832
1.2648552168552958 0.9991787577329307 0.0002175412717396799
1.5264179671752318 0.999770293728226 7.569660755675866e-05
1.8420699693267144 0.9995391702885016 0.00017112522434933766
2.2229964825261934 0.9995756617169002 0.00014197544410253371
2.6826957952797246 0.9997681459740004 0.00011369276944123456
3.2374575428176433 0.9999746509726057 1.3347114323845608e-05
3.906939937054613 0.9998572725381651 7.346681872087905e-05
4.714866363457389 0.9999307274177536 4.36454991319063e-05
5.689866029018293 0.9999964957386314 1.3212769639440757e-06
6.866488450042998 0.9999747146938102 1.7497773908441142e-05
8.286427728546842 0.9999932451542421 6.5926781590942795e-06
10.0 0.9999878130972276 6.088289290400134e-06
