0.001 0.11671427103532296 7.634831975110422e-05
0.0012067926406393288 0.15736398766019058 9.867531304310752e-05
0.0014563484775012444 0.20898921377459487 0.00012835919339966437
0.0017575106248547913 0.2727265950057549 0.0001731572851565935
0.0021209508879201904 0.3489451473533665 0.00021150146290008467
0.002559547922699536 0.43712941164016156 0.0002377646941718524
0.0030888435964774815 0.533774363843076 0.0002454408402388144
0.003727593720314938 0.6334642063164014 0.00029305969582766895
0.004498432668969444 0.7305032122542233 0.00028398245354346093
0.005428675439323859 0.8160237693610952 0.0003513901710270287
0.006551285568595509 0.8864942954911444 0.0003226542397810488
0.0079060432109077 0.9374504931854925 0.0003044522195483025
0.009540954763499945 0.9699950244678252 0.0002489788064478857
0.01151395399326447 0.9871873221294001 0.00025978753346813895
0.013894954943731374 0.995110780498922 0.00023453408823461138
0.016768329368110076 0.9984080499892337 0.00016200602381066323
0.020235896477251564 0.9993600004696859 0.00012055127103866762
0.02442053094548651 0.9996764891274301 8.254013561540892e-05
0.029470517025518096 0.9997869078745314 5.634767915853227e-05
0.03556480306223128 0.9998907767563685 3.137677029762548e-05
0.04291934260128776 0.999941973135668 1.6092254275266053e-05
0.0517947467923121 0.9999595834244025 9.333714165807865e-06
0.0625055192527397 0.9999902974905017 2.7000814218187726e-06
0.07543120063354615 0.9999957793232986 1.029156870028216e-06
0.09102981779915217 0.9999988742358653 2.6694833343100984e-07
0.10985411419875583 0.999999852152779 3.9869289584364544e-08
0.13257113655901082 0.9999999816928355 5.02807230436996e-09
0.15998587196060574 0.9999999982063957 4.4527101560942395e-10
0.19306977288832497 0.9999999999219881 2.1273402771699412e-11
0.2329951810515372 0.999999999997548 6.824388913363809e-13
0.2811768697974228 0.9999999999999709 1.013738110509607e-14
0.3393221771895326 1.0 2.567599997955267e-17
0.4094915062380423 1.0 1.0877919644084146e-19
0.49417133613238334 1.0 4.4408920985006264e-20
0.5963623316594643 1.0 4.4408920985006264e-20
0.7196856730011514 1.0 5.438959822042073e-20
0.868511373751352 1.0 0.0
1.0481131341546852 1.0 0.0
1.2648552168552958 1.0 0.0
1.5264179671752318 1.0 0.0
1.8420699693267144 1.0 0.0
2.2229964825261934 1.0 0.0
2.6826957952797246 1.0 0.0
3.2374575428176433 1.0 0.0
3.906939937054613 1.0 0.0
4.714866363457389 1.0 0.0
5.689866029018293 1.0 0.0
6.866488450042998 1.0 0.0
8.286427728546842 1.0 0.0
10.0 1.0 0.0
