0.001 0.21318080040845572 9.759916442131293e-05
0.0012067926406393288 0.25107740280863855 0.00011048196052960712
0.0014563484775012444 0.2945287240940972 0.00012851013054568773
0.0017575106248547913 0.3436683633033348 0.00014724198886925902
0.0021209508879201904 0.39852409708269304 0.0001472444157194871
0.002559547922699536 0.45799366824426396 0.00020575667417927033
0.0030888435964774815 0.5227246891224712 0.00018323252144344915
0.003727593720314938 0.5908150283019008 0.00016613928030762476
0.004498432668969444 0.6595625117220512 0.00020656916155030355
0.005428675439323859 0.7270891114224629 0.00022208680327756182
0.006551285568595509 0.7910224571116056 0.00025440593214509416
0.0079060432109077 0.8491329498623567 0.00022489515383443957
0.009540954763499945 0.8972835407159344 0.00026200917674046716
0.01151395399326447 0.9359674922473789 0.0001954129653287364
0.013894954943731374 0.9631421749769515 0.0002258135508748286
0.016768329368110076 0.9812139510702973 0.00018773535301163058
0.020235896477251564 0.9913107048930276 0.00017475046339815258
0.02442053094548651 0.9965602847881019 0.0001305268904552657
0.029470517025518096 0.9986099953502459 0.00011211768453277173
0.03556480306223128 0.9992335069717833 0.00010087031254593256
0.04291934260128776 0.9997593790215793 5.0858339793076556e-05
0.0517947467923121 0.9998062942217417 4.002742821901805e-05
0.0625055192527397 0.9999290027957439 1.8816867500808476e-05
0.07543120063354615 0.9999533150804284 1.1413904961109502e-05
0.09102981779915217 0.9999758078003331 5.532366926501093e-06
0.10985411419875583 0.9999904949688536 2.251080493548287e-06
0.13257113655901082 0.9999967001171229 7.629205456046779e-07
0.15998587196060574 0.9999993626036632 1.8019425054047943e-07
0.19306977288832497 0.9999999010524451 3.529992594448866e-08
0.2329951810515372 0.9999999755298924 6.7205538726158205e-09
0.2811768697974228 0.9999999970511774 7.67717474482005e-10
0.3393221771895326 0.9999999998128233 5.2231344265538635e-11
0.4094915062380423 0.9999999999914718 1.984194029586617e-12
0.49417133613238334 0.9999999999999236 2.2639523017605724e-14
0.5963623316594643 0.9999999999999989 6.069739392493367e-16
0.7196856730011514 1.0 1.1484772899073015e-18
0.868511373751352 1.0 0.0
1.0481131341546852 1.0 0.0
1.2648552168552958 1.0 0.0
1.5264179671752318 1.0 0.0
1.8420699693267144 1.0 0.0
2.2229964825261934 1.0 0.0
2.6826957952797246 1.0 0.0
3.2374575428176433 1.0 0.0
3.906939937054613 1.0 0.0
4.714866363457389 1.0 0.0
5.689866029018293 1.0 0.0
6.866488450042998 1.0 0.0
8.286427728546842 1.0 0.0
10.0 1.0 0.0
