0.001 0.2129273659044231 9.52901158941832e-05
0.0012067926406393288 0.25078143399800745 0.00011236960207285965
0.0014563484775012444 0.29441464034417675 0.00012707682591739586
0.0017575106248547913 0.3433341911989685 0.00013152068757926307
0.0021209508879201904 0.3980633645726399 0.00016042057551270538
0.002559547922699536 0.4578490304167388 0.00019536952307700075
0.0030888435964774815 0.5224603689295796 0.00019096725416216056
0.003727593720314938 0.589901288800344 0.0002359025637495256
0.004498432668969444 0.6590840939462215 0.00022379894055233492
0.005428675439323859 0.7266809209725097 0.00025056207562770437
0.006551285568595509 0.791005902423324 0.0002526187642402652
0.0079060432109077 0.848671552353299 0.0002114498320791915
0.009540954763499945 0.8972480151206997 0.00023947134012652143
0.01151395399326447 0.9356028586955095 0.0002132556097268083
0.013894954943731374 0.9628915258376816 0.00024209775908526072
0.016768329368110076 0.981509292203496 0.00013671539458605828
0.020235896477251564 0.9915990897381469 0.00014014726295624323
0.02442053094548651 0.9965093582380065 0.0001346101914161623
0.029470517025518096 0.998738137829889 9.74439537793989e-05
0.03556480306223128 0.9995540485838955 6.444670409028792e-05
0.04291934260128776 0.9997869291569065 4.7460778391544264e-05
0.0517947467923121 0.9998310247394216 3.781064802335125e-05
0.0625055192527397 0.9998849831156087 2.4513545683297906e-05
0.07543120063354615 0.9999502953438528 1.1737680764643665e-05
0.09102981779915217 0.9999854683943704 4.398165841235934e-06
0.10985411419875583 0.9999880104259926 2.658316491501812e-06
0.13257113655901082 0.9999973829015586 6.661681008827427e-07
0.15998587196060574 0.9999993148778819 1.8718512482634294e-07
0.19306977288832497 0.9999997389897038 5.079022863764984e-08
0.2329951810515372 0.9999999798237859 5.8151890030566046e-09
0.2811768697974228 0.9999999970117264 7.608735943943471e-10
0.3393221771895326 0.9999999998201845 4.70885085281633e-11
0.4094915062380423 0.9999999999967791 1.4221879394662936e-12
0.49417133613238334 0.9999999999998197 6.493091065909786e-14
0.5963623316594643 0.9999999999999989 3.4532482522484866e-16
0.7196856730011514 1.0 1.2510592870703865e-18
0.868511373751352 1.0 0.0
1.0481131341546852 1.0 0.0
1.2648552168552958 1.0 0.0
1.5264179671752318 1.0 0.0
1.8420699693267144 1.0 0.0
2.2229964825261934 1.0 0.0
2.6826957952797246 1.0 0.0
3.2374575428176433 1.0 0.0
3.906939937054613 1.0 0.0
4.714866363457389 1.0 0.0
5.689866029018293 1.0 0.0
6.866488450042998 1.0 0.0
8.286427728546842 1.0 0.0
10.0 1.0 0.0
