0.001 0.009710147815977599 1.0133973321017345e-05
0.0012067926406393288 0.015912531663547703 1.6188582445179003e-05
0.0014563484775012444 0.02563783990615087 2.425336427825443e-05
0.0017575106248547913 0.04068928570773705 4.004062697578472e-05
0.0021209508879201904 0.06333849396104428 5.5000123664700715e-05
0.002559547922699536 0.0965418231804565 8.302040044228513e-05
0.0030888435964774815 0.143293484828439 0.00011278916181002673
0.003727593720314938 0.2062905708758515 0.00015819318716786508
0.004498432668969444 0.2870103420315355 0.00020240692895895742
0.005428675439323859 0.38522349187077876 0.00022343499229309234
0.006551285568595509 0.4965833026813077 0.00027139350368252465
0.0079060432109077 0.612568111367951 0.0002935273054822631
0.009540954763499945 0.7241201681594808 0.0003190835419417709
0.01151395399326447 0.820763119123443 0.00030772510046090686
0.013894954943731374 0.894603458600817 0.00037307788540994727
0.016768329368110076 0.9456825582361417 0.0003158215993569466
0.020235896477251564 0.9757467609170486 0.00024382413462373825
0.02442053094548651 0.9897464104248965 0.0003259109711614369
0.029470517025518096 0.9962884110594985 0.0002515125904337071
0.03556480306223128 0.9985842246820803 0.00019037497641930299
0.04291934260128776 0.9991815656876937 0.00015603469512573667
0.0517947467923121 0.9997111430217054 7.971877877521344e-05
0.0625055192527397 0.9997703348789606 5.7206009910423055e-05
0.07543120063354615 0.9998863954849365 3.051952899886696e-05
0.09102981779915217 0.9999477649586126 1.4589426926295216e-05
0.10985411419875583 0.9999837611387309 4.909346098972074e-06
0.13257113655901082 0.9999903574665868 2.288104045780653e-06
0.15998587196060574 0.9999970784922391 6.933606846758373e-07
0.19306977288832497 0.9999992251189966 1.638108645571784e-07
0.2329951810515372 0.9999998923266327 2.29448516054347e-08
0.2811768697974228 0.9999999962943861 1.2611685819506598e-09
0.3393221771895326 0.9999999995950598 1.2141600520133012e-10
0.4094915062380423 0.9999999999776362 5.833600843905294e-12
0.49417133613238334 0.9999999999996764 8.662068194528543e-14
0.5963623316594643 0.9999999999999977 9.354196901955533e-16
0.7196856730011514 1.0 1.1343850103213528e-18
0.868511373751352 1.0 0.0
1.0481131341546852 1.0 0.0
1.2648552168552958 1.0 0.0
1.5264179671752318 1.0 0.0
1.8420699693267144 1.0 0.0
2.2229964825261934 1.0 0.0
2.6826957952797246 1.0 0.0
3.2374575428176433 1.0 0.0
3.906939937054613 1.0 0.0
4.714866363457389 1.0 0.0
5.689866029018293 1.0 0.0
6.866488450042998 1.0 0.0
8.286427728546842 1.0 0.0
10.0 1.0 0.0
