0.001 0.07898499558323246 0.0006876003894494899
0.0012067926406393288 0.10777703330138431 0.0009209463535318198
0.0014563484775012444 0.13947971463435213 0.0011763135315318958
0.0017575106248547913 0.18363624438163947 0.0014684273087170615
0.0021209508879201904 0.23357822354889562 0.001788822731344632
0.002559547922699536 0.28825764425787737 0.002132170736241006
0.0030888435964774815 0.35762522039064437 0.0024739113833981514
0.003727593720314938 0.4194240667458269 0.0027867080673279455
0.004498432668969444 0.4879297316250444 0.003045403005936327
0.005428675439323859 0.558753917033051 0.0032266864301560023
0.006551285568595509 0.6192342602736555 0.003352025382406177
0.0079060432109077 0.6778571278790869 0.0033657095533154336
0.009540954763499945 0.7199441957225705 0.0034194399374254695
0.01151395399326447 0.7581787685251279 0.0033459606852905043
0.013894954943731374 0.794163675309249 0.003233798829544144
0.016768329368110076 0.8143698581980837 0.003145209674967187
0.020235896477251564 0.8378567715308128 0.0029820106287486757
0.02442053094548651 0.8602319317982574 0.002763950062666199
0.029470517025518096 0.880354027747242 0.0025411183726407093
0.03556480306223128 0.900663129135754 0.0022763763313457027
0.04291934260128776 0.9158866686964102 0.0020090324851430924
0.0517947467923121 0.9303027970626999 0.0017480201613126784
0.0625055192527397 0.947157852219163 0.0014527932502611004
0.07543120063354615 0.9553546133272348 0.0013288442005371587
0.09102981779915217 0.967136115308321 0.001125087902915784
0.10985411419875583 0.9762995879662755 0.0009964282056416178
0.13257113655901082 0.9844265287899557 0.0008522531420416456
0.15998587196060574 0.9891051682892262 0.0007513810352410318
0.19306977288832497 0.9913766418342274 0.0007170001288014709
0.2329951810515372 0.9918562292800829 0.0007389176787587305
0.2811768697974228 0.9940369098819172 0.0006409850004957703
0.3393221771895326 0.9937153227933635 0.0006852807305510031
0.4094915062380423 0.9952052485512559 0.0005898235391279997
0.49417133613238334 0.9965597011971847 0.0005004098414529141
0.5963623316594643 0.99656004100019 0.0005169660471487123
0.7196856730011514 0.9962463597149995 0.0005420128837011912
0.868511373751352 0.996978766852555 0.0004848822426731023
1.0481131341546852 0.9970119058318302 0.0004919606400236399
1.2648552168552958 0.9978806278363909 0.00041448801084061147
1.5264179671752318 0.9976658308749644 0.0004483959850724142
1.8420699693267144 0.9981111289778438 0.00040648959268534444
2.2229964825261934 0.9979458551494989 0.00042762160506190535
2.6826957952797246 0.9987794992777889 0.0003327767907242051
3.2374575428176433 0.9984369673514397 0.0003872828019143382
3.906939937054613 0.9990656798300681 0.000299943679783006
4.714866363457389 0.9983891475699653 0.00039968287858698566
5.689866029018293 0.998697750247041 0.0003603203463174723
6.866488450042998 0.9988993384569569 0.00033147982631933194
8.286427728546842 0.9978999190060321 0.00045777610943316063
10.0 0.9983999917385223 0.00039967986859527357
