0.001 0.08136286963578661 0.0007066436580149101
0.0012067926406393288 0.10807935176844044 0.0009240226364021231
0.0014563484775012444 0.14398170802600635 0.0011806600133155737
0.0017575106248547913 0.18525631971832987 0.0014696452498263863
0.0021209508879201904 0.23800382543593868 0.001812788963183694
0.002559547922699536 0.29344356835188773 0.0021516898124222064
0.0030888435964774815 0.3610599306628246 0.002499059033582754
0.003727593720314938 0.4227441844589583 0.0027969600030713915
0.004498432668969444 0.4952796967095249 0.0030522361990008473
0.005428675439323859 0.5614416263799682 0.0032459476737876397
0.006551285568595509 0.6195961221168771 0.0033688988448822214
0.0079060432109077 0.6714571214164988 0.003433870334159523
0.009540954763499945 0.7262949773251023 0.00335726720519144
0.01151395399326447 0.7686876532886614 0.0032629256186591372
0.013894954943731374 0.7990017174302348 0.003185692060244542
0.016768329368110076 0.8174627046005383 0.0031121696606494615
0.020235896477251564 0.8453819082758895 0.0029154221072805768
0.02442053094548651 0.8658968656953419 0.002726367330785115
0.029470517025518096 0.8818793156917473 0.002535734546334134
0.03556480306223128 0.8994371996357473 0.0022759950654816495
0.04291934260128776 0.9143840145466163 0.0020112576953763934
0.0517947467923121 0.9316802063655345 0.0017264007351026405
0.0625055192527397 0.9436942427236852 0.001498611748237209
0.07543120063354615 0.9583752091178532 0.0012297980198835057
0.09102981779915217 0.9686152766592633 0.0010708334676382296
0.10985411419875583 0.9785545138858234 0.0008999647356543973
0.13257113655901082 0.9861009867955556 0.000754297658386749
0.15998587196060574 0.9877586572625198 0.0008242214767426412
0.19306977288832497 0.9924793235025987 0.0006493090982569429
0.2329951810515372 0.9938404191537157 0.0006513903169414851
0.2811768697974228 0.9947954472356935 0.0006162674187924408
0.3393221771895326 0.9950083915018914 0.0006096144869363697
0.4094915062380423 0.9950517489629889 0.0006089995329892872
0.49417133613238334 0.9957790114037359 0.0005429897475334999
0.5963623316594643 0.9968251028992198 0.00048639104152252736
0.7196856730011514 0.9967380498279277 0.0005034623047060382
0.868511373751352 0.9977537269849448 0.00040202263271060215
1.0481131341546852 0.9982980821622733 0.0003277857930972095
1.2648552168552958 0.9977084286146477 0.0004246458742069563
1.5264179671752318 0.9986394313266086 0.0003397113222647146
1.8420699693267144 0.9983373442854436 0.0003677262237765286
2.2229964825261934 0.9984345818903475 0.0003758367467146078
2.6826957952797246 0.9987332333797325 0.0003466331140647283
3.2374575428176433 0.9980681829792387 0.00043553887166310613
3.906939937054613 0.997987376177514 0.0004467716266972118
4.714866363457389 0.9977964540620619 0.00046852457417728666
5.689866029018293 0.9979991250439351 0.00044676581985072356
6.866488450042998 0.9992998793024291 0.00026448248377064325
8.286427728546842 0.9987999804150591 0.0003462022462678214
10.0 0.9978999991015206 0.00045777614575544663
