0.001 0.08131929533228772 0.0007057181514562509
0.0012067926406393288 0.10916992666521597 0.0009241287959355538
0.0014563484775012444 0.14166348326017142 0.0011769818226529125
0.0017575106248547913 0.18717750731702076 0.0014840863693775747
0.0021209508879201904 0.2345003872965714 0.0018052834454106508
0.002559547922699536 0.2930557918255808 0.0021633303709231674
0.0030888435964774815 0.3588169787267286 0.002483279116453353
0.003727593720314938 0.42486278022138896 0.002782596143082278
0.004498432668969444 0.49177901259772344 0.0030662653191122964
0.005428675439323859 0.5605336164975646 0.0032499187329316282
0.006551285568595509 0.6218951330142057 0.003367153089067511
0.0079060432109077 0.6782045805650756 0.0033967415878544027
0.009540954763499945 0.721617894530534 0.0034169748659919085
0.01151395399326447 0.7653335800181515 0.003312446954719027
0.013894954943731374 0.7963976191311244 0.0032171980699731762
0.016768329368110076 0.8161119793698907 0.003134828064731239
0.020235896477251564 0.8402266515947168 0.002962698375223669
0.02442053094548651 0.8637250369739333 0.0027406611202895857
0.029470517025518096 0.8845937248058795 0.002506005072402401
0.03556480306223128 0.8977768617453259 0.0022950718308620676
0.04291934260128776 0.9143847879092478 0.0020231902291795324
0.0517947467923121 0.9323896128695985 0.0017345359722334627
0.0625055192527397 0.9441966801499311 0.001505950806752973
0.07543120063354615 0.9564742214335856 0.0012853487789476028
0.09102981779915217 0.9700445374274023 0.0010279555567867763
0.10985411419875583 0.9785800920935686 0.0009274569100713543
0.13257113655901082 0.9840121599953523 0.0008384861184657055
0.15998587196060574 0.9901859011708751 0.0006893870189141007
0.19306977288832497 0.9906969918025421 0.0007831739443622907
0.2329951810515372 0.9930085360946052 0.0007074382785653195
0.2811768697974228 0.9947137752453129 0.0006086068479997514
0.3393221771895326 0.9948543103867878 0.0005914448298049594
0.4094915062380423 0.9954866156306865 0.0005678064617920765
0.49417133613238334 0.9958008568803273 0.0005726261726263889
0.5963623316594643 0.997150721070933 0.00045395992410644174
0.7196856730011514 0.9962849098079325 0.0005405746506876409
0.868511373751352 0.9979190659090905 0.0003805948089719745
1.0481131341546852 0.9980404262166023 0.00039778343653066624
1.2648552168552958 0.9974687633735065 0.00046306338038306304
1.5264179671752318 0.9978529485319226 0.00042278759419661307
1.8420699693267144 0.9977463378242802 0.0004504258075258677
2.2229964825261934 0.9992042841225982 0.0002658559004358906
2.6826957952797246 0.9982602462402774 0.000412132650374085
3.2374575428176433 0.9980745826908687 0.0004355137192475341
3.906939937054613 0.9985916078819755 0.000373907300958745
4.714866363457389 0.9981974616453743 0.0004238814870357371
5.689866029018293 0.9981993436655775 0.0004238818085366256
6.866488450042998 0.9976998521600388 0.0004790312441084322
8.286427728546842 0.998799987965555 0.0003462022488646775
10.0 0.9980999994806247 0.0004354756018454512
