0.001 0.08150307021402521 0.0007089079967300938
0.0012067926406393288 0.10805186710466569 0.0009224020625948953
0.0014563484775012444 0.1450360807776847 0.0011869843843509303
0.0017575106248547913 0.1845586379521727 0.0014684507614733202
0.0021209508879201904 0.23757177129508042 0.001812345888835403
0.002559547922699536 0.2956778482873478 0.0021507440455310932
0.0030888435964774815 0.35396917335885125 0.0024888599626856894
0.003727593720314938 0.42695389295393027 0.0027815610980991435
0.004498432668969444 0.4964677538011907 0.003047866232522957
0.005428675439323859 0.5605061266481249 0.0032605636202456744
0.006551285568595509 0.6249369611814051 0.0033579854940684185
0.0079060432109077 0.6766506504856414 0.0033965821341587514
0.009540954763499945 0.7189924378996333 0.0034218726981010816
0.01151395399326447 0.7612834321483447 0.003327383885467399
0.013894954943731374 0.7947090514950714 0.0032210649940993415
0.016768329368110076 0.8156769633677788 0.0031514465550031403
0.020235896477251564 0.8450299322959308 0.0029304299850324922
0.02442053094548651 0.8611563831753685 0.002759875794022445
0.029470517025518096 0.881384222914099 0.0025404972812072346
0.03556480306223128 0.8976700359624076 0.0022940762732820215
0.04291934260128776 0.9126736411961903 0.0020550168021196023
0.0517947467923121 0.9310164438945052 0.0017321179516264914
0.0625055192527397 0.9417399836097138 0.0014881394937525376
0.07543120063354615 0.9589092817732627 0.0012661681684103796
0.09102981779915217 0.9669338772947511 0.0011441715964864145
0.10985411419875583 0.9779971037967429 0.0009166388789931293
0.13257113655901082 0.9845065882460643 0.0008505378964631396
0.15998587196060574 0.9889574461346119 0.0007605265333902599
0.19306977288832497 0.9917046719081736 0.0007058822349342228
0.2329951810515372 0.9923922285133217 0.0007141201829668486
0.2811768697974228 0.9946577946070713 0.0005855007195441497
0.3393221771895326 0.9949963831110498 0.0005857174686629703
0.4094915062380423 0.9962648515734105 0.0005141756345939452
0.49417133613238334 0.9958895577769153 0.0005514895169417748
0.5963623316594643 0.9964867626368746 0.0005089423309339862
0.7196856730011514 0.9970353747479916 0.000490076783394758
0.868511373751352 0.9963099890912387 0.0005430363203457057
1.0481131341546852 0.99737552221801 0.0004612586015231352
1.2648552168552958 0.9978186910777244 0.0004134730788974991
1.5264179671752318 0.9978490128215555 0.0004251694171427671
1.8420699693267144 0.9985985726686154 0.0003388837277889261
2.2229964825261934 0.9979994935939512 0.0004262228850292681
2.6826957952797246 0.9986098558171616 0.0003609817110672963
3.2374575428176433 0.9980636042295155 0.00043556786473481065
3.906939937054613 0.9984918999852304 0.00038701517490884033
4.714866363457389 0.9981948801240528 0.00042388181401771454
5.689866029018293 0.9985984207110851 0.00037390330602332476
6.866488450042998 0.9984996668716672 0.0003870076289627521
8.286427728546842 0.9987999683420666 0.0003462022421373815
10.0 0.998299997343205 0.00041195994841380424
