0.001 0.15395800424372375 0.0009179736754928812
0.0012067926406393288 0.18159880394215852 0.0010753948506747075
0.0014563484775012444 0.2107526045117393 0.0012442258306974384
0.0017575106248547913 0.24963987268211468 0.001427500435942218
0.0021209508879201904 0.2867861215978528 0.0016212269303469817
0.002559547922699536 0.3308264091996131 0.0018410304309100043
0.0030888435964774815 0.38044536843649057 0.002030621177281872
0.003727593720314938 0.429781869313671 0.002226497251852663
0.004498432668969444 0.48101779764945807 0.0024412623604381386
0.005428675439323859 0.5368401808726693 0.002599469502163417
0.006551285568595509 0.5901114615934947 0.0027257641054787766
0.0079060432109077 0.6430369419326597 0.0028038747224090593
0.009540954763499945 0.6880640932155655 0.002877946161238356
0.01151395399326447 0.7349892060527485 0.002837454927581195
0.013894954943731374 0.772371894103276 0.0027951311815245946
0.016768329368110076 0.7987471363329735 0.0027529285403529507
0.020235896477251564 0.8272106785744885 0.002627134619433195
0.02442053094548651 0.8537641368403456 0.0024609625031273724
0.029470517025518096 0.8770077497353789 0.002289061823114273
0.03556480306223128 0.8907805998956224 0.0021512940510790574
0.04291934260128776 0.9070846400460764 0.001955692307329143
0.0517947467923121 0.923879647362191 0.001745873132186458
0.0625055192527397 0.9339040261238657 0.0015799002484548727
0.07543120063354615 0.9445688955613947 0.0013866990379499211
0.09102981779915217 0.9573989007274986 0.001158402745798908
0.10985411419875583 0.966885283370549 0.0010226888809234944
0.13257113655901082 0.9737107146054236 0.0008898450836442893
0.15998587196060574 0.9815914198331317 0.0007242068518075391
0.19306977288832497 0.984551230159404 0.0007807807463546256
0.2329951810515372 0.9892876444885406 0.0006977828875800034
0.2811768697974228 0.9925024024018488 0.000599413525828649
0.3393221771895326 0.9934934200977593 0.0005906862214479028
0.4094915062380423 0.9946574346917234 0.0005619226909614086
0.49417133613238334 0.9953750345641642 0.0005640174411392984
0.5963623316594643 0.996697626520153 0.00045583238349530277
0.7196856730011514 0.9959602000566145 0.0005424119125362155
0.868511373751352 0.9975690359487694 0.00038844399971179456
1.0481131341546852 0.9977407327633541 0.0004057150227623204
1.2648552168552958 0.9972256294315531 0.0004715106165353073
1.5264179671752318 0.9975773084643222 0.00043346667608423566
1.8420699693267144 0.9975073625593439 0.0004575485118182479
2.2229964825261934 0.999064882904715 0.00027112984347711427
2.6826957952797246 0.9981678502009595 0.00041364666439302333
3.2374575428176433 0.997978561248767 0.0004364452469709261
3.906939937054613 0.9985349570120184 0.000374264380374663
4.714866363457389 0.9981638173056825 0.00042396795569438905
5.689866029018293 0.998180051285582 0.0004238995388931627
6.866488450042998 0.9976886603221006 0.0004790310149182956
8.286427728546842 0.998797165804983 0.0003462018493846971
10.0 0.9980995255226734 0.00043547541491206
