0.001 0.1540429807192948 0.0009212792495285919
0.0012067926406393288 0.18031155513236008 0.0010749474496187911
0.0014563484775012444 0.2141288770948694 0.001248489295514757
0.0017575106248547913 0.24747026148177134 0.0014181334411348479
0.0021209508879201904 0.2891816376875001 0.0016273294571882446
0.002559547922699536 0.33324355663908434 0.001829877122507752
0.0030888435964774815 0.37624437380533443 0.002040617247087234
0.003727593720314938 0.43136387022756845 0.00222670212750847
0.004498432668969444 0.4846149821250212 0.0024255888366406966
0.005428675439323859 0.5357212010324609 0.002615117946676568
0.006551285568595509 0.592017676911759 0.002725601244763845
0.0079060432109077 0.6418297084762574 0.002805578405069434
0.009540954763499945 0.6852140572036028 0.002876686606053598
0.01151395399326447 0.7309501137377118 0.0028472457633921255
0.013894954943731374 0.7697382106354889 0.0028027999458323555
0.016768329368110076 0.7976461952868434 0.002767665374753671
0.020235896477251564 0.8314230495509375 0.0026035359799234507
0.02442053094548651 0.8509066060603061 0.0024841234728683876
0.029470517025518096 0.8732117302029794 0.0023270120070277107
0.03556480306223128 0.8906122288860552 0.002146048863351415
0.04291934260128776 0.9051052751250501 0.0019823880519930764
0.0517947467923121 0.9225667735789465 0.0017437800858870005
0.0625055192527397 0.9307013027635916 0.0015730980425182868
0.07543120063354615 0.9478366275531928 0.0013682690825159497
0.09102981779915217 0.9545883465589875 0.0012378403118581615
0.10985411419875583 0.9658742326550959 0.001008188689102874
0.13257113655901082 0.9742140819528129 0.0008957582770053025
0.15998587196060574 0.980609404534413 0.0007853664146868531
0.19306977288832497 0.9860226769574029 0.000710557553030082
0.2329951810515372 0.9885888769476651 0.0007093898466037636
0.2811768697974228 0.9924097091826285 0.0005763296751542363
0.3393221771895326 0.9936795186839047 0.0005790630489173633
0.4094915062380423 0.9953880230220393 0.0005156812988218636
0.49417133613238334 0.9954218338387373 0.0005381957533805999
0.5963623316594643 0.9962113846331806 0.0004956712534774135
0.7196856730011514 0.9967140555549285 0.000492202798414035
0.868511373751352 0.9960310278668209 0.0005452246573778006
1.0481131341546852 0.9971374690461038 0.00046690965219091314
1.2648552168552958 0.9975182414076291 0.0004237830907405195
1.5264179671752318 0.9976424673319041 0.00043431370526025485
1.8420699693267144 0.99836866851784 0.0003491001863108329
2.2229964825261934 0.9977801707625289 0.0004326772448297212
2.6826957952797246 0.9984481985449168 0.00036480152932344705
3.2374575428176433 0.997960280028546 0.0004368982902522131
3.906939937054613 0.9984499497207411 0.0003873510350914985
4.714866363457389 0.9981466530578941 0.0004240648706801205
5.689866029018293 0.9985672910644633 0.00037396250649709826
6.866488450042998 0.998483966947497 0.00038701591757178856
8.286427728546842 0.9987957597656103 0.0003462023072820082
10.0 0.9982987726829333 0.00041195955039790004
