0.001 0.15160070449233598 0.0009021013126453943
0.0012067926406393288 0.17999830827603014 0.001074532759523155
0.0014563484775012444 0.20838868559978246 0.0012457480072218543
0.0017575106248547913 0.2465634503086983 0.0014190272994776185
0.0021209508879201904 0.2864038839311124 0.0016080159709489646
0.002559547922699536 0.327340170725143 0.0018217048392023597
0.0030888435964774815 0.37972859433372125 0.0020225349097094123
0.003727593720314938 0.4254115469680897 0.002235144652232484
0.004498432668969444 0.47766592985027073 0.0024270494893740974
0.005428675439323859 0.5352426114929474 0.002575802201735539
0.006551285568595509 0.5872704590844982 0.0027117793482082137
0.0079060432109077 0.6417041531866514 0.0027746502238643676
0.009540954763499945 0.6863080266709074 0.0028731330476777866
0.01151395399326447 0.7281108874777832 0.0028587864505203765
0.013894954943731374 0.7691411642059524 0.002806606879829871
0.016768329368110076 0.7961437247618067 0.002760536403957894
0.020235896477251564 0.8247481022285951 0.0026521229359076463
0.02442053094548651 0.8502252986691792 0.002483093648063474
0.029470517025518096 0.8720683606471661 0.0023210616465537447
0.03556480306223128 0.8936716314572299 0.0021292525089833163
0.04291934260128776 0.9085162186210768 0.0019426334607686225
0.0517947467923121 0.921353007499514 0.0017608414979630575
0.0625055192527397 0.9369026302032282 0.0015264059466843884
0.07543120063354615 0.943686082267776 0.001428584389714119
0.09102981779915217 0.9546222071040851 0.0012321867354919845
0.10985411419875583 0.9641105028918553 0.001077161977815827
0.13257113655901082 0.9736245653116253 0.000911259150524392
0.15998587196060574 0.9809174211029582 0.0007730252966256328
0.19306977288832497 0.9853613846833145 0.0007191071571278732
0.2329951810515372 0.9880688395097459 0.000731529263478558
0.2811768697974228 0.9917768090346734 0.0006342502858662281
0.3393221771895326 0.9925054958164529 0.0006655438524224087
0.4094915062380423 0.9945223063857859 0.0005687407747898124
0.49417133613238334 0.9960464451107748 0.0004924972835464392
0.5963623316594643 0.9961058695985732 0.0005150648928900915
0.7196856730011514 0.9958978338976135 0.0005387238798164935
0.868511373751352 0.9967126707287883 0.000485352506956079
1.0481131341546852 0.9967317161980831 0.0004963916980451676
1.2648552168552958 0.9976620125267293 0.00042157838706965734
1.5264179671752318 0.9974162027979888 0.00045606107338335257
1.8420699693267144 0.9978764935186079 0.0004139787757976939
2.2229964825261934 0.9977094085019808 0.00043524166020245147
2.6826957952797246 0.9985994060125698 0.00033811214171514754
3.2374575428176433 0.9982910024207318 0.00038985106116724887
3.906939937054613 0.9989352958138646 0.0003018111142245451
4.714866363457389 0.9983132014879258 0.00040010990158655503
5.689866029018293 0.998666055123968 0.0003604139208641924
6.866488450042998 0.9988783945723597 0.0003315062650514034
8.286427728546842 0.9978932140096199 0.0004577759848216121
10.0 0.998397835223762 0.00039967934950348974
