0.001 0.0075350879733904605 8.983518129484907e-05
0.0012067926406393288 0.01222933633009096 0.00014214910479819578
0.0014563484775012444 0.019014717599257675 0.0002176439746207415
0.0017575106248547913 0.030457707809831584 0.0003378638061539628
0.0021209508879201904 0.04554487705865641 0.0004951106170833662
0.002559547922699536 0.06848216933612451 0.000715508975575162
0.0030888435964774815 0.09955086366818558 0.0009861152336653337
0.003727593720314938 0.13899664286304741 0.0013101192815962396
0.004498432668969444 0.19057410487182064 0.0017238749679430664
0.005428675439323859 0.25338788684048374 0.0021434949831440715
0.006551285568595509 0.32284658852966075 0.0025426176820328604
0.0079060432109077 0.3990681746370894 0.002914969894762645
0.009540954763499945 0.47357795889836946 0.0032197596503361937
0.01151395399326447 0.5484141665028208 0.0034027929543992198
0.013894954943731374 0.6138300794644274 0.003534680250457946
0.016768329368110076 0.6626187252395903 0.0036178563288098075
0.020235896477251564 0.709830478953506 0.0035932822096387523
0.02442053094548651 0.7523523301721279 0.0035074881009009855
0.029470517025518096 0.790014087691518 0.003388988344122189
0.03556480306223128 0.8107676762660667 0.003308307930280704
0.04291934260128776 0.8343824083708518 0.003155355081021387
0.0517947467923121 0.8598566926856883 0.0029230851471983175
0.0625055192527397 0.8736080268666002 0.0027435742788481186
0.07543120063354615 0.8889225003040847 0.0024964023861370876
0.09102981779915217 0.9100251677797498 0.0021484342249008664
0.10985411419875583 0.9286990689585042 0.0018278283333692364
0.13257113655901082 0.9420401177017195 0.0015754711293072493
0.15998587196060574 0.9580567561126724 0.0012339889799896763
0.19306977288832497 0.9678074699194938 0.0011198524124586336
0.2329951810515372 0.9788343116322167 0.0009541579126430144
0.2811768697974228 0.9856240891617007 0.0008378932216646328
0.3393221771895326 0.988350261656047 0.0008342401163878682
0.4094915062380423 0.9910081674251962 0.0007718842944556914
0.49417133613238334 0.9930284958188926 0.0007207847901281599
0.5963623316594643 0.9946506249585384 0.00061358922144311
0.7196856730011514 0.9941757854841686 0.0006778779517935973
0.868511373751352 0.996019770384772 0.0005308626647071099
1.0481131341546852 0.9966787118098562 0.000491573936984088
1.2648552168552958 0.9962888862285654 0.0005467923885869116
1.5264179671752318 0.996632655667554 0.0005096799853702812
1.8420699693267144 0.9967984982380139 0.0005049598875023387
2.2229964825261934 0.9986964891991776 0.0003044160233297337
2.6826957952797246 0.9979450160865209 0.0004239603378485183
3.2374575428176433 0.9977617885268568 0.0004431437106045777
3.906939937054613 0.9984133940177607 0.00037698490039265493
4.714866363457389 0.9980940108565257 0.00042470490614198044
5.689866029018293 0.9981408126300494 0.0004240853171289065
6.866488450042998 0.9976661290217473 0.0004790609558708355
8.286427728546842 0.9987915094550832 0.00034620450398390964
10.0 0.9980985770874591 0.0004354751598284205
