0.001 0.0075736565904944275 9.093750157616999e-05
0.0012067926406393288 0.012075132110671507 0.0001424673101086393
0.0014563484775012444 0.01963960643524618 0.00022172032853269477
0.0017575106248547913 0.029749513353672558 0.00033110838275640414
0.0021209508879201904 0.04637616114938548 0.0004965759819765081
0.002559547922699536 0.06896473217068488 0.0007104380891995637
0.0030888435964774815 0.09781693778747487 0.0009781863887013634
0.003727593720314938 0.14000827179935582 0.0013151774306389495
0.004498432668969444 0.192295862515996 0.0017129810482134692
0.005428675439323859 0.2528253726548789 0.0021190656824287314
0.006551285568595509 0.3246924462551645 0.002535665713845955
0.0079060432109077 0.3976617895861352 0.002919910156029849
0.009540954763499945 0.46891112477603947 0.0032002219955309438
0.01151395399326447 0.5423925136429045 0.003400964235393506
0.013894954943731374 0.6092261566663186 0.003522989738643292
0.016768329368110076 0.6614202719986318 0.003604340532442922
0.020235896477251564 0.7160574588202451 0.0035561589336270665
0.02442053094548651 0.7480479281947551 0.0035280736856629046
0.029470517025518096 0.784280750401839 0.0034150260462232286
0.03556480306223128 0.8100330812392554 0.0033089064050760048
0.04291934260128776 0.8314344538209675 0.003170432189848771
0.0517947467923121 0.8567974904395891 0.002954265664128135
0.0625055192527397 0.8655569424145362 0.002806698815370168
0.07543120063354615 0.8962191721430192 0.0024343998988674877
0.09102981779915217 0.9063751579968738 0.0022124199453677934
0.10985411419875583 0.9256176645547585 0.0018564603743406666
0.13257113655901082 0.9434220654520635 0.0015402478795851953
0.15998587196060574 0.9571654894044698 0.0012852904652257237
0.19306977288832497 0.9700821237997986 0.0010867742352483891
0.2329951810515372 0.9773143464972754 0.001011489588798201
0.2811768697974228 0.9849689874333389 0.0008617440484430098
0.3393221771895326 0.9886299974416117 0.0008207010852272931
0.4094915062380423 0.9920524568061996 0.0007067985395136119
0.49417133613238334 0.9926969820702081 0.0007273439896148003
0.5963623316594643 0.9940976528635587 0.0006717239567881761
0.7196856730011514 0.9952746293586336 0.0006008694880322756
0.868511373751352 0.9944207670697252 0.0006707514092479049
1.0481131341546852 0.9960070065041351 0.0005643778934503236
1.2648552168552958 0.9963484989925553 0.0005238698102263375
1.5264179671752318 0.9968406584440102 0.0005065031810635682
1.8420699693267144 0.997638775184053 0.00041638312026766376
2.2229964825261934 0.9971563009262779 0.00047459027801520547
2.6826957952797246 0.9980394821947549 0.00038978462867704874
3.2374575428176433 0.9977184803976026 0.00044618095116380404
3.906939937054613 0.9983581155192073 0.00038984003127343693
4.714866363457389 0.9980451366721617 0.0004255437504368082
5.689866029018293 0.9985034611641722 0.0003744858029893574
6.866488450042998 0.9984522347477909 0.0003871168512295891
8.286427728546842 0.9987873109811216 0.0003462115023855226
10.0 0.9982963207062344 0.00041195939600642225
