0.001 0.007546293260345369 8.975285805168525e-05
0.0012067926406393288 0.012090115623914703 0.00014120813255555833
0.0014563484775012444 0.019410458337229507 0.00022015522378662978
0.0017575106248547913 0.029891930516747635 0.00033021929073121284
0.0021209508879201904 0.04648722788718831 0.0004967565845975277
0.002559547922699536 0.06834533080110536 0.0007115235902205554
0.0030888435964774815 0.10084893752927292 0.0009954207786216037
0.003727593720314938 0.13877038632473362 0.0013262396252922228
0.004498432668969444 0.1918966217973407 0.001717719700833114
0.005428675439323859 0.2534159107394827 0.002132030689087657
0.006551285568595509 0.32086116817467547 0.0025415926306303653
0.0079060432109077 0.39378888184375943 0.0029159221011064653
0.009540954763499945 0.4730155767460633 0.003177715084269355
0.01151395399326447 0.5487227094424746 0.003381822442352576
0.013894954943731374 0.6128830838989549 0.0035001407929566458
0.016768329368110076 0.6618322846588355 0.0036039402128025407
0.020235896477251564 0.7158843640746752 0.0035604172275819244
0.02442053094548651 0.7550923661918664 0.003484377389028842
0.029470517025518096 0.7855849588251634 0.0034123814576136825
0.03556480306223128 0.8124539469241505 0.003287547561670541
0.04291934260128776 0.8340749365729538 0.0031601507856563772
0.0517947467923121 0.8566372089440337 0.0029366595784721655
0.0625055192527397 0.8716704130359901 0.002757220337150746
0.07543120063354615 0.8920975140754713 0.002462870049457598
0.09102981779915217 0.907673161507238 0.0021831676102745004
0.10985411419875583 0.9266658694214785 0.0018401722380141667
0.13257113655901082 0.94478007727068 0.0014946910850843459
0.15998587196060574 0.9559646959159032 0.0013315557872062031
0.19306977288832497 0.9690738238636933 0.0010528252852727458
0.2329951810515372 0.979664976574749 0.0009087892548163299
0.2811768697974228 0.9856192692932314 0.0008225507186633494
0.3393221771895326 0.9895088398836986 0.0008003486607238595
0.4094915062380423 0.9907963452498121 0.000794053103241696
0.49417133613238334 0.9921843237353958 0.0007507084387105235
0.5963623316594643 0.9944610803395373 0.0006383302168719718
0.7196856730011514 0.9944347134147734 0.0006412652698443054
0.868511373751352 0.9956844850888532 0.0005477194381016816
1.0481131341546852 0.9964573108593049 0.0004939062436344297
1.2648552168552958 0.9962219301749349 0.0005360230722954451
1.5264179671752318 0.9977748702822612 0.0004030770838905242
1.8420699693267144 0.9971747660220716 0.00045545419995660704
2.2229964825261934 0.9977003057866061 0.0004220560476918825
2.6826957952797246 0.998272246612616 0.00036945259428150545
3.2374575428176433 0.9977285533224082 0.00044495350295526846
3.906939937054613 0.9977568551426457 0.00045058683440819705
4.714866363457389 0.9976744883133575 0.0004695566535029565
5.689866029018293 0.9979355748459829 0.00044702527056953296
6.866488450042998 0.9992783549492892 0.0002645446349980656
8.286427728546842 0.9987897282139669 0.0003462071414492878
10.0 0.997898278575451 0.00045777565035905833
