0.001 0.0074459599469600775 8.739510631840476e-05
0.0012067926406393288 0.011891616267942664 0.0001388853724335128
0.0014563484775012444 0.018860253625394507 0.00021564637097354854
0.0017575106248547913 0.029802081638912865 0.0003321908731375165
0.0021209508879201904 0.0455218488557799 0.000493624242458766
0.002559547922699536 0.06857580597287778 0.0007050666931483892
0.0030888435964774815 0.09771555993590005 0.0009841411954691474
0.003727593720314938 0.13921006255312005 0.0013173321933485013
0.004498432668969444 0.19163202380481886 0.001715438583504346
0.005428675439323859 0.2494267824851185 0.002114972755408488
0.006551285568595509 0.3173704911585897 0.0025132261512217286
0.0079060432109077 0.4001804233974319 0.0028907126779426228
0.009540954763499945 0.47531844729316397 0.0031532629066769683
0.01151395399326447 0.5408456834573706 0.003408609167553401
0.013894954943731374 0.606576577092116 0.003531696101973603
0.016768329368110076 0.6646177778200476 0.003575670792592478
0.020235896477251564 0.7170941048467656 0.003540492759192999
0.02442053094548651 0.756089564349935 0.003484881466966267
0.029470517025518096 0.7846155892883586 0.0034110621251488824
0.03556480306223128 0.8102339878944036 0.0033014019638471378
0.04291934260128776 0.8317607138343245 0.0031698721237398407
0.0517947467923121 0.862962731777802 0.002898244671167336
0.0625055192527397 0.8763839950588374 0.002702629305165189
0.07543120063354615 0.8886452353656586 0.0024995468595806424
0.09102981779915217 0.9106491275957924 0.0021657775567365694
0.10985411419875583 0.928630820645912 0.0018128760781082576
0.13257113655901082 0.9416953236588553 0.0015366412946723476
0.15998587196060574 0.9579256000378513 0.0012924993451972077
0.19306977288832497 0.9679098879896612 0.0011391606400609979
0.2329951810515372 0.9762961931625883 0.0010404961701660322
0.2811768697974228 0.9842832874921016 0.0008831995494073753
0.3393221771895326 0.9888950103727684 0.0008002403413354759
0.4094915062380423 0.9918109025408259 0.0007363634366204255
0.49417133613238334 0.9938364033234711 0.0006572250325231176
0.5963623316594643 0.9936629878959585 0.0006826680718775763
0.7196856730011514 0.9939667389539736 0.0006883131061699745
0.868511373751352 0.995443930824713 0.000591992385910863
1.0481131341546852 0.99623287595331 0.00052851759454839
1.2648552168552958 0.996359573816705 0.000530968919633354
1.5264179671752318 0.9967554708182422 0.0005119980222595386
1.8420699693267144 0.9968613258835545 0.0005121123115313617
2.2229964825261934 0.9969738384086486 0.0004853886569166409
2.6826957952797246 0.9983884693425918 0.0003316271225844703
3.2374575428176433 0.9974682125555235 0.00045438601074680973
3.906939937054613 0.9982592212653846 0.00038205098171431205
4.714866363457389 0.9985809895445178 0.0003365781373136583
5.689866029018293 0.9979144054419128 0.00044726845689318324
6.866488450042998 0.99826695125874 0.00041204784753456507
8.286427728546842 0.9987837918589947 0.00034621889509443013
10.0 0.9990950541807379 0.00029986588011510917
