0.001 0.14337396274328573 0.00035752578643095804
0.0012067926406393288 0.19168504305161646 0.00045491986885633
0.0014563484775012444 0.2524410469759174 0.0005602683885555194
0.0017575106248547913 0.3241748603107982 0.0006976629794928346
0.0021209508879201904 0.4062479304889191 0.0008556477534771027
0.002559547922699536 0.49493833630178496 0.0010373171274861974
0.0030888435964774815 0.5912798877068184 0.0011523769491157605
0.003727593720314938 0.6861004949693452 0.0012226737167439243
0.004498432668969444 0.7729741906724441 0.0012309559911729327
0.005428675439323859 0.8467717330486606 0.0011506326333991996
0.006551285568595509 0.9053504270385098 0.0009794510774457862
0.0079060432109077 0.9435316933115717 0.0008003745760860627
0.009540954763499945 0.9687462172082182 0.0005808534066400354
0.01151395399326447 0.9828767885669251 0.00038772626689418847
0.013894954943731374 0.9915427704717203 0.0002225650628806446
0.016768329368110076 0.9961907673037284 0.00010985846836673186
0.020235896477251564 0.9984427832285843 4.6689298270574987e-05
0.02442053094548651 0.9994659323073564 1.630181380992106e-05
0.029470517025518096 0.9998529474654068 4.531248267446091e-06
0.03556480306223128 0.9999676422419952 9.761568246781512e-07
0.04291934260128776 0.9999951210558625 1.4818177276794372e-07
0.0517947467923121 0.999999498093521 1.5301365980356456e-08
0.0625055192527397 0.999999968365863 9.760052888329782e-10
0.07543120063354615 0.9999999987873265 3.642584867747686e-11
0.09102981779915217 0.9999999999791462 6.504759005920983e-13
0.10985411419875583 0.9999999999998241 5.352531161884076e-15
0.13257113655901082 0.9999999999999997 1.4730312570947993e-17
0.15998587196060574 1.0 1.350644602892852e-19
0.19306977288832497 1.0 1.3136335981433193e-19
0.2329951810515372 1.0 6.901266344137038e-19
0.2811768697974228 1.0 4.965068306494546e-20
0.3393221771895326 1.0 0.0
0.4094915062380423 1.0 0.0
0.49417133613238334 1.0 0.0
0.5963623316594643 1.0 0.0
0.7196856730011514 1.0 0.0
0.868511373751352 1.0 0.0
1.0481131341546852 1.0 0.0
1.2648552168552958 1.0 0.0
1.5264179671752318 1.0 0.0
1.8420699693267144 1.0 0.0
2.2229964825261934 1.0 0.0
2.6826957952797246 1.0 0.0
3.2374575428176433 1.0 0.0
3.906939937054613 1.0 0.0
4.714866363457389 1.0 0.0
5.689866029018293 1.0 0.0
6.866488450042998 1.0 0.0
8.286427728546842 1.0 0.0
10.0 1.0 0.0
