0.001 0.23652056223047913 0.0003887522005303499
0.0012067926406393288 0.27857346279348233 0.0004377310242017913
0.0014563484775012444 0.3245968247411031 0.0005122439859226457
0.0017575106248547913 0.37767421999752326 0.0005696013623610273
0.0021209508879201904 0.43475268614963686 0.0006431708646337535
0.002559547922699536 0.49594258012377807 0.000724856080728788
0.0030888435964774815 0.5628361176296802 0.0007679990661155052
0.003727593720314938 0.6287721357129005 0.0008348200393820756
0.004498432668969444 0.696036739923929 0.0008612010985615041
0.005428675439323859 0.7605773799455477 0.0008618998564295686
0.006551285568595509 0.8206700266367676 0.0008184928556253507
0.0079060432109077 0.8714469188044408 0.0007627939110944028
0.009540954763499945 0.9117683715042134 0.0006934261361008004
0.01151395399326447 0.9437762496443429 0.0005766442571183931
0.013894954943731374 0.9675018206559073 0.00043213559583798534
0.016768329368110076 0.9811382075813438 0.00032206332452634426
0.020235896477251564 0.9901431792583828 0.00020890137155807548
0.02442053094548651 0.9949709838621876 0.00012570318398637435
0.029470517025518096 0.9975796406380232 6.690727205802823e-05
0.03556480306223128 0.9988967266454438 3.149797946555243e-05
0.04291934260128776 0.9995920500462456 1.2158065552363304e-05
0.0517947467923121 0.9998771275405063 3.8032525473240752e-06
0.0625055192527397 0.999967226266919 9.890521093659496e-07
0.07543120063354615 0.9999940399739718 1.8506078657083992e-07
0.09102981779915217 0.9999992058832189 2.4912774865661412e-08
0.10985411419875583 0.9999999224112144 2.323814970510715e-09
0.13257113655901082 0.9999999961635889 1.2127265684012314e-10
0.15998587196060574 0.9999999998756702 3.756161803883265e-12
0.19306977288832497 0.9999999999982839 5.3174348386500396e-14
0.2329951810515372 0.9999999999999898 3.181018333620682e-16
0.2811768697974228 1.0 6.770540167839433e-19
0.3393221771895326 1.0 0.0
0.4094915062380423 1.0 0.0
0.49417133613238334 1.0 0.0
0.5963623316594643 1.0 0.0
0.7196856730011514 1.0 0.0
0.868511373751352 1.0 0.0
1.0481131341546852 1.0 0.0
1.2648552168552958 1.0 0.0
1.5264179671752318 1.0 0.0
1.8420699693267144 1.0 0.0
2.2229964825261934 1.0 0.0
2.6826957952797246 1.0 0.0
3.2374575428176433 1.0 0.0
3.906939937054613 1.0 0.0
4.714866363457389 1.0 0.0
5.689866029018293 1.0 0.0
6.866488450042998 1.0 0.0
8.286427728546842 1.0 0.0
10.0 1.0 0.0
