0.001 0.23614077162616978 0.00039279814937152316
0.0012067926406393288 0.27753468232978673 0.0004510788377936449
0.0014563484775012444 0.32516040958008846 0.0005050099022466929
0.0017575106248547913 0.3767285019753322 0.0005813537659349742
0.0021209508879201904 0.43416620385226423 0.0006532972810398253
0.002559547922699536 0.4956031873905299 0.0007280956833702426
0.0030888435964774815 0.5623640309389903 0.0007730803809142327
0.003727593720314938 0.6293613804450388 0.0008252713489510159
0.004498432668969444 0.6973820209455491 0.000842060795548097
0.005428675439323859 0.7594011922266113 0.0008775167327985404
0.006551285568595509 0.8189731064839203 0.0008406962013411918
0.0079060432109077 0.8713815468282708 0.0007654307359598397
0.009540954763499945 0.9112375486445853 0.0007000969373313999
0.01151395399326447 0.9439297816197711 0.0005741075292772543
0.013894954943731374 0.9665509098624494 0.00044590387187920397
0.016768329368110076 0.9812610699139576 0.00032017097439620353
0.020235896477251564 0.9900763217046419 0.0002105141036216152
0.02442053094548651 0.9951693835618076 0.00012286349192778775
0.029470517025518096 0.9974941685950929 6.798042813543824e-05
0.03556480306223128 0.9989313631667496 3.10357583379558e-05
0.04291934260128776 0.9995893734815331 1.217711233706315e-05
0.0517947467923121 0.9998703006908725 3.898691484867639e-06
0.0625055192527397 0.9999689207840369 9.649989421771542e-07
0.07543120063354615 0.9999939810861422 1.8554629246042505e-07
0.09102981779915217 0.999999161823935 2.5497743208290066e-08
0.10985411419875583 0.9999999266734718 2.2644598289209124e-09
0.13257113655901082 0.9999999959289542 1.2438833149231944e-10
0.15998587196060574 0.9999999998839599 3.640030843079011e-12
0.19306977288832497 0.9999999999983287 5.25982885671547e-14
0.2329951810515372 0.9999999999999898 3.1942157086063713e-16
0.2811768697974228 1.0 6.861860919632453e-19
0.3393221771895326 1.0 0.0
0.4094915062380423 1.0 0.0
0.49417133613238334 1.0 0.0
0.5963623316594643 1.0 0.0
0.7196856730011514 1.0 0.0
0.868511373751352 1.0 0.0
1.0481131341546852 1.0 0.0
1.2648552168552958 1.0 0.0
1.5264179671752318 1.0 0.0
1.8420699693267144 1.0 0.0
2.2229964825261934 1.0 0.0
2.6826957952797246 1.0 0.0
3.2374575428176433 1.0 0.0
3.906939937054613 1.0 0.0
4.714866363457389 1.0 0.0
5.689866029018293 1.0 0.0
6.866488450042998 1.0 0.0
8.286427728546842 1.0 0.0
10.0 1.0 0.0
