0.001 0.235762132751157 0.0003981037401559275
0.0012067926406393288 0.2777078610753702 0.0004483581888366974
0.0014563484775012444 0.32574565688100326 0.0004953314260157354
0.0017575106248547913 0.37817394391536135 0.0005620970800768997
0.0021209508879201904 0.43512399957280595 0.0006395331601743548
0.002559547922699536 0.4951676230342846 0.0007344486957069049
0.0030888435964774815 0.560973304877078 0.0007916409556491795
0.003727593720314938 0.6284654788257725 0.000837844951666559
0.004498432668969444 0.6955867496746739 0.0008681859836722498
0.005428675439323859 0.7602040961182781 0.0008655855945847288
0.006551285568595509 0.8208359152912393 0.0008166559724141657
0.0079060432109077 0.8709419803861776 0.0007719351512486475
0.009540954763499945 0.9127671981493668 0.0006797228573582849
0.01151395399326447 0.943513068883097 0.0005790977604193697
0.013894954943731374 0.966409849744293 0.000448443675267356
0.016768329368110076 0.9812813042811341 0.00031952240097471094
0.020235896477251564 0.9900118030384205 0.00021117990157916804
0.02442053094548651 0.9949586710470981 0.00012566046292165122
0.029470517025518096 0.9976147086878074 6.63966610817692e-05
0.03556480306223128 0.9989191695104027 3.113432738472824e-05
0.04291934260128776 0.9995928749979143 1.2103708472243375e-05
0.0517947467923121 0.9998712840872993 3.8843380090141475e-06
0.0625055192527397 0.9999681158100837 9.762402899644927e-07
0.07543120063354615 0.9999936196264196 1.906652706931521e-07
0.09102981779915217 0.9999991916568141 2.509552813768766e-08
0.10985411419875583 0.9999999241006615 2.2992099483693953e-09
0.13257113655901082 0.9999999961267798 1.2172424336359452e-10
0.15998587196060574 0.9999999998794756 3.706289519365479e-12
0.19306977288832497 0.9999999999982767 5.331255172860217e-14
0.2329951810515372 0.9999999999999897 3.206313135106188e-16
0.2811768697974228 1.0 6.815901389143709e-19
0.3393221771895326 1.0 0.0
0.4094915062380423 1.0 0.0
0.49417133613238334 1.0 0.0
0.5963623316594643 1.0 0.0
0.7196856730011514 1.0 0.0
0.868511373751352 1.0 0.0
1.0481131341546852 1.0 0.0
1.2648552168552958 1.0 0.0
1.5264179671752318 1.0 0.0
1.8420699693267144 1.0 0.0
2.2229964825261934 1.0 0.0
2.6826957952797246 1.0 0.0
3.2374575428176433 1.0 0.0
3.906939937054613 1.0 0.0
4.714866363457389 1.0 0.0
5.689866029018293 1.0 0.0
6.866488450042998 1.0 0.0
8.286427728546842 1.0 0.0
10.0 1.0 0.0
