0.001 0.23682270616952739 0.0003825676112790332
0.0012067926406393288 0.2777867913476487 0.00044665480749380814
0.0014563484775012444 0.32356740541271467 0.0005248308682337544
0.0017575106248547913 0.3777150373398001 0.0005679948750039077
0.0021209508879201904 0.43481084567654016 0.0006437972785982471
0.002559547922699536 0.496514245537279 0.0007176310697807381
0.0030888435964774815 0.5614721951183287 0.0007836327714695497
0.003727593720314938 0.6293135882938923 0.0008278491969388832
0.004498432668969444 0.6958925889012582 0.0008646717140187779
0.005428675439323859 0.7613087964053958 0.0008520095342393244
0.006551285568595509 0.8184412788184522 0.000848361959365952
0.0079060432109077 0.8712780059531404 0.0007661326342165738
0.009540954763499945 0.912560844304615 0.0006809926232752363
0.01151395399326447 0.9443532201256508 0.0005682022372628507
0.013894954943731374 0.9662597370805528 0.0004499371286998556
0.016768329368110076 0.9808352373358808 0.0003258413726477522
0.020235896477251564 0.9900117765953499 0.00021162906667968216
0.02442053094548651 0.99484506732184 0.00012717908386261853
0.029470517025518096 0.9975221517332448 6.757800400279984e-05
0.03556480306223128 0.9989031540344863 3.137785195176739e-05
0.04291934260128776 0.9996086634518432 1.189079991112382e-05
0.0517947467923121 0.9998754213257158 3.822817538747477e-06
0.0625055192527397 0.9999667453509872 9.957669950653686e-07
0.07543120063354615 0.999993992371203 1.855704349124352e-07
0.09102981779915217 0.9999991866683464 2.5152435066639178e-08
0.10985411419875583 0.9999999223255367 2.3225796507624433e-09
0.13257113655901082 0.9999999961421645 1.2158922721647928e-10
0.15998587196060574 0.9999999998774085 3.732487448273992e-12
0.19306977288832497 0.99999999999822 5.4110242800535627e-14
0.2329951810515372 0.9999999999999895 3.234467842463804e-16
0.2811768697974228 1.0 6.633524505823398e-19
0.3393221771895326 1.0 0.0
0.4094915062380423 1.0 0.0
0.49417133613238334 1.0 0.0
0.5963623316594643 1.0 0.0
0.7196856730011514 1.0 0.0
0.868511373751352 1.0 0.0
1.0481131341546852 1.0 0.0
1.2648552168552958 1.0 0.0
1.5264179671752318 1.0 0.0
1.8420699693267144 1.0 0.0
2.2229964825261934 1.0 0.0
2.6826957952797246 1.0 0.0
3.2374575428176433 1.0 0.0
3.906939937054613 1.0 0.0
4.714866363457389 1.0 0.0
5.689866029018293 1.0 0.0
6.866488450042998 1.0 0.0
8.286427728546842 1.0 0.0
10.0 1.0 0.0
