0.001 0.014104555869831904 4.222306689550504e-05
0.0012067926406393288 0.022832221065392365 6.733235296372896e-05
0.0014563484775012444 0.0365171292195383 0.0001035446796627853
0.0017575106248547913 0.0567674894020456 0.00016250753258092784
0.0021209508879201904 0.08666299897351762 0.0002451014051400262
0.002559547922699536 0.12861222319164717 0.0003623483397660977
0.0030888435964774815 0.18669260070331078 0.0005013386309956794
0.003727593720314938 0.26065485297171115 0.0006853472881332082
0.004498432668969444 0.35238110229082975 0.0008769170620014665
0.005428675439323859 0.4537441019897109 0.0011190687059702423
0.006551285568595509 0.56510850388058 0.001284419057272633
0.0079060432109077 0.6757458960992275 0.001366515490416243
0.009540954763499945 0.7691667909783546 0.001426108244789586
0.01151395399326447 0.8498770405064197 0.0013027651263794052
0.013894954943731374 0.9085000560971239 0.001102819465296357
0.016768329368110076 0.9477588198274632 0.0008458758873887247
0.020235896477251564 0.9718141781873261 0.0005838353062758678
0.02442053094548651 0.9860234566810293 0.0003524226319848159
0.029470517025518096 0.9926387865120363 0.0001992753717155688
0.03556480306223128 0.9968262991635085 9.213126980158774e-05
0.04291934260128776 0.9987730680006389 3.6381994103861935e-05
0.0517947467923121 0.9996114083106579 1.1680717872619098e-05
0.0625055192527397 0.9999067931831338 2.8940330735147438e-06
0.07543120063354615 0.9999819443999081 5.566034888212849e-07
0.09102981779915217 0.9999974854934173 7.64925692085089e-08
0.10985411419875583 0.9999997800205851 6.79337421782556e-09
0.13257113655901082 0.9999999877868632 3.7316497884802665e-10
0.15998587196060574 0.9999999996518798 1.0920092529237034e-11
0.19306977288832497 0.9999999999949861 1.5779486569387537e-13
0.2329951810515372 0.999999999999969 9.582642171073582e-16
0.2811768697974228 1.0 2.058558275889736e-18
0.3393221771895326 1.0 0.0
0.4094915062380423 1.0 0.0
0.49417133613238334 1.0 0.0
0.5963623316594643 1.0 0.0
0.7196856730011514 1.0 0.0
0.868511373751352 1.0 0.0
1.0481131341546852 1.0 0.0
1.2648552168552958 1.0 0.0
1.5264179671752318 1.0 0.0
1.8420699693267144 1.0 0.0
2.2229964825261934 1.0 0.0
2.6826957952797246 1.0 0.0
3.2374575428176433 1.0 0.0
3.906939937054613 1.0 0.0
4.714866363457389 1.0 0.0
5.689866029018293 1.0 0.0
6.866488450042998 1.0 0.0
8.286427728546842 1.0 0.0
10.0 1.0 0.0
