0.001 0.01418055085918131 4.1179107819530796e-05
0.0012067926406393288 0.02291661145040292 6.62317609561686e-05
0.0014563484775012444 0.03634280422062882 0.00010571894052947164
0.0017575106248547913 0.05654095690993153 0.00016535122225371903
0.0021209508879201904 0.08672239638881436 0.00024414932755143117
0.002559547922699536 0.128264090776974 0.00036694495655786754
0.0030888435964774815 0.18694092119906003 0.0004978760231652071
0.003727593720314938 0.2604521800522382 0.000688822829883006
0.004498432668969444 0.351057591516149 0.0008977126013170432
0.005428675439323859 0.45418183360922765 0.0011118040128791074
0.006551285568595509 0.5674063323049348 0.0012541732621932447
0.0079060432109077 0.6754881650291993 0.0013693017828327956
0.009540954763499945 0.7704931673059258 0.0014074201294243208
0.01151395399326447 0.8513543061346179 0.0012843363489283127
0.013894954943731374 0.9086616582869849 0.0011018369887271717
0.016768329368110076 0.9478044043125937 0.0008452767457039548
0.020235896477251564 0.9712880927487684 0.0005910753216329322
0.02442053094548651 0.9849042030090661 0.00036742534590431214
0.029470517025518096 0.9928623242769072 0.00019630812141084098
0.03556480306223128 0.9967898172337103 9.252718166228677e-05
0.04291934260128776 0.9988653559722068 3.504312360230898e-05
0.0517947467923121 0.9996272334729059 1.144859188175031e-05
0.0625055192527397 0.9999076681087748 2.8814682711667715e-06
0.07543120063354615 0.9999814512569981 5.641112663438723e-07
0.09102981779915217 0.9999974954267707 7.638508991532015e-08
0.10985411419875583 0.9999997755597057 6.855518792962294e-09
0.13257113655901082 0.9999999881122207 3.689664791970333e-10
0.15998587196060574 0.9999999996313016 1.1216742508395018e-11
0.19306977288832497 0.999999999994769 1.607349752716281e-13
0.2329951810515372 0.9999999999999666 9.964050592179521e-16
0.2811768697974228 1.0 1.999511359125834e-18
0.3393221771895326 1.0 0.0
0.4094915062380423 1.0 0.0
0.49417133613238334 1.0 0.0
0.5963623316594643 1.0 0.0
0.7196856730011514 1.0 0.0
0.868511373751352 1.0 0.0
1.0481131341546852 1.0 0.0
1.2648552168552958 1.0 0.0
1.5264179671752318 1.0 0.0
1.8420699693267144 1.0 0.0
2.2229964825261934 1.0 0.0
2.6826957952797246 1.0 0.0
3.2374575428176433 1.0 0.0
3.906939937054613 1.0 0.0
4.714866363457389 1.0 0.0
5.689866029018293 1.0 0.0
6.866488450042998 1.0 0.0
8.286427728546842 1.0 0.0
10.0 1.0 0.0
