0.001 0.014149080407100103 4.1713563569464355e-05
0.0012067926406393288 0.022989967224133222 6.528801773038708e-05
0.0014563484775012444 0.036399458961518305 0.00010511035984132128
0.0017575106248547913 0.057041497814663535 0.00015909867521283385
0.0021209508879201904 0.08685171611846122 0.00024178014579400345
0.002559547922699536 0.12880111199407887 0.0003603600782722738
0.0030888435964774815 0.18702660042888908 0.0004977657036909919
0.003727593720314938 0.2602122610701587 0.0006925459523180585
0.004498432668969444 0.35101671996303574 0.0008961886036150629
0.005428675439323859 0.45523498529636724 0.0010995370948881148
0.006551285568595509 0.5677183875075645 0.0012507213199066801
0.0079060432109077 0.6758016791646791 0.0013629026173833203
0.009540954763499945 0.7702541829437913 0.0014122345126147554
0.01151395399326447 0.8495446842504927 0.0013086121572230345
0.013894954943731374 0.9108338002831455 0.0010690236583128265
0.016768329368110076 0.9474385232101209 0.0008508450773763174
0.020235896477251564 0.971991191104643 0.0005794476943651592
0.02442053094548651 0.9854549034001988 0.0003605584320362963
0.029470517025518096 0.992889637959579 0.000196124032411255
0.03556480306223128 0.9967234786140226 9.350354267499335e-05
0.04291934260128776 0.998781077235718 3.63249119590344e-05
0.0517947467923121 0.9996318616468499 1.1394787758194042e-05
0.0625055192527397 0.999901711366218 2.966168050749983e-06
0.07543120063354615 0.9999821210558825 5.551470021788699e-07
0.09102981779915217 0.9999976176701685 7.47376788050631e-08
0.10985411419875583 0.9999997672338233 6.971439502872112e-09
0.13257113655901082 0.9999999884907668 3.638179552694403e-10
0.15998587196060574 0.9999999996270106 1.1268485411649768e-11
0.19306977288832497 0.9999999999948519 1.5952304515579158e-13
0.2329951810515372 0.9999999999999695 9.543046145546461e-16
0.2811768697974228 1.0 2.0311620503518303e-18
0.3393221771895326 1.0 0.0
0.4094915062380423 1.0 0.0
0.49417133613238334 1.0 0.0
0.5963623316594643 1.0 0.0
0.7196856730011514 1.0 0.0
0.868511373751352 1.0 0.0
1.0481131341546852 1.0 0.0
1.2648552168552958 1.0 0.0
1.5264179671752318 1.0 0.0
1.8420699693267144 1.0 0.0
2.2229964825261934 1.0 0.0
2.6826957952797246 1.0 0.0
3.2374575428176433 1.0 0.0
3.906939937054613 1.0 0.0
4.714866363457389 1.0 0.0
5.689866029018293 1.0 0.0
6.866488450042998 1.0 0.0
8.286427728546842 1.0 0.0
10.0 1.0 0.0
