0.001 0.2225009424892183 0.00026032838195582525
0.0012067926406393288 0.2890905621294891 0.0003209895959861691
0.0014563484775012444 0.36834723790613133 0.0003780692007232059
0.0017575106248547913 0.45814609580584703 0.0004533376203231768
0.0021209508879201904 0.5543927747902133 0.0005170990068523227
0.002559547922699536 0.6538863660869367 0.0005499315059091038
0.0030888435964774815 0.7486582315687569 0.0005346589315386977
0.003727593720314938 0.8309890826205716 0.000528419607256204
0.004498432668969444 0.8968063412601265 0.00046990733641548584
0.005428675439323859 0.9437799836412636 0.00037956505778329616
0.006551285568595509 0.973073168574876 0.0002726376169175886
0.0079060432109077 0.9881769718628025 0.00021952916038948286
0.009540954763499945 0.9956698970459953 0.00012288167940318953
0.01151395399326447 0.9985327972786383 7.211816746603488e-05
0.013894954943731374 0.9993738557167293 7.86894525535278e-05
0.016768329368110076 0.9998460657466056 1.622469910934851e-05
0.020235896477251564 0.9999178190870697 2.5689252038243433e-05
0.02442053094548651 0.9999861931632844 2.63048400874041e-06
0.029470517025518096 0.9999872765726459 9.75226460258976e-06
0.03556480306223128 0.9999923962210012 5.275485706625492e-06
0.04291934260128776 0.9999999677808353 1.829057332657271e-08
0.0517947467923121 0.9999999870863913 5.052673549657124e-09
0.0625055192527397 0.9999999845934654 1.4761756393771782e-08
0.07543120063354615 0.9999999968852155 2.2183252599482207e-09
0.09102981779915217 0.9999999968489958 2.233916588051845e-09
0.10985411419875583 0.9999999998602743 1.3970112182318054e-10
0.13257113655901082 0.9999999999998458 1.5404566547653755e-13
0.15998587196060574 0.9999999999937438 6.25412919039111e-12
0.19306977288832497 0.9999999999999978 2.2339233925783256e-15
0.2329951810515372 0.999999999999998 1.9546492229481263e-15
0.2811768697974228 1.0 8.382647028754888e-18
0.3393221771895326 1.0 0.0
0.4094915062380423 1.0 0.0
0.49417133613238334 1.0 2.2204460492503132e-20
0.5963623316594643 1.0 0.0
0.7196856730011514 1.0 0.0
0.868511373751352 1.0 0.0
1.0481131341546852 1.0 0.0
1.2648552168552958 1.0 0.0
1.5264179671752318 1.0 0.0
1.8420699693267144 1.0 0.0
2.2229964825261934 1.0 0.0
2.6826957952797246 1.0 0.0
3.2374575428176433 1.0 0.0
3.906939937054613 1.0 0.0
4.714866363457389 1.0 0.0
5.689866029018293 1.0 0.0
6.866488450042998 1.0 0.0
8.286427728546842 1.0 0.0
10.0 1.0 0.0
