0.001 0.22247920653472192 0.0002674641958053794
0.0012067926406393288 0.2893237949598122 0.000329532287856573
0.0014563484775012444 0.368733031400089 0.0003773142329883542
0.0017575106248547913 0.45789319700000003 0.0004484950074711086
0.0021209508879201904 0.5556284244069322 0.0005070935724457408
0.002559547922699536 0.6544187082058306 0.0005347491404367961
0.0030888435964774815 0.7492421195622186 0.0005543960570952536
0.003727593720314938 0.83132298811493 0.0005208806882798694
0.004498432668969444 0.8969616458083416 0.00046614355270222803
0.005428675439323859 0.9434680678047987 0.00038858762341399087
0.006551285568595509 0.9728762412520447 0.00028053845883618085
0.0079060432109077 0.9882931865489314 0.00020182755622050628
0.009540954763499945 0.995789629780963 0.00011803971712360013
0.01151395399326447 0.998403216343006 7.748984654268424e-05
0.013894954943731374 0.9994074656471387 6.305337550823113e-05
0.016768329368110076 0.9998273262226232 1.732982076085063e-05
0.020235896477251564 0.9998975739290945 3.562377609381753e-05
0.02442053094548651 0.999970172508362 1.6459545917116657e-05
0.029470517025518096 0.9999893889002482 4.53729249208082e-06
0.03556480306223128 0.9999926279599622 5.224957792190139e-06
0.04291934260128776 0.9999975204118422 2.324612054017641e-06
0.0517947467923121 0.9999992449170121 5.31449401309226e-07
0.0625055192527397 0.9999996815858896 2.5374045225892743e-07
0.07543120063354615 0.9999999999591263 2.0166408213833088e-11
0.09102981779915217 0.9999999881555356 1.1377953228767169e-08
0.10985411419875583 0.9999999998618154 1.3815708453802475e-10
0.13257113655901082 0.999999999870516 1.294775637915994e-10
0.15998587196060574 0.9999999999994772 5.226737476698257e-13
0.19306977288832497 0.9999999999998365 1.613948146115411e-13
0.2329951810515372 1.0 1.4588533322626355e-17
0.2811768697974228 1.0 4.4408920985006264e-20
0.3393221771895326 1.0 3.14018491736755e-20
0.4094915062380423 1.0 0.0
0.49417133613238334 1.0 0.0
0.5963623316594643 1.0 0.0
0.7196856730011514 1.0 0.0
0.868511373751352 1.0 0.0
1.0481131341546852 1.0 0.0
1.2648552168552958 1.0 0.0
1.5264179671752318 1.0 0.0
1.8420699693267144 1.0 0.0
2.2229964825261934 1.0 0.0
2.6826957952797246 1.0 0.0
3.2374575428176433 1.0 0.0
3.906939937054613 1.0 0.0
4.714866363457389 1.0 0.0
5.689866029018293 1.0 0.0
6.866488450042998 1.0 0.0
8.286427728546842 1.0 0.0
10.0 1.0 0.0
