0.001 0.2228975704456145 0.00024616364040945125
0.0012067926406393288 0.28905096540393405 0.00033353212490584954
0.0014563484775012444 0.3676733570730779 0.00039954956690234594
0.0017575106248547913 0.458443953530322 0.0004347080616602793
0.0021209508879201904 0.5550582667968632 0.000517067831105477
0.002559547922699536 0.6534979268564006 0.0005603889809623816
0.0030888435964774815 0.7484303352978785 0.0005449326573791197
0.003727593720314938 0.8310244637377615 0.0005298120901370078
0.004498432668969444 0.8962418929468422 0.00048561050173125125
0.005428675439323859 0.9429166168926629 0.0004024358216091506
0.006551285568595509 0.9727626937923171 0.00028622382251406673
0.0079060432109077 0.9880495481430703 0.00023420160898958455
0.009540954763499945 0.995717400282747 0.00011479529574870028
0.01151395399326447 0.9986382357414135 6.633270197917208e-05
0.013894954943731374 0.9994708624203725 4.884038528585915e-05
0.016768329368110076 0.9997832376294831 4.4973673419577634e-05
0.020235896477251564 0.9999544458200995 9.324501500281169e-06
0.02442053094548651 0.9999852139740009 5.739811951498199e-06
0.029470517025518096 0.9999859736793424 1.007247853210682e-05
0.03556480306223128 0.9999992173241644 2.2822864300144104e-07
0.04291934260128776 0.99999981306581 8.935005607830295e-08
0.0517947467923121 0.9999998088715445 1.7870792488487015e-07
0.0625055192527397 0.9999999992816684 3.561216259982403e-10
0.07543120063354615 0.9999999853224141 1.3424109357966003e-08
0.09102981779915217 0.9999999999996193 3.128219899941697e-13
0.10985411419875583 0.9999999985944124 1.3984069753638513e-09
0.13257113655901082 0.9999999999998112 1.8865375822170364e-13
0.15998587196060574 1.0 2.878027015999089e-19
0.19306977288832497 1.0 1.8444410139024814e-19
0.2329951810515372 1.0 1.1058267188978349e-17
0.2811768697974228 1.0 2.2204460492503132e-20
0.3393221771895326 1.0 0.0
0.4094915062380423 1.0 3.14018491736755e-20
0.49417133613238334 1.0 2.2204460492503132e-20
0.5963623316594643 1.0 0.0
0.7196856730011514 1.0 0.0
0.868511373751352 1.0 0.0
1.0481131341546852 1.0 0.0
1.2648552168552958 1.0 0.0
1.5264179671752318 1.0 0.0
1.8420699693267144 1.0 0.0
2.2229964825261934 1.0 0.0
2.6826957952797246 1.0 0.0
3.2374575428176433 1.0 0.0
3.906939937054613 1.0 0.0
4.714866363457389 1.0 0.0
5.689866029018293 1.0 0.0
6.866488450042998 1.0 0.0
8.286427728546842 1.0 0.0
10.0 1.0 0.0
