0.001 0.3042427645263562 0.00024351682005623555
0.0012067926406393288 0.3547231313184463 0.00027227828404359494
0.0014563484775012444 0.4110160840776928 0.0002987497419846132
0.0017575106248547913 0.4716756987872721 0.00033055667878032895
0.0021209508879201904 0.5370356645998757 0.0003503384668687492
0.002559547922699536 0.6045672606288255 0.0003744726733294703
0.0030888435964774815 0.6735678055603814 0.000383192413984888
0.003727593720314938 0.740876247210987 0.0003907666310441925
0.004498432668969444 0.8034763055895956 0.000366942620045778
0.005428675439323859 0.8586645876627296 0.00037049881463705603
0.006551285568595509 0.9050443629322439 0.0003212846646429349
0.0079060432109077 0.9409401554009564 0.0002817924507226288
0.009540954763499945 0.9669158286200552 0.00021959235413417582
0.01151395399326447 0.9829000624876888 0.00017694157018610795
0.013894954943731374 0.9923106412764053 0.00011505311306999824
0.016768329368110076 0.9969601447558029 6.840223281792074e-05
0.020235896477251564 0.9987676103629881 6.890779779812575e-05
0.02442053094548651 0.9996330697499581 2.322875869392658e-05
0.029470517025518096 0.9998724443225521 1.6620308564017595e-05
0.03556480306223128 0.9999657264910508 6.6531760254555045e-06
0.04291934260128776 0.999987959282669 1.8620318372510302e-06
0.0517947467923121 0.9999915026696333 5.554862677589822e-06
0.0625055192527397 0.999999465388408 1.668041173949444e-07
0.07543120063354615 0.9999996194535955 2.4970149745153637e-07
0.09102981779915217 0.9999999076216313 6.998775735673136e-08
0.10985411419875583 0.9999997976594892 1.9979288763187205e-07
0.13257113655901082 0.9999999395087629 6.027975928230535e-08
0.15998587196060574 0.9999999999974564 1.7697423227709191e-12
0.19306977288832497 0.9999999997310266 2.6870854717585975e-10
0.2329951810515372 0.9999999999294842 4.8441350344611567e-11
0.2811768697974228 0.9999999999999 1.0002696948806044e-13
0.3393221771895326 1.0 6.88338275267597e-19
0.4094915062380423 0.9999999999999917 8.480669642818311e-15
0.49417133613238334 1.0 7.430722703816172e-17
0.5963623316594643 1.0 0.0
0.7196856730011514 1.0 0.0
0.868511373751352 1.0 0.0
1.0481131341546852 1.0 0.0
1.2648552168552958 1.0 0.0
1.5264179671752318 1.0 0.0
1.8420699693267144 1.0 0.0
2.2229964825261934 1.0 0.0
2.6826957952797246 1.0 0.0
3.2374575428176433 1.0 0.0
3.906939937054613 1.0 0.0
4.714866363457389 1.0 0.0
5.689866029018293 1.0 0.0
6.866488450042998 1.0 0.0
8.286427728546842 1.0 0.0
10.0 1.0 0.0
