0.001 0.3045064714757638 0.00023766704977707558
0.0012067926406393288 0.3549514742908172 0.00026757603707028456
0.0014563484775012444 0.4111421842879348 0.0002812217138999977
0.0017575106248547913 0.47158747704427595 0.00031821033520121615
0.0021209508879201904 0.5370569063616583 0.00035076160434540233
0.002559547922699536 0.604712393186376 0.0003685783644053603
0.0030888435964774815 0.673796308409787 0.0003921784070746723
0.003727593720314938 0.7404814365962165 0.0003891035290571189
0.004498432668969444 0.803100188295546 0.0003802885748722033
0.005428675439323859 0.8586271443654104 0.00035945029631953416
0.006551285568595509 0.9053902024694446 0.00030985895824515145
0.0079060432109077 0.941040725529765 0.00027162314436156293
0.009540954763499945 0.9670390975423659 0.00020243853460506097
0.01151395399326447 0.9828635712467468 0.00016603172650710485
0.013894954943731374 0.9921758172300355 0.00012467986424641867
0.016768329368110076 0.996828158923997 7.080720081528381e-05
0.020235896477251564 0.9987643971885657 6.141270836197144e-05
0.02442053094548651 0.9996077279067996 3.3185999877858354e-05
0.029470517025518096 0.9998389903873536 1.921781144683792e-05
0.03556480306223128 0.9999408403441917 1.6281799988661933e-05
0.04291934260128776 0.999976734867743 9.360273218523815e-06
0.0517947467923121 0.9999902149750024 5.076361091845805e-06
0.0625055192527397 0.9999949504732892 3.285701791724124e-06
0.07543120063354615 0.9999998906338944 3.6897525780754076e-08
0.09102981779915217 0.9999991867909084 6.295433926138135e-07
0.10985411419875583 0.9999999299691361 6.788041165688364e-08
0.13257113655901082 0.9999999342546374 6.570840846093511e-08
0.15998587196060574 0.9999999958182881 4.173975942821246e-09
0.19306977288832497 0.9999999973879101 2.3350667312669652e-09
0.2329951810515372 0.9999999999779627 2.2035492045433365e-11
0.2811768697974228 0.9999999999990355 9.6441711645197e-13
0.3393221771895326 0.9999999999994205 5.794404088293229e-13
0.4094915062380423 0.9999999999999998 1.0629374037178512e-16
0.49417133613238334 1.0 0.0
0.5963623316594643 1.0 0.0
0.7196856730011514 1.0 0.0
0.868511373751352 1.0 0.0
1.0481131341546852 1.0 0.0
1.2648552168552958 1.0 0.0
1.5264179671752318 1.0 0.0
1.8420699693267144 1.0 0.0
2.2229964825261934 1.0 0.0
2.6826957952797246 1.0 0.0
3.2374575428176433 1.0 0.0
3.906939937054613 1.0 0.0
4.714866363457389 1.0 0.0
5.689866029018293 1.0 0.0
6.866488450042998 1.0 0.0
8.286427728546842 1.0 0.0
10.0 1.0 0.0
