0.001 0.30452232202873986 0.0002366341377059763
0.0012067926406393288 0.35496814493118306 0.00025872852613823276
0.0014563484775012444 0.4109313310251293 0.00029429887304033167
0.0017575106248547913 0.47158375976034206 0.00033730820413698274
0.0021209508879201904 0.5372209911166783 0.0003488692776348195
0.002559547922699536 0.603581671948252 0.00040422108693234714
0.0030888435964774815 0.6737971546572503 0.00037333140589038724
0.003727593720314938 0.7416466036480212 0.0003623069854526976
0.004498432668969444 0.8030791155962004 0.00038910521869886376
0.005428675439323859 0.8587906747612541 0.00036078967113151167
0.006551285568595509 0.9050434599159627 0.0003373275056328665
0.0079060432109077 0.9410891968275399 0.00027740071333854315
0.009540954763499945 0.9664019928590823 0.00022734265534443592
0.01151395399326447 0.9829758519721742 0.00017309287115403602
0.013894954943731374 0.9922005085295404 0.00011651397835901548
0.016768329368110076 0.9967818693956279 8.836061833006998e-05
0.020235896477251564 0.9988741192274919 3.984512436844143e-05
0.02442053094548651 0.9996267995711922 2.1585802184508196e-05
0.029470517025518096 0.9998562717266192 1.2782681653317476e-05
0.03556480306223128 0.9999469692213726 1.4567179389410083e-05
0.04291934260128776 0.9999769096739536 9.334592596512811e-06
0.0517947467923121 0.9999913390346327 3.393327480543875e-06
0.0625055192527397 0.9999964662651735 3.0305178701804014e-06
0.07543120063354615 0.9999984660168362 1.4687570686468299e-06
0.09102981779915217 0.9999995947598757 3.2138720328385817e-07
0.10985411419875583 0.9999999686564919 2.991893634317906e-08
0.13257113655901082 0.999999874137278 8.899205790101837e-08
0.15998587196060574 0.9999999996863613 3.0847809522266864e-10
0.19306977288832497 0.9999999999606706 2.772555615222651e-11
0.2329951810515372 0.9999999995743257 3.010452207786097e-10
0.2811768697974228 0.9999999999675118 2.3075175838649726e-11
0.3393221771895326 0.9999999999981494 1.075092017590289e-12
0.4094915062380423 0.9999999999999821 1.2592308359106728e-14
0.49417133613238334 1.0 7.94475596421762e-17
0.5963623316594643 1.0 3.2196467714129537e-19
0.7196856730011514 1.0 0.0
0.868511373751352 1.0 0.0
1.0481131341546852 1.0 0.0
1.2648552168552958 1.0 0.0
1.5264179671752318 1.0 0.0
1.8420699693267144 1.0 0.0
2.2229964825261934 1.0 0.0
2.6826957952797246 1.0 0.0
3.2374575428176433 1.0 0.0
3.906939937054613 1.0 0.0
4.714866363457389 1.0 0.0
5.689866029018293 1.0 0.0
6.866488450042998 1.0 0.0
8.286427728546842 1.0 0.0
10.0 1.0 0.0
