0.001 0.02869396788681538 4.956286932560265e-05
0.0012067926406393288 0.04539788020614448 7.560643070192834e-05
0.0014563484775012444 0.07037661263706955 0.00010976101836484504
0.0017575106248547913 0.10616439151891116 0.00016120886230273587
0.0021209508879201904 0.15667647434891074 0.0002282840176169946
0.002559547922699536 0.22334401376749224 0.0003069583417803778
0.0030888435964774815 0.30868819660351027 0.0004004912599038859
0.003727593720314938 0.4090786662028003 0.0004953943531556486
0.004498432668969444 0.5211433367590169 0.0005670678495883839
0.005428675439323859 0.6360648933921129 0.0006236653908192149
0.006551285568595509 0.7445991960755415 0.0006169761933624846
0.0079060432109077 0.8352965643722073 0.0005981599905407455
0.009540954763499945 0.905466829777245 0.00048513036012168775
0.01151395399326447 0.9502430893674644 0.0004218954756103911
0.013894954943731374 0.9771487216487916 0.00031784705551261556
0.016768329368110076 0.9906611094197062 0.00019725655352154442
0.020235896477251564 0.996403267483837 0.00015249610640773287
0.02442053094548651 0.9988548479411291 8.48634212024178e-05
0.029470517025518096 0.9995278554622314 5.358394879205214e-05
0.03556480306223128 0.9998301887575549 4.365208961980059e-05
0.04291934260128776 0.9999327594299282 2.574836611221455e-05
0.0517947467923121 0.9999714091517495 1.4695507739633089e-05
0.0625055192527397 0.999985172602714 9.606764477453874e-06
0.07543120063354615 0.9999996719425593 1.1067286828243243e-07
0.09102981779915217 0.999997572240823 1.8773937911843222e-06
0.10985411419875583 0.9999997900456244 2.0350305683931424e-07
0.13257113655901082 0.9999998028934247 1.9699571946023473e-07
0.15998587196060574 0.9999999874553871 1.2521405147573128e-08
0.19306977288832497 0.9999999921638939 7.005039650615179e-09
0.2329951810515372 0.9999999999338884 6.610646157090232e-11
0.2811768697974228 0.9999999999971068 2.893251316051266e-12
0.3393221771895326 0.9999999999982616 1.738321215385371e-12
0.4094915062380423 0.9999999999999997 3.1886234438950044e-16
0.49417133613238334 1.0 0.0
0.5963623316594643 1.0 0.0
0.7196856730011514 1.0 0.0
0.868511373751352 1.0 0.0
1.0481131341546852 1.0 0.0
1.2648552168552958 1.0 0.0
1.5264179671752318 1.0 0.0
1.8420699693267144 1.0 0.0
2.2229964825261934 1.0 0.0
2.6826957952797246 1.0 0.0
3.2374575428176433 1.0 0.0
3.906939937054613 1.0 0.0
4.714866363457389 1.0 0.0
5.689866029018293 1.0 0.0
6.866488450042998 1.0 0.0
8.286427728546842 1.0 0.0
10.0 1.0 0.0
