0.001 0.028696672526511285 4.9888068826555174e-05
0.0012067926406393288 0.045366483320563256 7.485065109193906e-05
0.0014563484775012444 0.07035354420905732 0.00011464550333859644
0.0017575106248547913 0.10631637666907083 0.00016951944436555133
0.0021209508879201904 0.1568096202452045 0.00023006377538703444
0.002559547922699536 0.2225554034693561 0.0003336865071211085
0.0030888435964774815 0.30846017269861303 0.00039195538797744546
0.003727593720314938 0.4105870535696419 0.00046280799591099606
0.004498432668969444 0.5212359452889971 0.0005743561450722249
0.005428675439323859 0.6364507129196981 0.0006258803670165614
0.006551285568595509 0.744157903724659 0.0006518969837440838
0.0079060432109077 0.8355066865246221 0.0006085156462569438
0.009540954763499945 0.9039632416091473 0.0005358212122928371
0.01151395399326447 0.9506213957027368 0.0004230421477460862
0.013894954943731374 0.9771712942910049 0.00030690746204881087
0.016768329368110076 0.9905975798402996 0.00022687287062444578
0.020235896477251564 0.9966729519900913 0.00011359435627540139
0.02442053094548651 0.998894624978579 6.247615836608047e-05
0.029470517025518096 0.9995737357276107 3.735049644030143e-05
0.03556480306223128 0.9998470230568844 3.8642542035406577e-05
0.04291934260128776 0.9999332700287148 2.5683612105083685e-05
0.0517947467923121 0.9999743594050998 9.886206592915714e-06
0.0625055192527397 0.9999896715800696 8.819752204068535e-06
0.07543120063354615 0.9999954624582078 4.341891069240161e-06
0.09102981779915217 0.9999987873757098 9.61269388502776e-07
0.10985411419875583 0.9999999059963304 8.972997560245466e-08
0.13257113655901082 0.9999996226494188 2.668076792995298e-07
0.15998587196060574 0.9999999990590867 9.254314310478446e-10
0.19306977288832497 0.9999999998820116 8.317665214508567e-11
0.2329951810515372 0.99999999872298 9.031337381181884e-10
0.2811768697974228 0.9999999999025356 6.922551606748319e-11
0.3393221771895326 0.9999999999944481 3.2252760336658582e-12
0.4094915062380423 0.9999999999999462 3.777692499379185e-14
0.49417133613238334 0.9999999999999998 2.383308172212233e-16
0.5963623316594643 1.0 9.658940314238861e-19
0.7196856730011514 1.0 0.0
0.868511373751352 1.0 0.0
1.0481131341546852 1.0 0.0
1.2648552168552958 1.0 0.0
1.5264179671752318 1.0 0.0
1.8420699693267144 1.0 0.0
2.2229964825261934 1.0 0.0
2.6826957952797246 1.0 0.0
3.2374575428176433 1.0 0.0
3.906939937054613 1.0 0.0
4.714866363457389 1.0 0.0
5.689866029018293 1.0 0.0
6.866488450042998 1.0 0.0
8.286427728546842 1.0 0.0
10.0 1.0 0.0
