0.001 0.11920675314895375 0.00022583681008805364
0.0012067926406393288 0.15988052731875718 0.00030141413052218167
0.0014563484775012444 0.21199655375020385 0.00038561226087396145
0.0017575106248547913 0.2775465821103755 0.00046377409506402465
0.0021209508879201904 0.35229888939542836 0.0005893184571853974
0.002559547922699536 0.44055579558678476 0.0006791669133143259
0.0030888435964774815 0.5353702218218648 0.0007713604954227133
0.003727593720314938 0.6337479308602963 0.0008232419456857539
0.004498432668969444 0.7292652032112115 0.0008203047042800351
0.005428675439323859 0.8121435975469432 0.0007900122604557756
0.006551285568595509 0.8819476246160879 0.0006705111570449525
0.0079060432109077 0.9319492736658196 0.000534202177674419
0.009540954763499945 0.9639854774461124 0.00039198978941517275
0.01151395399326447 0.9836450469522606 0.00023830747002569783
0.013894954943731374 0.9929724111207586 0.0001323694632749347
0.016768329368110076 0.9974074195714716 6.042150848524423e-05
0.020235896477251564 0.9991525592971562 2.2899913279698542e-05
0.02442053094548651 0.9997675691316311 6.89530749409896e-06
0.029470517025518096 0.9999454952988844 1.644957987261172e-06
0.03556480306223128 0.9999906577689283 2.846603873030598e-07
0.04291934260128776 0.9999989845970704 3.258606537338432e-08
0.0517947467923121 0.9999999183061 2.546326630759602e-09
0.0625055192527397 0.9999999964392587 1.1250520355187633e-10
0.07543120063354615 0.9999999999182435 2.612105581062842e-12
0.09102981779915217 0.9999999999991239 2.827751862140373e-14
0.10985411419875583 0.9999999999999963 1.191507984636008e-16
0.13257113655901082 1.0 7.34427425920946e-19
0.15998587196060574 1.0 2.6921477609369894e-19
0.19306977288832497 1.0 3.233018248352212e-19
0.2329951810515372 1.0 2.531698018113677e-19
0.2811768697974228 1.0 0.0
0.3393221771895326 1.0 0.0
0.4094915062380423 1.0 0.0
0.49417133613238334 1.0 0.0
0.5963623316594643 1.0 0.0
0.7196856730011514 1.0 0.0
0.868511373751352 1.0 0.0
1.0481131341546852 1.0 0.0
1.2648552168552958 1.0 0.0
1.5264179671752318 1.0 0.0
1.8420699693267144 1.0 0.0
2.2229964825261934 1.0 0.0
2.6826957952797246 1.0 0.0
3.2374575428176433 1.0 0.0
3.906939937054613 1.0 0.0
4.714866363457389 1.0 0.0
5.689866029018293 1.0 0.0
6.866488450042998 1.0 0.0
8.286427728546842 1.0 0.0
10.0 1.0 0.0
