0.001 0.11927504857697636 0.00022378759952601193
0.0012067926406393288 0.16049726198937436 0.0002932456850183379
0.0014563484775012444 0.2127316069536278 0.0003762130287500145
0.0017575106248547913 0.27774439050689337 0.0004600065345474154
0.0021209508879201904 0.3532025569728307 0.0005749999022727574
0.002559547922699536 0.4396685031846935 0.0006895658641991907
0.0030888435964774815 0.5362857653918112 0.000758857184534161
0.003727593720314938 0.6342933972988165 0.0008185420685628349
0.004498432668969444 0.7279989589627347 0.0008352704913263175
0.005428675439323859 0.8132418579097954 0.0007765222909812329
0.006551285568595509 0.8808409456392463 0.0006882845461243163
0.0079060432109077 0.931919150690868 0.0005359829369170126
0.009540954763499945 0.9639846408071399 0.00039040676053020884
0.01151395399326447 0.9835250900487749 0.00023985152670891622
0.013894954943731374 0.9930297865408536 0.00013188011240737813
0.016768329368110076 0.9973048894414306 6.17586834823611e-05
0.020235896477251564 0.9991361162883781 2.3183318488354008e-05
0.02442053094548651 0.9997615144540789 6.985449172173332e-06
0.029470517025518096 0.9999483854112974 1.6084662460206755e-06
0.03556480306223128 0.9999912592210054 2.7619494049866917e-07
0.04291934260128776 0.9999989540465993 3.301644521322176e-08
0.0517947467923121 0.9999999195470193 2.530759577097282e-09
0.0625055192527397 0.9999999963805909 1.1340352384664871e-10
0.07543120063354615 0.9999999999178092 2.62003195054283e-12
0.09102981779915217 0.99999999999915 2.7839980797311806e-14
0.10985411419875583 0.9999999999999963 1.1997790199343693e-16
0.13257113655901082 1.0 1.7788530872637526e-18
0.15998587196060574 1.0 6.466036496704424e-19
0.19306977288832497 1.0 5.891509130072237e-19
0.2329951810515372 1.0 5.70442918619968e-19
0.2811768697974228 1.0 0.0
0.3393221771895326 1.0 0.0
0.4094915062380423 1.0 0.0
0.49417133613238334 1.0 0.0
0.5963623316594643 1.0 0.0
0.7196856730011514 1.0 0.0
0.868511373751352 1.0 0.0
1.0481131341546852 1.0 0.0
1.2648552168552958 1.0 0.0
1.5264179671752318 1.0 0.0
1.8420699693267144 1.0 0.0
2.2229964825261934 1.0 0.0
2.6826957952797246 1.0 0.0
3.2374575428176433 1.0 0.0
3.906939937054613 1.0 0.0
4.714866363457389 1.0 0.0
5.689866029018293 1.0 0.0
6.866488450042998 1.0 0.0
8.286427728546842 1.0 0.0
10.0 1.0 0.0
