0.001 0.11881044349758174 0.0002298429358835575
0.0012067926406393288 0.15954993434471768 0.0003051574571603883
0.0014563484775012444 0.21241005834457083 0.00037937964403236287
0.0017575106248547913 0.27644311157713397 0.00047791616621098746
0.0021209508879201904 0.3533294783581019 0.0005734052451106686
0.002559547922699536 0.4410038042198881 0.0006714432883911628
0.0030888435964774815 0.5357858448101218 0.0007643918860157045
0.003727593720314938 0.6333015069704198 0.0008294380104302137
0.004498432668969444 0.7294826950754281 0.0008160882906985802
0.005428675439323859 0.8119876582482852 0.0007924102046248366
0.006551285568595509 0.8818259556721046 0.0006742885179165296
0.0079060432109077 0.9303614785857315 0.0005555237294971218
0.009540954763499945 0.964160267837156 0.00038778877333922997
0.01151395399326447 0.9834588036069265 0.0002406695209119598
0.013894954943731374 0.9932031898564819 0.0001289930706334534
0.016768329368110076 0.9974471969238521 5.989725926711027e-05
0.020235896477251564 0.9991696992342995 2.267201728714014e-05
0.02442053094548651 0.9997504164888045 7.154053464258391e-06
0.029470517025518096 0.99994651833189 1.6370895402547415e-06
0.03556480306223128 0.9999904961387399 2.8756732093605965e-07
0.04291934260128776 0.9999989700112354 3.283991813257216e-08
0.0517947467923121 0.9999999212782259 2.5064128336065987e-09
0.0625055192527397 0.9999999964848512 1.1228539369028159e-10
0.07543120063354615 0.999999999918185 2.6242332243766534e-12
0.09102981779915217 0.9999999999991136 2.847926736041018e-14
0.10985411419875583 0.9999999999999963 1.1968725319207337e-16
0.13257113655901082 1.0 2.1029863170965466e-18
0.15998587196060574 1.0 2.7998759339716833e-19
0.19306977288832497 1.0 6.109253766072345e-19
0.2329951810515372 1.0 6.145463028727448e-19
0.2811768697974228 1.0 0.0
0.3393221771895326 1.0 0.0
0.4094915062380423 1.0 0.0
0.49417133613238334 1.0 0.0
0.5963623316594643 1.0 0.0
0.7196856730011514 1.0 0.0
0.868511373751352 1.0 0.0
1.0481131341546852 1.0 0.0
1.2648552168552958 1.0 0.0
1.5264179671752318 1.0 0.0
1.8420699693267144 1.0 0.0
2.2229964825261934 1.0 0.0
2.6826957952797246 1.0 0.0
3.2374575428176433 1.0 0.0
3.906939937054613 1.0 0.0
4.714866363457389 1.0 0.0
5.689866029018293 1.0 0.0
6.866488450042998 1.0 0.0
8.286427728546842 1.0 0.0
10.0 1.0 0.0
