0.001 0.11934669162548814 0.00022413296440482335
0.0012067926406393288 0.16051512662622944 0.00029438569270489527
0.0014563484775012444 0.21253859842292322 0.00037915451734749057
0.0017575106248547913 0.2775259020490578 0.0004652967853380314
0.0021209508879201904 0.35348021298689664 0.000575633802064359
0.002559547922699536 0.4404113501562881 0.000683733073212282
0.0030888435964774815 0.5373484369533156 0.0007467205715463273
0.003727593720314938 0.6345025239597284 0.0008153491480908951
0.004498432668969444 0.7275370877883088 0.0008443287247904051
0.005428675439323859 0.8133677434147367 0.0007742492931458727
0.006551285568595509 0.8815478890894112 0.0006793261699214973
0.0079060432109077 0.9317740732697908 0.0005388006673879752
0.009540954763499945 0.96427324784392 0.00038764090697277154
0.01151395399326447 0.9837692202519136 0.00023660029066896002
0.013894954943731374 0.9931322910480181 0.00013044010871720966
0.016768329368110076 0.9973926090740428 6.0502897681662915e-05
0.020235896477251564 0.9991656439221092 2.270470714413695e-05
0.02442053094548651 0.9997545003313004 7.070394082557273e-06
0.029470517025518096 0.9999469532876061 1.6233708579720925e-06
0.03556480306223128 0.9999914330245061 2.7277261956025496e-07
0.04291934260128776 0.9999989743429455 3.2564152646444906e-08
0.0517947467923121 0.9999999207518183 2.5003869879011797e-09
0.0625055192527397 0.9999999962475021 1.1481639241368255e-10
0.07543120063354615 0.9999999999199092 2.5826974613340126e-12
0.09102981779915217 0.9999999999991666 2.728252171855335e-14
0.10985411419875583 0.9999999999999963 1.1810309783067648e-16
0.13257113655901082 1.0 1.1720085542418566e-18
0.15998587196060574 1.0 2.682975169497797e-19
0.19306977288832497 1.0 6.731285036575993e-19
0.2329951810515372 1.0 2.5989654674417884e-19
0.2811768697974228 1.0 0.0
0.3393221771895326 1.0 0.0
0.4094915062380423 1.0 0.0
0.49417133613238334 1.0 0.0
0.5963623316594643 1.0 0.0
0.7196856730011514 1.0 0.0
0.868511373751352 1.0 0.0
1.0481131341546852 1.0 0.0
1.2648552168552958 1.0 0.0
1.5264179671752318 1.0 0.0
1.8420699693267144 1.0 0.0
2.2229964825261934 1.0 0.0
2.6826957952797246 1.0 0.0
3.2374575428176433 1.0 0.0
3.906939937054613 1.0 0.0
4.714866363457389 1.0 0.0
5.689866029018293 1.0 0.0
6.866488450042998 1.0 0.0
8.286427728546842 1.0 0.0
10.0 1.0 0.0
