0.001 0.010158183471883344 2.574610291142922e-05
0.0012067926406393288 0.016551406531659568 4.20500072570076e-05
0.0014563484775012444 0.026810188137577153 6.461599229654577e-05
0.0017575106248547913 0.042402954109879896 0.0001010379780926873
0.0021209508879201904 0.06591836752275253 0.00015160556689904753
0.002559547922699536 0.10002048603680216 0.0002233822513256439
0.0030888435964774815 0.1474194671512842 0.0003229935474597919
0.003727593720314938 0.2108262745200096 0.0004499882860943539
0.004498432668969444 0.29304911941590306 0.0005762940902693395
0.005428675439323859 0.3891156650406978 0.0007408470898175294
0.006551285568595509 0.4999275000216023 0.0008509189508002279
0.0079060432109077 0.610707890568659 0.0009716405582709202
0.009540954763499945 0.72036776332781 0.0009676196225073581
0.01151395399326447 0.8148326687849149 0.000889652926145653
0.013894954943731374 0.8882032074320294 0.0007407072240117078
0.016768329368110076 0.9384368517869076 0.0005643604245645264
0.020235896477251564 0.9696738076511023 0.0003769154252111439
0.02442053094548651 0.9859644203572238 0.0002291173326606424
0.029470517025518096 0.9945460977704094 0.00011306223684904253
0.03556480306223128 0.9979767581124083 4.919719312654334e-05
0.04291934260128776 0.9994144560063958 1.655010442642541e-05
0.0517947467923121 0.9998467662993913 4.609933779376697e-06
0.0625055192527397 0.9999685656870272 9.775337737501882e-07
0.07543120063354615 0.9999952787837874 1.4938192707464775e-07
0.09102981779915217 0.9999995095286284 1.555219694986856e-08
0.10985411419875583 0.9999999687130626 1.0034348664640058e-09
0.13257113655901082 0.9999999988250049 3.753732978041946e-11
0.15998587196060574 0.9999999999774093 7.115958660427435e-13
0.19306977288832497 0.999999999999823 5.7214720742013555e-15
0.2329951810515372 0.9999999999999992 1.8379613914805194e-17
0.2811768697974228 1.0 0.0
0.3393221771895326 1.0 0.0
0.4094915062380423 1.0 0.0
0.49417133613238334 1.0 0.0
0.5963623316594643 1.0 0.0
0.7196856730011514 1.0 0.0
0.868511373751352 1.0 0.0
1.0481131341546852 1.0 0.0
1.2648552168552958 1.0 0.0
1.5264179671752318 1.0 0.0
1.8420699693267144 1.0 0.0
2.2229964825261934 1.0 0.0
2.6826957952797246 1.0 0.0
3.2374575428176433 1.0 0.0
3.906939937054613 1.0 0.0
4.714866363457389 1.0 0.0
5.689866029018293 1.0 0.0
6.866488450042998 1.0 0.0
8.286427728546842 1.0 0.0
10.0 1.0 0.0
