0.001 0.010199870947845198 2.5333942034683993e-05
0.0012067926406393288 0.01671532793800958 4.01318100022634e-05
0.0014563484775012444 0.02687739730991915 6.386285731132337e-05
0.0017575106248547913 0.042525750908468926 9.978140372241882e-05
0.0021209508879201904 0.06601648633196547 0.00015110641496693833
0.002559547922699536 0.09977886599154619 0.00022795395642947726
0.0030888435964774815 0.14749098695396906 0.0003231632458718897
0.003727593720314938 0.21138485325277903 0.0004437696497611033
0.004498432668969444 0.29301173813101705 0.0005790525325893803
0.005428675439323859 0.3906722143903718 0.000720907184674917
0.006551285568595509 0.49888417805943336 0.0008668182952292288
0.0079060432109077 0.6128474923965096 0.0009458485318222861
0.009540954763499945 0.7219506854978518 0.0009504139836530902
0.01151395399326447 0.815085964103416 0.0008865646054083076
0.013894954943731374 0.8864472177303087 0.0007681628573645898
0.016768329368110076 0.9383978403873627 0.0005653666028503361
0.020235896477251564 0.9691225891597299 0.0003846625321634709
0.02442053094548651 0.9862351577943645 0.00022506016888444467
0.029470517025518096 0.994392119158509 0.00011497729813553727
0.03556480306223128 0.998083674143787 4.76315532708242e-05
0.04291934260128776 0.9994261448240052 1.633503200468679e-05
0.0517947467923121 0.9998346186179744 4.7769550195280104e-06
0.0625055192527397 0.999968931872603 9.673591648721891e-07
0.07543120063354615 0.9999953764715188 1.4733947526135024e-07
0.09102981779915217 0.9999995152851183 1.5379304359594155e-08
0.10985411419875583 0.9999999681997446 1.0078196300421465e-09
0.13257113655901082 0.9999999987466967 3.8384262683535606e-11
0.15998587196060574 0.9999999999785582 6.884892835174788e-13
0.19306977288832497 0.9999999999998197 5.747041674364999e-15
0.2329951810515372 0.9999999999999997 1.7547126709848937e-17
0.2811768697974228 1.0 0.0
0.3393221771895326 1.0 0.0
0.4094915062380423 1.0 0.0
0.49417133613238334 1.0 0.0
0.5963623316594643 1.0 0.0
0.7196856730011514 1.0 0.0
0.868511373751352 1.0 0.0
1.0481131341546852 1.0 0.0
1.2648552168552958 1.0 0.0
1.5264179671752318 1.0 0.0
1.8420699693267144 1.0 0.0
2.2229964825261934 1.0 0.0
2.6826957952797246 1.0 0.0
3.2374575428176433 1.0 0.0
3.906939937054613 1.0 0.0
4.714866363457389 1.0 0.0
5.689866029018293 1.0 0.0
6.866488450042998 1.0 0.0
8.286427728546842 1.0 0.0
10.0 1.0 0.0
