0.001 0.01021049799873016 2.507866742522015e-05
0.0012067926406393288 0.016683590847747058 4.041518889816448e-05
0.0014563484775012444 0.02686867256640235 6.403825690702392e-05
0.0017575106248547913 0.0426790245932397 9.729333970390317e-05
0.0021209508879201904 0.06588423363265002 0.00015211189358865632
0.002559547922699536 0.09957598687912542 0.0002294977725628473
0.0030888435964774815 0.1476435864505048 0.0003206291421744247
0.003727593720314938 0.21139748540219913 0.00044374148460066346
0.004498432668969444 0.2919814579140316 0.0005904089334880666
0.005428675439323859 0.39032663707122217 0.0007259540287833362
0.006551285568595509 0.49870530741418795 0.0008687394029496505
0.0079060432109077 0.6135361235522206 0.0009368484379039424
0.009540954763499945 0.7199640234275423 0.0009742412194688459
0.01151395399326447 0.8150997459512437 0.0008865677220065936
0.013894954943731374 0.8873398653064931 0.0007561247849525716
0.016768329368110076 0.9370970544323991 0.0005828970427956628
0.020235896477251564 0.9691467578965368 0.0003849599987487575
0.02442053094548651 0.9863045652277933 0.0002241425580812055
0.029470517025518096 0.9946721054065801 0.00011121770500902435
0.03556480306223128 0.9981019228877789 4.735299483514714e-05
0.04291934260128776 0.9994036993146596 1.6655723829230944e-05
0.0517947467923121 0.9998435372048189 4.655155700138046e-06
0.0625055192527397 0.9999675847974439 9.902439440696242e-07
0.07543120063354615 0.9999952378295873 1.496290981017999e-07
0.09102981779915217 0.9999995278742685 1.5254335445637665e-08
0.10985411419875583 0.999999968296099 1.0082834299891566e-09
0.13257113655901082 0.9999999988134812 3.76199333743723e-11
0.15998587196060574 0.9999999999780328 7.022116313651567e-13
0.19306977288832497 0.9999999999998221 5.734956514796481e-15
0.2329951810515372 0.9999999999999994 1.7438942794795415e-17
0.2811768697974228 1.0 0.0
0.3393221771895326 1.0 0.0
0.4094915062380423 1.0 0.0
0.49417133613238334 1.0 0.0
0.5963623316594643 1.0 0.0
0.7196856730011514 1.0 0.0
0.868511373751352 1.0 0.0
1.0481131341546852 1.0 0.0
1.2648552168552958 1.0 0.0
1.5264179671752318 1.0 0.0
1.8420699693267144 1.0 0.0
2.2229964825261934 1.0 0.0
2.6826957952797246 1.0 0.0
3.2374575428176433 1.0 0.0
3.906939937054613 1.0 0.0
4.714866363457389 1.0 0.0
5.689866029018293 1.0 0.0
6.866488450042998 1.0 0.0
8.286427728546842 1.0 0.0
10.0 1.0 0.0
