0.001 0.02455576063825452 0.0001307365843286312
0.0012067926406393288 0.029804825140840898 0.00016611222531409485
0.0014563484775012444 0.035687784992608704 0.00019240224168541795
0.0017575106248547913 0.04259251211233233 0.00021500951582815027
0.0021209508879201904 0.05128224031554497 0.0002679021802310378
0.002559547922699536 0.061468317636859296 0.00030294759740562705
0.0030888435964774815 0.07334016748802843 0.0003469280228467786
0.003727593720314938 0.08819201336981584 0.00041659885818291174
0.004498432668969444 0.10454209511113642 0.00046292217823530856
0.005428675439323859 0.1257017540305031 0.0005610574171291777
0.006551285568595509 0.14869474544524758 0.000593952047997123
0.0079060432109077 0.1749804775513747 0.0006304789104269213
0.009540954763499945 0.20631278142141185 0.0007071855211372937
0.01151395399326447 0.2431600137325031 0.0007764033697712107
0.013894954943731374 0.2846433181402211 0.0008314400224643967
0.016768329368110076 0.32957250666298804 0.0008676986035022008
0.020235896477251564 0.38311042388815814 0.0008982746687488055
0.02442053094548651 0.4400248798172763 0.0009182602720834706
0.029470517025518096 0.5003502006558879 0.0009082968934442684
0.03556480306223128 0.5674334426641053 0.0009275282184446337
0.04291934260128776 0.631303700122648 0.000912240569665743
0.0517947467923121 0.6970911034406398 0.0008483348986193655
0.0625055192527397 0.7621978850153726 0.0007957351057158106
0.07543120063354615 0.8204516698338593 0.0007178754149367673
0.09102981779915217 0.8726065471090689 0.000648965555481886
0.10985411419875583 0.9147394529577013 0.0005024433942190967
0.13257113655901082 0.946093084189818 0.0004529532196127902
0.15998587196060574 0.9683654330576277 0.0004496224601615222
0.19306977288832497 0.9833136019121886 0.0003074697158035291
0.2329951810515372 0.9917463511814786 0.00032848479907513964
0.2811768697974228 0.9965232280300588 0.00022618219838194099
0.3393221771895326 0.9982100012819838 0.0002681562155839071
0.4094915062380423 0.9985872590366615 0.0003318552634150927
0.49417133613238334 0.9988308136439522 0.0003165394605985948
0.5963623316594643 0.999246327379331 0.00026523702877580605
0.7196856730011514 0.9992100065809529 0.00027130738331468694
0.868511373751352 0.9993896174078076 0.0002449362051478467
1.0481131341546852 0.9990394232720308 0.0003023337724848004
1.2648552168552958 0.9989981009480229 0.0003160719002565462
1.5264179671752318 0.9992517301023525 0.0002663540414745394
1.8420699693267144 0.9992982889868662 0.000264486742643113
2.2229964825261934 0.9992904240802473 0.0002645813407372833
2.6826957952797246 0.9991880385631352 0.00028297903096653846
3.2374575428176433 0.9989845735681588 0.00031625270740338586
3.906939937054613 0.998572753699092 0.0003748848591370094
4.714866363457389 0.9994999986371995 0.00022355088875952782
5.689866029018293 0.9989999999998256 0.00031606961258552705
6.866488450042998 0.9988999869479342 0.00033148001040618025
8.286427728546842 0.999397755955001 0.0002448840366020293
10.0 0.9993964135133958 0.0002449008567587594
