0.001 4.454246070358823e-05 3.247028492013079e-06
0.0012067926406393288 8.530607765982952e-05 6.117012399099671e-06
0.0014563484775012444 0.00013830279535716054 9.951311979948223e-06
0.0017575106248547913 0.0002136299653291187 1.5233935055820863e-05
0.0021209508879201904 0.0003855163300264404 2.6334516021997216e-05
0.002559547922699536 0.0005989376578363544 3.78957673827347e-05
0.0030888435964774815 0.0009573750638990978 5.992100899548422e-05
0.003727593720314938 0.0016322037789721759 9.366186169145233e-05
0.004498432668969444 0.002485344296041742 0.0001362358182201199
0.005428675439323859 0.004278659352704423 0.0002120016653844363
0.006551285568595509 0.006103465102931786 0.00026305103448954884
0.0079060432109077 0.008853978944818602 0.00033044987165589066
0.009540954763499945 0.013811786248029645 0.00046486236607604857
0.01151395399326447 0.021054183207196674 0.0005874767308366677
0.013894954943731374 0.03136570049288211 0.0006957485869028522
0.016768329368110076 0.04570778100164175 0.0008317999970589598
0.020235896477251564 0.06780259776448205 0.0009435929384150873
0.02442053094548651 0.09821469765308495 0.0010312023571202036
0.029470517025518096 0.13879446279876662 0.0010642422105857495
0.03556480306223128 0.19828714543538103 0.0012216988538814942
0.04291934260128776 0.2674835367551468 0.001255284057553415
0.0517947467923121 0.3536226643705681 0.0012892345029362844
0.0625055192527397 0.45684564049035054 0.0013532410485453262
0.07543120063354615 0.5643855293862623 0.001346358928736086
0.09102981779915217 0.674570206266791 0.0012886992163963767
0.10985411419875583 0.7718673915957075 0.0011198834621605688
0.13257113655901082 0.8518347893994447 0.0009352978402814508
0.15998587196060574 0.9125672493360073 0.0007456660236067318
0.19306977288832497 0.9528879739654712 0.0005096291692962482
0.2329951810515372 0.9776600986536923 0.0003964138410148734
0.2811768697974228 0.9906591313439252 0.0002637696774528034
0.3393221771895326 0.9960911165232277 0.00028406075331425184
0.4094915062380423 0.997971245718317 0.0003346067621837897
0.49417133613238334 0.9985375476633748 0.0003388438590871081
0.5963623316594643 0.9991506443719128 0.00026963928407854146
0.7196856730011514 0.999119786533628 0.0002834047031025185
0.868511373751352 0.9993697704479911 0.00024539508694895507
1.0481131341546852 0.9989591680621074 0.00031238347059084847
1.2648552168552958 0.9989943574504733 0.0003160933074378346
1.5264179671752318 0.9991824740096672 0.0002740205592688019
1.8420699693267144 0.9992949408813422 0.00026452201498600235
2.2229964825261934 0.9992728451543771 0.0002652705445235971
2.6826957952797246 0.9991682363815828 0.0002844988892343253
3.2374575428176433 0.9989571955672686 0.0003175004018837837
3.906939937054613 0.9985385092631291 0.0003789030410389591
4.714866363457389 0.999499995911642 0.00022355088817595253
5.689866029018293 0.9989999999994769 0.0003160696125854166
6.866488450042998 0.9988999608489134 0.0003314800038002048
8.286427728546842 0.999393400763508 0.000244952439640723
10.0 0.9993896217669562 0.0002450927127509317
