0.001 3.7628441380413006e-05 2.8037240593079486e-06
0.0012067926406393288 9.0193898260633e-05 6.674589128355886e-06
0.0014563484775012444 0.00013240458259790796 9.404331969875165e-06
0.0017575106248547913 0.00021109550867351063 1.4988290835504906e-05
0.0021209508879201904 0.0003659999129860805 2.4245412557125732e-05
0.002559547922699536 0.0006225580891866883 4.202697733274076e-05
0.0030888435964774815 0.0009204481264050052 5.7381889525219954e-05
0.003727593720314938 0.001591555421725152 9.674142627716805e-05
0.004498432668969444 0.002363441780649207 0.0001288576603188244
0.005428675439323859 0.003501718575932257 0.000173097068925501
0.006551285568595509 0.005804269406212056 0.0002669851250054152
0.0079060432109077 0.008483703508425889 0.000344642675419379
0.009540954763499945 0.012536417201286792 0.0004288042779022115
0.01151395399326447 0.019336304384118198 0.0005648575041809212
0.013894954943731374 0.029143150020178653 0.0007092798403652489
0.016768329368110076 0.04375393320666202 0.0008469628900228801
0.020235896477251564 0.06207385529113362 0.00088233658739349
0.02442053094548651 0.09141852133176478 0.0010323446478868886
0.029470517025518096 0.12921894866604283 0.0010742927668253022
0.03556480306223128 0.18367563353741173 0.001177842256641938
0.04291934260128776 0.25108510348377244 0.0012284321246109663
0.0517947467923121 0.33416262633496746 0.0013141951723636938
0.0625055192527397 0.4340022436156114 0.0013591999122740716
0.07543120063354615 0.5420322790593425 0.0013726646869935846
0.09102981779915217 0.6485475995618676 0.0013328648607009276
0.10985411419875583 0.7507913622459896 0.001197402369661765
0.13257113655901082 0.8355612783485973 0.0009964167903045462
0.15998587196060574 0.9003103389422275 0.0007579531326273834
0.19306977288832497 0.9448168462932288 0.0006051276335951139
0.2329951810515372 0.9726157610071757 0.000492018383911824
0.2811768697974228 0.9872219909479624 0.00042763150333903683
0.3393221771895326 0.9951197178354452 0.00030674062131789243
0.4094915062380423 0.9979484327339254 0.0002856590826203068
0.49417133613238334 0.9990745166465517 0.00023590999025146348
0.5963623316594643 0.9989935031568647 0.0003013118229472064
0.7196856730011514 0.9986982369170788 0.0003500727692829207
0.868511373751352 0.998928827176876 0.00032133554050379473
1.0481131341546852 0.9989066807361422 0.00032026601039072565
1.2648552168552958 0.9986269274674389 0.000362408327876387
1.5264179671752318 0.9990999414060234 0.00029986495313204817
1.8420699693267144 0.9997903259816463 0.00014157669691435297
2.2229964825261934 0.9992891847159584 0.0002646133498024805
2.6826957952797246 0.9986819133009079 0.00036060653005094495
3.2374575428176433 0.9994904411906067 0.00022368629019725694
3.906939937054613 0.9995230393756316 0.0002128911629864519
4.714866363457389 0.9986928580358448 0.00035320547556279736
5.689866029018293 0.999092892843934 0.0002999360356704611
6.866488450042998 0.9995999998687374 0.00019995999597298306
8.286427728546842 0.9992 0.0002827295527531566
10.0 0.9991996184982612 0.0002827297021690913
