0.001 0.2988617917721874 0.001204880414644074
0.0012067926406393288 0.3711261102656124 0.0015116260134518053
0.0014563484775012444 0.453904750234032 0.0018305542467184025
0.0017575106248547913 0.544114498109248 0.002088920279144355
0.0021209508879201904 0.6307725997455669 0.002347834126838671
0.002559547922699536 0.705002346072486 0.0025946915132223475
0.0030888435964774815 0.7714489656649971 0.0027233085895148734
0.003727593720314938 0.8176747207840535 0.002806178523347187
0.004498432668969444 0.8529757915534976 0.002774747897066653
0.005428675439323859 0.8800308261395836 0.0026338911031902894
0.006551285568595509 0.8950469569717588 0.0024954733744101255
0.0079060432109077 0.9085373105604576 0.0023070663639013196
0.009540954763499945 0.921184834289962 0.0020895041024144587
0.01151395399326447 0.9385741947084045 0.001802788027502745
0.013894954943731374 0.9517182293606214 0.0015423709605323999
0.016768329368110076 0.9552222024598664 0.0014457093007493418
0.020235896477251564 0.9659731460672943 0.0012260057740118332
0.02442053094548651 0.9730397157047781 0.001044471291185082
0.029470517025518096 0.9804772956768969 0.0008847648628224837
0.03556480306223128 0.9858744450173367 0.0007357281113213438
0.04291934260128776 0.9893578741244015 0.000638996253841307
0.0517947467923121 0.9928809581835242 0.0005148515849241945
0.0625055192527397 0.9950200320102007 0.0003969862883203564
0.07543120063354615 0.9966280280610277 0.0003350012525171886
0.09102981779915217 0.997596501397181 0.00028418152425250674
0.10985411419875583 0.9983525646690498 0.00023383751731584617
0.13257113655901082 0.9991807889920772 0.00013345922132764382
0.15998587196060574 0.9993098729741485 0.00014381739470900015
0.19306977288832497 0.9996882104998007 8.126657185788901e-05
0.2329951810515372 0.99954759430372 0.00011534940648167621
0.2811768697974228 0.9998425730447876 6.835940561179639e-05
0.3393221771895326 0.9998981762685253 5.0436940786605916e-05
0.4094915062380423 0.9999537358900786 1.6746123835073105e-05
0.49417133613238334 0.9999001353316488 6.345889339045022e-05
0.5963623316594643 0.99997550355107 1.5517360574424824e-05
0.7196856730011514 0.9999831096321768 1.4567400475914749e-05
0.868511373751352 0.9999978101134682 1.5603940256348276e-06
1.0481131341546852 0.9999995598470869 2.841357843095236e-07
1.2648552168552958 0.9999999075003893 4.4642784738758395e-08
1.5264179671752318 0.9999999750984034 1.4682403519350497e-08
1.8420699693267144 0.9999999993605799 4.3869522941437597e-10
2.2229964825261934 0.9999999999096398 9.031418127113079e-11
2.6826957952797246 0.9999999999997603 1.8898802575305248e-13
3.2374575428176433 0.9999999999999022 9.552165086374667e-14
3.906939937054613 1.0 7.691850745534256e-20
4.714866363457389 1.0 4.441058628831935e-18
5.689866029018293 1.0 8.852919512203942e-17
6.866488450042998 1.0 0.0
8.286427728546842 1.0 2.2204460492503132e-20
10.0 1.0 3.14018491736755e-20
