0.001 0.34802309201188647 0.0011761552544552326
0.0012067926406393288 0.40185292756739904 0.0013364898997536014
0.0014563484775012444 0.4583482183658372 0.0015098548276212297
0.0017575106248547913 0.5187096574100117 0.0016832883089049591
0.0021209508879201904 0.5804141932666993 0.0018538751821082708
0.002559547922699536 0.6399793879253165 0.0020175432641100425
0.0030888435964774815 0.7002283483988786 0.0021324959425918985
0.003727593720314938 0.7577289418203129 0.002197010026253962
0.004498432668969444 0.8015512287387103 0.0022549696592684357
0.005428675439323859 0.846678619117408 0.0021931632457201995
0.006551285568595509 0.8742970926218573 0.00216860020035168
0.0079060432109077 0.9000388898040849 0.0020454451802853694
0.009540954763499945 0.9164892614761662 0.0019241260913473621
0.01151395399326447 0.9294104374125385 0.0017573997105484482
0.013894954943731374 0.940280146827399 0.00159581231376381
0.016768329368110076 0.949483839627482 0.001413496060879231
0.020235896477251564 0.9602389394725455 0.001223892264111696
0.02442053094548651 0.9658432445360234 0.0010814183849791495
0.029470517025518096 0.974579548829438 0.0009167906839234541
0.03556480306223128 0.9797864781779831 0.0007616122486875816
0.04291934260128776 0.9835247685476365 0.00070027392122649
0.0517947467923121 0.9883152554014989 0.0005766549931214694
0.0625055192527397 0.9908345698215942 0.0004967631218864867
0.07543120063354615 0.994166360507057 0.0003770380540437071
0.09102981779915217 0.9954503411899525 0.0003272206130208314
0.10985411419875583 0.9972483606765845 0.00023138237535551477
0.13257113655901082 0.9977985868817099 0.0002307907725043884
0.15998587196060574 0.9986891827531712 0.00015856826112811513
0.19306977288832497 0.9992866051863512 0.00010774851681694876
0.2329951810515372 0.999564645010823 7.427518575294802e-05
0.2811768697974228 0.9997531987842092 5.0575506366524967e-05
0.3393221771895326 0.9998012083239671 5.0972312439307966e-05
0.4094915062380423 0.9997891134305144 6.848712720987753e-05
0.49417133613238334 0.9998326616518772 6.022372402951144e-05
0.5963623316594643 0.9999564017145444 1.5351648770523502e-05
0.7196856730011514 0.9999950912014185 1.8155802213611437e-06
0.868511373751352 0.9999825390082431 1.2567927510523059e-05
1.0481131341546852 0.9999903679929717 5.240575923256437e-06
1.2648552168552958 0.9999991457237236 7.671473013581053e-07
1.5264179671752318 0.9999988089773048 1.0683879459243757e-06
1.8420699693267144 0.999990993881252 6.482076338466613e-06
2.2229964825261934 0.9999802901492941 1.3933945036512114e-05
2.6826957952797246 0.999999999572574 3.221894625278648e-10
3.2374575428176433 0.9999999908187192 7.039481899530524e-09
3.906939937054613 0.9999991657957326 6.534021681065431e-07
4.714866363457389 0.9999999389921992 6.100457029078381e-08
5.689866029018293 0.999999999999837 1.6181019233121585e-13
6.866488450042998 0.9999999999990354 9.644634071351728e-13
8.286427728546842 1.0 1.3710242980056706e-18
10.0 1.0 3.3306690738754693e-20
