0.001 0.05379689181504807 0.0002476296771402182
0.0012067926406393288 0.08096777953085489 0.0003728160849993141
0.0014563484775012444 0.1204113894175606 0.0005518578309368548
0.0017575106248547913 0.17445991499517627 0.0007618357416385326
0.0021209508879201904 0.24388550824365293 0.0010444554318495478
0.002559547922699536 0.32567899154829655 0.001395389473959025
0.0030888435964774815 0.42116240571631397 0.0017534628487241252
0.003727593720314938 0.5176204160081699 0.0021504195681049877
0.004498432668969444 0.6138925389321171 0.0025023265859604395
0.005428675439323859 0.7008359000838186 0.0027443783533383326
0.006551285568595509 0.7669941564533493 0.002943048093944472
0.0079060432109077 0.8161045559343153 0.0030074770679295064
0.009540954763499945 0.8497818593752456 0.002968786564778253
0.01151395399326447 0.8813664955844365 0.002750793274671416
0.013894954943731374 0.9004117304770539 0.0025308735078209033
0.016768329368110076 0.9031368217134433 0.002473929818346978
0.020235896477251564 0.9192917946134741 0.0022133543105860454
0.02442053094548651 0.926679689669565 0.0020159042717468934
0.029470517025518096 0.943390083402495 0.0017481862626810445
0.03556480306223128 0.9547312866355527 0.0015168894769410962
0.04291934260128776 0.9651475904219896 0.0013286968144880192
0.0517947467923121 0.9732144512966315 0.0011068493077051294
0.0625055192527397 0.9792932528818463 0.0009508019166806883
0.07543120063354615 0.9856661441733646 0.0007850661996976756
0.09102981779915217 0.9897841970099853 0.0006653481327066175
0.10985411419875583 0.9924646355739546 0.0005544559676068082
0.13257113655901082 0.995028035239903 0.00041320041335407765
0.15998587196060574 0.9965396140247079 0.000366209990731026
0.19306977288832497 0.9980858799171696 0.00025521078483783976
0.2329951810515372 0.9977816800801982 0.0002974470484561006
0.2811768697974228 0.9992019633339478 0.00017423431725382445
0.3393221771895326 0.9994373009577765 0.00014258719431778263
0.4094915062380423 0.9995783040807713 0.0001069054024990063
0.49417133613238334 0.9996404181755799 0.0001321765745667979
0.5963623316594643 0.9998143331618472 7.56227073704732e-05
0.7196856730011514 0.9998981563297832 6.16229914439463e-05
0.868511373751352 0.9999585023707286 2.4596949992314065e-05
1.0481131341546852 0.9999737367210279 1.1307150115935008e-05
1.2648552168552958 0.9999868802905152 5.237244146631659e-06
1.5264179671752318 0.999994619715924 2.7230845262917184e-06
1.8420699693267144 0.9999990981551906 4.3760913089478324e-07
2.2229964825261934 0.9999998302754446 1.6457630638009608e-07
2.6826957952797246 0.9999999857603985 8.478642459015941e-09
3.2374575428176433 0.999999993790165 5.416204453884982e-09
3.906939937054613 0.9999999999959764 2.712363449492521e-12
4.714866363457389 0.9999999999633672 3.643738341007721e-11
5.689866029018293 0.9999999998370418 1.629478555548837e-10
6.866488450042998 1.0 8.926193117986257e-18
8.286427728546842 1.0 1.9551027463649007e-17
10.0 1.0 1.100946100261841e-17
