0.001 0.05317897027154577 9.944901915317826e-05
0.0012067926406393288 0.07372983660015366 0.00013348325488424782
0.0014563484775012444 0.10097068651899764 0.00017622523378223214
0.0017575106248547913 0.13679112109336244 0.00022785541408499495
0.0021209508879201904 0.18283044463746495 0.0002869561501922592
0.002559547922699536 0.2399879843606872 0.00035333397186867516
0.0030888435964774815 0.30984182222594764 0.00041795854182121887
0.003727593720314938 0.3929683360334846 0.0004817818106980022
0.004498432668969444 0.48516687472139874 0.0005226349994629663
0.005428675439323859 0.5823726788044254 0.0005314134150062853
0.006551285568595509 0.6803934394941245 0.000505208184941634
0.0079060432109077 0.7735079064888385 0.0004522265267342391
0.009540954763499945 0.851932992102889 0.0003607428305506049
0.01151395399326447 0.9122491497479884 0.00025510982398036473
0.013894954943731374 0.9540161544578881 0.00016073984524601572
0.016768329368110076 0.9792301105498311 8.441544321971749e-05
0.020235896477251564 0.9921750834063301 3.836432959436353e-05
0.02442053094548651 0.9975656031604628 1.3940471967150287e-05
0.029470517025518096 0.9994123080242334 4.097154969817608e-06
0.03556480306223128 0.9998927945299813 8.682960684998154e-07
0.04291934260128776 0.9999862849577627 1.3331567039597953e-07
0.0517947467923121 0.999998780552529 1.4046571815975184e-08
0.0625055192527397 0.9999999359197731 8.916424070682651e-10
0.07543120063354615 0.9999999979944376 3.377742024247521e-11
0.09102981779915217 0.9999999999680848 6.499128062810834e-13
0.10985411419875583 0.9999999999997808 5.290940443696985e-15
0.13257113655901082 0.9999999999999997 1.5657813465016233e-17
0.15998587196060574 1.0 1.5611172790880138e-18
0.19306977288832497 1.0 1.6274521465405816e-18
0.2329951810515372 1.0 1.719233318735412e-18
0.2811768697974228 1.0 1.9984014443252817e-19
0.3393221771895326 1.0 0.0
0.4094915062380423 1.0 0.0
0.49417133613238334 1.0 0.0
0.5963623316594643 1.0 0.0
0.7196856730011514 1.0 0.0
0.868511373751352 1.0 0.0
1.0481131341546852 1.0 0.0
1.2648552168552958 1.0 0.0
1.5264179671752318 1.0 0.0
1.8420699693267144 1.0 0.0
2.2229964825261934 1.0 0.0
2.6826957952797246 1.0 0.0
3.2374575428176433 1.0 0.0
3.906939937054613 1.0 0.0
4.714866363457389 1.0 0.0
5.689866029018293 1.0 0.0
6.866488450042998 1.0 0.0
8.286427728546842 1.0 0.0
10.0 1.0 0.0
