0.001 0.072342278288872 0.0001103431736236808
0.0012067926406393288 0.0993792895311972 0.00014799099497836275
0.0014563484775012444 0.13467554588302375 0.00018987634389912235
0.0017575106248547913 0.18025320665059383 0.00024122276425738993
0.0021209508879201904 0.2371815908953656 0.00029361738775811016
0.002559547922699536 0.30670753386081845 0.0003541221947310886
0.0030888435964774815 0.38802080155790164 0.0004032838112747817
0.003727593720314938 0.48033974787146116 0.0004444531035086671
0.004498432668969444 0.5784775343228159 0.0004531417498773494
0.005428675439323859 0.6775313511200673 0.0004365691933742569
0.006551285568595509 0.7701371626681788 0.00038807156230101237
0.0079060432109077 0.8495742074645634 0.00031158677412087123
0.009540954763499945 0.9109275831626943 0.0002222877574119575
0.01151395399326447 0.9535958538761528 0.0001415660786443712
0.013894954943731374 0.9793020436848412 7.587277254337685e-05
0.016768329368110076 0.9920681559688456 3.407419311613491e-05
0.020235896477251564 0.9975534281992224 1.2426859998459798e-05
0.02442053094548651 0.9994170847577621 3.430102518532274e-06
0.029470517025518096 0.9998936421545479 7.407497350706576e-07
0.03556480306223128 0.9999866658171246 1.1078739558497477e-07
0.04291934260128776 0.9999988447874341 1.149331283522084e-08
0.0517947467923121 0.9999999407781132 7.061791920041152e-10
0.0625055192527397 0.9999999982599694 2.4944878552485445e-11
0.07543120063354615 0.9999999999739976 4.5408299425010977e-13
0.09102981779915217 0.9999999999998387 3.35817788904607e-15
0.10985411419875583 0.9999999999999997 1.0432647083529401e-17
0.13257113655901082 1.0 1.4680154581783705e-18
0.15998587196060574 1.0 1.4757198705973148e-18
0.19306977288832497 1.0 1.5926960941596221e-18
0.2329951810515372 1.0 6.504049972323149e-19
0.2811768697974228 1.0 0.0
0.3393221771895326 1.0 0.0
0.4094915062380423 1.0 0.0
0.49417133613238334 1.0 0.0
0.5963623316594643 1.0 0.0
0.7196856730011514 1.0 0.0
0.868511373751352 1.0 0.0
1.0481131341546852 1.0 0.0
1.2648552168552958 1.0 0.0
1.5264179671752318 1.0 0.0
1.8420699693267144 1.0 0.0
2.2229964825261934 1.0 0.0
2.6826957952797246 1.0 0.0
3.2374575428176433 1.0 0.0
3.906939937054613 1.0 0.0
4.714866363457389 1.0 0.0
5.689866029018293 1.0 0.0
6.866488450042998 1.0 0.0
8.286427728546842 1.0 0.0
10.0 1.0 0.0
