0.001 0.041217639155808346 8.98716857706894e-05
0.0012067926406393288 0.057377955492097885 0.00012187232372770862
0.0014563484775012444 0.07896549881192773 0.00016147877895696626
0.0017575106248547913 0.1080498978448929 0.00021445725573085415
0.0021209508879201904 0.14615798142177747 0.00027597283756095606
0.002559547922699536 0.19449902723694737 0.00034652741379335354
0.0030888435964774815 0.2547099914756831 0.00041829717185865733
0.003727593720314938 0.32736754124741013 0.000492186727258662
0.004498432668969444 0.41198008138478237 0.0005617533230311493
0.005428675439323859 0.505838626977419 0.0006027072718402602
0.006551285568595509 0.6039009658689288 0.0006053027126447293
0.0079060432109077 0.7007903175465365 0.000567026300581028
0.009540954763499945 0.7911436690670101 0.0004882222988371797
0.01151395399326447 0.8653664426968138 0.00038390157410283946
0.013894954943731374 0.9220301826404631 0.0002656217816063325
0.016768329368110076 0.9604500939990992 0.0001617041330617065
0.020235896477251564 0.982611590937437 8.224199785540734e-05
0.02442053094548651 0.9935715498694737 3.618282061901939e-05
0.029470517025518096 0.9980632860858876 1.3015932875454155e-05
0.03556480306223128 0.9995456262750037 3.56459093792394e-06
0.04291934260128776 0.9999207943775668 7.503316744235742e-07
0.0517947467923121 0.9999900254398275 1.1142443133165531e-07
0.0625055192527397 0.9999991848295134 1.1011621670199452e-08
0.07543120063354615 0.9999999576036109 6.874083341015052e-10
0.09102981779915217 0.9999999987528878 2.4266761291235425e-11
0.10985411419875583 0.9999999999812651 4.282945441719773e-13
0.13257113655901082 0.9999999999998803 3.1625854494357345e-15
0.15998587196060574 0.9999999999999998 8.676234890821886e-18
0.19306977288832497 1.0 1.4156976150743255e-18
0.2329951810515372 1.0 1.4673435975215892e-18
0.2811768697974228 1.0 1.4910092684238968e-18
0.3393221771895326 1.0 6.276443376186411e-19
0.4094915062380423 1.0 0.0
0.49417133613238334 1.0 0.0
0.5963623316594643 1.0 0.0
0.7196856730011514 1.0 0.0
0.868511373751352 1.0 0.0
1.0481131341546852 1.0 0.0
1.2648552168552958 1.0 0.0
1.5264179671752318 1.0 0.0
1.8420699693267144 1.0 0.0
2.2229964825261934 1.0 0.0
2.6826957952797246 1.0 0.0
3.2374575428176433 1.0 0.0
3.906939937054613 1.0 0.0
4.714866363457389 1.0 0.0
5.689866029018293 1.0 0.0
6.866488450042998 1.0 0.0
8.286427728546842 1.0 0.0
10.0 1.0 0.0
