0.001 0.04654496806694151 9.444351079997539e-05
0.0012067926406393288 0.06450014677789295 0.00012701648269785356
0.0014563484775012444 0.08882514688029508 0.0001690217552905653
0.0017575106248547913 0.12100700307795373 0.00021996740954949632
0.0021209508879201904 0.16247323074856737 0.00028220119549009887
0.002559547922699536 0.2155297095624358 0.0003529302445639867
0.0030888435964774815 0.2809313975670533 0.0004257740358643488
0.003727593720314938 0.35756885421288137 0.0004945737610909455
0.004498432668969444 0.44560428302774296 0.0005353258227188834
0.005428675439323859 0.5412384352316675 0.0005632724876009084
0.006551285568595509 0.6419369543901441 0.0005649393406416693
0.0079060432109077 0.7357903983715268 0.0005065403376490185
0.009540954763499945 0.8209437867895566 0.00042660135483474083
0.01151395399326447 0.889274587810675 0.0003194053908278002
0.013894954943731374 0.938783442511588 0.00021241803195119624
0.016768329368110076 0.9706723895256644 0.00012130609465743072
0.020235896477251564 0.9878251028022194 5.914373274584562e-05
0.02442053094548651 0.9958734013185183 2.3669351879637194e-05
0.029470517025518096 0.9988917019685698 7.537869874167327e-06
0.03556480306223128 0.9997671497417084 1.8658901762560425e-06
0.04291934260128776 0.999963760043303 3.4035793715530105e-07
0.0517947467923121 0.9999962010767911 4.273819651627833e-08
0.0625055192527397 0.9999997350430718 3.6390989423191313e-09
0.07543120063354615 0.9999999893382655 1.737089623829434e-10
0.09102981779915217 0.9999999997656709 4.646446129933032e-12
0.10985411419875583 0.9999999999975836 5.665221583276311e-14
0.13257113655901082 0.9999999999999895 2.8270602425989305e-16
0.15998587196060574 1.0 1.5987211554602254e-18
0.19306977288832497 1.0 1.2778662190571807e-18
0.2329951810515372 1.0 1.6411785257137604e-18
0.2811768697974228 1.0 1.3250315287503595e-18
0.3393221771895326 1.0 2.2204460492503132e-20
0.4094915062380423 1.0 0.0
0.49417133613238334 1.0 0.0
0.5963623316594643 1.0 0.0
0.7196856730011514 1.0 0.0
0.868511373751352 1.0 0.0
1.0481131341546852 1.0 0.0
1.2648552168552958 1.0 0.0
1.5264179671752318 1.0 0.0
1.8420699693267144 1.0 0.0
2.2229964825261934 1.0 0.0
2.6826957952797246 1.0 0.0
3.2374575428176433 1.0 0.0
3.906939937054613 1.0 0.0
4.714866363457389 1.0 0.0
5.689866029018293 1.0 0.0
6.866488450042998 1.0 0.0
8.286427728546842 1.0 0.0
10.0 1.0 0.0
