0.001 0.003499824275651434 9.715652890801274e-06
0.0012067926406393288 0.005844625010645484 1.5870136788569165e-05
0.0014563484775012444 0.009683905570656248 2.5883512963970328e-05
0.0017575106248547913 0.01581542658453635 4.091506633536617e-05
0.0021209508879201904 0.02546420628739139 6.34976365804848e-05
0.002559547922699536 0.04033777796242151 9.748838270027289e-05
0.0030888435964774815 0.06281683282125221 0.00014246411192903955
0.003727593720314938 0.09536668816201056 0.00020177726736941403
0.004498432668969444 0.141509834613167 0.00028132718459781425
0.005428675439323859 0.20391300385588507 0.0003688229427209264
0.006551285568595509 0.2828383033166095 0.0004531360343380307
0.0079060432109077 0.3806375764158795 0.0005331785450336725
0.009540954763499945 0.4890021896523437 0.0005690667625494809
0.01151395399326447 0.6044943649500417 0.0005636131274623599
0.013894954943731374 0.7164257103784496 0.0005115455916580078
0.016768329368110076 0.8131681131149793 0.0004176991875283689
0.020235896477251564 0.889394988075536 0.00030038688441732885
0.02442053094548651 0.941754988903308 0.00018636649080745968
0.029470517025518096 0.9735409681597667 0.00010137484994269832
0.03556480306223128 0.9897112183169476 4.5918750788518334e-05
0.04291934260128776 0.9967269292098092 1.7349449026716345e-05
0.0517947467923121 0.9991708203643448 5.159646166201955e-06
0.0625055192527397 0.9998417707485859 1.1666039812228437e-06
0.07543120063354615 0.9999776108080156 1.9283250251752327e-07
0.09102981779915217 0.9999979314565007 2.1427946356820452e-08
0.10985411419875583 0.9999998759026172 1.531214938516556e-09
0.13257113655901082 0.9999999957361005 6.387281464669663e-11
0.15998587196060574 0.999999999924676 1.3590908739810194e-12
0.19306977288832497 0.9999999999993812 1.3520992126273653e-14
0.2329951810515372 0.9999999999999982 4.6682636563661667e-17
0.2811768697974228 1.0 0.0
0.3393221771895326 1.0 0.0
0.4094915062380423 1.0 0.0
0.49417133613238334 1.0 0.0
0.5963623316594643 1.0 0.0
0.7196856730011514 1.0 0.0
0.868511373751352 1.0 0.0
1.0481131341546852 1.0 0.0
1.2648552168552958 1.0 0.0
1.5264179671752318 1.0 0.0
1.8420699693267144 1.0 0.0
2.2229964825261934 1.0 0.0
2.6826957952797246 1.0 0.0
3.2374575428176433 1.0 0.0
3.906939937054613 1.0 0.0
4.714866363457389 1.0 0.0
5.689866029018293 1.0 0.0
6.866488450042998 1.0 0.0
8.286427728546842 1.0 0.0
10.0 1.0 0.0
