0.001 0.0027789348678516315 8.497881005702934e-06
0.0012067926406393288 0.0046716617248116045 1.3978733781195166e-05
0.0014563484775012444 0.007751341937010565 2.2748303910881707e-05
0.0017575106248547913 0.012737312460343897 3.636272803459274e-05
0.0021209508879201904 0.02066327819219423 5.676675690177474e-05
0.002559547922699536 0.03289720410524371 8.72933912545344e-05
0.0030888435964774815 0.05158809327043979 0.00013019257912076003
0.003727593720314938 0.07972971796208042 0.00019113689435065517
0.004498432668969444 0.11955157216420176 0.0002666835967364405
0.005428675439323859 0.17361971334374451 0.0003529533101012801
0.006551285568595509 0.24489111975870045 0.00044562014852291096
0.0079060432109077 0.3355583405279915 0.0005425123439539502
0.009540954763499945 0.43992409153837686 0.0006039095216706233
0.01151395399326447 0.5525117520238501 0.0006160150309044653
0.013894954943731374 0.6661155317571156 0.0005843595267871608
0.016768329368110076 0.7703442313030234 0.0004880525371993827
0.020235896477251564 0.8574128025605391 0.0003772918688673719
0.02442053094548651 0.9202560118075044 0.0002519997738682685
0.029470517025518096 0.9612723078635225 0.0001498872910313332
0.03556480306223128 0.9837210509209211 7.311709027068265e-05
0.04291934260128776 0.9943488521142161 3.0091938653737413e-05
0.0517947467923121 0.9983707580162394 9.99747405056947e-06
0.0625055192527397 0.9996433995997679 2.549861672590081e-06
0.07543120063354615 0.9999409471946717 5.028998493829327e-07
0.09102981779915217 0.9999931888787825 7.025238752809917e-08
0.10985411419875583 0.9999994874744287 6.283544534743872e-09
0.13257113655901082 0.9999999765698158 3.471001670920877e-10
0.15998587196060574 0.9999999993942525 1.0726175425937543e-11
0.19306977288832497 0.9999999999926491 1.5777445013519658e-13
0.2329951810515372 0.9999999999999607 9.707518801351767e-16
0.2811768697974228 1.0 1.941240118105965e-18
0.3393221771895326 1.0 0.0
0.4094915062380423 1.0 0.0
0.49417133613238334 1.0 0.0
0.5963623316594643 1.0 0.0
0.7196856730011514 1.0 0.0
0.868511373751352 1.0 0.0
1.0481131341546852 1.0 0.0
1.2648552168552958 1.0 0.0
1.5264179671752318 1.0 0.0
1.8420699693267144 1.0 0.0
2.2229964825261934 1.0 0.0
2.6826957952797246 1.0 0.0
3.2374575428176433 1.0 0.0
3.906939937054613 1.0 0.0
4.714866363457389 1.0 0.0
5.689866029018293 1.0 0.0
6.866488450042998 1.0 0.0
8.286427728546842 1.0 0.0
10.0 1.0 0.0
