0.001 0.014049657884718146 0.00014108619176880264
0.0010473708979594498 0.015160214120895318 0.00015257966449686925
0.001096985797892384 0.016266529018491356 0.00016456675336891009
0.0011489510001873086 0.01751349725682388 0.00017611726309083663
0.0012033778407775893 0.019636623321136443 0.0001957884312586285
0.0012603829296797275 0.021299121782477847 0.0002138817041548588
0.001320088400831418 0.022847864927899322 0.0002266202174528384
0.0013826221737646563 0.025023911769584156 0.0002480060244573536
0.001448118227674533 0.02691034061793845 0.00026889407555000873
0.0015167168884709225 0.02956515165467402 0.0002921280641146514
0.0015885651294280528 0.03169679212681979 0.0003146645896748691
0.001663816886076129 0.03472146022219742 0.00033735071989275
0.0017426333860096508 0.0372846135697018 0.0003684119134777617
0.0018251834943190425 0.04016555929422271 0.00039200686909544424
0.0019116440753857017 0.04324714987369682 0.0004230343346039916
0.0020022003718155844 0.047181116036788255 0.00045471977162794087
0.002097046401323233 0.05031797853393011 0.0004896617957381115
0.002196385372416547 0.05467122610756451 0.0005276889999294821
0.002300430119772917 0.05946017885330195 0.000563154978926692
0.0024094035602395245 0.06425284987700823 0.0006056333282828821
0.0025235391704347657 0.0697250970165424 0.0006540904799207113
0.0026430814869741054 0.07311906922960798 0.0006844617885909704
0.0027682866303920667 0.07947058397499263 0.0007395595588257257
0.002899422853882875 0.08614006759777267 0.0007993090959346371
0.0030367711180354575 0.09175245777765892 0.0008445236576747868
0.0031806256927941192 0.10002598288051572 0.0009067675853601725
0.0033312947879346735 0.10661695052938366 0.0009669789570156932
0.0034891012134067737 0.11283996176460362 0.001026886549987218
0.0036543830709572546 0.12195494356630777 0.0010891617072567555
0.003827494478516311 0.13104687951242805 0.0011472168468997094
0.004008806328898464 0.13771040788496383 0.0012148377831259418
0.00419870708444391 0.14896241929337906 0.0012961836166896648
0.004397603609302721 0.15841468360219288 0.001358500664862762
0.004605922041145104 0.1691969559871462 0.001432391269947194
0.004824108704165369 0.17997055873221965 0.0015109019825895764
0.00505263106533568 0.18980904981245095 0.0015967073646624306
0.005291978735958442 0.20321757174131702 0.001674179789895979
0.005542664520663107 0.2154408944778651 0.0017538768342950828
0.005805225516094896 0.23155164320591792 0.001858472390176137
0.006080224261649427 0.23791430860397927 0.0019026278744379407
0.006368249944718587 0.25725034811161984 0.002006698048331653
0.006669919663030122 0.2693973988581274 0.002085729523887501
0.0069858797467852495 0.27918652509152664 0.0021651347927231944
0.007316807143427192 0.29578922626013937 0.0022456868903823835
0.007663410868007463 0.31355020154650337 0.0023464701115552726
0.008026433522257174 0.32608156086600254 0.002423289842494297
0.008406652885618326 0.34262470607154333 0.0024690885647946125
0.008804883581643464 0.3596348792202149 0.0025692231065933572
0.009221978823334321 0.37268178661717505 0.0026320291596441795
0.009658832241158708 0.3992846713902756 0.0027326120651692547
0.01011637979766207 0.40868346678300205 0.0027798457376767994
0.010595601792776159 0.42151762468569215 0.0028471879354822023
0.011097524964120722 0.44160051908741427 0.002912547328715041
0.011623224686798524 0.4595430613967295 0.0029669664374807917
0.012173827277396614 0.4767682541445578 0.00301821241209764
0.012750512407130135 0.49672642534791683 0.0030611727447375212
0.013354515629298987 0.5053403930450457 0.0031343169569711215
0.013987131026472387 0.5238656745336516 0.003161812265369683
0.014649713983072856 0.5400281041070637 0.003185855745903222
0.015343684089300124 0.5569804551726362 0.003234314100257506
0.01607052818261639 0.56970421589117 0.003234539738674424
0.016831803533309566 0.5866750917316025 0.0032669036964948156
0.01762914118095948 0.6047238385213474 0.0032482466578786064
0.018464249428955436 0.6193547940167995 0.0033131516757199425
0.01933891750455231 0.6330145712434407 0.0032864498763794468
0.020255019392306676 0.6453495072022447 0.003269463664380221
0.021214517849106298 0.6501337890571994 0.0033405841533774333
0.02221946860939524 0.672749725786017 0.0032867020609567785
0.023272024789604086 0.6844138420617298 0.003272451097761721
0.024374441501222206 0.6995128738648344 0.0032512330632681347
0.025529080682395178 0.7121231317043024 0.00323073490542607
0.026738416158399468 0.7145551667138016 0.003246880612174081
0.02800503894183631 0.7378759034101694 0.0031542828977164095
0.02933166278390044 0.746945411516667 0.003156407976289753
0.030721129988617576 0.757573672212575 0.0031489539400986082
0.03217641750250737 0.7640275427275052 0.0031424934354060048
0.03370064329271928 0.7668598100840418 0.003146215728099006
0.0352970730273065 0.7853945464433945 0.003055092782592577
0.036969127071950283 0.7888715222573125 0.003039580758982381
0.03872038781812555 0.7972105157999237 0.003019209560487407
0.040554607358408296 0.8091826657112534 0.002992902518596381
0.04247571552536898 0.8186370243455563 0.002904957467312987
0.04448782831127585 0.8207231693011621 0.0029163459476509107
0.046595256686646824 0.8304165053108657 0.002857649203040411
0.04880251583654431 0.8336120260783008 0.002872850079718468
0.051114334834401684 0.8465814614393999 0.002747153961716899
0.053535666774107246 0.8486498332966589 0.002766798590329312
0.05607169938205458 0.8543694100985542 0.002734339856997951
0.05872786613189483 0.8618942998668703 0.002683573571326961
0.061509857885805014 0.8686779209698441 0.0026230237092199006
0.06442363508721373 0.8752388276489257 0.0025887080776828136
0.06747544053110693 0.879238129885144 0.0025336427079806186
0.07067181273927492 0.8798563168786664 0.0025656650119789113
0.07401959996915644 0.8840373826673691 0.00249935152836142
0.0775259748862946 0.8929856240069323 0.0024352315651308774
0.08119844993184012 0.8949610776603144 0.0024018607502780324
0.08504489341802678 0.9007316480013103 0.0023439172589082725
0.0890735463861044 0.9055871410672834 0.0023172460467275413
0.09329304026284686 0.906723059060756 0.002325265049390584
0.09771241535346496 0.9137851852763174 0.002219536831369787
0.10234114021054527 0.9146817115438903 0.0022210808879148665
0.10718913192051276 0.9167867249217103 0.00218983906825984
0.11226677735108136 0.9232077940252812 0.0021310818503540536
0.1175849554052157 0.9255522835871025 0.0021114806375519077
0.12315506032928261 0.9297289202010548 0.002049667131728544
0.1289890261253308 0.93220730910015 0.002000629148745107
0.13509935211980265 0.9357234414389228 0.0019595406229812795
0.1414991297434576 0.9344159707874982 0.002006852258858162
0.14820207057988585 0.9375896655916877 0.0019575723227137835
0.1552225357427048 0.9399554562127379 0.0019242118533620372
0.1625755666443795 0.9442496152301679 0.0018515065277359462
0.17027691722258995 0.9418095824984485 0.001911358808223104
0.17834308769319093 0.9466483540233119 0.0018310222003655964
0.1867913599020783 0.944372698238113 0.001873000144948264
0.19563983435170648 0.9497632936505482 0.0017550936354190838
0.20490746898158482 0.9547282435359659 0.0017101463868393547
0.21461411978584036 0.9524087123178852 0.0017477214135105943
0.22478058335487253 0.9566958947394553 0.001654033229504057
0.2354286414322418 0.9566507572897808 0.0016750573250506001
0.2465811075822604 0.9590244853373084 0.0016437456859181038
0.2582618760682677 0.962013255171397 0.001564337064299547
0.27049597304631345 0.9643777125408879 0.0015071108034857227
0.2833096101839324 0.9639601570969346 0.0015297760982332731
0.29673024081888694 0.9662588599253206 0.0014976826561405128
0.3107866187782014 0.9661525129615729 0.0015007355505298166
0.325508859983506 0.9694054604472372 0.0014065099009101416
0.3409285069746811 0.9693319682814822 0.001447816334815993
0.35707859649004625 0.9702176582756467 0.0014151114329806038
0.3739937302478798 0.971393619625959 0.0013667834418023576
0.39171014908092605 0.9734123361786106 0.0013337983960247143
0.41026581058271944 0.9725000383700361 0.0013497001198246256
0.4297004704320839 0.9730974967388017 0.0013338449770653928
0.4500557675700497 0.9731969694097342 0.0013317330763032115
0.4713753134116724 0.9760391022643835 0.0012749508309112723
0.4937047852839004 0.9784201688558632 0.0011915007134115654
0.517092024289676 0.9758872105182752 0.0012930985834657981
0.5415871378079471 0.9781873570483687 0.0012069798665906503
0.5672426068491978 0.978692792518705 0.0012153101109108938
0.5941133984965034 0.9790337522456976 0.0012033914043635505
0.6222570836730231 0.9814070698800504 0.0011245113892817283
0.6517339604882427 0.9812978503667195 0.001117512812598974
0.6826071834272386 0.9801438726676442 0.001168064267613771
0.7149428986597577 0.9806347352558205 0.0011553676559085996
0.7488103857590023 0.9825933645764547 0.0010837119631556934
0.7842822061337682 0.9830130691867996 0.0010806834409628813
0.821434358491943 0.9835997819540163 0.001067730220436814
0.8603464416684501 0.9814055421235507 0.0011595610904765797
0.9011018251665018 0.9867553518648136 0.0009369482578556971
0.9437878277775381 0.9861082815288724 0.0009773039190394655
0.9884959046625587 0.9862606709833717 0.0009809477855316454
1.0353218432956626 0.9869898156092337 0.0009402700835420541
1.0843659686896108 0.98732570513393 0.0009452484389756369
1.135733358343105 0.9862002979454408 0.000978951856721385
1.1895340673703196 0.9889515104090985 0.0008716652967160542
1.2458833642950082 0.9890507763339207 0.000886114209403135
1.3049019780144029 0.9894304060055757 0.0008715829866568141
1.3667163564620073 0.9901372023261305 0.0008159706506587132
1.4314589375234785 0.9899774383464899 0.0008179830759635881
1.4992684327860455 0.9900727831164482 0.0008308886198965387
1.5702901247293775 0.9902681585506012 0.0008237793974936042
1.6446761779946644 0.9902225901265479 0.0008484233095083564
1.7225859653987874 0.9896453588599199 0.0008775758267264864
1.8041864093920719 0.9888244057207621 0.0009189986096440645
1.8896523396912097 0.9923539698353198 0.0007370307284617432
1.9791668678535574 0.9922203724808143 0.0007450509281756668
2.072921779595372 0.9931798911761661 0.0006818062557309413
2.171117945694505 0.9919132441191052 0.0007708318528581527
2.2739657523579275 0.9921536898416909 0.0007537380541186262
2.381685551976158 0.9927113636701866 0.0007260474549980774
2.4945081352303164 0.9925750704892629 0.000724587834660339
2.612675225563329 0.9936722668199616 0.0006694366843427061
2.736439997074672 0.9926861775713194 0.0007394844060009773
2.8660676169482504 0.9940077857638746 0.0006515116879479449
3.001835813575589 0.9930188081219323 0.0007244874207286293
3.1440354715915 0.9938938381637181 0.0006720396242330559
3.2929712550971515 0.9939343940484656 0.0006676217245284861
3.44896226040576 0.9948293851315426 0.0006157744443352732
3.6123426997094303 0.994047705277281 0.0006532876262480583
3.7834626171319288 0.9934193016429772 0.0007128314971017312
3.9626886387014784 0.9939711970707025 0.000679138876380058
4.150404757850477 0.9941188553608433 0.0006845673761822573
4.347013158125026 0.994764302164023 0.0006143290661823347
4.552935074866948 0.9949880363956869 0.0006301649388675379
4.768611697714469 0.9953599971976733 0.0005992911057068373
4.99450511585514 0.9951434130255599 0.0006249607750360492
5.2310993080562636 0.994939416250661 0.0006412765757932866
5.478901179593945 0.9954840720995298 0.0006003746296149212
5.738441648302393 0.9965801019880964 0.0005154298705520738
6.010276782070382 0.9957910774602283 0.0005784222323297768
6.294988990221888 0.9959248846604575 0.0005566984619582567
6.593188271333548 0.996158231714544 0.0005623457510593588
6.905513520162331 0.9959892123470486 0.0005661671705480708
7.2326338964835335 0.9955824714539514 0.000587665689534648
7.575250258771913 0.9955642099362593 0.0005981894682590078
7.934096665797492 0.9967282008171544 0.0005073379991595761
8.309941949353396 0.9963848768474547 0.0005481806367991231
8.703591361485167 0.9966300723960023 0.0005204037474818699
9.115888299750829 0.9974657815072494 0.0004518649977904348
9.547716114208056 0.9965398758411047 0.0005338809023424392
10.0 0.9979332543406897 0.00041043076514531233
