0.001 0.05934875663632528 0.00038006996187645785
0.0012067926406393288 0.07024805829793525 0.00044880859858554314
0.0014563484775012444 0.08344611505582775 0.0005362320650327333
0.0017575106248547913 0.10132757565966265 0.0006304230125637277
0.0021209508879201904 0.11967388041746972 0.0007489241075281366
0.002559547922699536 0.14111889461305596 0.0008793678226939784
0.0030888435964774815 0.16813128518513532 0.0010198558776663015
0.003727593720314938 0.19545556729198446 0.0011795246574254244
0.004498432668969444 0.2285613917957379 0.0013570303760946129
0.005428675439323859 0.26694217520104985 0.0015593704839211944
0.006551285568595509 0.3083166372717591 0.0017490905002687754
0.0079060432109077 0.3554625495682503 0.0019618338454926486
0.009540954763499945 0.40214894627390213 0.0021457043984333853
0.01151395399326447 0.45437891111436285 0.0023387135222888242
0.013894954943731374 0.5101458239124788 0.0024907972509523647
0.016768329368110076 0.5623443143222572 0.0026179919293694387
0.020235896477251564 0.6146206064177111 0.0026831415368802035
0.02442053094548651 0.6596400885877484 0.0027739581594681
0.029470517025518096 0.7119056193595715 0.0027262552693760466
0.03556480306223128 0.7526058980033609 0.0027187413004911036
0.04291934260128776 0.7924534523209402 0.002615780501298959
0.0517947467923121 0.8201181150575896 0.002544445849973808
0.0625055192527397 0.8490231939179028 0.0024465929405737188
0.07543120063354615 0.8705052047445769 0.002292458533595329
0.09102981779915217 0.8939183160525488 0.0021632561914356457
0.10985411419875583 0.9067496966580986 0.00206970618259823
0.13257113655901082 0.9209130145835391 0.0019499566248377712
0.15998587196060574 0.9321571390466408 0.0018346147618079176
0.19306977288832497 0.9423577990184886 0.0017120304754280292
0.2329951810515372 0.9528116927028725 0.001546105556172754
0.2811768697974228 0.9595694669545591 0.0014787415868386846
0.3393221771895326 0.9673913843053736 0.0013158323654439412
0.4094915062380423 0.9704659896790523 0.0012915442423656518
0.49417133613238334 0.9734585073470425 0.0012266429065477848
0.5963623316594643 0.9744191081041045 0.0012214146648081234
0.7196856730011514 0.980511171581441 0.0010654052022621213
0.868511373751352 0.9841202094563279 0.000956113878710448
1.0481131341546852 0.9854764124899515 0.0009112321965738785
1.2648552168552958 0.9885463720201653 0.0008181638623286409
1.5264179671752318 0.9893156773062023 0.00080011279271062
1.8420699693267144 0.9896814401890408 0.000803328871201383
2.2229964825261934 0.9915809966792877 0.0007389034023620386
2.6826957952797246 0.9916015245119586 0.0007609118221129077
3.2374575428176433 0.9927914144589407 0.0006738024429033228
3.906939937054613 0.9942148686089618 0.0006200351117013948
4.714866363457389 0.9941759052101177 0.0006365448250084944
5.689866029018293 0.9951926196155056 0.000586376857599847
6.866488450042998 0.9956781784373028 0.000573947191078392
8.286427728546842 0.9959164738644766 0.000556430002242364
10.0 0.9965320005430319 0.000528659469817418
