0.001 0.05893831559589515 0.0003822054161903702
0.0010473708979594498 0.06163405980393547 0.000398150563238373
0.001096985797892384 0.06436732764129517 0.0004109126225647737
0.0011489510001873086 0.06736342598395863 0.00042882601265428516
0.0012033778407775893 0.06950737937859328 0.00045199400402479736
0.0012603829296797275 0.07263499389014055 0.0004713945766859158
0.001320088400831418 0.07625676465493303 0.0004902903464097111
0.0013826221737646563 0.08044059513945519 0.0005082569901965553
0.001448118227674533 0.0835781639279687 0.0005303987907218291
0.0015167168884709225 0.08664200583641955 0.000556294292790715
0.0015885651294280528 0.09100114072009087 0.0005819731270568554
0.001663816886076129 0.09430144937894208 0.0005993382608729589
0.0017426333860096508 0.09874180207815775 0.0006320666943214417
0.0018251834943190425 0.10370726400667209 0.000658759627086115
0.0019116440753857017 0.10874428771622485 0.0006833896200310311
0.0020022003718155844 0.1123798004282371 0.0007080341006707436
0.002097046401323233 0.11613989567259272 0.0007384225133613082
0.002196385372416547 0.12291741927774767 0.0007702770020681714
0.002300430119772917 0.12844999366133614 0.0007979785165144668
0.0024094035602395245 0.13303065391254673 0.0008338859096214635
0.0025235391704347657 0.13888261940274382 0.0008712889440442543
0.0026430814869741054 0.14344117294719103 0.0008921261597842832
0.0027682866303920667 0.14913707237245213 0.000929843547393579
0.002899422853882875 0.15720553264024212 0.0009696862067456918
0.0030367711180354575 0.16368154687376882 0.0010080750770891486
0.0031806256927941192 0.17120308455409672 0.0010430146564912278
0.0033312947879346735 0.17767919027135048 0.0010847160112443818
0.0034891012134067737 0.18516552300810113 0.0011331592447963617
0.0036543830709572546 0.19279914632670025 0.0011635612549463264
0.003827494478516311 0.198416020055281 0.0012086093544771423
0.004008806328898464 0.20669707338334592 0.0012530697112719453
0.00419870708444391 0.21635366450867838 0.0012938913343728206
0.004397603609302721 0.22500016369015652 0.0013559504277549158
0.004605922041145104 0.23257200226282507 0.0013838660551795876
0.004824108704165369 0.24152979938824928 0.0014331875155983124
0.00505263106533568 0.25036087669847445 0.0014792348453222766
0.005291978735958442 0.2595701370418046 0.0015214373282593082
0.005542664520663107 0.27009077322695313 0.0015665840421514505
0.005805225516094896 0.28056634139609277 0.0016279030442610915
0.006080224261649427 0.29237074552308634 0.0016742909892839143
0.006368249944718587 0.30066458316454736 0.0017136527483071957
0.006669919663030122 0.3130223257659576 0.0017583401313066651
0.0069858797467852495 0.3227961468479198 0.0018013992740456453
0.007316807143427192 0.335889354190115 0.0018652424783017997
0.007663410868007463 0.344206585228245 0.0019228215624643354
0.008026433522257174 0.3562325690150654 0.0019616544691129414
0.008406652885618326 0.36789312288290504 0.0020049594917730183
0.008804883581643464 0.3801648778541419 0.0020667726183634574
0.009221978823334321 0.3918798709942911 0.002120663557227826
0.009658832241158708 0.4063246815854672 0.002177617694757746
0.01011637979766207 0.4192491635200179 0.002212090784699641
0.010595601792776159 0.42780218283120314 0.002236436858860559
0.011097524964120722 0.4470977560975097 0.0022941212927184242
0.011623224686798524 0.45895059931729365 0.0023407010446220037
0.012173827277396614 0.46990270535325174 0.002377635650912736
0.012750512407130135 0.4819156680252514 0.00241971540664751
0.013354515629298987 0.4950490480014137 0.0024690936358814516
0.013987131026472387 0.5102639590033929 0.002502511618867815
0.014649713983072856 0.5241503603222907 0.0025358845046745213
0.015343684089300124 0.534635737961254 0.002583575287177165
0.01607052818261639 0.5487598896201521 0.002592471490313612
0.016831803533309566 0.5597431068190722 0.0026443091399366092
0.01762914118095948 0.5800643437359064 0.0026300506566369467
0.018464249428955436 0.5827119374787149 0.0027043539836333684
0.01933891750455231 0.6012577014079475 0.0026967372969118383
0.020255019392306676 0.6091859850709972 0.002732651908614095
0.021214517849106298 0.6320612275730844 0.002710676205218054
0.02221946860939524 0.6357503935099875 0.002752349864284048
0.023272024789604086 0.6448882323927876 0.002751413668212463
0.024374441501222206 0.661194073727149 0.002770439994027707
0.025529080682395178 0.669730575014792 0.0028029206811873418
0.026738416158399468 0.6904777693401695 0.0027565685664073486
0.02800503894183631 0.6924593784735705 0.0027688981831754376
0.02933166278390044 0.7080905583329775 0.002746472045229124
0.030721129988617576 0.7158008184493126 0.0027574452056265877
0.03217641750250737 0.7309103671363455 0.0027419351443733904
0.03370064329271928 0.7335211741482277 0.002794783079257826
0.0352970730273065 0.7535426640301334 0.0027006413076002284
0.036969127071950283 0.7499362110792733 0.0027692580640756637
0.03872038781812555 0.7708583150604068 0.002673467062348152
0.040554607358408296 0.7777762179893216 0.002664931069874801
0.04247571552536898 0.7785041723386493 0.0027021681084031333
0.04448782831127585 0.7902022919181446 0.0026532840840120895
0.046595256686646824 0.8045121926749276 0.0025985686851893574
0.04880251583654431 0.8101682993559213 0.002603450818010997
0.051114334834401684 0.8175984571784909 0.002569424759934413
0.053535666774107246 0.8229805921871721 0.0025663686437150945
0.05607169938205458 0.821993718229459 0.002605350466119678
0.05872786613189483 0.8372634888456467 0.002493299445127646
0.061509857885805014 0.8455074689549403 0.002443009293348321
0.06442363508721373 0.8514928575652805 0.0024153998951801235
0.06747544053110693 0.8545948481151688 0.0024172083277280805
0.07067181273927492 0.8623947154626161 0.002365917324128934
0.07401959996915644 0.8694557243726002 0.002317041155636991
0.0775259748862946 0.8749846533674513 0.002298075075634928
0.08119844993184012 0.8771797976471991 0.0022937963597061545
0.08504489341802678 0.8845277297936928 0.0022133752552736556
0.0890735463861044 0.8885974657041242 0.0022256400495092444
0.09329304026284686 0.8925592443058137 0.0021855566320023497
0.09771241535346496 0.8967985735323224 0.0021672141203438722
0.10234114021054527 0.8985875461021163 0.00216226711097108
0.10718913192051276 0.9080474410968497 0.0020497159334043297
0.11226677735108136 0.9071355054939862 0.0021060774837765163
0.1175849554052157 0.91166579843888 0.0020045082083823738
0.12315506032928261 0.917279098956447 0.001956635868599956
0.1289890261253308 0.9170548378154124 0.0020072140920397376
0.13509935211980265 0.920256029205201 0.0019407334487206813
0.1414991297434576 0.9262613211065878 0.0018968176269186124
0.14820207057988585 0.9273606495017832 0.0018990067359821387
0.1552225357427048 0.931102424457733 0.0018268165295217726
0.1625755666443795 0.9323689756835145 0.0018275098963258297
0.17027691722258995 0.935603579889719 0.0018035336714645133
0.17834308769319093 0.9397486258027122 0.0017513368278823768
0.1867913599020783 0.9428429978281839 0.0017049704696933442
0.19563983435170648 0.9450484962662736 0.0016568735147534045
0.20490746898158482 0.9451954617990573 0.001674428027305708
0.21461411978584036 0.9495682004326436 0.0015899036903139813
0.22478058335487253 0.9489059851850888 0.0016388675523486861
0.2354286414322418 0.9553599985641685 0.0015197463494823022
0.2465811075822604 0.9530466047100102 0.0015842511094870662
0.2582618760682677 0.9530489339888653 0.0015771535461300951
0.27049597304631345 0.9550795278283561 0.0015421115593878055
0.2833096101839324 0.9608366169720132 0.0014265679161734029
0.29673024081888694 0.9604528134679182 0.0014324967273059179
0.3107866187782014 0.9610710157391384 0.0014492685959435836
0.325508859983506 0.9628086605643564 0.0013982375881734421
0.3409285069746811 0.9647744215305518 0.0013729421290918189
0.35707859649004625 0.9651230043461737 0.001375097593674524
0.3739937302478798 0.9647952624670894 0.0013907127839394254
0.39171014908092605 0.9673829730426793 0.0013303953101010707
0.41026581058271944 0.9726355423578718 0.0012046993262151973
0.4297004704320839 0.9695602778738462 0.0013024301871721806
0.4500557675700497 0.9720826492565833 0.0012470583125302726
0.4713753134116724 0.9742976738376538 0.0011980081333631363
0.4937047852839004 0.9732551908352836 0.0012293002483060988
0.517092024289676 0.9720725578511583 0.0012644744354126684
0.5415871378079471 0.9767884020144924 0.0011309298552872828
0.5672426068491978 0.9777379680267826 0.0011064744474409323
0.5941133984965034 0.9768035533095157 0.001176279942753485
0.6222570836730231 0.9765202933646664 0.0011871930812328922
0.6517339604882427 0.9784612941005425 0.001130307592482328
0.6826071834272386 0.9780394239351373 0.0011370937447376485
0.7149428986597577 0.9800426638880178 0.0010586028711064878
0.7488103857590023 0.980034279323958 0.0010832206126769313
0.7842822061337682 0.9806026463029144 0.0010667871466771056
0.821434358491943 0.9807713159162899 0.0010529205688033943
0.8603464416684501 0.9830531012100179 0.0010052649990383168
0.9011018251665018 0.984255000806435 0.0009518835205719686
0.9437878277775381 0.9820302085066609 0.0010448004176306666
0.9884959046625587 0.9825535557872336 0.0010046356496912633
1.0353218432956626 0.9852647959445694 0.0009338553744561638
1.0843659686896108 0.9863944495166237 0.0008877536031522579
1.135733358343105 0.9878518631601743 0.0008162755607355278
1.1895340673703196 0.9850956718303158 0.0009683945488502988
1.2458833642950082 0.9875528897748423 0.0008647773030426339
1.3049019780144029 0.9879581916322111 0.0008578093620121272
1.3667163564620073 0.9868106920270892 0.0008859391255316755
1.4314589375234785 0.9889425353673822 0.0008257227328171261
1.4992684327860455 0.9885149477079788 0.00084674027461086
1.5702901247293775 0.9884025789358353 0.0008326026621493935
1.6446761779946644 0.9877335758027884 0.000883634066938519
1.7225859653987874 0.9903689812343298 0.000763357885404212
1.8041864093920719 0.9889380804356582 0.0008626415544300323
1.8896523396912097 0.9894597077331894 0.0008112705507075775
1.9791668678535574 0.99047324977687 0.000785366367686174
2.072921779595372 0.9923075996740628 0.0006894764235201237
2.171117945694505 0.9917975492890982 0.0007348424394658742
2.2739657523579275 0.9908763743399613 0.0007767456788493802
2.381685551976158 0.9920503162625323 0.000696211932262418
2.4945081352303164 0.9910969338675315 0.0007772053329299584
2.612675225563329 0.9924264907670768 0.0007093608173608998
2.736439997074672 0.9918193414632015 0.0007274305485223819
2.8660676169482504 0.9909884745929185 0.0007775352508598042
3.001835813575589 0.9921844804792148 0.0007087347688519825
3.1440354715915 0.9933404346778658 0.0006754033707260575
3.2929712550971515 0.9934985028178428 0.0006750991553692979
3.44896226040576 0.9937540968365803 0.0006251827507999165
3.6123426997094303 0.9936126835969726 0.0006650425157945824
3.7834626171319288 0.9944324529506332 0.0006066939804593545
3.9626886387014784 0.9945031538233481 0.0006037954843110452
4.150404757850477 0.9933921157781564 0.000674076838805836
4.347013158125026 0.994845204282482 0.0005755698831708077
4.552935074866948 0.9950444327192941 0.0005706494870279164
4.768611697714469 0.9948019930443103 0.0006069558602065934
4.99450511585514 0.9946048392620376 0.0006230277108845364
5.2310993080562636 0.9956336389325905 0.0005132629955735668
5.478901179593945 0.9948512100267071 0.0006056627803073284
5.738441648302393 0.993776333306781 0.0006731905729113669
6.010276782070382 0.99544668299368 0.0005614198375402064
6.294988990221888 0.9945400851137972 0.0006373693035269132
6.593188271333548 0.9955446905647672 0.0005415185936059993
6.905513520162331 0.9944015666416952 0.000651579822024252
7.2326338964835335 0.9954286159237736 0.0005769415506682334
7.575250258771913 0.9960767837942136 0.000552976334331761
7.934096665797492 0.9961065231762568 0.000526589334404105
8.309941949353396 0.9956969363087859 0.0005637589612836493
8.703591361485167 0.9964609672593491 0.000527124937861594
9.115888299750829 0.9964471526948515 0.0005284351457965589
9.547716114208056 0.9962308906774086 0.0005405870508102502
10.0 0.9962231923196679 0.000570537893821043
