0.001 0.0004876516731129546 6.704387948650823e-06
0.0012067926406393288 0.0008204009458279786 1.143071972257242e-05
0.0014563484775012444 0.001387976679394373 1.8791118464715038e-05
0.0017575106248547913 0.0022860667722964232 3.0916914364990184e-05
0.0021209508879201904 0.0037793162127024147 5.0852625147422686e-05
0.002559547922699536 0.006358635956645283 8.29600783214661e-05
0.0030888435964774815 0.009880699846922815 0.0001265162042846827
0.003727593720314938 0.016222985472630746 0.00020284974860123768
0.004498432668969444 0.02598721647774462 0.0003143978207854974
0.005428675439323859 0.03919857539698175 0.0004621668247241361
0.006551285568595509 0.05872965286244361 0.0006642683193058129
0.0079060432109077 0.08554724838936548 0.0009392782855131614
0.009540954763499945 0.11942533376301999 0.0012413367725823095
0.01151395399326447 0.16434735037354917 0.001625953098810235
0.013894954943731374 0.2240036087458017 0.0020331231336309136
0.016768329368110076 0.28772978469250293 0.0024351398522860037
0.020235896477251564 0.3579785688948126 0.002804910686259046
0.02442053094548651 0.42987422825624083 0.0031168475651240373
0.029470517025518096 0.5016876742321396 0.0033286521383259853
0.03556480306223128 0.5756962954774263 0.00343397130078731
0.04291934260128776 0.6328213140311852 0.0034953208546726657
0.0517947467923121 0.6905370249631871 0.0034435426061499453
0.0625055192527397 0.7357993142794127 0.0033617766174148128
0.07543120063354615 0.7796718665111135 0.003229707637237771
0.09102981779915217 0.807491217959404 0.0031401777865508506
0.10985411419875583 0.8375864023207734 0.0029567538761100564
0.13257113655901082 0.8659446290732287 0.002754414000529285
0.15998587196060574 0.8912391904593798 0.0025157524527608236
0.19306977288832497 0.9024124146465867 0.0024237224112340578
0.2329951810515372 0.9214423390765504 0.002219431139793473
0.2811768697974228 0.9315667464217202 0.002095029087272794
0.3393221771895326 0.9355618451308683 0.0020613016391167905
0.4094915062380423 0.9475920570266406 0.0018683642598988518
0.49417133613238334 0.9551127841545453 0.0017396066687839831
0.5963623316594643 0.9642960417739977 0.0015622349754067617
0.7196856730011514 0.9698766156039552 0.0014635818124877674
0.868511373751352 0.9739107672015546 0.0013227136682002856
1.0481131341546852 0.9784142418201803 0.0012511449608734865
1.2648552168552958 0.979306397342024 0.0012023629104154332
1.5264179671752318 0.9845594400706462 0.0010335189124308709
1.8420699693267144 0.9856574942329633 0.0010171361796071498
2.2229964825261934 0.9883474658403707 0.0009130305770271367
2.6826957952797246 0.9896630645195678 0.0008533894589398161
3.2374575428176433 0.9878815081686662 0.0009648457739494838
3.906939937054613 0.989950122278707 0.0008860526937625017
4.714866363457389 0.9912542063311641 0.0008134021920867724
5.689866029018293 0.9944219887018256 0.0006397896402227504
6.866488450042998 0.9942918717183915 0.0006552951204895212
8.286427728546842 0.9949412507954659 0.0006238255143402602
10.0 0.9952397023360893 0.0006258021106640556
