0.001 0.0004798245366351677 6.65068422482965e-06
0.0010473708979594498 0.00054558012339277 7.517172527167768e-06
0.001096985797892384 0.0006132329794786266 8.492181351157416e-06
0.0011489510001873086 0.0007003917470952592 9.66350061147084e-06
0.0012033778407775893 0.0007886408035675235 1.09094198207171e-05
0.0012603829296797275 0.0009010503880689104 1.2644387697750399e-05
0.001320088400831418 0.0010255748595181288 1.4056946021828246e-05
0.0013826221737646563 0.0011759414653891912 1.582739098734583e-05
0.001448118227674533 0.0013291880660861737 1.809366845325409e-05
0.0015167168884709225 0.0015025682626355142 2.0605421177965785e-05
0.0015885651294280528 0.0017314471288478511 2.350563661240192e-05
0.001663816886076129 0.0019143467881971485 2.6208613331701762e-05
0.0017426333860096508 0.002214405111409368 3.000331408513334e-05
0.0018251834943190425 0.002537994053326639 3.428926933686384e-05
0.0019116440753857017 0.0028815817743625288 3.834752249540689e-05
0.0020022003718155844 0.003200344636199567 4.322740790190974e-05
0.002097046401323233 0.003568645902548019 4.8217869579153634e-05
0.002196385372416547 0.004150802735860609 5.5173195892991195e-05
0.002300430119772917 0.004684378364449676 6.193646386923472e-05
0.0024094035602395245 0.005249265479963461 6.900344190093509e-05
0.0025235391704347657 0.005976169411038903 7.856431880876823e-05
0.0026430814869741054 0.006515717570305061 8.523036276449448e-05
0.0027682866303920667 0.007356088887055427 9.682879896470646e-05
0.002899422853882875 0.008494264856836626 0.00011034378513271329
0.0030367711180354575 0.00957937096907009 0.00012468981988107873
0.0031806256927941192 0.01078411142276708 0.00013727717871771014
0.0033312947879346735 0.0120911891891186 0.0001545446464849295
0.0034891012134067737 0.013691825127456165 0.00017295896335918137
0.0036543830709572546 0.015194209183881802 0.00019035806062978674
0.003827494478516311 0.016746731683871856 0.0002107943546974542
0.004008806328898464 0.018805309023261947 0.00023520209357305374
0.00419870708444391 0.021201317727584088 0.0002603989118931898
0.004397603609302721 0.024058257104366966 0.0002969559922710183
0.004605922041145104 0.02620448344161208 0.0003205618574036557
0.004824108704165369 0.029169360737420488 0.0003528118590875838
0.00505263106533568 0.03234476422634294 0.00039044599999666187
0.005291978735958442 0.03566607142029675 0.00042443234552155
0.005542664520663107 0.03974248095784885 0.00047115156691349803
0.005805225516094896 0.04448066725982383 0.0005208728070670161
0.006080224261649427 0.04955367714358274 0.0005714890918484236
0.006368249944718587 0.05356842264892266 0.0006145818957678888
0.006669919663030122 0.05951190824980469 0.0006756167507291202
0.0069858797467852495 0.06480952649581373 0.0007318914325579695
0.007316807143427192 0.07257975959854446 0.0008093198566130502
0.007663410868007463 0.07840371139557033 0.0008634613652278257
0.008026433522257174 0.08568995235671757 0.0009403013578967956
0.008406652885618326 0.0932008011291827 0.001005627550193918
0.008804883581643464 0.10249288502848057 0.0010941818319292113
0.009221978823334321 0.11159153942073557 0.0011796393003906617
0.009658832241158708 0.12287920189277743 0.0012739132824983377
0.01011637979766207 0.13274034657963765 0.0013485950091080218
0.010595601792776159 0.14006747227867405 0.00142677245463468
0.011097524964120722 0.1565588552633419 0.001540970060256295
0.011623224686798524 0.16821538440251824 0.0016369843071433964
0.012173827277396614 0.17917204781035018 0.00172986461291497
0.012750512407130135 0.19165961005998064 0.001818347216299745
0.013354515629298987 0.20623339393770365 0.0019325509398717797
0.013987131026472387 0.22244469372263106 0.0020427694743345385
0.014649713983072856 0.23794903061843134 0.0021447566424058597
0.015343684089300124 0.25196738258289575 0.0022483045956732998
0.01607052818261639 0.26734016877842576 0.002337433559498064
0.016831803533309566 0.2830321409407277 0.002439173023225425
0.01762914118095948 0.30474283665712276 0.0025264400087720044
0.018464249428955436 0.31434177398308094 0.002634907665854007
0.01933891750455231 0.3361186218771993 0.002724671933531962
0.020255019392306676 0.3494560695066269 0.002815261802279678
0.021214517849106298 0.3770506679912893 0.0028880362218140377
0.02221946860939524 0.38626515574701825 0.002980064161034698
0.023272024789604086 0.39875619996729067 0.0030254517988390762
0.024374441501222206 0.4235073554986458 0.0031045153735013964
0.025529080682395178 0.43964182971235366 0.0032024157425492293
0.026738416158399468 0.46690607899010367 0.0032373664929317703
0.02800503894183631 0.4713979258901154 0.0032732750734056552
0.02933166278390044 0.49446183062967686 0.0033246098869670173
0.030721129988617576 0.5081184018842232 0.0033594946413387393
0.03217641750250737 0.5325411368701208 0.003402899525205898
0.03370064329271928 0.5419698813511655 0.0034636636567653956
0.0352970730273065 0.5687427293684238 0.0034522863618312205
0.036969127071950283 0.5691670067306869 0.00351456803014696
0.03872038781812555 0.5979438483768377 0.0034724911560325062
0.040554607358408296 0.6103695640819531 0.003485937655389183
0.04247571552536898 0.615637157178687 0.0035348780451339673
0.04448782831127585 0.633367455716835 0.003505635312030274
0.046595256686646824 0.6564700032084055 0.003475087854991751
0.04880251583654431 0.6687076400557145 0.003495620913391177
0.051114334834401684 0.6807871670964478 0.003475462102592711
0.053535666774107246 0.6913986368284228 0.0034654486080905713
0.05607169938205458 0.6935327742081818 0.003511823938929598
0.05872786613189483 0.7148571280047383 0.0034076508963724324
0.061509857885805014 0.7281370002664208 0.0033693961548706803
0.06442363508721373 0.7389008634781247 0.0033507642594272856
0.06747544053110693 0.7462475612490013 0.003362962264780175
0.07067181273927492 0.7588359293208404 0.0032992000720148667
0.07401959996915644 0.7707503156876316 0.003260414456644049
0.0775259748862946 0.7814532035024336 0.003219611425134619
0.08119844993184012 0.7864099104432482 0.0032219305603511795
0.08504489341802678 0.7969080751764502 0.00315917515953647
0.0890735463861044 0.8069154477061218 0.0031149036684678133
0.09329304026284686 0.8131422174667017 0.0030843761456302997
0.09771241535346496 0.8215752326204709 0.003044819694473286
0.10234114021054527 0.8255155007020616 0.003036715223950948
0.10718913192051276 0.839501060660346 0.0029154059435694745
0.11226677735108136 0.841521321119467 0.0029410403957865557
0.1175849554052157 0.845237872819007 0.0028987841226859852
0.12315506032928261 0.8550119427991333 0.0028105755135567835
0.1289890261253308 0.8582376895960949 0.0028247403412956177
0.13509935211980265 0.8614717657876688 0.0027889162876332196
0.1414991297434576 0.8730972579652636 0.0027042577494406713
0.14820207057988585 0.8760842601977549 0.0026955023617337326
0.1552225357427048 0.8803275299618372 0.0026329688188742235
0.1625755666443795 0.8835038513599515 0.0026136793214599444
0.17027691722258995 0.8899519251576165 0.002559090227812317
0.17834308769319093 0.8970681321060412 0.002491144085897786
0.1867913599020783 0.9019112904696526 0.0024292624037292095
0.19563983435170648 0.9046126940137074 0.002399658803339795
0.20490746898158482 0.9060932276703466 0.0023946986158113557
0.21461411978584036 0.9121795938980518 0.002308446533472867
0.22478058335487253 0.9135574139896493 0.002330681276872433
0.2354286414322418 0.9233056719791329 0.0022002155611787542
0.2465811075822604 0.9208092670501367 0.002235134750720686
0.2582618760682677 0.9205197177215184 0.0022517804363298604
0.27049597304631345 0.923786582991234 0.0022075569803998102
0.2833096101839324 0.932344825625547 0.002067573823171236
0.29673024081888694 0.931752760463515 0.0020803261491919365
0.3107866187782014 0.9342882713430106 0.002074995443737908
0.325508859983506 0.9360903027690727 0.0020272646902159603
0.3409285069746811 0.9399719990334823 0.0019808491745159466
0.35707859649004625 0.9409496093873324 0.001966833402304732
0.3739937302478798 0.9407168674101622 0.00196756875117579
0.39171014908092605 0.9448535049675604 0.0019209772628392577
0.41026581058271944 0.9526585456564258 0.0017490991437505042
0.4297004704320839 0.9491638275080863 0.0018578566465566196
0.4500557675700497 0.9531279177236988 0.0017786090816487331
0.4713753134116724 0.9567353673721942 0.001701635572690967
0.4937047852839004 0.9554009838583963 0.001738288965302485
0.517092024289676 0.9539374887351976 0.0017824933025719985
0.5415871378079471 0.9605385970862033 0.001627434571624562
0.5672426068491978 0.9621154088897315 0.001594053322585888
0.5941133984965034 0.9623865741050166 0.0016202885585182034
0.6222570836730231 0.9621034213543443 0.0016293908738974645
0.6517339604882427 0.9648373414488999 0.0015580707337107269
0.6826071834272386 0.9641967529468785 0.0015889538925861536
0.7149428986597577 0.9664464286413268 0.0015240854128588009
0.7488103857590023 0.9672310247089133 0.0015140105860394731
0.7842822061337682 0.9680823582510726 0.001488983537497269
0.821434358491943 0.9681235913971943 0.001494160977259173
0.8603464416684501 0.9723574712690148 0.0013987351454884539
0.9011018251665018 0.9736358085101104 0.0013454079282894551
0.9437878277775381 0.9709875074249301 0.0014277366673957667
0.9884959046625587 0.9711784191459542 0.00143743229720195
1.0353218432956626 0.9757993798414376 0.0013088572724152137
1.0843659686896108 0.9773758995830579 0.0012660663001416287
1.135733358343105 0.9789692020614533 0.001186502339942717
1.1895340673703196 0.9763939520023623 0.0013070795331384703
1.2458833642950082 0.9796157707121887 0.001196771627052171
1.3049019780144029 0.9805849181785459 0.0011871202434622823
1.3667163564620073 0.9784221512452165 0.0012485285412887316
1.4314589375234785 0.9821876824517891 0.0011283183498032813
1.4992684327860455 0.981753656180406 0.0011604472914958372
1.5702901247293775 0.9809455608962376 0.0011608214164167425
1.6446761779946644 0.9807636791404147 0.0011936563985489163
1.7225859653987874 0.9842984858207746 0.0010620938629153588
1.8041864093920719 0.9831565385895401 0.0011143617816368552
1.8896523396912097 0.9832132544898196 0.0011106487019478203
1.9791668678535574 0.9851374469027083 0.0010483996198450583
2.072921779595372 0.9875661593494355 0.0009442455672183069
2.171117945694505 0.9872845986708769 0.0009674629019235391
2.2739657523579275 0.986007146222341 0.001026698388021157
2.381685551976158 0.9871300367505195 0.000970584145089997
2.4945081352303164 0.9865033662444501 0.0010073357648888348
2.612675225563329 0.9883856732695465 0.0009361725879000571
2.736439997074672 0.9872385708763955 0.0009803157109110783
2.8660676169482504 0.9863742816105425 0.0010278289915227996
3.001835813575589 0.9876956366353361 0.0009540111833814266
3.1440354715915 0.9899384423605836 0.000869525225769236
3.2929712550971515 0.9903769088023217 0.0008587485929660407
3.44896226040576 0.9900226607293636 0.0008618776832404265
3.6123426997094303 0.9904497065003843 0.0008527157918161553
3.7834626171319288 0.99136303917069 0.0008010814254736278
3.9626886387014784 0.9915257008524586 0.0008010304991122834
4.150404757850477 0.9900823522254175 0.0008724086117077842
4.347013158125026 0.9918870854983989 0.0007837480522033631
4.552935074866948 0.9922416457875288 0.0007550740223880686
4.768611697714469 0.9923371284123433 0.0007699106872478798
4.99450511585514 0.9921443223830906 0.0007809260248579783
5.2310993080562636 0.9928003718962058 0.0007242382787662447
5.478901179593945 0.9924179720577225 0.0007618295091481954
5.738441648302393 0.991040636980423 0.0008408295152585851
6.010276782070382 0.9931583535026078 0.0007263476663013405
6.294988990221888 0.992247206059678 0.0007802527117422909
6.593188271333548 0.9930265673706635 0.0007214236097058671
6.905513520162331 0.992205822458374 0.0007942740659365764
7.2326338964835335 0.9933716714863489 0.0007188348080222909
7.575250258771913 0.9946080055607625 0.0006480135326635292
7.934096665797492 0.9942036825188337 0.0006562960641362705
8.309941949353396 0.9938027413764917 0.0006911447898156884
8.703591361485167 0.9951573905141644 0.0006141189120305632
9.115888299750829 0.9951556525771205 0.000620687397279457
9.547716114208056 0.9947952107993345 0.0006426554440454975
10.0 0.9953275199315788 0.0006246524956100933
