0.04718301319060435 0.0025053281170622234 0.040171077863755345 0.0001819144952199349
0.04949626263492592 0.0023112160395282457 0.043619586846306985 0.0001933405103039973
0.05194065797315745 0.0021277423158411906 0.04747928656374173 0.00020491095841139524
0.054429361357947834 0.001974856036413833 0.051299950236415176 0.00021943917153666477
0.05710914742893321 0.0018215847221171306 0.05580029333122265 0.0002329351031214055
0.05985837570498955 0.0017019862466989952 0.06001951344658961 0.00025264962581779567
0.06278346191915334 0.0015765275860681722 0.06514413889247873 0.0002689498860669127
0.06587870353652711 0.001460096226042393 0.07080075852200012 0.00028566705398371
0.06915994655145512 0.0013745747267451208 0.07602689947402226 0.00031353649970270435
0.07244380991909836 0.0012687013492661762 0.08300846918957314 0.00032476082379428247
0.07601798190949578 0.0012078294944805545 0.08871284932202937 0.0003593165914530291
0.07971685024474592 0.0011267468676369329 0.09643142496250258 0.00037752175866666564
0.08365709757328907 0.0010778362981192907 0.10330939482013478 0.0004135086193512118
0.08780115588948849 0.0010152961383682272 0.11210911003632441 0.0004363829687245369
0.09215194733348676 0.0009657632045537482 0.12118203994536825 0.0004640367075592586
0.09681301021740611 0.0009287172441468065 0.13066001458983886 0.000498356819345892
0.10142832744691567 0.0009209418607762542 0.13864828398260512 0.0005493878560240492
0.10639790735366668 0.000882007076223646 0.15025113868476175 0.0005729094822309507
0.11170795240136451 0.0008688194626546041 0.16125289689474176 0.0006148930365568469
0.11713196537436188 0.0008481116187041449 0.17366958957259598 0.0006455283881473852
0.12302376093338838 0.0008825499997673123 0.18332526191806373 0.0007230456934595584
0.12905809367691215 0.0008721180346664727 0.19726912404365088 0.0007580066702128079
0.13541288590352407 0.0008843367238106034 0.21057039526916033 0.0008103631504025211
0.1422457261809194 0.0008808148347836527 0.22656094807138943 0.0008474321993851447
0.14919786318395747 0.0009104157039923702 0.2404954791518093 0.0009111976548152112
0.15667679008167004 0.0009261587064332773 0.25698746761206964 0.0009615232139915212
0.1644839267048114 0.0009447041232199968 0.27416495231551 0.0010126516229429748
0.17259304592795105 0.000987866119824762 0.2901413767637779 0.001085107503353317
0.18126927036927348 0.0010366765962368128 0.3069881293289363 0.0011621827976874169
0.19027147017117146 0.0010419025178982399 0.3280291289846043 0.0011970619340223674
0.1997675180120928 0.0011052152179635809 0.34540439866280853 0.0012851810145251912
0.20970426791704647 0.0011582029947142943 0.36437749608115666 0.0013622462506021945
0.21979963904112132 0.001220873016546978 0.3825549785264814 0.0014468228952753308
0.2311267173927565 0.0012530488336088405 0.40568866504735596 0.001502105375200652
0.2425661335001544 0.0013260735341577906 0.4251605463060624 0.0015939910468367802
0.2543151880271807 0.001356633575505372 0.4482319095028655 0.0016429744262845111
0.26688791972260373 0.0014400276804417836 0.4681133449491771 0.0017403941718698037
0.28008600778159415 0.0014931134659029758 0.49101188869244433 0.0018064816455941406
0.2938448322904147 0.0015539164868618755 0.5135785644482778 0.0018769412792211122
0.30819230432610784 0.0015948200043071868 0.537951148699866 0.0019251295092300236
0.3231890315079145 0.0017081830947666607 0.5568116649658597 0.002038782931945948
0.33879762885406467 0.0017948343175194943 0.5778560985279486 0.0021228271293666583
0.3549455786913025 0.0018797411498230154 0.598874663947467 0.0022008889902785152
0.3720569869289649 0.002016664617458287 0.6163230408637024 0.0023201887927765835
0.38956432670860813 0.002107137724226717 0.6367694981693949 0.0023932529440086154
0.4077208028947462 0.0022048156934373793 0.6564316722033151 0.002466483106426628
0.4267257218420995 0.0023111755327813407 0.6753202123037347 0.0025423253534291915
0.4464451638837647 0.0023576897160043496 0.6981691246896369 0.002562469266045299
0.46630142054793094 0.0024446996955014215 0.7168273229214259 0.002611353261443175
0.4871720000415585 0.0025971922299250203 0.7307741085020275 0.0027075018094357885
0.5084066300559682 0.002704583228080374 0.7469496456973488 0.0027609373002244757
0.5298774103148723 0.002780288589548732 0.7641183654107726 0.0027855173889626546
0.5523789744900068 0.002864626820181884 0.7803529312159053 0.00281004698079659
0.5750367304682161 0.00303386573344095 0.7900241370184407 0.0028926001346013964
0.5979118914637539 0.0031802726169743003 0.8001540556434222 0.002953468090516413
0.620849383625491 0.0032518033113113237 0.8138272126747916 0.0029543834536573748
0.6436700833442095 0.0033485135367225124 0.82470123234032 0.002970616220477906
0.6671725113923919 0.003487084320022638 0.8325513644728774 0.0030115810696895403
0.6901038387576056 0.0036173730616438807 0.8395996595531975 0.0030436678466052992
0.7126476139400018 0.003744832156742474 0.8457792873726908 0.0030690120367063266
0.7352838032252366 0.003804204878656937 0.8548444051327997 0.003049927652736611
0.7569360366530139 0.003820221649809537 0.8647508147126939 0.00300582451209611
0.7782753802620092 0.003860747408923269 0.87243095992665 0.0029748986857012875
0.7981289786628376 0.004231736305391915 0.8626020629773792 0.0031398716286009003
0.8177341436884509 0.004199046606453251 0.8722619363460926 0.003066360885383483
0.8365306119800949 0.0042166758760562185 0.8784735584406493 0.00302563197265494
0.8538123560040556 0.004367173908296451 0.8775596236274087 0.0030591185377424365
0.8697849278948108 0.004375247231853073 0.8824898921615612 0.0030155938169259735
0.8842976287561388 0.004554980243042183 0.8789538137565227 0.0030668913009248154
0.8977317602555751 0.004531087001362496 0.8840546005468023 0.0030089220599181076
0.9104197088441429 0.004609603600397256 0.8841981597024787 0.0030122242451409184
0.9213959382144759 0.0046096105319774604 0.8871523526237952 0.0029736646940253172
0.9304046545116527 0.004761631805446657 0.8830003775315736 0.003016040816756784
0.9401510425363682 0.004525982441386345 0.8952718102508803 0.0028635711485810876
0.9459482969475905 0.0047183522094509 0.8886869611223701 0.002926605537991325
0.9523889713871249 0.0046365453402358635 0.8935406088448519 0.002853414626922514
0.9581223754171295 0.004570422222740191 0.8974596552461748 0.0027991398153471635
0.9625968203540508 0.004490518481284309 0.9015661821103171 0.002732219544759363
0.9647004597851239 0.0046132106576210466 0.897151997083238 0.002767410425506751
0.9680837588574972 0.004552825786280205 0.9002384411745901 0.0027234289765209704
0.9686427741849363 0.0045244265400401495 0.9014973485404014 0.002673302292117086
0.9695334777152571 0.0045223657137548655 0.9017874861759537 0.0026510446809411867
0.9695038789445286 0.0045253968741739425 0.9017133856289261 0.0026290673016054044
0.9711134533242758 0.0043246727238660165 0.9097846619711337 0.002506091185156456
0.9689366725781579 0.00446064884475101 0.9042570897481331 0.0025530790053084787
0.9684303841331751 0.004381544738739905 0.9072959841644408 0.0024891582781072313
0.9688173723745578 0.004279241901148058 0.911330467238405 0.0024237044188800965
0.967912880038424 0.004234766189182298 0.9129462909213661 0.002382663297256531
0.9658725404340749 0.0042483136337940946 0.9122117494541346 0.0023696375149110482
0.9655491213281091 0.0041241872168920075 0.9169061495419808 0.0022854933928488077
0.9626187663476743 0.0041292854402814735 0.916404747833384 0.00225989473619988
0.9631926015137817 0.003971478422066407 0.9223957005878216 0.002163893334582309
0.9582297552232323 0.004033288283386092 0.9196075979708741 0.0021581924623764463
0.9590404579987443 0.0038713324455635946 0.9257312080790671 0.002061072986489647
0.9599069783718034 0.0037482198699684104 0.9303106964471988 0.001993612143975367
0.9553747690094988 0.003764867127773244 0.9293643734425343 0.001965111211434079
0.9567798421035503 0.0036325151681189842 0.9342505450373751 0.0018973813344960802
0.955296610380946 0.003592289935677067 0.9356100895404452 0.001866937392456067
0.9540696688984814 0.003460833816470885 0.9400749230664321 0.0017636850257305066
0.9529833391235609 0.0034036357259816163 0.9420005921004746 0.0017266298262594729
