0.03640646641297198 0.0039749536107179465 0.025208129783050967 0.00014024320223988163
0.0381400983148482 0.003650375072017589 0.027461583371817453 0.0001458387827614812
0.039995170735910274 0.0033594244353072626 0.029857873472348216 0.00015302521766019794
0.041933150369433084 0.003070245203731942 0.032691317612684415 0.0001589100548093349
0.043935801098276606 0.002832058425829461 0.035473247494052784 0.00016741847047395644
0.04607922490244547 0.0026202068565105447 0.03839116909319826 0.0001784819736508214
0.04831737774411326 0.0024150688431450844 0.04171524696929776 0.0001889477141165176
0.050648469668862994 0.002234935859128441 0.045168859003268835 0.00020146600815002582
0.05315952066817472 0.0020597665720471898 0.04913272418582451 0.00021424921224030366
0.05564549730856428 0.001894663488955803 0.05354498581292303 0.0002235489381290328
0.05848317621339332 0.001770513649160408 0.05759233491272177 0.0002460489097146007
0.06131710738858918 0.0016357196628881663 0.06263017916660515 0.00026031526144159353
0.06438868216666273 0.0015108858423947898 0.06821143173100352 0.0002763187395938513
0.06740697510280051 0.001414381683112196 0.07344411149597038 0.0002965250507411866
0.07077136008387623 0.0013282493506384405 0.07911596814567101 0.00032282207313681535
0.07424163087578571 0.001236968946963128 0.08591910168781264 0.0003418320174543518
0.07783351873505202 0.0011696029844950754 0.09237825084065664 0.00036969406018685724
0.08170215984368481 0.0011084900714676423 0.09951044507150499 0.00039987658867501587
0.08563144209366987 0.0010505120618919288 0.10734176650047714 0.00042620366849987167
0.08984903411005597 0.0009997585343784377 0.11588041347494354 0.00045495450987725157
0.09435215166327852 0.0009688547521974125 0.1242472355528138 0.00049567588220131
0.09903802213404926 0.0009189769611715011 0.13506011153005834 0.0005169553907346879
0.10386792494693094 0.0008951572258939101 0.14500234402757095 0.0005537267297816301
0.10900467389034285 0.0008858678267774183 0.15502014888642449 0.0006005287834476919
0.11437768860969433 0.0008718927897995155 0.166526269115625 0.0006394316555117807
0.12017299498292541 0.0008692091051336074 0.17863255504279127 0.0006859475198969548
0.12584201949173077 0.0008613190966772618 0.19138188412148685 0.000722014873228072
0.1321455661410418 0.000882264094878143 0.2036907674981566 0.0007836862077007664
0.1388103562530508 0.000901365596448281 0.21734989842885696 0.0008417205109635537
0.14555888121158253 0.0009084916993537015 0.23247206229112266 0.0008858568881910981
0.1530081237854129 0.0009357669514614901 0.2478996278614405 0.0009478055211810992
0.16036869055953112 0.0009515979494739765 0.26417409031102 0.000996104959541088
0.16829037012224024 0.00099779146481945 0.27941124026746733 0.0010719075370458247
0.17682592085398388 0.0010165806083305778 0.29840367645446747 0.0011217279234688158
0.18574066911403883 0.0010630661765892262 0.3159820399898329 0.0011957765658665944
0.19481869364625848 0.0011225776142945744 0.3326825563313614 0.0012805453910625286
0.20457863915514382 0.0011561757983064845 0.35300417409142526 0.0013398600912481217
0.2146274682707398 0.0012090433256129916 0.3720732651332787 0.0014158240095055433
0.22517305048328506 0.0012333531305498055 0.3942324469931 0.0014643015042502846
0.2363011762322662 0.0013120201296133523 0.41282470060397825 0.0015620807899375682
0.24826911508704785 0.0013580469388450105 0.43550031298025627 0.0016266295112334472
0.2604838857515662 0.001440478669035268 0.4550152703058674 0.001723751616676091
0.2731045328120419 0.0014994452562193097 0.4766297491026593 0.0017964682242991832
0.28638924951818884 0.001543742124300543 0.5000215278223726 0.0018532390589133525
0.30048566334404575 0.0016151917591215319 0.5219259591901025 0.0019332573851735205
0.3151382578686387 0.001723276754029221 0.5410659356959701 0.002042714888618627
0.33072421592662543 0.0017875657941288624 0.5645128363497731 0.002106762664161747
0.34651291821886115 0.0018864246542841538 0.5843546661743991 0.0022000966763529115
0.36275616373168845 0.0019048445808620758 0.610175915137688 0.0022158015870452235
0.38005886919396653 0.0020066495675133723 0.6300502953689368 0.0023022216780587347
0.3979380432120502 0.0021833852750891393 0.6438478934595915 0.0024493278967832044
0.4166181717908162 0.0022729818021169513 0.6642716854687603 0.0025135124113022708
0.43584670692624455 0.0023447646849911784 0.6854103169678183 0.0025575494929862236
0.45581479818085013 0.002346779150847018 0.7109897089951118 0.0025383437782903863
0.47616841356862627 0.002570790781535644 0.7199346665741384 0.002698132649808505
0.4970319569226077 0.00260902738473603 0.7411775904547123 0.0027002162058735865
0.5185489331112048 0.0027831082498528093 0.752447541041644 0.0028048156083490543
0.5403724144353867 0.0028663583244122187 0.7688832985834176 0.0028326886191852195
0.5632062331302504 0.002950993074229325 0.7848128065037782 0.0028550535995214973
0.5857239764468387 0.0030617540474127715 0.7974396104810666 0.002894273090893309
0.6083910491305605 0.003275682220634509 0.8026987609990328 0.003001912456692657
0.6318207949707331 0.0033530841952125095 0.8158983614706323 0.003005764688645254
0.654584832458888 0.003370302976049243 0.8308637228749838 0.002967816349197315
0.6776213486024365 0.0035600692370918075 0.835060127452599 0.003042418416539849
0.7009379901499514 0.0037679210708077837 0.8376670671092503 0.0031209174325693297
0.723428813519106 0.003687015548819489 0.8547325594439351 0.0030163693071557822
0.7458145011743685 0.0038469743684017023 0.8578908129273531 0.003062351271384763
0.766721471711017 0.004003868907552701 0.8599414425463535 0.0031034352503899096
0.788437471139954 0.004090374495770276 0.8654134461669941 0.003098224116314053
0.8076862434170283 0.004292789863868592 0.8635430280262284 0.0031642673742942047
0.8271224370041003 0.004344837454224876 0.868821273400747 0.0031389447782968825
0.84575309136595 0.004314708435670935 0.8771271574940048 0.003073443199355194
0.8618583466515459 0.004470271253190099 0.8754691354890927 0.003113723286343801
0.8777974487608755 0.004507329247984706 0.8790020180556337 0.003088274544780629
0.8922840181786534 0.004520286279307535 0.8828726611372367 0.0030526404835223564
0.9050681970122997 0.004616974817348385 0.8823358132408923 0.00305968194985516
0.9172651157346455 0.004574094135997811 0.8875448577835555 0.003000948402765659
0.927269809191658 0.004754827845931934 0.8824313004103342 0.0030572343399227838
0.9368668360497131 0.004690154954520531 0.8876342886203067 0.0029920805722601107
0.9451841611054638 0.004663330731356741 0.8907505136174048 0.0029495256186116824
0.9518856996993771 0.0047167015032042936 0.8900988499590865 0.002947505579457709
0.9566457738004718 0.004838864387030952 0.8861416636516407 0.0029784392493391217
0.9618521950650014 0.004786228498658743 0.8894883535528108 0.0029289270637330154
0.9655583795487731 0.004819049972471493 0.8889628253275645 0.0029233994789622745
0.9684214965540894 0.00477302501293663 0.8914559211063282 0.0028767232837380984
0.9701119900984431 0.004817331776115071 0.8900300031617624 0.0028761635227796574
0.9717471303035219 0.004727665611577958 0.8939967258875813 0.0028090763558506304
0.9723511965844459 0.004748657821799229 0.8933021106361039 0.0027995265513551127
0.9722486923429603 0.004744924814725715 0.893459711861719 0.0027745389239788205
0.973019763628135 0.004620595396748448 0.8985845918425368 0.0026949120039508625
0.9738380352949291 0.00455468463799931 0.9013581793959867 0.002653485362549879
0.9727618555389035 0.004494700288177646 0.9035433760901611 0.0025963558986036497
0.9711007048300944 0.00450217037140949 0.9030146116461772 0.002577073302936147
0.9709556183053453 0.0044076125656282725 0.906702490976195 0.0025145248116689675
0.9700523781520882 0.004297208558188446 0.9108304049661629 0.0024333431438917394
0.9678546558913758 0.004296435272004465 0.9105868166692579 0.002408989722807491
0.9662070117775446 0.0042642339367340775 0.9116336623686345 0.0023729556274967945
0.9678350843970691 0.004090387530908937 0.9184413843343544 0.002281653911214553
0.9643023657186801 0.004086904778015797 0.9181752315107822 0.002242387959038438
0.9633545804352753 0.0039962882305534814 0.9214730162730238 0.002175630472881906
