0.03281722865768674 0.004821348814838217 0.02076855893974326 0.00012997900608429516
0.034400826810907614 0.004416605390113907 0.02267804323519716 0.00013437733618937121
0.03604625512647204 0.004032300675688117 0.024847131864231896 0.00013842493287047727
0.037782238738991294 0.003719491606508222 0.02694940961456598 0.0001450437797679869
0.03964244582585421 0.0034109120122775764 0.02940406771396232 0.0001516401663247799
0.041529106426412055 0.0031578002267594867 0.03178564123064899 0.00016037968902158902
0.04354854230063577 0.0029045894925994013 0.03458859929275754 0.0001688527362470863
0.04562441719222667 0.0026608148261562992 0.037794805381962546 0.00017590657258418987
0.04781329267524493 0.00245648108899986 0.04099773194357116 0.000186274468983321
0.05020969584353443 0.0022730510283198806 0.04440088843547898 0.00020023096047590958
0.05262298466004628 0.0021054871990400866 0.04805438123165184 0.00021374674655322338
0.055140179583801456 0.001936363767938454 0.05238684755365948 0.0002243083774640629
0.05789450595492516 0.001800237130866613 0.05659722216071631 0.00024292465765897924
0.060749900657605396 0.0016479041335633756 0.06206441417548817 0.00025287140329033597
0.06369442250140331 0.0015565356446270774 0.06622961382987773 0.00028006235711364234
0.06673486882362004 0.0014434181231933996 0.07191165325304491 0.0002958398916648242
0.07007949645401672 0.001355974724753662 0.07743236533656772 0.00032267893077153457
0.07346505409836115 0.0012517566419760204 0.08463217215291038 0.0003349938364086203
0.07708861516703176 0.001181725954465201 0.09110933095994561 0.0003631405744269107
0.08090782349783861 0.0011209916102073055 0.09803238974584266 0.0003938469876515195
0.08479971281951931 0.00106450990880277 0.10555441522294537 0.00042200942597164814
0.08893428808657354 0.0010159276446595673 0.11366565149881776 0.00045260366582991994
0.09332829117557218 0.000984585718438893 0.12171998042081282 0.0004929738286390797
0.09788499116316925 0.0009477450468735419 0.1311794306980124 0.0005249516063550703
0.10275938191384956 0.0009229355059557336 0.14105731194723242 0.0005633945066150185
0.10778688837400797 0.0008815141373985741 0.15318076482196155 0.0005833895358944468
0.11317870260840426 0.00087962687915627 0.16365183439797001 0.000634116219931558
0.11866461319403354 0.0008631126767200197 0.17603936933350522 0.0006674876217048277
0.12450917896763125 0.0008752129314823066 0.18752164825665318 0.0007231875780808161
0.1309216792728071 0.000859841062420172 0.20282599919446842 0.0007542880143425041
0.13716621690955091 0.0008956691011945053 0.21415588365306013 0.0008254197089162447
0.14399340593074889 0.0009024304110049917 0.22944141146958533 0.0008701822286624384
0.15118451491629684 0.0009206643611524249 0.24492561896065362 0.0009234749832232171
0.15888316061560706 0.0009794824245188435 0.25852069253848303 0.001012576219663772
0.16665153678447478 0.000995905781454107 0.2757890826090269 0.0010613833406497688
0.17487532005694295 0.0010154078081993628 0.2940012352214348 0.0011109934043548597
0.18353577436736315 0.00106324507709407 0.3108697157397363 0.0011860593196002973
0.1927383700827423 0.0011211975499674331 0.3280825161180174 0.0012695467036422238
0.20225705237926153 0.0011002003723027073 0.3523180130161025 0.0012775719560993721
0.21237471865736135 0.0012237286550338742 0.36578076058675335 0.0014211795706646404
0.22285001765414744 0.0012326710011329037 0.38922977019825067 0.001454896755252976
0.2339786148019341 0.0012957942336856005 0.40919693784039834 0.001538584751274684
0.24545094390073596 0.0013380681624724146 0.431109928069139 0.0016007345895014838
0.25770093678934225 0.0014514332134637816 0.44833915099983424 0.0017266070996705676
0.2704558177016869 0.0014593125529873492 0.47456719299407113 0.0017528773860819686
0.2835772472640197 0.0015707811131493352 0.4923013636423894 0.0018729371321302602
0.29730150293735463 0.0015787174113573914 0.5189033632490665 0.0018924405665967144
0.31191107241108623 0.0016767955248634726 0.5389731449192772 0.0019939666879126693
0.3271086190274879 0.0017815125833779014 0.5586024834093691 0.0020976747154879743
0.3430171057145113 0.001856037034841707 0.5808951548038542 0.002168789870595091
0.3592268820498747 0.0019309013142067533 0.6024830513410998 0.0022370762412685435
0.37619577829165063 0.0020277875050890835 0.622484213878459 0.002319670770729969
0.39433248570592544 0.002154517385438603 0.6407831826178335 0.002423269325483225
0.41221897109305156 0.002194544795240898 0.6639706646790444 0.002447654249729041
0.4316561822888165 0.00230929825445018 0.6824640325147291 0.0025297074652623486
0.45140930029466136 0.002468502946084392 0.6968160879198187 0.002642217461818473
0.4718716307341597 0.002480335422666468 0.7212660950799096 0.002628056118348252
0.49231378680755 0.0026175688200505403 0.7353838550473342 0.002712596485773903
0.5142103840266067 0.0028332876173467808 0.7444966044284909 0.0028489624658950604
0.5358334670301804 0.0028217303086765363 0.7674363670320606 0.0028050137480307063
0.5580082984121904 0.002925417726721818 0.781728617497568 0.0028457530317891394
0.5806945470069796 0.003147649053612832 0.7877622276414309 0.0029660549136542205
0.6036229359703538 0.003190540511251992 0.8041825022941962 0.0029509867149054006
0.6266717996981233 0.003361396475787273 0.811601960746219 0.003022852783508154
0.6503544587049563 0.003411428017683588 0.8256426007791623 0.0030053051163095317
0.673406299334965 0.0035707450299384256 0.831751149250601 0.0030614458931195613
0.6959846318967484 0.0036819692618585884 0.8394988875004392 0.003080051448880892
0.7183545069340074 0.00380163672649354 0.8458063866624549 0.003103247228213291
0.7409760487842382 0.003770170551016949 0.8594584272698917 0.0030285796674047135
0.7620969863590141 0.004062307923587903 0.8547066691151473 0.0031519844647840602
0.7836197308576786 0.003974584543148161 0.8690522319182022 0.0030471984566220914
0.8043110352514561 0.004130380866359754 0.8701145044900953 0.003086332466511209
0.8230799137850009 0.004271263698714014 0.8707743438177146 0.0031156837946615962
0.8417253185277297 0.004269537814595766 0.8777855037290736 0.0030656842306434414
0.8585069818483361 0.004366634639883085 0.8791077658306616 0.003071116782012075
0.8742845052604089 0.004549464369305495 0.8759510751680678 0.0031242663269745543
0.8892482818358003 0.004622233911911593 0.8773866243907833 0.003120184775464727
0.9030803978706173 0.0045870398076621795 0.8830640812633525 0.0030601553042472964
0.9150666086984397 0.0046672212335862875 0.8829187119375125 0.0030655525022080174
0.9258682920032801 0.004735117640438755 0.8829009843924356 0.003061205505822265
0.9353273186731492 0.004764824424602972 0.8840796122971336 0.003046397542121186
0.9435456773694028 0.004757777485692311 0.8864166615278469 0.0030120295712330754
0.9510006370238702 0.004704314906084467 0.890404049702239 0.002955029643309744
0.9570478151126064 0.004751607324488507 0.8898292035920614 0.002952699663333278
0.9621616538708913 0.004679112869587183 0.8939060656797445 0.0028929169930722552
0.9658685493556796 0.00474997791029295 0.8918321000182381 0.002902871833380688
0.9689695237159295 0.004724869708018835 0.893502063746896 0.002866850758102535
0.9714169342800582 0.004720664915115277 0.8941813423761319 0.0028454180825666572
0.9717972886385032 0.004789306134528987 0.8915141709266834 0.002850615368569095
0.9737979350339345 0.004734691166928568 0.8941282600793773 0.002812726967961622
0.9746223604562809 0.004641464374022261 0.8980083326821583 0.002744984026871723
0.9729530984464314 0.004800082658406851 0.8913868854924647 0.0028004314724527054
0.9738017365543303 0.004660437098933089 0.8971608020621376 0.0027158787589512926
0.9732431630326791 0.004590400944842258 0.8998544863222094 0.002658643355308377
0.9729611150892411 0.004500300497242551 0.9033630486667217 0.002595596947733086
0.9719222759032491 0.004488287057831932 0.9036978942782745 0.002573272935832869
0.9720995481574309 0.004344720465031461 0.9092940087721721 0.0024847565649129223
0.9700749136129597 0.004350932230435476 0.9087912212166637 0.002466025694600238
0.9684428098934076 0.0043406093968388565 0.9089932372105077 0.0024434419211512965
0.96525444110402 0.004323941102445903 0.9092110465269163 0.002399590889928604
