0.999771900337005 0.0001414053578333828 1.0000049725216582 0.00010000000007973139
0.9999800865196073 0.0001414171329496952 1.0000199136797265 0.0001000000013245338
0.9999553439559082 0.00014141187978299885 1.0000447159555623 0.0001000000064165941
0.9999207989291002 0.00014140455127354914 1.0000793444487188 0.00010000002114904693
0.9998765862415211 0.00014139517631205588 1.000123696226412 0.00010000005166433576
0.9998228561092269 0.00014138379703917687 1.0001776359093937 0.00010000011465255094
0.9997593124266553 0.00014137033529305836 1.0002414763198955 0.00010000019070325179
0.999686438676695 0.00014135491262964756 1.000314748525812 0.00010000030849001685
0.9996050149367296 0.00014133775578758782 1.0003966844310581 0.00010000055601448603
0.9995128491210417 0.00014131826641018856 1.0004895059613996 0.0001000007484659314
0.99941162009792 0.00014129696730545444 1.0005915436614177 0.00010000112242781881
0.9993021177745831 0.00014127401214609448 1.000702017643208 0.00010000165891799251
0.9991831807064051 0.00014124910179990618 1.0008221168636207 0.00010000228643242285
0.9990570309213931 0.00014122286578194216 1.0009496156339028 0.00010000322764707206
0.9989196491128054 0.00014119422717637835 1.0010885945312655 0.00010000417251525563
0.9987732614117402 0.00014116346809246158 1.0012368232771853 0.00010000484927739833
0.9986170178671269 0.00014113065050648464 1.0013951864566577 0.0001000056049903859
0.9984579316160211 0.00014109830528028766 1.001556597109838 0.0001000079097562585
0.9982847674828231 0.00014106266365812966 1.0017324634369553 0.00010000981929358325
