0.9992604719878541 0.00014137702504738418 1.000004432082784 0.00010000000006320391
0.9999813725063328 0.00014141742988202634 1.0000184554834535 0.00010000000102828797
0.9999585854642078 0.00014141256710475014 1.0000414679010887 0.00010000000476529722
0.9999265871457678 0.00014140577760139966 1.000073540520553 0.00010000001611808395
0.9998855143789802 0.00014139706373465522 1.0001147372889212 0.00010000003696972716
0.999835519341392 0.00014138646044001334 1.000164919305339 0.0001000000730190205
0.9997770290254877 0.00014137407196091994 1.0002236717660289 0.00010000014523181887
0.9997094926567166 0.00014135977796311176 1.0002915620248336 0.00010000025091168893
0.9996331723240178 0.0001413436408094868 1.000368341877418 0.0001000004012927265
0.9995486690768204 0.00014132581910990038 1.0004534217093748 0.00010000064158962165
0.9994555658884909 0.000141306201434881 1.0005472360118695 0.00010000094132746131
0.9993528934231756 0.00014128450283245282 1.0006507779489369 0.00010000119097547435
0.9992435347992933 0.00014126162715298861 1.0007611585598286 0.00010000180288006359
0.9991244597695055 0.0001412364994001994 1.000881448035364 0.00010000216966644751
0.9989966882556746 0.0001412097592825032 1.0010106396568947 0.00010000289232813088
0.9988628875596092 0.00014118214641069323 1.0011460522809346 0.00010000421466685683
0.998717107072059 0.00014115113516232006 1.001293717897156 0.00010000435488557525
0.9985676811116942 0.00014112047398742237 1.0014452269680005 0.00010000611159878267
0.9984076876280871 0.00014108713634012915 1.001607601566748 0.00010000728631105258
