0.9999778254041314 0.00014141898757464677 1.0000056939384878 0.00010000000012587802
0.9999773164709034 0.0001414165428925096 1.000022704894231 0.00010000000206690806
0.999949026936499 0.000141410540770139 1.000051046367233 0.00010000001035446085
0.999909740824184 0.00014140221117748264 1.000090434340476 0.00010000003493471134
0.9998595994357541 0.00014139158996499083 1.000140745039406 0.00010000008679803524
0.9997980764038152 0.00014137857112474694 1.0002025257427216 0.00010000017699892554
0.9997259244372104 0.00014136329409787237 1.0002750398385127 0.00010000027890496181
0.9996426805797828 0.00014134573693656477 1.0003587740831927 0.00010000050361296255
0.9995493192775484 0.0001413260907629717 1.0004527681783857 0.00010000083043508473
0.999445065869263 0.0001413040923556315 1.0005578216786626 0.00010000112225042856
0.99933109370489 0.00014128028993182258 1.0006727768622987 0.00010000180442121297
0.9992060343304392 0.00014125409428202647 1.0007990328734058 0.00010000245700116535
0.9990713450776129 0.00014122603665393596 1.0009351435426157 0.00010000339516752683
0.9989274932286957 0.00014119638831182972 1.0010806590594559 0.00010000486457241992
0.9987706638314565 0.0001411638238968566 1.0012394608638469 0.00010000614148494217
0.9986040393976098 0.00014112939238274035 1.001408357827676 0.0001000077533616946
0.9984299540331645 0.00014109406854911615 1.001585008117221 0.00010001037913966843
0.9982466668383008 0.00014105591368245802 1.0017711874305757 0.00010001179363841227
0.9980499933195672 0.00014101633996915924 1.0019711943745238 0.00010001527754210144
