0.9998869942363511 0.00014141281387405292 1.0000052017111705 0.00010000000008832115
0.999979252506096 0.00014141695406982645 1.0000207622143262 0.00010000000144732034
0.999953513271588 0.00014141149191983232 1.000046550434215 0.00010000000780522476
0.9999175418652082 0.00014140386093742523 1.0000826106124276 0.00010000002363441592
0.999871320054826 0.0001413940631248046 1.0001289811509937 0.00010000006055351713
0.9998154040486904 0.0001413822214188224 1.000185120188699 0.0001000001275779432
0.9997494460289797 0.00014136825464456816 1.0002513932735262 0.00010000021668781692
0.9996729673680465 0.00014135206537800395 1.0003282997683736 0.00010000033645503297
0.9995876554143703 0.000141334066211095 1.000414161111833 0.00010000056489420069
0.9994916969710854 0.00014131383690950338 1.000510819970408 0.00010000085548856828
0.9993876376560629 0.00014129198058837375 1.0006157309877173 0.00010000129672686901
0.9992728693728943 0.0001412678883331013 1.000731541632911 0.00010000181487345687
0.999148935225614 0.00014124195123293607 1.0008567165932984 0.00010000250033838758
0.9990159868834803 0.00014121411797750813 1.0009911211356382 0.00010000323618253114
0.998872067507307 0.0001411840436482916 1.0011367569756282 0.00010000412719680944
0.99872346021321 0.00014115343960659205 1.0012872859320254 0.0001000057015911596
0.9985620284734883 0.0001411202004499455 1.0014509665299833 0.00010000743723695841
0.9983897472571774 0.00014108440367769073 1.0016258248228362 0.00010000884781008301
0.9982126827140558 0.00014104791687483378 1.0018057257468218 0.00010001074726471788
