0.9999926064857906 0.00014141994062246823 1.0000063142781124 0.00010000000018368859
0.9999748575925904 0.00014141602133472324 1.0000251674947302 0.00010000000284251262
0.9999436384494926 0.0001414093998005914 1.000056447028101 0.00010000001557308032
0.9999000596267168 0.00014140016194065101 1.0001001450853273 0.0001000000465478418
0.999844046632568 0.0001413882979574136 1.0001563580850326 0.00010000010759177137
0.9997767542425606 0.00014137407653697036 1.0002239487810387 0.00010000023459278139
0.9996970270941635 0.00014135726529612366 1.0003041000530628 0.0001000004493581032
0.9996060156758957 0.00014133812308987265 1.0003956786995487 0.0001000007747030405
0.9995023363758954 0.00014131634236369295 1.0005001014642712 0.0001000011949895382
0.9993867300113488 0.00014129210214688053 1.000616649197268 0.00010000174333973197
0.9992603927786229 0.00014126571826574472 1.0007441413107598 0.00010000250880425998
0.9991228729298518 0.00014123714358533346 1.0008830591002869 0.00010000356361203409
0.9989726984682065 0.00014120615023135047 1.0010349188189955 0.0001000050325835928
0.998811490518206 0.00014117271596697766 1.0011981073225866 0.00010000639604056447
0.998640210798003 0.00014113793681747093 1.0013716845475549 0.00010000892123574425
0.9984560686599465 0.0001410997697382504 1.0015584985397508 0.00010001055528166727
0.9982630224986649 0.0001410609509011339 1.0017545749936654 0.0001000139868337723
0.9980616113646201 0.00014102059168071476 1.0019593835786524 0.00010001779256112212
0.997845295107792 0.00014097676417522894 1.0021796036705275 0.00010002122024336707
