0.001 0.3226952702615826 0.0013623318654350561
0.0012067926406393288 0.3708503733943128 0.0015062660337847597
0.0014563484775012444 0.4219188830552292 0.0016798196018144246
0.0017575106248547913 0.47956523862287803 0.0018036163341675702
0.0021209508879201904 0.5393151817628664 0.0019113847819115734
0.002559547922699536 0.6016362552503262 0.0019948008363623666
0.0030888435964774815 0.6599980960714333 0.0020275584548491194
0.003727593720314938 0.7141608222426957 0.002073582226645599
0.004498432668969444 0.7697587880377625 0.0019825350296902664
0.005428675439323859 0.8154501865364413 0.0019493136715932025
0.006551285568595509 0.8545010214917531 0.001874517350879707
0.0079060432109077 0.8853278561671099 0.001815805025162955
0.009540954763499945 0.912947218899491 0.00165810640431893
0.01151395399326447 0.9343238346122249 0.0015076370762331145
0.013894954943731374 0.946657235055809 0.0015066194323144725
0.016768329368110076 0.957917661895759 0.0014309834012171435
0.020235896477251564 0.9660439819635072 0.0014163836571427426
0.02442053094548651 0.9714767776943362 0.0013458325821276485
0.029470517025518096 0.9768881881359933 0.0012517759578808854
0.03556480306223128 0.9775733768168872 0.0013127890263280096
0.04291934260128776 0.9803740058019553 0.001268450850738069
0.0517947467923121 0.9837792028330529 0.001178171355387628
0.0625055192527397 0.9836544390236053 0.001208163305553575
0.07543120063354615 0.9816376366696863 0.0012966165594652144
0.09102981779915217 0.9831130953556656 0.0012561132424942132
0.10985411419875583 0.9841577101722709 0.0012225481324194035
0.13257113655901082 0.9858388620747309 0.0011639850787213604
0.15998587196060574 0.9847405802247027 0.0012124731740613738
0.19306977288832497 0.984427965280793 0.0012323562583385378
0.2329951810515372 0.9853324637870312 0.0011995091070495672
0.2811768697974228 0.9847797019665022 0.0012214742680910094
0.3393221771895326 0.9846614536609841 0.0012275144146225902
0.4094915062380423 0.9868627339637144 0.0011371311519174903
0.49417133613238334 0.9856909470727584 0.0011872462879405994
0.5963623316594643 0.9846301244698827 0.001228340348536353
0.7196856730011514 0.9860941572621723 0.0011707640144692547
0.868511373751352 0.9844934843600911 0.0012353022937489585
1.0481131341546852 0.9842739084653682 0.0012433321419962904
1.2648552168552958 0.9853895211654995 0.0011994783125235191
1.5264179671752318 0.9877997541152285 0.0010977775039180304
1.8420699693267144 0.9841997888182977 0.0012470105760463313
2.2229964825261934 0.9861982785839133 0.001166599337462599
2.6826957952797246 0.985897230970598 0.0011790329853332573
3.2374575428176433 0.9860986890380599 0.0011707591868487938
3.906939937054613 0.9866998508050412 0.0011455612660476748
4.714866363457389 0.9851999663438262 0.0012075164184987134
5.689866029018293 0.987 0.0011327400407860578
6.866488450042998 0.9842999998974119 0.0012431214742244154
8.286427728546842 0.9863 0.0011624246212120594
10.0 0.9833 0.001281448789456684
