0.001 0.05025011777903221 0.0005696243340689846
0.0012067926406393288 0.07463859684928248 0.0007576015320414695
0.0014563484775012444 0.10954938852036902 0.0010439860008442273
0.0017575106248547913 0.15364457811812424 0.0013072692310849463
0.0021209508879201904 0.20745290386931073 0.0016408963394758064
0.002559547922699536 0.2784042509595982 0.0019769358477908358
0.0030888435964774815 0.35865290909641717 0.002280233562043856
0.003727593720314938 0.4433748518509068 0.0025421476250736346
0.004498432668969444 0.5279063480871525 0.0026785743018195997
0.005428675439323859 0.6193764721976854 0.0027425173289875515
0.006551285568595509 0.6924625853440053 0.002775305018604755
0.0079060432109077 0.7598667748304382 0.0026437156651187587
0.009540954763499945 0.8179934206041702 0.002489878639362757
0.01151395399326447 0.8675255053348013 0.0022255093966326196
0.013894954943731374 0.8948198571908235 0.0021032214474872553
0.016768329368110076 0.9235603323394651 0.001879084628486852
0.020235896477251564 0.9428467304772427 0.0017194516790062313
0.02442053094548651 0.95239652635114 0.0016596736928948354
0.029470517025518096 0.9637805821925369 0.0014961794503680931
0.03556480306223128 0.9712739662813765 0.0013958514770106842
0.04291934260128776 0.9766920079977474 0.00130413463125062
0.0517947467923121 0.9778218342106858 0.0013235432691523932
0.0625055192527397 0.9804065167674713 0.0012757675414389708
0.07543120063354615 0.9805398397061541 0.001310116706265866
0.09102981779915217 0.9811730012616783 0.0012925170020829304
0.10985411419875583 0.9827825636717896 0.00125878374731316
0.13257113655901082 0.9837866456688064 0.0012322412818478543
0.15998587196060574 0.9854925233363218 0.0011709779645916708
0.19306977288832497 0.9836959261343492 0.0012493665145807036
0.2329951810515372 0.9836778651083768 0.0012593016029787357
0.2811768697974228 0.9861725017036237 0.0011594546455685585
0.3393221771895326 0.9848700468916962 0.0012131843056399682
0.4094915062380423 0.9856926227402811 0.0011832519705775426
0.49417133613238334 0.9857562236423917 0.0011804344076928206
0.5963623316594643 0.9857745285884896 0.001183188045498048
0.7196856730011514 0.9831838879689767 0.0012852177473543233
0.868511373751352 0.9855974727281327 0.0011913265934752316
1.0481131341546852 0.9837971021505646 0.0012624375547072315
1.2648552168552958 0.9864217526028806 0.0011552832559350214
1.5264179671752318 0.9819981274133017 0.001329509873939286
1.8420699693267144 0.984986255659822 0.001215579913452867
2.2229964825261934 0.9841999998937918 0.0012470108258007995
2.6826957952797246 0.9837986249843703 0.0012624394676807613
3.2374575428176433 0.9863999999984492 0.0011582331371514899
3.906939937054613 0.985199991287199 0.0012075164488667542
4.714866363457389 0.985699999956203 0.0011872451304910635
5.689866029018293 0.985 0.0012155245781143218
6.866488450042998 0.9839999999999687 0.0012547509713086102
8.286427728546842 0.9873999997022598 0.0011154030658240917
10.0 0.9838999990805445 0.0012586020010471044
