0.001 0.002328917710429889 2.7632739254762876e-05
0.0012067926406393288 0.0033268805904798143 3.91540384634651e-05
0.0014563484775012444 0.004782550901689039 5.638698143531271e-05
0.0017575106248547913 0.006811331734758456 7.836105013255665e-05
0.0021209508879201904 0.009672341811317178 0.00011136542841231566
0.002559547922699536 0.01388558196444699 0.00015678842702251692
0.0030888435964774815 0.019200760930621452 0.00021520302005689987
0.003727593720314938 0.026565624263571317 0.00029237265976988033
0.004498432668969444 0.037303279331138535 0.00040390278053666713
0.005428675439323859 0.051177392874158234 0.000543828239846224
0.006551285568595509 0.06968311241003526 0.0007232687826322507
0.0079060432109077 0.09226296349074069 0.0009221554354340781
0.009540954763499945 0.1230192571931483 0.001199174767537625
0.01151395399326447 0.1577377243357474 0.0014720108000071043
0.013894954943731374 0.20213417788035334 0.0018064838222072613
0.016768329368110076 0.24807452074865696 0.0021200347772171234
0.020235896477251564 0.3127333226518543 0.002434565705241053
0.02442053094548651 0.3672520903816762 0.0027814978458543253
0.029470517025518096 0.43884001868369926 0.003038704486644404
0.03556480306223128 0.5023864409809423 0.0032182518778050536
0.04291934260128776 0.5668752892288302 0.0033126042418974533
0.0517947467923121 0.6172810177449146 0.003392942122226219
0.0625055192527397 0.668214297877079 0.003405215350267015
0.07543120063354615 0.7196838562865361 0.0033133650509684868
0.09102981779915217 0.7636649756678613 0.0031884477733555177
0.10985411419875583 0.7940027827764806 0.0030952792039117953
0.13257113655901082 0.8242016312787172 0.0029542850716787195
0.15998587196060574 0.8528915173182673 0.002790005106901399
0.19306977288832497 0.872829575769533 0.0026295928539725693
0.2329951810515372 0.8936496583893191 0.002460552799015582
0.2811768697974228 0.9104107466916286 0.002286706951844161
0.3393221771895326 0.9219188093056014 0.0021716124488355376
0.4094915062380423 0.9347204588238823 0.0020143158308159152
0.49417133613238334 0.9446529768821526 0.001854664086602206
0.5963623316594643 0.9522627245214087 0.0017416457493721262
0.7196856730011514 0.9566048837803329 0.0016941826979948863
0.868511373751352 0.9627689162149827 0.0015678938149828669
1.0481131341546852 0.966326808514278 0.0015412809746985715
1.2648552168552958 0.9696776033473252 0.0014610989994489976
1.5264179671752318 0.9745408008360437 0.0013350518178052843
1.8420699693267144 0.9778845791493226 0.001262553672156941
2.2229964825261934 0.9818031880580371 0.0011407429348842656
2.6826957952797246 0.9834658972060543 0.0011146050695298691
3.2374575428176433 0.9842627539470763 0.001086455619526952
3.906939937054613 0.9867545476364219 0.0009767407331769944
4.714866363457389 0.9899761881049761 0.0008438290160977033
5.689866029018293 0.9892310246903937 0.0008925540568138927
6.866488450042998 0.9899014665985311 0.0008884078393233854
8.286427728546842 0.9913029400715372 0.0008366838230234395
10.0 0.9928674072407419 0.0007457724554047106
