0.001 0.02285705376130924 0.00016155054406079923
0.0012067926406393288 0.027368374010486734 0.00019482194174027842
0.0014563484775012444 0.03325906795572882 0.00023424619662722066
0.0017575106248547913 0.03931652628069414 0.0002810493847087683
0.0021209508879201904 0.04731429106316855 0.00033591359281192717
0.002559547922699536 0.05646812929936298 0.00039706816346157786
0.0030888435964774815 0.06713473046201358 0.00047131415074339473
0.003727593720314938 0.08096176365324335 0.0005645044095725595
0.004498432668969444 0.09611312122078837 0.0006627779872423349
0.005428675439323859 0.11628713892967467 0.0007814463115113483
0.006551285568595509 0.1359400867253517 0.0009136525964075824
0.0079060432109077 0.1617157013967422 0.0010658091554312616
0.009540954763499945 0.190206216611216 0.0012344144833335775
0.01151395399326447 0.2232300549780589 0.0014055864896881675
0.013894954943731374 0.25826200993828297 0.0016161136877859965
0.016768329368110076 0.2973323920233184 0.0018067023997740245
0.020235896477251564 0.34013916768548197 0.00202323273450154
0.02442053094548651 0.3869928049018577 0.0022235245121610867
0.029470517025518096 0.4375688939645328 0.002429471788645691
0.03556480306223128 0.4897951916202347 0.0025588907321084414
0.04291934260128776 0.5452846000447097 0.0027061329203983847
0.0517947467923121 0.5928121716795801 0.0027976172748616617
0.0625055192527397 0.6400827677432874 0.002850423941850701
0.07543120063354615 0.6847269141233261 0.002869481940265336
0.09102981779915217 0.732957803697696 0.0028075433030358703
0.10985411419875583 0.7666925625347476 0.0027922417259928665
0.13257113655901082 0.7998259933280929 0.002687765293088305
0.15998587196060574 0.8288816372529176 0.002566427969855444
0.19306977288832497 0.8502271739192309 0.0025074474996100993
0.2329951810515372 0.8741768484143453 0.0023496795255962323
0.2811768697974228 0.8905535244556045 0.002248826053949689
0.3393221771895326 0.9060620874787659 0.0021440712717609124
0.4094915062380423 0.9188120267649538 0.0020343404934610302
0.49417133613238334 0.9342159566111266 0.001835229005174582
0.5963623316594643 0.9423183883595215 0.0017523622782132813
0.7196856730011514 0.9524366014479234 0.0016086762545367108
0.868511373751352 0.9571249150908953 0.0015383264198301286
1.0481131341546852 0.9638231645356975 0.0014382310617706683
1.2648552168552958 0.9673899052125151 0.0013761334905828524
1.5264179671752318 0.9714900600302439 0.001315310237432582
1.8420699693267144 0.9752372448889011 0.0012183941523609568
2.2229964825261934 0.9802175057542459 0.0010987426125342562
2.6826957952797246 0.9793293487531615 0.0011430461425140852
3.2374575428176433 0.9802363765319279 0.0011281003931947686
3.906939937054613 0.9849564580108477 0.0010040347178972909
4.714866363457389 0.9865636203682437 0.0009476871498707104
5.689866029018293 0.9871322659991254 0.0009437221703945303
6.866488450042998 0.9881440777146381 0.0009337656161233509
8.286427728546842 0.9902742121706349 0.0008495855895975993
10.0 0.9908143846286451 0.0008518557291036165
