0.001 3.1084361391817855e-05 5.197582377597679e-07
0.0012067926406393288 5.271449212118915e-05 8.75795600462109e-07
0.0014563484775012444 9.299702592626811e-05 1.5051636140682147e-06
0.0017575106248547913 0.00016313156385386205 2.6498562156083106e-06
0.0021209508879201904 0.000275869392707738 4.509289353053631e-06
0.002559547922699536 0.00046191774206366193 7.447161854813705e-06
0.0030888435964774815 0.0008035368503582632 1.2973427456190426e-05
0.003727593720314938 0.0013375111958705906 2.1261880181930913e-05
0.004498432668969444 0.0021950796357243178 3.442533141643941e-05
0.005428675439323859 0.0036199613361922248 5.6038612506395356e-05
0.006551285568595509 0.005939040299553542 9.033733914096339e-05
0.0079060432109077 0.009904789202462516 0.0001445250805357199
0.009540954763499945 0.01550035218498818 0.00022016051902522954
0.01151395399326447 0.02393789113328514 0.00033901033689680537
0.013894954943731374 0.03689536124969305 0.0004979206784633093
0.016768329368110076 0.05517078839150086 0.0007090212034200718
0.020235896477251564 0.0805617617891661 0.0009845745285745591
0.02442053094548651 0.11263923780239206 0.0013071358797530203
0.029470517025518096 0.15533101033031305 0.0017021394390063463
0.03556480306223128 0.20175768993167276 0.002078690435588523
0.04291934260128776 0.26332114922137967 0.0024840079309756667
0.0517947467923121 0.32750320913281294 0.0028678449911954873
0.0625055192527397 0.40177505465893765 0.0031497612892020924
0.07543120063354615 0.46650041386432634 0.003383330918521527
0.09102981779915217 0.518829155436347 0.0035549622076410875
0.10985411419875583 0.5895064049910612 0.0036061712291575966
0.13257113655901082 0.6537230400288067 0.003539582699309519
0.15998587196060574 0.7006206602669824 0.00352049650328056
0.19306977288832497 0.7378917304739949 0.0034483413351374054
0.2329951810515372 0.7826667523038053 0.0032498086686128993
0.2811768697974228 0.8112493821835401 0.0031499313245848676
0.3393221771895326 0.8376064989960285 0.0029955793442081784
0.4094915062380423 0.8599891007620932 0.0028339633185521006
0.49417133613238334 0.8821781674537251 0.002684632954891393
0.5963623316594643 0.8970036960164354 0.002538853588494648
0.7196856730011514 0.9095258907456302 0.00240247748676707
0.868511373751352 0.9229382478631116 0.0022581019846025685
1.0481131341546852 0.9379636638252478 0.002045132063275998
1.2648552168552958 0.9439899906127249 0.0019499174809109049
1.5264179671752318 0.9499391963059437 0.0018716287607929484
1.8420699693267144 0.9587007426905233 0.0017011867526874808
2.2229964825261934 0.9606533374715663 0.0016892904353083347
2.6826957952797246 0.9665114387251021 0.0015522268564158667
3.2374575428176433 0.9726484152575479 0.001408864683275138
3.906939937054613 0.97311511499737 0.0014086937541940262
4.714866363457389 0.9794323740524374 0.0012108671527156815
5.689866029018293 0.9796531449500755 0.001236670511471155
6.866488450042998 0.9832098201238774 0.0011201663643010263
8.286427728546842 0.9853106108063588 0.0010562245107871744
10.0 0.986978024635894 0.0009907383010366636
