0.6863224485437823 0.0022586055130027114 1.036591880174118 0.0024557035048122936
0.7191438270497948 0.0024278710100724826 1.062951157594503 0.002665411732299973
0.7526215630712627 0.002519365653288686 1.0828397800429341 0.0027665816223277516
0.7783317038411723 0.002716968401296004 1.1008631951336596 0.0029848456818408935
0.8015228365203306 0.002791228193439487 1.123639856094481 0.003109887192704558
0.8228489400171999 0.002979152566110158 1.1359166822718685 0.003302597810388691
0.8406434634562189 0.0030811649399286605 1.1521340669997946 0.0034311017286187437
0.853319862429605 0.0032720432675091126 1.1674115479442477 0.0036329341380334904
0.8644254787367385 0.0033994743367548657 1.1832328590514505 0.0037811085680179084
0.8750138070652327 0.003478697248215233 1.1975940848823725 0.0038693254998023825
0.8828015370795222 0.0037154776953104043 1.2062097876933184 0.0040654831840211125
0.8887610677542208 0.0038014162588411115 1.2275552035179669 0.00416899022367555
0.8962194720641334 0.003970798124606216 1.2330809694319411 0.004269921426152133
0.9023699799265372 0.004104076869220721 1.2480179944244465 0.004366950098282055
0.9075848831573681 0.0042261133551219025 1.2603728417785103 0.004430071465755723
0.9137881115495533 0.0043240747044397815 1.2700596275669398 0.004453164188110145
0.9179770071550423 0.004374031451054772 1.2849286623682925 0.004447389296480071
0.9202168330952034 0.004434696288197761 1.292510244819987 0.00442067485188571
0.9226901703284086 0.00444068507894309 1.2996383880460534 0.0043544349929487865
0.9232726100817307 0.004437140534639292 1.3122311060720577 0.004304421005873315
0.921287678032195 0.004429171321630296 1.3255528475007514 0.0042585210566730616
0.9169844103682762 0.004489128825446352 1.3357034537911665 0.004285618829381611
0.9127775832121982 0.004331299767524501 1.3578180781906761 0.0041437816854771065
0.9082041908489235 0.00428282174672793 1.3820686068338508 0.004121349347438179
0.8986843789802922 0.004225005947709283 1.3884808027566435 0.004061641977517307
0.8921954471233 0.004046162933732611 1.4144768025522039 0.0039176116734511435
0.8848576744500648 0.003950512290864441 1.438872026727248 0.0038748529809691703
0.8756172125289695 0.003825986406079661 1.461615119241075 0.0037869870592211054
0.8677555634910717 0.003692911881532955 1.488083688510881 0.003701908450748919
0.8611883040439599 0.003602175066065899 1.5123806064561005 0.0036887847201656104
0.8538649385795776 0.00344298137951531 1.547105267490861 0.003573088275436353
0.8482721904504614 0.0032446017613286782 1.5815916891093524 0.0034422816250859914
0.8447729837410903 0.00315678312296341 1.6056923241431214 0.0034459060264921204
0.8441596284971496 0.0030535809772284316 1.6407483297313972 0.003416934632257412
0.8426693450917891 0.002971273402497994 1.6612182549232755 0.0034441663326446356
0.8438459412497787 0.0029250863179053027 1.686818617268528 0.003505964418063567
0.8505079927767998 0.002842511987983509 1.71277522981207 0.0035121887155362807
0.8546100934772782 0.0027630983526725954 1.7367140333358846 0.0035135915003142015
0.865800756600962 0.0027151558958855874 1.761810326094265 0.0035230926211075463
0.8753260784008674 0.0026773930782513556 1.779784120732076 0.0035811658927115695
0.8863047345741438 0.0027415154956374247 1.7850520365130647 0.0037256304917402464
0.8982372107319078 0.0026903134943401406 1.8056380185347418 0.0036948611230583892
0.9105855805283402 0.002674797286101903 1.8184279459956367 0.0037021589716485282
0.9243144560747676 0.0026609549927378287 1.823500525024587 0.0036894319558084484
0.9367373543338741 0.0026692480394363166 1.831092747200597 0.0036889187483826478
0.9488528559990578 0.0027260652775340315 1.8353285382420268 0.003732042705880421
0.9594920392170866 0.002694529699216564 1.84163120379229 0.003671811954364895
0.9688891876259906 0.0027810210253674528 1.8403652967995596 0.0037522237978207407
0.9770454254406512 0.002859849731319862 1.8342965068410715 0.0038125049948605494
0.9838011704214188 0.0028290201085519173 1.8412210362856725 0.0037561584839344783
