0.6905608479860232 0.0022330516382677705 1.0461987317007264 0.0024566668349469893
0.723548094510748 0.002414575833093148 1.0635754407251097 0.0026406932088923773
0.7543665298697886 0.002478962297611179 1.0917539742483793 0.002767177776351409
0.7814714197204734 0.002681325296891421 1.1070160090800827 0.0029695036472632383
0.8049304999697667 0.0028118630594705517 1.1268870816307588 0.0031409402609910114
0.8224340449506848 0.00305825165316716 1.1429574016423802 0.0034043985212081004
0.8413508749943679 0.0031308921625580496 1.1553173604315081 0.003483077098288573
0.8543823204123161 0.003306239717465189 1.1720275545945427 0.003687382247781898
0.8630970411352178 0.0034596747570299546 1.1932226799586643 0.0038814927693474003
0.8745921946181959 0.003583719294751679 1.2021328160278697 0.003977578357379626
0.8823257895236325 0.003712340702651482 1.216577939114588 0.004095353379996719
0.8891376741518666 0.0038538895027081907 1.2310524943152874 0.0042193344418672216
0.897266315065241 0.003983284031697702 1.2373505011717345 0.004278298849959391
0.9032760288560849 0.0041343417410649695 1.243936840203186 0.00435288323872878
0.9078646606141568 0.004178841520568996 1.267593364014938 0.0043879614669096
0.914097786472606 0.004294062940204673 1.2694872660221164 0.004392884945777692
0.9171831942023957 0.004368385543978314 1.283282912637908 0.004408944729400722
0.9209450950270921 0.004406399502212518 1.2922415187367886 0.004374741630982182
0.9212495220767563 0.004402681837367967 1.307875893151725 0.004324253907051852
0.9209769054492651 0.004468268189772405 1.3125198109706275 0.004314800014560655
0.9191110040675567 0.004402006043684789 1.3315248543017526 0.0042376934862468785
0.9155089057022022 0.004396393007469767 1.3558967969809699 0.0042403202884576455
0.9116401594855424 0.004301848919430373 1.3663957091084462 0.004128964070709421
0.9040571408127394 0.0042473822566928485 1.3849810737483925 0.0040850867109190675
0.8985533173678726 0.004112886371958363 1.4118417941409027 0.003988824850861162
0.8889872580186754 0.004036618736754178 1.427707675859209 0.0039337777189396425
0.8805319905113713 0.0038839241886509117 1.4516738158646403 0.003825581901446543
0.8720384309872083 0.0038191851035306026 1.4701784520756254 0.003811530549516478
0.8617498174740772 0.0036148426171154348 1.500480764709063 0.0036468286739685073
0.8571218129819739 0.0034896660329438492 1.5304759643964354 0.003596667290670928
0.8500753512902813 0.0034091349247089915 1.5512699676138195 0.0035840643794862975
0.8479913602910781 0.0033169229667539425 1.583553877907633 0.0035730388018558466
0.844995240721225 0.0031382252923677343 1.6199698139431642 0.003470289911899879
0.8413814944424775 0.0030188258758472473 1.6420779870169704 0.003453006319097361
0.8463681064285432 0.0029495739433205888 1.6720213290021548 0.00346586050672775
0.8449374058759372 0.002895844398690447 1.6970576705304863 0.0035304812436045205
0.8519959664411816 0.0028134883168323722 1.723492077359184 0.0035088137801529235
0.8593456421605009 0.0027363279430380975 1.7482387330686728 0.0035365113917805824
0.8682871366349412 0.0026099385394541988 1.7780111408369175 0.0034487864688818484
0.8789566904840255 0.0026656424173126035 1.7845937769261084 0.0035989266258871534
0.8920083213861041 0.002658194076825722 1.801379085644317 0.0036357316374474287
0.9028954289337298 0.0026821730622276275 1.8094287331180807 0.0037047614720814035
0.9146081277891756 0.0026136892959600414 1.8269427508599794 0.0036241547104784735
0.92973859180054 0.0027278948473821894 1.8241384400653977 0.003766447532616165
0.9421856735408913 0.0027023841012959677 1.8344445645477054 0.0037244249279468375
0.9532580569544433 0.0027101510630776486 1.8392461103173525 0.003711182488598173
0.9639877779329857 0.0027582299501634116 1.8376427066713703 0.00373219658454622
0.9725032750083622 0.002738070204690475 1.8457078502966866 0.0036877171535544704
0.9799584779129279 0.0028319062369276883 1.8390819687736715 0.003770965869167438
0.9858510794092219 0.002762373782355821 1.8483005961756132 0.003670391981314358
