0.6926814289755886 0.002282281140346365 1.0481731884196352 0.002520173531680595
0.7264379637342316 0.002430863465543095 1.0691712466696204 0.0026805906165786294
0.754154114234416 0.0025899421743712605 1.0916300932711995 0.0028654588881567122
0.7829859065034906 0.0027741031094371 1.1053702070750522 0.00304454821272561
0.8040768234944199 0.0027954968859535334 1.1343952334076484 0.0031586922613197057
0.824500175846395 0.0029978987281770154 1.1486018094295902 0.003371439105862834
0.8423528257879765 0.0031162121854054698 1.163342982879518 0.0035040975436547305
0.8539699764530517 0.0033163764662766737 1.1805451713828217 0.0037306916586636284
0.8664231866787478 0.003449410625357271 1.19043918393497 0.003842951127027852
0.8725751457883106 0.003561119401781753 1.218986944629263 0.004026821376842112
0.882606255645332 0.0037199047989890876 1.22403058726912 0.004125085644423651
0.8909954218001254 0.0037982997304558896 1.2358635600617993 0.004170033049276077
0.8972523558019969 0.004020609081390002 1.2431201256369562 0.004316857582384786
0.9034972064002659 0.004080328972621117 1.2564264954642987 0.004327978990592782
0.9077645550170186 0.004190059056393069 1.2757727946547515 0.004404952128493961
0.913595164113031 0.004261704991832163 1.2817865146444924 0.004385467478320662
0.9169139633594751 0.00434210646790919 1.2933310104787705 0.004391461625604796
0.9192757144995999 0.004434365918228676 1.3029501822998497 0.004406886528509155
0.9195381102350713 0.00447205180506571 1.311037624082405 0.004375929702174443
0.9189489448855489 0.004429137973947781 1.3227903572293909 0.00428997342142108
0.9169493891510692 0.0044307534430781444 1.3404843494123797 0.004271361760766665
0.9130309433371344 0.004350477829839129 1.358285593587506 0.004188198964364776
0.9075647921707546 0.004267503480878325 1.374423591927704 0.0041043876532883975
0.8989699013003267 0.0041627487792063106 1.3862236755350643 0.004001128649648054
0.8907915650803065 0.0040551299119106 1.4081427550509318 0.003920196558871036
0.8836638341484406 0.003951228644852724 1.4365995842975845 0.0038575553303325204
0.8778814425028018 0.003831081088837206 1.4666985977326825 0.0037941140295703643
0.868811846784334 0.00372507487843225 1.4808860083777 0.0037280527284354894
0.8619974496698133 0.003594465015503594 1.5171767446863413 0.003664017011091554
0.8506670716048575 0.0034098956478664445 1.539475833076155 0.003529722929696979
0.8470545902463263 0.0033020531572786594 1.568699656552783 0.003502935795120164
0.843948607866049 0.0031942260558572586 1.6025483278343737 0.00346210810150688
0.8429385114003191 0.003084890029808312 1.62790925803797 0.0034632470801451635
0.8440931658536865 0.0029988139401630203 1.663096208553954 0.003440737954792537
0.8448669981722116 0.0029113773021875317 1.6872252643978176 0.0034553219686254085
0.8507470267731106 0.0028031437994799555 1.7151258310035151 0.0034554878622136023
0.8552740324944222 0.002749682324046043 1.7374939505407463 0.003489871768213959
0.8638595136864116 0.002715031732887671 1.7585164037127412 0.0035529420487379164
0.8742194401203865 0.002685806335818414 1.778310523865754 0.0035811916082066813
0.8851564689244803 0.0026208844730732125 1.7968851466000582 0.003566029465217934
0.8962637921072462 0.002614708311260217 1.8097861184223067 0.00360818986270384
0.9085359648058422 0.0026459795663500763 1.816520104370216 0.003675671485169574
0.923620437123157 0.0027050541430764497 1.82139081611893 0.003743148808189563
0.9355811411306941 0.0026598422478778705 1.8349823459228978 0.0036756122738246405
0.9468769942279658 0.002688066327969486 1.8378823889509899 0.003693417066722223
0.9581302429632699 0.0026976796588513248 1.8415846554545954 0.0036785978150800443
0.9680616341293787 0.002822979853516531 1.8344894015007456 0.003797625121080741
0.9766372985733329 0.0027658648596022555 1.843595392137235 0.0037040619179404695
0.9830577782225912 0.0027699092762440863 1.8449430497531423 0.0036857924675061256
0.9880732826014789 0.002846356043432519 1.8424810710209545 0.003757983531133837
