0.6948505687412234 0.002344900672258935 1.0510060250655666 0.002593096300763982
0.8606325480673579 0.003374081477520703 1.185130164328553 0.0037692594661386837
0.894817244827345 0.003958908479667317 1.2462350895204486 0.004275621234053414
0.9130307451273041 0.0042901126382339635 1.2780337328278124 0.004392632460853591
0.9178620815927852 0.004450306543543407 1.2985983870261704 0.004369379248282783
0.9174109092788023 0.0043808545588711265 1.3325820932392343 0.004250832054895829
0.91227114951006 0.00433229560375797 1.3651143065239415 0.004189049010238539
0.9028052923625466 0.004197618857487922 1.3838249713357809 0.0040436887272269715
0.8936921920306421 0.0040726493111447335 1.4131380968710872 0.003952770951964471
0.8848420669410902 0.003982022058615345 1.430554007594322 0.003892927298868068
0.8756795581344258 0.003824682686993758 1.4590200827987496 0.0037770336461216006
0.8697229160972455 0.003764170495497222 1.4873942430909717 0.0037732557372533817
0.8619462094220948 0.0036297816004522577 1.5031277368883638 0.003687188300854957
0.8591646605860186 0.0035061036586793003 1.531164597424881 0.0036087281540124173
0.8513050219831975 0.003393033122154847 1.5498839576891996 0.0035361424234566633
0.8489288854166013 0.0033411408039877195 1.5703454835602435 0.0035497615884057796
0.8464230173723438 0.0032799038536992613 1.588284112113432 0.0035437062938356773
0.8443683465195544 0.0032367797607298614 1.6024063046047907 0.00355501788670774
0.842995935269759 0.0030917100719118117 1.6252718212585877 0.0034514052076016844
