0.001 0.08070439856208127 0.00028821279066804117
0.0012067926406393288 0.10955860653618427 0.00035220770438443
0.0014563484775012444 0.14763918391829042 0.0004286344200560093
0.0017575106248547913 0.19634321527232126 0.0005314945259974263
0.0021209508879201904 0.2553934365701816 0.000581022748590385
0.002559547922699536 0.32844654440362353 0.0006527825587681574
0.0030888435964774815 0.4128682764969001 0.0006965894824277258
0.003727593720314938 0.505767937483637 0.0006777454472984087
0.004498432668969444 0.6035546404603332 0.0006150594657563726
0.005428675439323859 0.6993583415493174 0.0004923309601054604
0.006551285568595509 0.790185667234152 0.00040623502943402083
0.0079060432109077 0.8652013197480728 0.0002788143769335285
0.009540954763499945 0.9221855367829783 0.00016658658327929472
0.01151395399326447 0.9606958484976256 8.942562199344868e-05
0.013894954943731374 0.98302703416393 4.060592074816511e-05
0.016768329368110076 0.9938999484157742 1.4739078611916333e-05
0.020235896477251564 0.998247835346712 4.288047840853743e-06
0.02442053094548651 0.9996169259923726 9.900792102113112e-07
0.029470517025518096 0.9999387208261902 1.5898438981174756e-07
0.03556480306223128 0.9999933153025166 1.743181388784624e-08
0.04291934260128776 0.9999995440216856 1.2883925095995798e-09
0.0517947467923121 0.9999999818829427 5.004296705152066e-11
0.0625055192527397 0.9999999996314038 1.007640847576955e-12
0.07543120063354615 0.9999999999966729 9.448944254232793e-15
0.09102981779915217 0.9999999999999886 3.3756082307858014e-17
0.10985411419875583 1.0 2.1304714110767588e-18
0.13257113655901082 1.0 1.931149898229636e-18
0.15998587196060574 1.0 1.8555012296476533e-18
0.19306977288832497 1.0 1.7013601864670956e-18
0.2329951810515372 1.0 0.0
0.2811768697974228 1.0 0.0
0.3393221771895326 1.0 0.0
0.4094915062380423 1.0 0.0
0.49417133613238334 1.0 0.0
0.5963623316594643 1.0 0.0
0.7196856730011514 1.0 0.0
0.868511373751352 1.0 0.0
1.0481131341546852 1.0 0.0
1.2648552168552958 1.0 0.0
1.5264179671752318 1.0 0.0
1.8420699693267144 1.0 0.0
2.2229964825261934 1.0 0.0
2.6826957952797246 1.0 0.0
3.2374575428176433 1.0 0.0
3.906939937054613 1.0 0.0
4.714866363457389 1.0 0.0
5.689866029018293 1.0 0.0
6.866488450042998 1.0 0.0
8.286427728546842 1.0 0.0
10.0 1.0 0.0
