0.001 0.0800870313876743 0.0002759970673973091
0.0012067926406393288 0.10938190870043327 0.00035162080389723597
0.0014563484775012444 0.1476126956311671 0.00043562537290126247
0.0017575106248547913 0.1963316558855446 0.0005287673615232345
0.0021209508879201904 0.2564420148619125 0.0006069511522303295
0.002559547922699536 0.3292217466520884 0.000668570946750257
0.0030888435964774815 0.4119587064683348 0.0006815237977114192
0.003727593720314938 0.5048282437963721 0.000655180637973477
0.004498432668969444 0.6037639816617238 0.0006269197361110516
0.005428675439323859 0.7003585850187994 0.000523194355774308
0.006551285568595509 0.7894179477462032 0.00039805257387884216
0.0079060432109077 0.8646615791022788 0.00027206637427879747
0.009540954763499945 0.9220250800314082 0.00016890642474385448
0.01151395399326447 0.9606240571601021 9.025337666164096e-05
0.013894954943731374 0.9829792805885401 4.0741098204213345e-05
0.016768329368110076 0.9938837132981236 1.4964063762491248e-05
0.020235896477251564 0.9982517621705256 4.531445847918383e-06
0.02442053094548651 0.9996152131297382 1.0065523140347193e-06
0.029470517025518096 0.999938491901742 1.6441272778778235e-07
0.03556480306223128 0.9999932740639366 1.790375983475207e-08
0.04291934260128776 0.9999995358854383 1.2410828878481317e-09
0.0517947467923121 0.9999999816702635 5.065108145323586e-11
0.0625055192527397 0.9999999996262106 1.0340534376220556e-12
0.07543120063354615 0.9999999999966163 9.73695188408555e-15
0.09102981779915217 0.9999999999999886 3.5026760493838356e-17
0.10985411419875583 1.0 4.684036072284178e-19
0.13257113655901082 1.0 1.7698222599439695e-18
0.15998587196060574 1.0 1.847112182592296e-18
0.19306977288832497 1.0 1.704255627953334e-18
0.2329951810515372 1.0 0.0
0.2811768697974228 1.0 0.0
0.3393221771895326 1.0 0.0
0.4094915062380423 1.0 0.0
0.49417133613238334 1.0 0.0
0.5963623316594643 1.0 0.0
0.7196856730011514 1.0 0.0
0.868511373751352 1.0 0.0
1.0481131341546852 1.0 0.0
1.2648552168552958 1.0 0.0
1.5264179671752318 1.0 0.0
1.8420699693267144 1.0 0.0
2.2229964825261934 1.0 0.0
2.6826957952797246 1.0 0.0
3.2374575428176433 1.0 0.0
3.906939937054613 1.0 0.0
4.714866363457389 1.0 0.0
5.689866029018293 1.0 0.0
6.866488450042998 1.0 0.0
8.286427728546842 1.0 0.0
10.0 1.0 0.0
