0.001 0.005474667873220839 4.139608986472991e-05
0.0012067926406393288 0.009178286226432936 6.858786427502341e-05
0.0014563484775012444 0.014914946976726701 0.00010446356998726163
0.0017575106248547913 0.023718614281893327 0.0001496057022826785
0.0021209508879201904 0.037941084576237 0.00022549145150428028
0.002559547922699536 0.058944315738786716 0.00032344791078498994
0.0030888435964774815 0.08941272814994705 0.00043229292882443243
0.003727593720314938 0.13121600931935556 0.0005196649099631568
0.004498432668969444 0.18866021081867665 0.0006187792625490253
0.005428675439323859 0.2645049677552671 0.0007360531162040434
0.006551285568595509 0.35700603921917917 0.000793669297895077
0.0079060432109077 0.46259809716711725 0.0007695288001254092
0.009540954763499945 0.5758104886640688 0.0006812979863921494
0.01151395399326447 0.6900408716147131 0.00059371262851176
0.013894954943731374 0.7894739144524762 0.00040754875900726723
0.016768329368110076 0.8715836398475907 0.0002671349948871107
0.020235896477251564 0.9302436913222023 0.0001523847337254738
0.02442053094548651 0.9671449640841223 7.663508045481738e-05
0.029470517025518096 0.9868469990290392 3.198738916751778e-05
0.03556480306223128 0.9956670030309444 1.1183471887510522e-05
0.04291934260128776 0.9988639912906073 2.986907432518919e-06
0.0517947467923121 0.9997734844201263 5.894272297529152e-07
0.0625055192527397 0.9999677524373761 8.607259736141666e-08
0.07543120063354615 0.999996935792174 8.324332193314793e-09
0.09102981779915217 0.9999998200597211 4.878968509853217e-10
0.10985411419875583 0.999999994141805 1.6161550992653792e-11
0.13257113655901082 0.9999999999060195 2.625023123975912e-13
0.15998587196060574 0.9999999999993588 1.8450746787430576e-15
0.19306977288832497 0.9999999999999986 4.692908916658933e-18
0.2329951810515372 1.0 0.0
0.2811768697974228 1.0 0.0
0.3393221771895326 1.0 0.0
0.4094915062380423 1.0 0.0
0.49417133613238334 1.0 0.0
0.5963623316594643 1.0 0.0
0.7196856730011514 1.0 0.0
0.868511373751352 1.0 0.0
1.0481131341546852 1.0 0.0
1.2648552168552958 1.0 0.0
1.5264179671752318 1.0 0.0
1.8420699693267144 1.0 0.0
2.2229964825261934 1.0 0.0
2.6826957952797246 1.0 0.0
3.2374575428176433 1.0 0.0
3.906939937054613 1.0 0.0
4.714866363457389 1.0 0.0
5.689866029018293 1.0 0.0
6.866488450042998 1.0 0.0
8.286427728546842 1.0 0.0
10.0 1.0 0.0
