0.001 0.014532586462177352 0.00034880318300419824
0.0012067926406393288 0.019609104683388695 0.00045851298354818935
0.0014563484775012444 0.0270070948564323 0.0006065286800940131
0.0017575106248547913 0.03593755264834651 0.0007731743923652058
0.0021209508879201904 0.04658531426671008 0.0009393339541372399
0.002559547922699536 0.06278355465559611 0.0011997855142540338
0.0030888435964774815 0.08098834473724725 0.001437911465156267
0.003727593720314938 0.09968783031505674 0.0016452953263710374
0.004498432668969444 0.12520697233373804 0.0018477303628040378
0.005428675439323859 0.15194516889668577 0.0020893893651600447
0.006551285568595509 0.1901687244366903 0.002324881940884072
0.0079060432109077 0.22711051071628116 0.0025032701443633686
0.009540954763499945 0.2787617917307184 0.002729183762266515
0.01151395399326447 0.3246244771057795 0.002859501570900842
0.013894954943731374 0.38044806157128097 0.003069432683679452
0.016768329368110076 0.4378959553927663 0.0031803967104029962
0.020235896477251564 0.5010123712123216 0.003301517620297176
0.02442053094548651 0.5598169739430603 0.0033896904945535542
0.029470517025518096 0.6132014844290112 0.0033989656101167227
0.03556480306223128 0.6708808599248649 0.0033699319878633116
0.04291934260128776 0.7098311106342704 0.0033308230659546624
0.0517947467923121 0.753507737680257 0.0032252466760411633
0.0625055192527397 0.7906828287519844 0.00310950377790524
0.07543120063354615 0.8200592565480689 0.0029707928386805433
0.09102981779915217 0.8460473662442044 0.0028288961103918654
0.10985411419875583 0.8700859804421307 0.002663925917102534
0.13257113655901082 0.8934759260642313 0.002450879625389921
0.15998587196060574 0.9056216004784852 0.0023386845164348243
0.19306977288832497 0.9213709886173005 0.0021743467317321143
0.2329951810515372 0.9332623812590962 0.0020407221401129967
0.2811768697974228 0.9402413604298278 0.0019485542265988357
0.3393221771895326 0.9484230713515263 0.0018254253625028098
0.4094915062380423 0.9561476626199604 0.00168390040450422
0.49417133613238334 0.9624828825167111 0.0015912465404647842
0.5963623316594643 0.968563026243754 0.0014402799844469183
0.7196856730011514 0.9696687089288116 0.0014523668606330918
0.868511373751352 0.9746232934705967 0.0013154715355153807
1.0481131341546852 0.9773446437483697 0.0012617362066417142
1.2648552168552958 0.9808586519564364 0.0011758193255957743
1.5264179671752318 0.9842547097274527 0.0010448464696393024
1.8420699693267144 0.9840139448050952 0.0010865109466221131
2.2229964825261934 0.9865328488317342 0.0009908164558397271
2.6826957952797246 0.9882923009570183 0.0009348531090207965
3.2374575428176433 0.990462048232166 0.0008541737862688489
3.906939937054613 0.9904672495782016 0.0008416176171475699
4.714866363457389 0.9911526206546457 0.0008129270486740518
5.689866029018293 0.992713628308315 0.0007482427873129039
6.866488450042998 0.9921967525904334 0.0008036992571273744
8.286427728546842 0.9943750713135138 0.0006788323419808711
10.0 0.9933765655250816 0.000746598793129631
