0.001 0.04900127363401895 0.0005471142555302582
0.0012067926406393288 0.059786323919548565 0.0006481865380733731
0.0014563484775012444 0.07123714727365565 0.0007620099047982481
0.0017575106248547913 0.08423002231787448 0.0008600249116331503
0.0021209508879201904 0.09917012973716112 0.0010118143455097133
0.002559547922699536 0.1166267366980154 0.0011524968584157547
0.0030888435964774815 0.14058371057283495 0.001345166003823271
0.003727593720314938 0.16248952148853474 0.001489908986765498
0.004498432668969444 0.18565110932001966 0.0016526768929629656
0.005428675439323859 0.21599085644437954 0.0018133902878740423
0.006551285568595509 0.25193295400101845 0.002001845994445251
0.0079060432109077 0.2888649785760351 0.002159148413123894
0.009540954763499945 0.32037086771439316 0.0022991473657960285
0.01151395399326447 0.36285501327359815 0.0024339415577146937
0.013894954943731374 0.4100773244381303 0.00254089565080683
0.016768329368110076 0.4612603482934448 0.0026837196476474623
0.020235896477251564 0.5056796949216116 0.0027549470202865244
0.02442053094548651 0.5568886196593734 0.002830434133108739
0.029470517025518096 0.6018551208431189 0.0028767354116736653
0.03556480306223128 0.6507062979359677 0.0028605107048934146
0.04291934260128776 0.6915572424756083 0.002860839358422197
0.0517947467923121 0.7330736483133332 0.0028234549463853256
0.0625055192527397 0.7771124853461584 0.0026662140896738544
0.07543120063354615 0.8056635538943865 0.0026227294691043785
0.09102981779915217 0.8380818887080692 0.002481200086352478
0.10985411419875583 0.8578647210871697 0.002401577242993594
0.13257113655901082 0.8793460000336528 0.0022999742357806725
0.15998587196060574 0.8969495351341309 0.0021690550914524884
0.19306977288832497 0.9133335385603834 0.002012447152242115
0.2329951810515372 0.9255274894502324 0.0019100091123157405
0.2811768697974228 0.9353146407615625 0.0018289210083508888
0.3393221771895326 0.9442248366715117 0.0017259093129280186
0.4094915062380423 0.9541735451252638 0.0015430939217157189
0.49417133613238334 0.9603903895807387 0.0014567408482901755
0.5963623316594643 0.9670248429065741 0.0013597297742548838
0.7196856730011514 0.9705041354819496 0.0012898325037288586
0.868511373751352 0.9716158723661139 0.0012834619931239148
1.0481131341546852 0.9757586144060629 0.0011992003798536799
1.2648552168552958 0.9809615825616215 0.0010589329785121828
1.5264179671752318 0.9815987833009227 0.0010652138744792342
1.8420699693267144 0.9851534048929498 0.0009621266274281366
2.2229964825261934 0.9850427770666509 0.0009984398448533768
2.6826957952797246 0.9905245949772213 0.0007554657148023317
3.2374575428176433 0.9904690518943146 0.0008013369353251594
3.906939937054613 0.9902748167057405 0.0008297750749662173
4.714866363457389 0.9917929780707085 0.0007599426142101457
5.689866029018293 0.9906702587021898 0.0008378355679501044
6.866488450042998 0.9926983836322468 0.0007595867170118656
8.286427728546842 0.9936009501468965 0.0007180386865394992
10.0 0.9946604379885788 0.0006585899185195333
