0.001 0.04920663036877513 0.0005560879266996515
0.0012067926406393288 0.05864625744112751 0.0006455799491414524
0.0014563484775012444 0.07014093384870518 0.0007649702335379237
0.0017575106248547913 0.08344458864139186 0.0008826745515579452
0.0021209508879201904 0.09775491658885363 0.0010032061857270494
0.002559547922699536 0.11648738554725889 0.0011845412283305469
0.0030888435964774815 0.13743919055722412 0.0013444633685520682
0.003727593720314938 0.15770532671818874 0.00148885600881681
0.004498432668969444 0.18439350892922332 0.0016333751423859887
0.005428675439323859 0.20950385314355585 0.0018171147358015465
0.006551285568595509 0.2454477015880499 0.0019987643364828373
0.0079060432109077 0.27812902995165545 0.002145867902763236
0.009540954763499945 0.3218089685783991 0.0023250970933581163
0.01151395399326447 0.3595087985793009 0.0024228695551339924
0.013894954943731374 0.4042549673907708 0.002590490542004436
0.016768329368110076 0.449833441601716 0.002666845561076978
0.020235896477251564 0.5002645845450122 0.002758446536912498
0.02442053094548651 0.5490003189185391 0.0028491032378069564
0.029470517025518096 0.5940845768380469 0.0028705851542923182
0.03556480306223128 0.6453851900020041 0.0028824498598063663
0.04291934260128776 0.6837134915149893 0.0028961350916064245
0.0517947467923121 0.7258569409823121 0.002848892399083911
0.0625055192527397 0.7641674767838313 0.0027919322986337952
0.07543120063354615 0.795902444778231 0.002700121393562674
0.09102981779915217 0.8243696175735494 0.00260554708458291
0.10985411419875583 0.8515183302167717 0.0024815315658608143
0.13257113655901082 0.8768406319108384 0.0023049902474304943
0.15998587196060574 0.8919538695839448 0.0022129453483023444
0.19306977288832497 0.9102158942720918 0.0020646201199931566
0.2329951810515372 0.9235922832732393 0.0019551763464157107
0.2811768697974228 0.9321385944181273 0.001865332573886548
0.3393221771895326 0.9419413386905946 0.0017498911162989578
0.4094915062380423 0.9503727332043216 0.0016246776742932247
0.49417133613238334 0.9572411435214186 0.0015436391670940889
0.5963623316594643 0.9643752897757452 0.0013982843020059605
0.7196856730011514 0.9661674431523745 0.0014057627601504535
0.868511373751352 0.9713917219180943 0.0012813895539924112
1.0481131341546852 0.974628660193948 0.0012306296171417932
1.2648552168552958 0.978826142461356 0.001140695130334533
1.5264179671752318 0.982439229055929 0.0010253322681346372
1.8420699693267144 0.9826738002049129 0.0010575240400320894
2.2229964825261934 0.9851270883988109 0.0009732123375421628
2.6826957952797246 0.9871517958387771 0.0009193935685135295
3.2374575428176433 0.9895960144566434 0.0008444898943465823
3.906939937054613 0.9896080555551645 0.0008343379033795661
4.714866363457389 0.9903442456521594 0.0008092935824571496
5.689866029018293 0.9920310679684778 0.000752234050714596
6.866488450042998 0.9915364494929778 0.0008129556640937784
8.286427728546842 0.993677790679051 0.0006920438075649119
10.0 0.9926838121289173 0.0007619690401852001
