0.001 0.0010041522106019724 3.8775600658767097e-05
0.0012067926406393288 0.0016061249870843607 6.262744745032036e-05
0.0014563484775012444 0.0026537703465224867 9.854904537960357e-05
0.0017575106248547913 0.0041624381956436906 0.00015269888684668538
0.0021209508879201904 0.006137718208800784 0.00021300435974480953
0.002559547922699536 0.010009257983878176 0.0003284755609835562
0.0030888435964774815 0.014953850523589421 0.0004724233622170345
0.003727593720314938 0.020712923180256415 0.0006310866854007059
0.004498432668969444 0.028416678372445076 0.0007948530075638643
0.005428675439323859 0.0393938017206589 0.0010448698955392653
0.006551285568595509 0.055208382195874595 0.0013371696165222777
0.0079060432109077 0.07154961643627503 0.0015867350585768885
0.009540954763499945 0.09705176992401567 0.0018902101067007709
0.01151395399326447 0.11961207904893663 0.0020801629004840207
0.013894954943731374 0.15556870592774572 0.0023803295792095445
0.016768329368110076 0.19125818877802317 0.002552991739786853
0.020235896477251564 0.2390262056738979 0.0027647076128687496
0.02442053094548651 0.29395437718268735 0.003008801709609151
0.029470517025518096 0.34640787136140805 0.0031573870499018663
0.03556480306223128 0.4139703931629185 0.003333285953530545
0.04291934260128776 0.47209462943480285 0.003507051035475069
0.0517947467923121 0.5352913978415423 0.003571792948093485
0.0625055192527397 0.597509773887578 0.003598104004680471
0.07543120063354615 0.6495212572315359 0.003577116900792131
0.09102981779915217 0.6981873505951156 0.0035086619118544922
0.10985411419875583 0.7449521935071278 0.0033959217719981417
0.13257113655901082 0.7862309782338275 0.00321183037197245
0.15998587196060574 0.8140186646780115 0.0031079986435873707
0.19306977288832497 0.8459938105678735 0.0029148472514893688
0.2329951810515372 0.8702435861370175 0.0027345980413068928
0.2811768697974228 0.8853948427588226 0.0026162146313600566
0.3393221771895326 0.9026004764091115 0.002462396624238777
0.4094915062380423 0.9163323298976016 0.00230285381837061
0.49417133613238334 0.928966797189738 0.0021335490021523185
0.5963623316594643 0.9400760210117464 0.001985478926277735
0.7196856730011514 0.9450274719143769 0.0019297734777744676
0.868511373751352 0.9527205572174151 0.0017895550345752862
1.0481131341546852 0.9588959548517889 0.0016863457517770253
1.2648552168552958 0.9662393804759835 0.0015454745089892616
1.5264179671752318 0.9714224972194577 0.0014268467451269775
1.8420699693267144 0.9732400804398869 0.0014094249298826137
2.2229964825261934 0.9766537798389748 0.0013048802474951054
2.6826957952797246 0.9802361195704355 0.0012112609146022154
3.2374575428176433 0.9844168313514292 0.001087444615256217
3.906939937054613 0.9841943266956467 0.0010968957111163074
4.714866363457389 0.9854206185562889 0.0010555364741757602
5.689866029018293 0.988319486573678 0.0009512848078459385
6.866488450042998 0.9885318733912265 0.0009595140219162624
8.286427728546842 0.991089661350277 0.0008227464412858067
10.0 0.9901523958046698 0.0008833287401510338
