0.001 7.269825519684303e-06 9.733451478692629e-08
0.0010473708979594498 8.166931261416007e-06 1.1025721747706555e-07
0.001096985797892384 8.950359258515622e-06 1.1904332596114066e-07
0.0011489510001873086 9.764276890794801e-06 1.3099193228908586e-07
0.0012033778407775893 1.0722987029682454e-05 1.43878200780554e-07
0.0012603829296797275 1.1506401212263283e-05 1.5589544569642393e-07
0.001320088400831418 1.2762695916266592e-05 1.7119036171328573e-07
0.0013826221737646563 1.3726925784556469e-05 1.8480378636799776e-07
0.001448118227674533 1.5203098980551108e-05 2.0247653564907433e-07
0.0015167168884709225 1.6879374791682087e-05 2.2524322721766656e-07
0.0015885651294280528 1.8329960760236407e-05 2.502630271995104e-07
0.001663816886076129 2.0585582182856587e-05 2.717572389453155e-07
0.0017426333860096508 2.2714107583954623e-05 3.0048068005275293e-07
0.0018251834943190425 2.4474950885379442e-05 3.3000852079255603e-07
0.0019116440753857017 2.647523040317483e-05 3.5260585306838274e-07
0.0020022003718155844 2.936746933182628e-05 3.920333010734684e-07
0.002097046401323233 3.2335676610703244e-05 4.3235738323103647e-07
0.002196385372416547 3.584633881367313e-05 4.7445166609057765e-07
0.002300430119772917 3.8484639878976695e-05 5.114285839531808e-07
0.0024094035602395245 4.237418309546702e-05 5.674940814027621e-07
0.0025235391704347657 4.7554548573851904e-05 6.261367895337363e-07
0.0026430814869741054 5.189618444610645e-05 6.988139186226155e-07
0.0027682866303920667 5.742108682947185e-05 7.647346636902374e-07
0.002899422853882875 6.181745191353973e-05 8.260738039561448e-07
0.0030367711180354575 6.640743350380031e-05 8.966369102748614e-07
0.0031806256927941192 7.216102269006093e-05 9.663453258349392e-07
0.0033312947879346735 8.095650760475912e-05 1.0818075340989277e-06
0.0034891012134067737 8.872892885755754e-05 1.1977828277090922e-06
0.0036543830709572546 9.532338379236472e-05 1.274805892486586e-06
0.003827494478516311 0.00010493328847031336 1.4159719055835707e-06
0.004008806328898464 0.00011581186045431124 1.5396225295935377e-06
0.00419870708444391 0.00013060062612101894 1.7193972332532487e-06
0.004397603609302721 0.00014193254864090487 1.877235840259829e-06
0.004605922041145104 0.00015523911440990798 2.0657081805342775e-06
0.004824108704165369 0.00016631534671281495 2.2121759194529765e-06
0.00505263106533568 0.00018768785788223288 2.487100033254596e-06
0.005291978735958442 0.00020108763541663822 2.6781743665576514e-06
0.005542664520663107 0.00022440025253159574 2.976829611372361e-06
0.005805225516094896 0.0002451886128133668 3.2611228766045058e-06
0.006080224261649427 0.00026480705489341874 3.5185758203186733e-06
0.006368249944718587 0.0002920887311859867 3.831458595578777e-06
0.006669919663030122 0.00031508303118225813 4.1756332436349874e-06
0.0069858797467852495 0.00035590706686682174 4.734000465578876e-06
0.007316807143427192 0.00038047854907231475 5.081224480980595e-06
0.007663410868007463 0.00041833818442714937 5.602971180609277e-06
0.008026433522257174 0.00047241526468961166 6.207275561751703e-06
0.008406652885618326 0.0005040660768784269 6.678784415147291e-06
0.008804883581643464 0.0005584515596803234 7.3294418741505226e-06
0.009221978823334321 0.0006014112814608355 8.025105087050209e-06
0.009658832241158708 0.0006689905952892901 8.920143930434227e-06
0.01011637979766207 0.0007461227131655443 9.894048677030963e-06
0.010595601792776159 0.0007949875727013881 1.0491727581285649e-05
0.011097524964120722 0.0008802020244222913 1.1668490384532481e-05
0.011623224686798524 0.0009546278788809157 1.264220194866528e-05
0.012173827277396614 0.0010422198064504258 1.3619349130687832e-05
0.012750512407130135 0.0011238491231100756 1.4701691872774733e-05
0.013354515629298987 0.00125306934100039 1.6470211506416642e-05
0.013987131026472387 0.0013613954706789882 1.7862402245193127e-05
0.014649713983072856 0.0014849149992917329 1.9602779394899812e-05
0.015343684089300124 0.00162309010819272 2.133854127197224e-05
0.01607052818261639 0.001762359637724718 2.3287423756472233e-05
0.016831803533309566 0.0019623637859845083 2.5336109019455914e-05
0.01762914118095948 0.0021460073600868177 2.8081454234374057e-05
0.018464249428955436 0.0023658309476034104 3.0509253274329358e-05
0.01933891750455231 0.0025326497196032126 3.291458394955235e-05
0.020255019392306676 0.0027846857923553374 3.6823520849002426e-05
0.021214517849106298 0.0030764055057452486 4.0310478946424484e-05
0.02221946860939524 0.003302878220485683 4.3053178621838514e-05
0.023272024789604086 0.0036476884148258803 4.734137318079803e-05
0.024374441501222206 0.00406991832954903 5.20098806069822e-05
0.025529080682395178 0.004257279118736407 5.526226740760375e-05
0.026738416158399468 0.0047275161295485275 6.064932964706241e-05
0.02800503894183631 0.005204614436421288 6.686500076319752e-05
0.02933166278390044 0.005778068001016077 7.452807912380536e-05
0.030721129988617576 0.006132690374093039 7.843310054236034e-05
0.03217641750250737 0.006588054354178153 8.474921945098208e-05
0.03370064329271928 0.007241111825929542 9.220247676914375e-05
0.0352970730273065 0.00787758104786157 0.000100623873991221
0.036969127071950283 0.008687544189118403 0.00011059046679237324
0.03872038781812555 0.009527102205483803 0.00012087202458039254
0.040554607358408296 0.010463591229072654 0.00013212029462966512
0.04247571552536898 0.01143809831277681 0.00014424818962355135
0.04448782831127585 0.012215724350922157 0.00015379011375884772
0.046595256686646824 0.01331827711315422 0.00016807841101385657
0.04880251583654431 0.014472064119436552 0.00018132332937882367
0.051114334834401684 0.015921955688568173 0.00019697751011292185
0.053535666774107246 0.016993269313542794 0.00020898647427170753
0.05607169938205458 0.018674379925323878 0.00022942498591158847
0.05872786613189483 0.019987048514401168 0.0002446608395742509
0.061509857885805014 0.02164534269989472 0.0002659921489191957
0.06442363508721373 0.024442957240136575 0.00029544841768147374
0.06747544053110693 0.02562599690796626 0.00031422192069060204
0.07067181273927492 0.028301483011427417 0.00034373324769678527
0.07401959996915644 0.03071989161739682 0.0003757406432597076
0.0775259748862946 0.032877942922357656 0.0003933098257723567
0.08119844993184012 0.03563514841809494 0.00042375553459683517
0.08504489341802678 0.037865740215641486 0.00044944698413120876
0.0890735463861044 0.041466183482520215 0.00048725343300975576
0.09329304026284686 0.04395681646202353 0.0005126942270489747
0.09771241535346496 0.0481226548844998 0.0005606611953848453
0.10234114021054527 0.05155386929376814 0.0006016386409184591
0.10718913192051276 0.05592069793313641 0.0006543708717967863
0.11226677735108136 0.06008681009024517 0.000682653880301794
0.1175849554052157 0.06439240092960044 0.0007329809211249354
0.12315506032928261 0.07033407038324939 0.0007945906024187541
0.1289890261253308 0.07457886598457684 0.0008400641568937082
0.13509935211980265 0.08159415628165463 0.0009070267606321766
0.1414991297434576 0.08586909137813398 0.0009443665261590488
0.14820207057988585 0.0930297987570006 0.0010164209507676737
0.1552225357427048 0.09971737975733315 0.0010748898880620502
0.1625755666443795 0.10713971163198069 0.0011485858946107188
0.17027691722258995 0.11390451962973606 0.001207219631445876
0.17834308769319093 0.12256453113217523 0.0012974334980831578
0.1867913599020783 0.12924955046847106 0.0013519296108431681
0.19563983435170648 0.1382282696054908 0.0014214947821725938
0.20490746898158482 0.14509619533553159 0.001492716552697921
0.21461411978584036 0.15538709766810369 0.0015664856671025757
0.22478058335487253 0.16751605668730113 0.0016686338417628952
0.2354286414322418 0.17577352163030402 0.001731748688315503
0.2465811075822604 0.18750959540294293 0.0018241585917619923
0.2582618760682677 0.19526385776134034 0.0019087449961304834
0.27049597304631345 0.21020177706926474 0.0020096397719919982
0.2833096101839324 0.21928941738891686 0.002049646549659201
0.29673024081888694 0.2317566552129203 0.0021336218454822637
0.3107866187782014 0.24277241735609523 0.0022135933762516768
0.325508859983506 0.2577401576195644 0.0023187238221871677
0.3409285069746811 0.27264959129500554 0.0024075183232073406
0.35707859649004625 0.2861766941228585 0.00248393470776676
0.3739937302478798 0.3021882880721221 0.002566335287474532
0.39171014908092605 0.3094801511052975 0.002618656686879354
0.41026581058271944 0.32482778402680773 0.002704617214272086
0.4297004704320839 0.3400435349496462 0.002790132569569478
0.4500557675700497 0.35476480723829673 0.0028445789743062975
0.4713753134116724 0.3757679410155183 0.0029158471922193525
0.4937047852839004 0.38211479423026257 0.0029959178644312374
0.517092024289676 0.396692562139321 0.0030465209698701985
0.5415871378079471 0.41516615584512084 0.0031010917434348482
0.5672426068491978 0.4329366773984386 0.0031408278384022553
0.5941133984965034 0.4450497507418826 0.003194581385128324
0.6222570836730231 0.4679758077383748 0.0032539162647711385
0.6517339604882427 0.4759913979240144 0.003311138592371256
0.6826071834272386 0.48673656519898295 0.0032958925434465242
0.7149428986597577 0.5112433465329739 0.0033374869556802235
0.7488103857590023 0.5205106293757873 0.0033574519584522776
0.7842822061337682 0.5305356523084415 0.003411455428106528
0.821434358491943 0.5530763734831415 0.0034109644885022277
0.8603464416684501 0.564292646734928 0.003460878499886799
0.9011018251665018 0.5763859298372993 0.0034395221378705422
0.9437878277775381 0.5928035057532648 0.003462435816257965
0.9884959046625587 0.6055719869458961 0.003468972250285352
1.0353218432956626 0.6138247551162642 0.0034702967004584355
1.0843659686896108 0.6258095824342752 0.0034657453990462428
1.135733358343105 0.6426579717413994 0.003486830733197538
1.1895340673703196 0.6558908080624977 0.0034653096449754756
1.2458833642950082 0.6629008478781165 0.0034550896021111354
1.3049019780144029 0.6692793803774176 0.0034433046357931246
1.3667163564620073 0.6893647358835687 0.003413884107379502
1.4314589375234785 0.6957018166776981 0.0034216543037246944
1.4992684327860455 0.7117747654913171 0.003393632525252684
1.5702901247293775 0.7186090236391155 0.0033582995385079088
1.6446761779946644 0.7265592473658735 0.003331122759307125
1.7225859653987874 0.7454837472328796 0.0032700514080891445
1.8041864093920719 0.7506762723544153 0.003261302398800904
1.8896523396912097 0.7573547828464201 0.003241311757576243
1.9791668678535574 0.7667308837949212 0.0032048838957007414
2.072921779595372 0.7768119040219403 0.003164536995741461
2.171117945694505 0.7797193751621295 0.0031800245671105183
2.2739657523579275 0.7940026063025156 0.0031039905238316777
2.381685551976158 0.8023324206706846 0.003047488897067875
2.4945081352303164 0.8081853102618567 0.0030490754635840245
2.612675225563329 0.8124321556042167 0.003030717417778225
2.736439997074672 0.8198876558487025 0.002941273041376008
2.8660676169482504 0.8284841935702523 0.002937519085295206
3.001835813575589 0.8334516367483004 0.0029017431796610543
3.1440354715915 0.8386821107455724 0.002885860978296117
3.2929712550971515 0.8456778151357656 0.002833301222181901
3.44896226040576 0.8539021707830221 0.0027573906862500986
3.6123426997094303 0.8614973942585735 0.0026823217501412548
3.7834626171319288 0.8642586406233597 0.002681242083795196
3.9626886387014784 0.8703138353965056 0.0026227929162817173
4.150404757850477 0.8756444026915214 0.0025715458621766215
4.347013158125026 0.8771205042193287 0.0025797768484239762
4.552935074866948 0.8849099132320223 0.0025150053946645635
4.768611697714469 0.8893459021481182 0.0024716107127156334
4.99450511585514 0.8946353171411027 0.002429533599440167
5.2310993080562636 0.893282495807407 0.0024499578763576436
5.478901179593945 0.9009445151008233 0.0023648240027313206
5.738441648302393 0.9053343848296997 0.0022956329100792994
6.010276782070382 0.9072168819104051 0.0023061967354495645
6.294988990221888 0.9148296540738439 0.002213874695650699
6.593188271333548 0.9166697239590438 0.002188916317198405
6.905513520162331 0.9215790475851562 0.0021356319727121307
7.2326338964835335 0.9222535271350265 0.0021139164204065884
7.575250258771913 0.9279390422336823 0.002058932819033643
7.934096665797492 0.9291529675734126 0.0020435607019900345
8.309941949353396 0.9307502980175832 0.002020142774860869
8.703591361485167 0.9361663662694772 0.0019337396990090489
9.115888299750829 0.9397030829492201 0.0018783698424339576
9.547716114208056 0.9385449445320959 0.0019099532574562835
10.0 0.9428619338581257 0.0018432074844690364
