0.001 7.696478770947323e-06 1.0300966389656802e-07
0.0010473708979594498 8.658453584412193e-06 1.1488674206161686e-07
0.001096985797892384 9.603017885938835e-06 1.2669664302668867e-07
0.0011489510001873086 1.0313710253051745e-05 1.3792367965322541e-07
0.0012033778407775893 1.149247772140846e-05 1.5099146947917698e-07
0.0012603829296797275 1.2157911154831601e-05 1.6118945103335443e-07
0.001320088400831418 1.3693809275615643e-05 1.7925928942426286e-07
0.0013826221737646563 1.5079232830616196e-05 1.969305774776678e-07
0.001448118227674533 1.6069605182257034e-05 2.1476976485140075e-07
0.0015167168884709225 1.8215916289274752e-05 2.389498454804388e-07
0.0015885651294280528 1.985554270482356e-05 2.6355974263227037e-07
0.001663816886076129 2.1563702198788682e-05 2.821889801303716e-07
0.0017426333860096508 2.392000564285177e-05 3.132647379024271e-07
0.0018251834943190425 2.533279991447922e-05 3.372194145767037e-07
0.0019116440753857017 2.8669584996752238e-05 3.750579359281389e-07
0.0020022003718155844 3.1225114627004984e-05 4.079603690842696e-07
0.002097046401323233 3.401095951095864e-05 4.563404100866471e-07
0.002196385372416547 3.751707711108528e-05 4.975173715878597e-07
0.002300430119772917 4.191615228837183e-05 5.514007790032347e-07
0.0024094035602395245 4.528376323820663e-05 5.903827494068551e-07
0.0025235391704347657 4.939868211361175e-05 6.566050057457875e-07
0.0026430814869741054 5.520351512092092e-05 7.342652207059034e-07
0.0027682866303920667 5.998426084399239e-05 8.026489038759638e-07
0.002899422853882875 6.474606676572208e-05 8.676000158413e-07
0.0030367711180354575 7.234084172233963e-05 9.454855151017795e-07
0.0031806256927941192 7.806005559700326e-05 1.0323125072350989e-06
0.0033312947879346735 8.6783220310399e-05 1.1505421115265193e-06
0.0034891012134067737 9.615433766397598e-05 1.2575121441657318e-06
0.0036543830709572546 0.00010414430731383559 1.3761808383580082e-06
0.003827494478516311 0.00011428558127193886 1.5181556403105904e-06
0.004008806328898464 0.00012097776331248622 1.6088645881544681e-06
0.00419870708444391 0.00013757882775374615 1.8100000933374993e-06
0.004397603609302721 0.00015076184588164786 1.998289468614023e-06
0.004605922041145104 0.00016370529788793157 2.1848556285943795e-06
0.004824108704165369 0.00018060942398167857 2.349078871270003e-06
0.00505263106533568 0.00019311886765642868 2.5651946400431865e-06
0.005291978735958442 0.0002174930962121306 2.8592834638270334e-06
0.005542664520663107 0.00023811365777023918 3.116546545384213e-06
0.005805225516094896 0.0002580197713443842 3.3952878105935502e-06
0.006080224261649427 0.00028362310224848197 3.718203745162509e-06
0.006368249944718587 0.00031335536296144174 4.05244569824939e-06
0.006669919663030122 0.0003266881483176767 4.314468879124888e-06
0.0069858797467852495 0.0003669008641802173 4.814268649616247e-06
0.007316807143427192 0.00040643337131449 5.3493206873024636e-06
0.007663410868007463 0.00045576415344407504 5.97052326054502e-06
0.008026433522257174 0.0004975891123765369 6.474868246238447e-06
0.008406652885618326 0.0005349387353972984 7.050613917606399e-06
0.008804883581643464 0.0005926135425992162 7.799578127342919e-06
0.009221978823334321 0.0006502214559947855 8.487881779731147e-06
0.009658832241158708 0.0007022177571620931 9.113018217697078e-06
0.01011637979766207 0.0007722024144108236 1.0140142124121912e-05
0.010595601792776159 0.0008490539537975926 1.1094548500129585e-05
0.011097524964120722 0.0009282453093232435 1.20895560380885e-05
0.011623224686798524 0.00100228031951075 1.3154210420132546e-05
0.012173827277396614 0.0011129251377001341 1.4416247716951873e-05
0.012750512407130135 0.0012120603643712379 1.585735023950648e-05
0.013354515629298987 0.0013350216720249574 1.7284196093261115e-05
0.013987131026472387 0.0014692458129926503 1.897367390271052e-05
0.014649713983072856 0.0015639826571845982 2.035730588052327e-05
0.015343684089300124 0.0017797978228928507 2.2938492229893035e-05
0.01607052818261639 0.0019262786845261229 2.4923848117749636e-05
0.016831803533309566 0.002096969363162701 2.7184624046718576e-05
0.01762914118095948 0.002299328444162679 2.951975109880405e-05
0.018464249428955436 0.0025186248414082717 3.219882058959314e-05
0.01933891750455231 0.0027230696174397303 3.4954051480774096e-05
0.020255019392306676 0.002958185899962421 3.782205893159822e-05
0.021214517849106298 0.0032212916049476925 4.1614295970589574e-05
0.02221946860939524 0.0034285254696442154 4.398410756894257e-05
0.023272024789604086 0.0038793141487579704 4.983768835310042e-05
0.024374441501222206 0.004326576011778294 5.558889795792975e-05
0.025529080682395178 0.004583621209095086 5.8316080514952204e-05
0.026738416158399468 0.00497358420678376 6.377514201172718e-05
0.02800503894183631 0.005439196849712213 6.923092538177068e-05
0.02933166278390044 0.006130146619881202 7.717338628121412e-05
0.030721129988617576 0.006549731209061622 8.278403404418216e-05
0.03217641750250737 0.00721639325225832 9.176361555756564e-05
0.03370064329271928 0.007593227770365038 9.650275809583416e-05
0.0352970730273065 0.008386152323806814 0.0001063167455299213
0.036969127071950283 0.00928900809758978 0.00011677021458330124
0.03872038781812555 0.010081696346859017 0.00012677943957694203
0.040554607358408296 0.010669142637187701 0.0001337079634880684
0.04247571552536898 0.011772341478282428 0.00014754780273824013
0.04448782831127585 0.012992240867709432 0.00015915039472530194
0.046595256686646824 0.01392061322418296 0.0001744459034964399
0.04880251583654431 0.015465376731623383 0.0001910626308042449
0.051114334834401684 0.01676066037322919 0.0002083203707951973
0.053535666774107246 0.017969840441098266 0.00022153724768007597
0.05607169938205458 0.019380474108365003 0.00023673428444664582
0.05872786613189483 0.0214685400065255 0.00026263118929646765
0.061509857885805014 0.02329089644049483 0.0002792651130556091
0.06442363508721373 0.024911726743280356 0.00029755402325655153
0.06747544053110693 0.026951509702397073 0.0003237622911161777
0.07067181273927492 0.029877899824617134 0.00035642926096716683
0.07401959996915644 0.03162058474485182 0.0003779952210176927
0.0775259748862946 0.03406526405397692 0.00040890800720669383
0.08119844993184012 0.03697072921209054 0.00044216723826787
0.08504489341802678 0.04064220500181058 0.000471495436076125
0.0890735463861044 0.0444227479137522 0.0005110310647866105
0.09329304026284686 0.0472348335105319 0.000548657599538428
0.09771241535346496 0.05142590839211607 0.0005894877670269996
0.10234114021054527 0.05469277713037909 0.0006300140369322516
0.10718913192051276 0.060051327509405165 0.0006779707712783515
0.11226677735108136 0.06362355781720344 0.0007149254607249748
0.1175849554052157 0.0688959418618219 0.0007666970060112056
0.12315506032928261 0.0719217382385933 0.0008131882073742759
0.1289890261253308 0.0790722358474766 0.0008776043058488363
0.13509935211980265 0.08385783929290302 0.0009176560084838522
0.1414991297434576 0.09034291205286638 0.0009847396098704153
0.14820207057988585 0.10015437619909338 0.001075448706984752
0.1552225357427048 0.1035664765400877 0.0011169465480292086
0.1625755666443795 0.11252814607377122 0.001190285112364217
0.17027691722258995 0.12049700607530384 0.0012537589107070827
0.17834308769319093 0.12894066059631484 0.0013213169431686529
0.1867913599020783 0.1334669178654291 0.0013741264577743209
0.19563983435170648 0.14405854314894215 0.0014702897635026143
0.20490746898158482 0.15560768733835076 0.001563546996254509
0.21461411978584036 0.1674200464433023 0.0016296896027732737
0.22478058335487253 0.17316760689140942 0.0017153873472807483
0.2354286414322418 0.18302525961173924 0.0017749657994830326
0.2465811075822604 0.1919842227611837 0.0018650847490637359
0.2582618760682677 0.20590367426581735 0.0019250871431086053
0.27049597304631345 0.21943886448077496 0.002034545655261177
0.2833096101839324 0.22995107654701538 0.002106392010984092
0.29673024081888694 0.24097986632629276 0.0021550128634149368
0.3107866187782014 0.25626196890884156 0.0022766929619334616
0.325508859983506 0.263508263268815 0.0023364310284152605
0.3409285069746811 0.28271974155772933 0.0024289203767210946
0.35707859649004625 0.2953426988364063 0.0025299040216404706
0.3739937302478798 0.3125805382375387 0.0026115031614764705
0.39171014908092605 0.3215928902453313 0.0026868295962286953
0.41026581058271944 0.33738137059222767 0.002755550035035489
0.4297004704320839 0.3508948271441335 0.0028016114435149074
0.4500557675700497 0.3736483720405919 0.00289438693528784
0.4713753134116724 0.38668448147620543 0.0029706495455946017
0.4937047852839004 0.394727796178766 0.0029857093487759222
0.517092024289676 0.41636927857042694 0.0030699253406666323
0.5415871378079471 0.43370834178086226 0.0031330951210308223
0.5672426068491978 0.4440809798333085 0.003179869078359591
0.5941133984965034 0.4589355692586174 0.003205061439662347
0.6222570836730231 0.47445749497730383 0.003292254194245913
0.6517339604882427 0.488617583930449 0.003298087159290088
0.6826071834272386 0.5035231995315103 0.0033180007355398883
0.7149428986597577 0.520846230886 0.0033638151142792246
0.7488103857590023 0.534155772888292 0.0033827361548712824
0.7842822061337682 0.5475275286791867 0.0034003410343624524
0.821434358491943 0.5599154996010738 0.0034046544242538144
0.8603464416684501 0.5800236461809837 0.0034236930443339907
0.9011018251665018 0.5868623922687188 0.003461752891469504
0.9437878277775381 0.5992565062672824 0.0034531188677981977
0.9884959046625587 0.6145585559575689 0.0034605735019129524
1.0353218432956626 0.6344567143298923 0.0034341677268360173
1.0843659686896108 0.6382420618874937 0.0034542857322742405
1.135733358343105 0.655882172459287 0.0034228531610234147
1.1895340673703196 0.6631231458408849 0.0034573920392002365
1.2458833642950082 0.6803786631284997 0.0034007063622219793
1.3049019780144029 0.6880712322759283 0.0033892122250620367
1.3667163564620073 0.6960560074208826 0.0033885855728621765
1.4314589375234785 0.7171571885184451 0.0033368361178424386
1.4992684327860455 0.7229219543935439 0.003341137338064346
1.5702901247293775 0.7274634750275131 0.0033095335335246163
1.6446761779946644 0.7449128238927577 0.0032808190075801695
1.7225859653987874 0.7486887974154676 0.003263499781712453
1.8041864093920719 0.7612332940406475 0.0032383363929671797
1.8896523396912097 0.7712290004693481 0.003185930409621657
1.9791668678535574 0.7782435369126206 0.00315317973699645
2.072921779595372 0.7839357962728842 0.00312429248800255
2.171117945694505 0.7963795908365082 0.0030722595923178314
2.2739657523579275 0.8000568451115331 0.00308315628296344
2.381685551976158 0.8097673941870951 0.0030306405965652063
2.4945081352303164 0.8175968214859964 0.0029915278416929193
2.612675225563329 0.8222820669901455 0.0029564011834609387
2.736439997074672 0.8339321049574286 0.002869130112869417
2.8660676169482504 0.8362592459680053 0.002850109104431233
3.001835813575589 0.8417939945194645 0.0028351680363195696
3.1440354715915 0.8487851132260099 0.0028046144884797076
3.2929712550971515 0.8524186843692192 0.0027799347556631496
3.44896226040576 0.8632455673984653 0.00267671843085648
3.6123426997094303 0.8620936859993008 0.002726417935601569
3.7834626171319288 0.8684678307748281 0.0026687172522071455
3.9626886387014784 0.876752038651245 0.00257044980143165
4.150404757850477 0.8761551155024921 0.0025838516989143286
4.347013158125026 0.8822088225490577 0.002550072880564602
4.552935074866948 0.8877743040648988 0.002470162197132976
4.768611697714469 0.8939294396213939 0.002424781277443511
4.99450511585514 0.8943141611522373 0.0024493382701856934
5.2310993080562636 0.9046019284205075 0.0023203566188273474
5.478901179593945 0.9102554547847007 0.0022483759829252594
5.738441648302393 0.9128422990248302 0.0022210563684233794
6.010276782070382 0.914248831053411 0.002204710563071719
6.294988990221888 0.9178539235601529 0.002188515601402733
6.593188271333548 0.9180566831117297 0.0021858113261871894
6.905513520162331 0.9260550164266413 0.002065307874211681
7.2326338964835335 0.9276929430596127 0.0020279159273569173
7.575250258771913 0.9326073419685185 0.001961753676099957
7.934096665797492 0.9307459435983862 0.0020178736440274445
8.309941949353396 0.9343330227907927 0.001969844898014992
8.703591361485167 0.9382742338104372 0.0018945662507964785
9.115888299750829 0.9418118073550792 0.001843613685211085
9.547716114208056 0.9415664744386809 0.0018591197412897453
10.0 0.9471962710775655 0.0017675536444302254
