0.001 6.3483748490892305e-06 8.79683573054782e-08
0.0012067926406393288 9.442600985303793e-06 1.2823920637152056e-07
0.0014563484775012444 1.3968135696109284e-05 1.9154946089788337e-07
0.0017575106248547913 2.052797082735822e-05 2.7914931738430845e-07
0.0021209508879201904 2.931763576784798e-05 3.9996600069509477e-07
0.002559547922699536 4.231173957947942e-05 5.788169821464498e-07
0.0030888435964774815 6.09501156122616e-05 8.285874010903877e-07
0.003727593720314938 9.119965623511668e-05 1.2310109048793626e-06
0.004498432668969444 0.00012890840377613162 1.752471129277426e-06
0.005428675439323859 0.000186879626765737 2.5431257951501674e-06
0.006551285568595509 0.0002753676994813082 3.725202895089492e-06
0.0079060432109077 0.00039673079783811234 5.330529601092035e-06
0.009540954763499945 0.0005631337570269103 7.600153627844716e-06
0.01151395399326447 0.0008264903759086966 1.1379142088978008e-05
0.013894954943731374 0.0012137177664546443 1.606571993532334e-05
0.016768329368110076 0.001703283028617775 2.267080895721387e-05
0.020235896477251564 0.0025200592866114536 3.334550089101102e-05
0.02442053094548651 0.003691475735268645 4.835536133770412e-05
0.029470517025518096 0.004979293998278951 6.551118306591859e-05
0.03556480306223128 0.0072019533326764034 9.44177923878339e-05
0.04291934260128776 0.010474837543164826 0.00013415833060999587
0.0517947467923121 0.0142613753348084 0.00017853016103631307
0.0625055192527397 0.020387682075524636 0.0002548159421351321
0.07543120063354615 0.028222771937472798 0.000346189577051591
0.09102981779915217 0.03849679830399589 0.0004658209147930984
0.10985411419875583 0.05217132429659142 0.000617423483946955
0.13257113655901082 0.07191897302369206 0.0008166103997890475
0.15998587196060574 0.09586662164431588 0.0010532095430953005
0.19306977288832497 0.12456638156525841 0.0013362538796497596
0.2329951810515372 0.15830338560656265 0.0016060816847544427
0.2811768697974228 0.2035253710575875 0.0019703633787759973
0.3393221771895326 0.2509079425171269 0.0022873760033442388
0.4094915062380423 0.305629164160702 0.002616678542180424
0.49417133613238334 0.36329935761907806 0.002922713809279563
0.5963623316594643 0.42837755271781663 0.0031547483934520133
0.7196856730011514 0.47440550065655707 0.0033371120961490836
0.868511373751352 0.5403154546062648 0.003463547721889401
1.0481131341546852 0.5987833967679393 0.0035016625234063708
1.2648552168552958 0.6474110017851037 0.003496143699406498
1.5264179671752318 0.6929779045497069 0.0034325186110286186
1.8420699693267144 0.7278077193792851 0.0033896591817101623
2.2229964825261934 0.7741186994822935 0.003220332641883077
2.6826957952797246 0.8046932361098561 0.003077326420294198
3.2374575428176433 0.8333088741372452 0.0029369671118230495
3.906939937054613 0.8559397252866784 0.0027695729821864096
4.714866363457389 0.8723957134841814 0.0026608831981989626
5.689866029018293 0.8915614864330315 0.002459135152938252
6.866488450042998 0.9124789940897022 0.0022256523030746347
8.286427728546842 0.923094849515056 0.002109589028648249
10.0 0.9355162879527849 0.001919627462113561
