0.001 5.8993813594643685e-06 8.343740862564625e-08
0.0012067926406393288 8.83754400655334e-06 1.221953031416994e-07
0.0014563484775012444 1.2983249913204076e-05 1.7880934274978805e-07
0.0017575106248547913 1.9089707318955186e-05 2.619370913310385e-07
0.0021209508879201904 2.749145698574111e-05 3.750760196769826e-07
0.002559547922699536 4.009712236319881e-05 5.49600429334816e-07
0.0030888435964774815 5.8249506752142585e-05 8.002310002683069e-07
0.003727593720314938 8.462774511289752e-05 1.1640793142694115e-06
0.004498432668969444 0.00012238430952142597 1.6539884689482335e-06
0.005428675439323859 0.0001800667933113489 2.472047565092114e-06
0.006551285568595509 0.0002595428483187826 3.5545067810870732e-06
0.0079060432109077 0.00037111722757846943 5.047351388710177e-06
0.009540954763499945 0.0005448333198121959 7.404099127104333e-06
0.01151395399326447 0.0007728371395201249 1.0538197537561618e-05
0.013894954943731374 0.0011426862758965794 1.5369542666932666e-05
0.016768329368110076 0.0016518551588825578 2.2145844474748375e-05
0.020235896477251564 0.002350216789035011 3.1301334537654466e-05
0.02442053094548651 0.0033404652318504446 4.497416764907867e-05
0.029470517025518096 0.004840776646804487 6.420648334082995e-05
0.03556480306223128 0.006741539909600412 8.857078364667866e-05
0.04291934260128776 0.00985128551597308 0.00012633536595905355
0.0517947467923121 0.01379497064853671 0.0001779228707593899
0.0625055192527397 0.019341499366721217 0.00024816784885569443
0.07543120063354615 0.026423888496279267 0.0003282941196447466
0.09102981779915217 0.036881474652540075 0.0004518077045879155
0.10985411419875583 0.05105424837117659 0.0006089965050946573
0.13257113655901082 0.06753120278032688 0.000787733854785459
0.15998587196060574 0.09007140501885635 0.0010135948188987824
0.19306977288832497 0.1211346304757242 0.0012967379625219893
0.2329951810515372 0.15072235878995321 0.001565553898142942
0.2811768697974228 0.19508543246008433 0.001908851818053522
0.3393221771895326 0.24319450445682433 0.002266016512165643
0.4094915062380423 0.2970319951838059 0.002599760295979929
0.49417133613238334 0.3512541821666792 0.002873205579500305
0.5963623316594643 0.41101537220483314 0.003123216969103745
0.7196856730011514 0.4716550882073473 0.0033259773997213384
0.868511373751352 0.5260412306248227 0.003440239416842209
1.0481131341546852 0.590465840517088 0.0035050571451397195
1.2648552168552958 0.6308599396533635 0.003509887715172889
1.5264179671752318 0.6840499021455466 0.0034653723207719207
1.8420699693267144 0.7253065923536305 0.0033780622074151504
2.2229964825261934 0.7566647040698834 0.003290313492031104
2.6826957952797246 0.794585358107972 0.0031348121810892086
3.2374575428176433 0.8283569970374716 0.0029473131415402687
3.906939937054613 0.8487352782429334 0.0028112213165999806
4.714866363457389 0.8702831577011264 0.0026402529016037214
5.689866029018293 0.8907219206065714 0.0024598707169957287
6.866488450042998 0.9064162168857821 0.0023158102501367635
8.286427728546842 0.9206148533280649 0.0021134815667593725
10.0 0.9330150187665273 0.0019835532969591954
