0.001 6.993508732565473e-06 9.436056131392984e-08
0.0012067926406393288 1.0055967602330333e-05 1.355618638888634e-07
0.0014563484775012444 1.495631257988243e-05 2.0065064567835978e-07
0.0017575106248547913 2.1133161776377426e-05 2.8738033834730593e-07
0.0021209508879201904 3.109177733583736e-05 4.198418606243427e-07
0.002559547922699536 4.525659732238223e-05 6.110827071773795e-07
0.0030888435964774815 6.454762796015003e-05 8.781572378666768e-07
0.003727593720314938 9.590005130671815e-05 1.2979677730978412e-06
0.004498432668969444 0.00013723693673182763 1.8535660368989785e-06
0.005428675439323859 0.0002025111769752281 2.7398710790948122e-06
0.006551285568595509 0.0002869097921958632 3.8115401276575663e-06
0.0079060432109077 0.00040744062489337756 5.532463066000896e-06
0.009540954763499945 0.0005996756119178232 8.080355936930162e-06
0.01151395399326447 0.0008933452529621677 1.1814049372347877e-05
0.013894954943731374 0.0012887489849290222 1.668214218325181e-05
0.016768329368110076 0.0018298958307475814 2.407612084697359e-05
0.020235896477251564 0.002618575755516237 3.448301328725654e-05
0.02442053094548651 0.0037412965264298492 4.9557559325768786e-05
0.029470517025518096 0.005390210862796838 6.907578505122181e-05
0.03556480306223128 0.007662109624063318 9.863134252645246e-05
0.04291934260128776 0.010632801227117437 0.00013707663364280953
0.0517947467923121 0.015085564511818606 0.00019227479748511276
0.0625055192527397 0.021438269348934107 0.0002663112047650465
0.07543120063354615 0.029337644268523762 0.00035679454169809546
0.09102981779915217 0.04057297694444086 0.0004806619642627971
0.10985411419875583 0.054899399903818175 0.0006404900468047077
0.13257113655901082 0.07473586350678933 0.00085021832729354
0.15998587196060574 0.09735237616632374 0.0010750614707413426
0.19306977288832497 0.12820761377573492 0.0013596469436822983
0.2329951810515372 0.16560220818977028 0.0016578605357693097
0.2811768697974228 0.2078465362231299 0.001995403417109451
0.3393221771895326 0.26123142016862066 0.0023450095158409736
0.4094915062380423 0.3174274706011027 0.0026765432091705134
0.49417133613238334 0.3799889294469714 0.002955924130514162
0.5963623316594643 0.43598824246140666 0.0031871149072787842
0.7196856730011514 0.4982519207725534 0.0033357717597158627
0.868511373751352 0.5491235308926359 0.0034663175909265464
1.0481131341546852 0.6081487467962459 0.003477456046452817
1.2648552168552958 0.6585657012229149 0.003457923158349398
1.5264179671752318 0.6977085283742301 0.003420403439039456
1.8420699693267144 0.7409865511461416 0.0033270968634319027
2.2229964825261934 0.7808389048964637 0.003159510554017475
2.6826957952797246 0.8098859876420336 0.0030356877886633443
3.2374575428176433 0.83624620894254 0.0028593224618214085
3.906939937054613 0.860146539953052 0.002739228227998462
4.714866363457389 0.882885489025696 0.0025405449692638814
5.689866029018293 0.9019261136462785 0.0023426364510529115
6.866488450042998 0.917527683069058 0.0021772569800693146
8.286427728546842 0.9309942116177433 0.0020062051777620595
10.0 0.9373165608100918 0.0019104305441018004
