0.001 0.0011204922816329833 8.947438955187522e-06
0.0010473708979594498 0.0011766570353201455 9.403316066678553e-06
0.001096985797892384 0.001219881096015791 9.821194466348792e-06
0.0011489510001873086 0.0013025474820701848 1.0309205929158006e-05
0.0012033778407775893 0.0013334386716959631 1.0736290029773569e-05
0.0012603829296797275 0.0014145104137952176 1.1374081815825467e-05
0.001320088400831418 0.0014708681982319124 1.1904496082893641e-05
0.0013826221737646563 0.0015474207252199183 1.2441946666356943e-05
0.001448118227674533 0.0016263985277364626 1.2900671200050536e-05
0.0015167168884709225 0.0016866049496782316 1.3614079447507496e-05
0.0015885651294280528 0.0018161683234793054 1.4367667876409626e-05
0.001663816886076129 0.0018717801041857015 1.4939733849982045e-05
0.0017426333860096508 0.001937537743158263 1.5439463871609716e-05
0.0018251834943190425 0.0020556663292115272 1.6367695821686688e-05
0.0019116440753857017 0.002173406865861269 1.707717886234026e-05
0.0020022003718155844 0.0022564238596398415 1.8022282742684376e-05
0.002097046401323233 0.0023258396742304737 1.8768342123934862e-05
0.002196385372416547 0.002447127667571396 1.976614317636891e-05
0.002300430119772917 0.0025862535428441942 2.0686286935250714e-05
0.0024094035602395245 0.0026707859916298014 2.1214492197947615e-05
0.0025235391704347657 0.0028262998690420545 2.2331318975105627e-05
0.0026430814869741054 0.002932364161297213 2.3306407228293567e-05
0.0027682866303920667 0.003062228844483876 2.425579293738931e-05
0.002899422853882875 0.00323629808446753 2.587714442227745e-05
0.0030367711180354575 0.0033759931243439937 2.6882895640988608e-05
0.0031806256927941192 0.0035376491497182494 2.82826327052613e-05
0.0033312947879346735 0.0037358413958757295 2.973175360324734e-05
0.0034891012134067737 0.0039078854181572925 3.095653878471797e-05
0.0036543830709572546 0.004098355172773496 3.284948023941083e-05
0.003827494478516311 0.0043436879977425055 3.414753118605709e-05
0.004008806328898464 0.004483700198941844 3.5939996719043064e-05
0.00419870708444391 0.004749036383938148 3.729348093432797e-05
0.004397603609302721 0.004910696987158296 3.903087070305798e-05
0.004605922041145104 0.005112496365345208 4.103759444840723e-05
0.004824108704165369 0.005375484238545686 4.26852292762685e-05
0.00505263106533568 0.005649556167819568 4.518991616157321e-05
0.005291978735958442 0.005952418588389825 4.731312645726137e-05
0.005542664520663107 0.006210391754512906 4.9581441216446244e-05
0.005805225516094896 0.006468542790369148 5.151371126907679e-05
0.006080224261649427 0.006752461898728343 5.4058172770913715e-05
0.006368249944718587 0.007190260452863319 5.748425769043245e-05
0.006669919663030122 0.007436087531873585 5.90043253374042e-05
0.0069858797467852495 0.0077750488957993 6.159339109830152e-05
0.007316807143427192 0.008114956193997089 6.484991681197133e-05
0.007663410868007463 0.008628442244382552 6.826644277677721e-05
0.008026433522257174 0.008926798925107698 7.09185810052907e-05
0.008406652885618326 0.00940837811905155 7.484471093344737e-05
0.008804883581643464 0.009789529482975777 7.786658466894358e-05
0.009221978823334321 0.01031004311986992 8.136682305973965e-05
0.009658832241158708 0.010696016109365446 8.419645644081698e-05
0.01011637979766207 0.011205580937043609 8.983564723961238e-05
0.010595601792776159 0.011736805670189289 9.276152814758051e-05
0.011097524964120722 0.0123392889901014 9.681479762415429e-05
0.011623224686798524 0.012937633183748602 0.00010141724229515538
0.012173827277396614 0.01377200544964526 0.00010736141570711676
0.012750512407130135 0.01410979566241203 0.00011075813788996115
0.013354515629298987 0.014833291555428443 0.00011706233755544068
0.013987131026472387 0.015425615305855993 0.00012277950036569497
0.014649713983072856 0.0163853309338298 0.00012912823359066079
0.015343684089300124 0.017129460780733564 0.0001357898195210218
0.01607052818261639 0.017588577243147607 0.00013939400249411468
0.016831803533309566 0.018510844745153104 0.00014718314903997072
0.01762914118095948 0.01974191914992477 0.00015637738451585958
0.018464249428955436 0.020327843972313315 0.0001615066290206294
0.01933891750455231 0.02131127295076383 0.00016845257543109026
0.020255019392306676 0.022448837599822573 0.00017622350904421643
0.021214517849106298 0.02317324241132158 0.0001832035359258935
0.02221946860939524 0.02459279768638037 0.0001927724054984631
0.023272024789604086 0.025490578204700277 0.0002015059716285395
0.024374441501222206 0.02650304853057384 0.00020961036820364953
0.025529080682395178 0.028242218589292243 0.00022327663867276242
0.026738416158399468 0.029012762308695653 0.00022742582205107403
0.02800503894183631 0.030723432544725655 0.0002414735589088059
0.02933166278390044 0.03253466351062357 0.00025531394056678745
0.030721129988617576 0.033278729134927305 0.00026152282216146546
0.03217641750250737 0.03494479271525664 0.00027570334009020917
0.03370064329271928 0.03617380698108905 0.0002879331646822853
0.0352970730273065 0.038766921387642386 0.00030345237363814544
0.036969127071950283 0.04077359982061106 0.00031477116231326855
0.03872038781812555 0.04210541440019254 0.0003244933995468545
0.040554607358408296 0.04338841862316235 0.00033878958630900404
0.04247571552536898 0.045592057433729134 0.00035513953769248437
0.04448782831127585 0.04735776908992598 0.00037157358445586054
0.046595256686646824 0.05060239245863288 0.00039600182491286934
0.04880251583654431 0.0516671126907483 0.0004039538906478217
0.051114334834401684 0.054264819509278354 0.0004221496125592034
0.053535666774107246 0.056628040251034566 0.0004413201581823486
0.05607169938205458 0.05949450699364278 0.00046315028395253754
0.05872786613189483 0.06318560258831325 0.00048656709685903797
0.061509857885805014 0.06585853860891262 0.0004997274407206383
0.06442363508721373 0.0681334382488932 0.0005260487760775502
0.06747544053110693 0.0718805144342176 0.0005451346803200881
0.07067181273927492 0.074393372569334 0.0005663998555242799
0.07401959996915644 0.07711122010937738 0.0005909061053157221
0.0775259748862946 0.08017033484422202 0.0006152491841149569
0.08119844993184012 0.08452720456923928 0.0006462358148033392
0.08504489341802678 0.0885011856286458 0.0006691706675082553
0.0890735463861044 0.09259010927589273 0.0007014534413049448
0.09329304026284686 0.0958400793088256 0.0007309471177098109
0.09771241535346496 0.10137947282554001 0.0007589042853021971
0.10234114021054527 0.10520283875712741 0.0007917902454601345
0.10718913192051276 0.10813451309503609 0.0008194024276889143
0.11226677735108136 0.11443468106106781 0.0008613341405134292
0.1175849554052157 0.11759004245073212 0.0008930385299501288
0.12315506032928261 0.12327052487515107 0.0009185528480699825
0.1289890261253308 0.12954725791807004 0.0009598491249319153
0.13509935211980265 0.13626597820231814 0.001006251441801978
0.1414991297434576 0.13991382555568313 0.0010357911445928432
0.14820207057988585 0.14491146667632657 0.0010726127021545016
0.1552225357427048 0.149674583187645 0.001102723073492499
0.1625755666443795 0.1591490621757809 0.001149074603355697
0.17027691722258995 0.1643464545116011 0.0011981581791758612
0.17834308769319093 0.17141669915036414 0.001236415046537387
0.1867913599020783 0.17832465338060144 0.0012880753022935776
0.19563983435170648 0.18501330251755577 0.0013275202337590596
0.20490746898158482 0.19174946372036825 0.0013728680024500403
0.21461411978584036 0.20025992971248674 0.0014137508566028647
0.22478058335487253 0.21048972636663144 0.001478628534158805
0.2354286414322418 0.21355888190129954 0.0015106336742286713
0.2465811075822604 0.2244107156962917 0.001575343695936124
0.2582618760682677 0.23261763798677015 0.0016098617822622925
0.27049597304631345 0.23833635129223013 0.0016778329926122801
0.2833096101839324 0.24605341930737873 0.001704440489391938
0.29673024081888694 0.2602126728334554 0.0017553908538942872
0.3107866187782014 0.26957551456242773 0.0018324870279329772
0.325508859983506 0.27662480945437545 0.0018713462106810705
0.3409285069746811 0.2854433014169958 0.0019152951821480848
0.35707859649004625 0.30140461054251383 0.0020062323261580027
0.3739937302478798 0.31162627364573736 0.0020537904274364996
0.39171014908092605 0.3190875462370674 0.0020783754193237263
0.41026581058271944 0.327413227877095 0.0021216426629467335
0.4297004704320839 0.34066555084552064 0.0021763242677723996
0.4500557675700497 0.352899313529492 0.002225172333163207
0.4713753134116724 0.36336802579894 0.0022961443213033433
0.4937047852839004 0.3744631955174546 0.002338954310793495
0.517092024289676 0.38362918728209267 0.002393945190109014
0.5415871378079471 0.39665205285981353 0.0024126796267871405
0.5672426068491978 0.40393170762989605 0.002483091969818192
0.5941133984965034 0.41818621087063723 0.0025269955765092013
0.6222570836730231 0.43514210400953823 0.002552853688074802
0.6517339604882427 0.44617321113664904 0.0026055603433427534
0.6826071834272386 0.457903412186439 0.0026425425191573875
0.7149428986597577 0.465414696058814 0.0026855887107990663
0.7488103857590023 0.47750158210612825 0.002720099008994229
0.7842822061337682 0.4963704064766189 0.0027363295553841007
0.821434358491943 0.5058207837988083 0.0027813242103663584
0.8603464416684501 0.5185601066512319 0.0028220055647115937
0.9011018251665018 0.5257523276432481 0.0028425233817244476
0.9437878277775381 0.5401269643028047 0.0028973328039646157
0.9884959046625587 0.5578193837023033 0.0028739954917619947
1.0353218432956626 0.5648735966869455 0.002920365727136773
1.0843659686896108 0.580026288678066 0.002904319031831942
1.135733358343105 0.5894045778360223 0.002938949487022893
1.1895340673703196 0.595025385256494 0.0029590774871155845
1.2458833642950082 0.6183329346451651 0.0029293939332900205
1.3049019780144029 0.6274892495564185 0.002947407587500964
1.3667163564620073 0.6378802618432831 0.0029622183070222587
1.4314589375234785 0.6451807333862201 0.0029566638667252736
1.4992684327860455 0.6531679170357644 0.0030034302784388593
1.5702901247293775 0.6681503258827004 0.0029674523762577487
1.6446761779946644 0.6761486621887866 0.002976818622449963
1.7225859653987874 0.6815940430835562 0.002994219024823652
1.8041864093920719 0.6948293309859342 0.0029648688129025706
1.8896523396912097 0.7088807792011766 0.002939318297006802
1.9791668678535574 0.7176189122034963 0.00290484591716853
2.072921779595372 0.7261187012317216 0.0029023993200932895
2.171117945694505 0.7362559529216955 0.002891599405881801
2.2739657523579275 0.7464150089263764 0.00287420422302753
2.381685551976158 0.7550088831784099 0.0028661435316185667
2.4945081352303164 0.757982184603186 0.002863814030337635
2.612675225563329 0.7701807197770201 0.0028095919824358074
2.736439997074672 0.7799981661529012 0.0027799605321766445
2.8660676169482504 0.7870474895747921 0.0027625101825940095
3.001835813575589 0.7966087816210099 0.0027143499882303556
3.1440354715915 0.7981935769849986 0.002729818563711007
3.2929712550971515 0.813216280406182 0.002635733608023488
3.44896226040576 0.8178326857726432 0.002628344258227553
3.6123426997094303 0.8211384100998622 0.0026182196964965408
3.7834626171319288 0.8279355794344323 0.0026215382909945116
3.9626886387014784 0.8270291442705872 0.0026432919262109568
4.150404757850477 0.8415741005362882 0.002546235643692959
4.347013158125026 0.8475262490124267 0.002481998118339279
4.552935074866948 0.8498039036424829 0.0024831895530345823
4.768611697714469 0.8559972222963615 0.002435636905932139
4.99450511585514 0.864510348799063 0.002402733947008225
5.2310993080562636 0.8659015170818033 0.0023802060234696843
5.478901179593945 0.8695526484753178 0.002403210178428914
5.738441648302393 0.8786425916202918 0.002312020146146534
6.010276782070382 0.8860401662480474 0.0022467094514142675
6.294988990221888 0.8870330884145049 0.0022312284973841547
6.593188271333548 0.8918016741544101 0.0021989567015342393
6.905513520162331 0.8969614232179823 0.0021519179128632
7.2326338964835335 0.9013467427081696 0.0021179502528063305
7.575250258771913 0.9036615880928904 0.002109340993645756
7.934096665797492 0.9085136254131582 0.0020362744410450952
8.309941949353396 0.9102966922628257 0.002015598445918169
8.703591361485167 0.9156787110630936 0.0019785671912107873
9.115888299750829 0.9190229398991271 0.0019401772319539148
9.547716114208056 0.9207043754424882 0.001915446902783968
10.0 0.9229889967759244 0.0018857973696870364
