0.001 0.0012670525681098476 9.810459386399183e-06
0.0012067926406393288 0.001554135186920658 1.1928901969669204e-05
0.0014563484775012444 0.001881576311537349 1.4447180807995821e-05
0.0017575106248547913 0.0022483918517375505 1.723916091592855e-05
0.0021209508879201904 0.0027178230500386883 2.089216488479539e-05
0.002559547922699536 0.003249016273934681 2.5214884809079428e-05
0.0030888435964774815 0.003916906568336059 3.0351515993976775e-05
0.003727593720314938 0.004830335205388802 3.694099605909206e-05
0.004498432668969444 0.005687460739213514 4.405811843312282e-05
0.005428675439323859 0.006874190978105365 5.269719907461645e-05
0.006551285568595509 0.008466023563481598 6.451388718420647e-05
0.0079060432109077 0.010207785864787012 7.797799000389337e-05
0.009540954763499945 0.012026085194648919 9.325242541915187e-05
0.01151395399326447 0.014381488268944143 0.00011235945154263095
0.013894954943731374 0.01756281656027958 0.00013423535834591906
0.016768329368110076 0.021214098608292598 0.00016225182639422007
0.020235896477251564 0.025492721447187134 0.000194268647166696
0.02442053094548651 0.0303230064230577 0.0002307854155186434
0.029470517025518096 0.03707160693451183 0.0002814080198972311
0.03556480306223128 0.044803551275300085 0.0003374003106822517
0.04291934260128776 0.05307772954114955 0.0004013178191200959
0.0517947467923121 0.063081405404582 0.00046664936895466697
0.0625055192527397 0.07518277273210215 0.0005611167773257913
0.07543120063354615 0.08972188548202091 0.0006627201019276919
0.09102981779915217 0.10589105831349337 0.0007740085042467463
0.10985411419875583 0.12627550555243933 0.0009129120832755043
0.13257113655901082 0.14960010464639154 0.001056371260983204
0.15998587196060574 0.17520391187055206 0.001225678282469225
0.19306977288832497 0.20571425905659285 0.0014057147103430985
0.2329951810515372 0.24058225080127735 0.001599876075011994
0.2811768697974228 0.27780153219408477 0.0018223459343071466
0.3393221771895326 0.32132805003727144 0.0020138726716289147
0.4094915062380423 0.3643724491440139 0.0022057517017799646
0.49417133613238334 0.4142868691588011 0.002427479109852595
0.5963623316594643 0.458534196538869 0.002566941429592422
0.7196856730011514 0.5104357918729043 0.0027284618873113014
0.868511373751352 0.561817353493527 0.0028500639473746886
1.0481131341546852 0.6082717124353559 0.00288816840675827
1.2648552168552958 0.6605215942286535 0.00290648571250094
1.5264179671752318 0.6934106427781588 0.002937012625267384
1.8420699693267144 0.7335670848740445 0.0028748902422709942
2.2229964825261934 0.7789686158634036 0.002720643770422862
2.6826957952797246 0.8055515290881776 0.002668748683621934
3.2374575428176433 0.8319948694071397 0.002558144943635018
3.906939937054613 0.8516762421486801 0.0024560660205112856
4.714866363457389 0.8816493328096291 0.0022367102150984827
5.689866029018293 0.8940815068133569 0.002148652683127797
6.866488450042998 0.9136084395219808 0.0019947781205519335
8.286427728546842 0.9251500886677166 0.0018711976141723987
10.0 0.9358477977086326 0.0017303929234249997
