0.001 0.0011380826832321296 9.07846043869552e-06
0.0012067926406393288 0.0013950828980295483 1.0987186872748677e-05
0.0014563484775012444 0.001689940883216605 1.3456772850228148e-05
0.0017575106248547913 0.002055576857285228 1.6236501915596624e-05
0.0021209508879201904 0.0024584702558429223 1.939317667369502e-05
0.002559547922699536 0.0029473081187414768 2.3396075340190556e-05
0.0030888435964774815 0.0035449990481429415 2.8012684805840153e-05
0.003727593720314938 0.0043531856778183855 3.409903123791729e-05
0.004498432668969444 0.005159920249003271 4.079890348489027e-05
0.005428675439323859 0.006205531257834892 4.9306965496923464e-05
0.006551285568595509 0.007578748242045413 5.940773505375821e-05
0.0079060432109077 0.009100351843011936 7.145270335036321e-05
0.009540954763499945 0.01084402752028315 8.537582844367511e-05
0.01151395399326447 0.013123001879731354 0.00010406202509774851
0.013894954943731374 0.016027643793707604 0.0001250868413109218
0.016768329368110076 0.01902298811011678 0.00014852977034503188
0.020235896477251564 0.023197377762471563 0.00018127407748108222
0.02442053094548651 0.02823376936140072 0.00021930636138854873
0.029470517025518096 0.03285202467569415 0.00025614483249884604
0.03556480306223128 0.03967910209132623 0.00030977788458512787
0.04291934260128776 0.04822508201017722 0.0003743821480605268
0.0517947467923121 0.05705518623912835 0.00043298347532494646
0.0625055192527397 0.06866769904837719 0.0005236366776987203
0.07543120063354615 0.08187741115235206 0.0006165970918844141
0.09102981779915217 0.09681813699373973 0.0007251220529467348
0.10985411419875583 0.114195032028998 0.0008529361142312332
0.13257113655901082 0.13722386660169034 0.0010005056265373186
0.15998587196060574 0.1622217994725813 0.0011590214506609726
0.19306977288832497 0.1885645848572361 0.001347245648548972
0.2329951810515372 0.21923506556177222 0.001509189798181193
0.2811768697974228 0.2560245949265748 0.001743555420149639
0.3393221771895326 0.2949733199190319 0.001928741909420522
0.4094915062380423 0.3374804590327621 0.002149513988855006
0.49417133613238334 0.38246572190511363 0.0023619679227704976
0.5963623316594643 0.43477637446341194 0.0025327052734280837
0.7196856730011514 0.4730204522152587 0.002697966792986268
0.868511373751352 0.5289547842466246 0.0028346382118261586
1.0481131341546852 0.5805425615516063 0.002914574604763978
1.2648552168552958 0.625730253689044 0.002959904982934913
1.5264179671752318 0.6696197733059154 0.0029614093038543275
1.8420699693267144 0.7045137561311883 0.0029688572416738408
2.2229964825261934 0.7519064102705181 0.002870255442693791
2.6826957952797246 0.7837148600238473 0.002778288822412335
3.2374575428176433 0.8141586220291882 0.0026801919052461083
3.906939937054613 0.8391707390339281 0.0025542217354146816
4.714866363457389 0.8577977694424972 0.0024643274364845777
5.689866029018293 0.8778235375004757 0.0022946565384169694
6.866488450042998 0.9009602311636877 0.002093755793784814
8.286427728546842 0.913143575757332 0.0019935601295791123
10.0 0.9262867152101919 0.0018303870727729614
