0.001 0.0012319122127677723 9.537397753975561e-06
0.0010473708979594498 0.0013001200101830314 1.0181994925138742e-05
0.001096985797892384 0.0013682129463409864 1.0568002954907868e-05
0.0011489510001873086 0.001424397050398012 1.1099640573920767e-05
0.0012033778407775893 0.0014921209772996544 1.164046955885891e-05
0.0012603829296797275 0.001543702095507547 1.2084633654781672e-05
0.001320088400831418 0.0016318692477548268 1.2650864695892789e-05
0.0013826221737646563 0.0016885654552721157 1.3170774932067342e-05
0.001448118227674533 0.0017828683104586145 1.3787726245907735e-05
0.0015167168884709225 0.0018775906551609528 1.4543357587705431e-05
0.0015885651294280528 0.0019343810594668945 1.5440957104838643e-05
0.001663816886076129 0.0020783136648666748 1.6003779664877692e-05
0.0017426333860096508 0.002179409715831918 1.6862088309978866e-05
0.0018251834943190425 0.002252861186876049 1.7628167497967974e-05
0.0019116440753857017 0.002355541142048221 1.817678828151603e-05
0.0020022003718155844 0.002475639162196746 1.921593269276854e-05
0.002097046401323233 0.002592697192202152 2.023288867366876e-05
0.002196385372416547 0.002739847609916464 2.1178320966425926e-05
0.002300430119772917 0.0028377717109604786 2.1962234163045817e-05
0.0024094035602395245 0.0029637989807033255 2.3230611984071356e-05
0.0025235391704347657 0.0031577899115540387 2.4383913940815362e-05
0.0026430814869741054 0.003281454216434968 2.5703820600311912e-05
0.0027682866303920667 0.0034658660928953296 2.6862846010902953e-05
0.002899422853882875 0.0035878874375730816 2.798471969520097e-05
0.0030367711180354575 0.0037133014139206382 2.908194451883609e-05
0.0031806256927941192 0.003873699785038192 3.028629625647989e-05
0.0033312947879346735 0.004117186954399156 3.1909265365476354e-05
0.0034891012134067737 0.004298223410200854 3.357399080889202e-05
0.0036543830709572546 0.004465534608802327 3.4673402903230105e-05
0.003827494478516311 0.00465383976499309 3.6796008455252704e-05
0.004008806328898464 0.004927631274621218 3.8177229594478104e-05
0.00419870708444391 0.005257678429822382 4.023812653928152e-05
0.004397603609302721 0.0054619582793822155 4.221394080265296e-05
0.004605922041145104 0.005697137466185913 4.4364635260137894e-05
0.004824108704165369 0.0059114057525025444 4.574857494430519e-05
0.00505263106533568 0.00627093078885556 4.874464495597069e-05
0.005291978735958442 0.006508064459139409 5.025394506100385e-05
0.005542664520663107 0.006867924307118851 5.321210326448156e-05
0.005805225516094896 0.007177313083929249 5.567600975224951e-05
0.006080224261649427 0.007445467494771364 5.806291774132084e-05
0.006368249944718587 0.007860013221496931 6.0493095607404634e-05
0.006669919663030122 0.008168821530636052 6.279832113188515e-05
0.0069858797467852495 0.008646330180980481 6.726841699903385e-05
0.007316807143427192 0.008951121317163132 6.944386291082578e-05
0.007663410868007463 0.009363960626148943 7.315883673468033e-05
0.008026433522257174 0.00996492598824587 7.763268998434004e-05
0.008406652885618326 0.010305000042131692 8.009244864057905e-05
0.008804883581643464 0.010915438644811395 8.348259785723995e-05
0.009221978823334321 0.011246199611758765 8.776907023910313e-05
0.009658832241158708 0.011877242536399723 9.246578827152278e-05
0.01011637979766207 0.012556407012625767 9.759274727747919e-05
0.010595601792776159 0.012983694127948973 0.00010051157508846753
0.011097524964120722 0.01366234904221916 0.00010589156788007023
0.011623224686798524 0.01422921898796337 0.00011037685190925817
0.012173827277396614 0.014923953540797303 0.00011471225530526106
0.012750512407130135 0.015535940495537762 0.00011874096665680667
0.013354515629298987 0.01631252460380465 0.00012679469454299284
0.013987131026472387 0.017061453774288627 0.00013156563138769993
0.014649713983072856 0.017803622428168162 0.00013780325308043363
0.015343684089300124 0.018626687198533783 0.00014410758667475872
0.01607052818261639 0.019432022578432056 0.0001500972823521057
0.016831803533309566 0.020645842542032028 0.00015678191944862023
0.01762914118095948 0.021432000501769792 0.00016636479113965559
0.018464249428955436 0.02264442254529145 0.00017312425271739966
0.01933891750455231 0.0233469222071863 0.0001804861093094794
0.020255019392306676 0.024426485898320593 0.00019043517360744087
0.021214517849106298 0.02571922777173495 0.00020000578535914234
0.02221946860939524 0.02679798250241638 0.00020562034351967267
0.023272024789604086 0.028226110997899845 0.00021578109109918677
0.024374441501222206 0.029853352126272374 0.00022801902037815225
0.025529080682395178 0.030439137161393154 0.00023482780693419387
0.026738416158399468 0.03224769019386609 0.00024589725832483187
0.02800503894183631 0.03387354850587441 0.0002582918253419347
0.02933166278390044 0.03562208481463479 0.0002740562819375519
0.030721129988617576 0.036955931211192776 0.00027942350800337434
0.03217641750250737 0.03817153689665605 0.00029219827955394
0.03370064329271928 0.0401344943376362 0.00030577424074091275
0.0352970730273065 0.041917983933097626 0.00031929926244662703
0.036969127071950283 0.04406821774056667 0.00033601997311519277
0.03872038781812555 0.046210959497489074 0.00035244694837189747
0.040554607358408296 0.048625180939617874 0.00036827451760236833
0.04247571552536898 0.05091746320061809 0.0003856855366350156
0.04448782831127585 0.052680544793599904 0.0003990800194431734
0.046595256686646824 0.055026770202871673 0.0004184586863165363
0.04880251583654431 0.05759575090511887 0.0004349451493706965
0.051114334834401684 0.06067079553835585 0.00045501005317892795
0.053535666774107246 0.06271071469262107 0.0004714078773542503
0.05607169938205458 0.06605005725256208 0.0004930324915108019
0.05872786613189483 0.06842414518783367 0.0005111153503380574
0.061509857885805014 0.07131379096190192 0.0005336966536684406
0.06442363508721373 0.07611710101107227 0.0005672472463931945
0.06747544053110693 0.07805592082113366 0.0005821590349456372
0.07067181273927492 0.08212641912005789 0.0006152491247314676
0.07401959996915644 0.08561366596899915 0.0006455531377447666
0.0775259748862946 0.08937646883259848 0.0006596941960306227
0.08119844993184012 0.09326957774112458 0.0006889606704653113
0.08504489341802678 0.09621564289297573 0.0007136881360382024
0.0890735463861044 0.10151414094688246 0.0007421138101564899
0.09329304026284686 0.1048627115982993 0.0007638837585098502
0.09771241535346496 0.1098448998136909 0.000806465744118207
0.10234114021054527 0.11396038172995779 0.0008387865969064053
0.10718913192051276 0.11869659512085656 0.0008836619629779137
0.11226677735108136 0.1244739941379434 0.0009016140816953267
0.1175849554052157 0.1293640780454628 0.0009365378518543387
0.12315506032928261 0.13574414508728364 0.0009841762777569928
0.1289890261253308 0.1403238314720484 0.001015651803311492
0.13509935211980265 0.14789199991508664 0.001061577292280179
0.1414991297434576 0.15265898796099805 0.001084186326113335
0.14820207057988585 0.15959818990177388 0.0011357123656429806
0.1552225357427048 0.16614226103764684 0.0011772617156126195
0.1625755666443795 0.17317214374944384 0.0012254982784741671
0.17027691722258995 0.18000861568777526 0.0012583204388892785
0.17834308769319093 0.18758863380920537 0.0013175602422952615
0.1867913599020783 0.19355630613952585 0.001355341480966758
0.19563983435170648 0.2017977851583663 0.0013986964166921878
0.20490746898158482 0.20757827966473513 0.0014430741243255194
0.21461411978584036 0.21664207086018095 0.001490231781640075
0.22478058335487253 0.22689881667524542 0.0015531171733230112
0.2354286414322418 0.23449225446354804 0.0015840612427486837
0.2465811075822604 0.24373252234893353 0.0016472206895076196
0.2582618760682677 0.24960481864230746 0.0017002612577411375
0.27049597304631345 0.2619580634569513 0.0017621422598287076
0.2833096101839324 0.2702180664450778 0.0017777019729999963
0.29673024081888694 0.2800094847549558 0.001832820580901
0.3107866187782014 0.2887216540439678 0.0018820993893316146
0.325508859983506 0.30029417341476783 0.0019510965258118127
0.3409285069746811 0.3119957209113981 0.002007603618816008
0.35707859649004625 0.3228490351939562 0.00205442318452485
0.3739937302478798 0.335564677811268 0.002106530693365125
0.39171014908092605 0.34135573357155574 0.002138820892270036
0.41026581058271944 0.35301648413305575 0.002201698190700141
0.4297004704320839 0.36509358262109365 0.002260626503512099
0.4500557675700497 0.37676670757391917 0.002293830654419512
0.4713753134116724 0.3931782309972252 0.002344050477914755
0.4937047852839004 0.39790116235409895 0.002411646815017555
0.517092024289676 0.40960544333975557 0.0024459168896482785
0.5415871378079471 0.4245663617725635 0.002486743605018953
0.5672426068491978 0.4384742620358511 0.002519537448253558
0.5941133984965034 0.4483770590603799 0.0025677266885066807
0.6222570836730231 0.46706093599076876 0.0026192275786276194
0.6517339604882427 0.4730083523843191 0.002674366422566074
0.6826071834272386 0.4833088052873658 0.0026579942633725624
0.7149428986597577 0.5033520518755309 0.0026945238163764377
0.7488103857590023 0.5107608989175615 0.002724776043787854
0.7842822061337682 0.520333287929154 0.0027767039467126065
0.821434358491943 0.5385713085168223 0.002785467129199011
0.8603464416684501 0.5488286849241975 0.0028458273406443925
0.9011018251665018 0.5594349368537452 0.0028295116923028746
0.9437878277775381 0.5740075069394192 0.0028689906542537186
0.9884959046625587 0.5857631651906257 0.002885558845151445
1.0353218432956626 0.5930339603454544 0.002905488583871409
1.0843659686896108 0.6047142866954855 0.0029009955399139278
1.135733358343105 0.6198501051001276 0.002941923431173041
1.1895340673703196 0.6319753075138872 0.002933724405406375
1.2458833642950082 0.6391045952477687 0.0029398063194588115
1.3049019780144029 0.6459628777640912 0.002936546582161684
1.3667163564620073 0.6652279130620241 0.002929973609656435
1.4314589375234785 0.6715992216249786 0.0029539357110191316
1.4992684327860455 0.6871057204060468 0.002942418216144805
1.5702901247293775 0.6940491183371067 0.00292395249959043
1.6446761779946644 0.7026765658982688 0.0029067536562691365
1.7225859653987874 0.7197102114996244 0.0028713664816795935
1.8041864093920719 0.7262354173249321 0.0028736064448946098
1.8896523396912097 0.7328465985930593 0.002867493085534635
1.9791668678535574 0.7427525504780986 0.0028457334114224847
2.072921779595372 0.7534868736408755 0.0028168127750534174
2.171117945694505 0.7576574389288231 0.0028431217282347964
2.2739657523579275 0.7709895289345983 0.0027833339790893892
2.381685551976158 0.7794920623555599 0.002748972759476829
2.4945081352303164 0.7861356516002481 0.0027558496721033308
2.612675225563329 0.7912444048065306 0.002742756932666142
2.736439997074672 0.7983605839112469 0.0026708037567406175
2.8660676169482504 0.8082058295285408 0.0026801429453379468
3.001835813575589 0.8130690060141694 0.0026494880362832236
3.1440354715915 0.8194909954858586 0.002642225844042919
3.2929712550971515 0.8273018058491867 0.002601463594834745
3.44896226040576 0.8359819957786913 0.0025389670174286606
3.6123426997094303 0.8429885993395732 0.002484866439724876
3.7834626171319288 0.8470709574715465 0.00247535772627939
3.9626886387014784 0.8535178094624766 0.002424452117071302
4.150404757850477 0.8593531193746643 0.0023924025991908025
4.347013158125026 0.8616251271716737 0.002400785971933427
4.552935074866948 0.8697590563708649 0.002349201984146817
4.768611697714469 0.8746957079254367 0.0023041543448483353
4.99450511585514 0.8805072730432938 0.002270974716422644
5.2310993080562636 0.8795066908402547 0.0022953014429391793
5.478901179593945 0.8881395165773863 0.00221783664948215
5.738441648302393 0.8925193260252662 0.0021637284156329067
6.010276782070382 0.8949142607972961 0.0021637902644429433
6.294988990221888 0.9032899099067525 0.0020814113061515937
6.593188271333548 0.9051247607502942 0.0020690387531706648
6.905513520162331 0.9103938989040639 0.0020173027916583048
7.2326338964835335 0.911424604118189 0.0020023372475569683
7.575250258771913 0.9176981492951066 0.0019483286557915793
7.934096665797492 0.9191449319547457 0.0019402262062177716
8.309941949353396 0.9211604483050408 0.001919077337110328
8.703591361485167 0.9266199833640427 0.0018442005219396038
9.115888299750829 0.930718834162339 0.0018006960862266322
9.547716114208056 0.930069174834167 0.001822362883694762
10.0 0.9347704680172159 0.0017575032067723895
