0.001 5.980683395575656e-09 1.133277231878167e-10
0.0012067926406393288 1.0765372587214612e-08 2.025923716792707e-10
0.0014563484775012444 1.8175810954778422e-08 3.4377176833202966e-10
0.0017575106248547913 3.2295605888258296e-08 6.1674736509117e-10
0.0021209508879201904 5.6651338619249546e-08 1.0633604022866362e-09
0.002559547922699536 1.0137702623752161e-07 1.9143172968036492e-09
0.0030888435964774815 1.7974805006380633e-07 3.3846482030044363e-09
0.003727593720314938 3.1514868785084795e-07 5.8579313878091245e-09
0.004498432668969444 5.304209696957941e-07 9.931802286960749e-09
0.005428675439323859 9.398386170723671e-07 1.7822025721948237e-08
0.006551285568595509 1.6584864382076802e-06 3.0803948038221176e-08
0.0079060432109077 2.870655357774003e-06 5.3476047963180064e-08
0.009540954763499945 4.9195068529412916e-06 9.172392737032252e-08
0.01151395399326447 8.590404683469116e-06 1.613625068859384e-07
0.013894954943731374 1.4958105772470104e-05 2.7932307165093234e-07
0.016768329368110076 2.6011395610857586e-05 4.851527126779616e-07
0.020235896477251564 4.612337309386043e-05 8.544881459779149e-07
0.02442053094548651 8.183983245684068e-05 1.4954188713529271e-06
0.029470517025518096 0.00013154362479392598 2.415232338692833e-06
0.03556480306223128 0.00023624526118324886 4.243727026957963e-06
0.04291934260128776 0.00040012195916930065 7.150697504884636e-06
0.0517947467923121 0.0006689064150784837 1.1832904344389669e-05
0.0625055192527397 0.0011314004329022393 2.0027739943381537e-05
0.07543120063354615 0.0018729182382685265 3.257891373860283e-05
0.09102981779915217 0.0032112096597950186 5.520206294373038e-05
0.10985411419875583 0.005179569290525077 8.59484980848473e-05
0.13257113655901082 0.008271884799438647 0.00013331272619363099
0.15998587196060574 0.01332181354737433 0.0002141735239017602
0.19306977288832497 0.020483460532200733 0.0003155671044869044
0.2329951810515372 0.031207509955451632 0.0004621652387981206
0.2811768697974228 0.04724814500683601 0.0006700978479928851
0.3393221771895326 0.06924604061825246 0.0009351662544176617
0.4094915062380423 0.09777489716051131 0.0012520878532995914
0.49417133613238334 0.13697514950481274 0.0016296421982908355
0.5963623316594643 0.17806898102006594 0.0019960404203133177
0.7196856730011514 0.23376941333601717 0.00240134886594012
0.868511373751352 0.2856503201788579 0.0027691016815059783
1.0481131341546852 0.3539250273858097 0.0031098592391607103
1.2648552168552958 0.42311288271862285 0.0033728622818328564
1.5264179671752318 0.47894787617981266 0.0035393128191242044
1.8420699693267144 0.543538226688517 0.0036350741039156446
2.2229964825261934 0.5987658233191434 0.003671744661760526
2.6826957952797246 0.6571202529241401 0.003609308678996769
3.2374575428176433 0.6990453304286998 0.0035809369012634634
3.906939937054613 0.7491310218434186 0.0034137130454571364
4.714866363457389 0.7793258118019437 0.003297042964276238
5.689866029018293 0.8114032858094573 0.0031494024122770995
6.866488450042998 0.839714211254042 0.002968036185159238
8.286427728546842 0.8628080201283005 0.002793596761457925
10.0 0.8837752417436936 0.0026087355757286983
