0.001 6.467566192156499e-09 1.2267597496771911e-10
0.0012067926406393288 1.1762269011046896e-08 2.2242532930278004e-10
0.0014563484775012444 2.077267274976538e-08 3.852491710305158e-10
0.0017575106248547913 3.5373496100342396e-08 6.561550814018974e-10
0.0021209508879201904 6.293574228804293e-08 1.1860232936645178e-09
0.002559547922699536 1.0866703762225158e-07 2.0208172877652415e-09
0.0030888435964774815 1.902385044907852e-07 3.5528452913703365e-09
0.003727593720314938 3.4946345419060686e-07 6.502702051804037e-09
0.004498432668969444 5.834978164394622e-07 1.0952584920489201e-08
0.005428675439323859 1.0106985716272998e-06 1.868922299091309e-08
0.006551285568595509 1.8674362227599914e-06 3.41145180595768e-08
0.0079060432109077 3.2832476833577796e-06 5.990717633897689e-08
0.009540954763499945 5.5085677144817395e-06 1.0263519613417199e-07
0.01151395399326447 9.562418934548611e-06 1.809891202813665e-07
0.013894954943731374 1.6793563868821342e-05 3.1221534798504985e-07
0.016768329368110076 2.9615719513573207e-05 5.442154065781465e-07
0.020235896477251564 5.099982696993837e-05 9.353245582596055e-07
0.02442053094548651 8.565800672002428e-05 1.5790765074832057e-06
0.029470517025518096 0.00015480804376410767 2.7686636881868447e-06
0.03556480306223128 0.0002700357576944498 4.790596905640485e-06
0.04291934260128776 0.00045243348761593653 8.058319612829573e-06
0.0517947467923121 0.0007313201097669017 1.2683199674483293e-05
0.0625055192527397 0.0012536192359184056 2.1722631581181485e-05
0.07543120063354615 0.0020966584342558396 3.625279490784423e-05
0.09102981779915217 0.00338188650838826 5.7091694115680555e-05
0.10985411419875583 0.0056310826324238806 9.372446108111014e-05
0.13257113655901082 0.00899100574600307 0.0001439406413091247
0.15998587196060574 0.01418656960685871 0.00022138565821987557
0.19306977288832497 0.022131499764243688 0.00033460702159890415
0.2329951810515372 0.03401182652638237 0.0004955822507834002
0.2811768697974228 0.05092464365870045 0.0007076697979109972
0.3393221771895326 0.07407439623230647 0.0009746021048103451
0.4094915062380423 0.10299573952128425 0.0012884713301108187
0.49417133613238334 0.14465031511950108 0.0016868300551548293
0.5963623316594643 0.18573435103447922 0.002040947234749953
0.7196856730011514 0.24246679737637788 0.0024594565364321353
0.868511373751352 0.3053451416209675 0.0028339824249084948
1.0481131341546852 0.3651463937940969 0.0031455595132177296
1.2648552168552958 0.4379195532039408 0.0033774601278607113
1.5264179671752318 0.49147388430945466 0.0035658426980600217
1.8420699693267144 0.5521607010073042 0.003653860121159288
2.2229964825261934 0.6199175076612552 0.0036362926157545907
2.6826957952797246 0.6667730363315665 0.0036093164515050595
3.2374575428176433 0.7110132766629326 0.0035250662149043316
3.906939937054613 0.7443048242560085 0.003437616977950812
4.714866363457389 0.7929467790494298 0.0032247206702525864
5.689866029018293 0.8149508296513076 0.003119563003227728
6.866488450042998 0.849231691800771 0.0028775686239426272
8.286427728546842 0.8691225082436455 0.0027428329556758698
10.0 0.8864922611937023 0.0025817456956654323
