0.001 4.685136033773233e-09 9.080234652649703e-11
0.0012067926406393288 8.145876326652357e-09 1.5920875946455828e-10
0.0014563484775012444 1.446220512219118e-08 2.8262647682044167e-10
0.0017575106248547913 2.3993606165023217e-08 4.679054812126364e-10
0.0021209508879201904 4.421257295328949e-08 8.471330063524824e-10
0.002559547922699536 8.053021958099805e-08 1.5514489143501083e-09
0.0030888435964774815 1.3719625215837533e-07 2.605406584194822e-09
0.003727593720314938 2.3775348649192808e-07 4.657097512791562e-09
0.004498432668969444 4.283135816612531e-07 8.199996232036182e-09
0.005428675439323859 7.74360118266737e-07 1.469108837164639e-08
0.006551285568595509 1.3228073136120654e-06 2.5210097664360323e-08
0.0079060432109077 2.343649256986212e-06 4.550308375374623e-08
0.009540954763499945 3.9677045980117595e-06 7.703432120376432e-08
0.01151395399326447 7.007876651307521e-06 1.343380621645957e-07
0.013894954943731374 1.1925842560482521e-05 2.3070273310386308e-07
0.016768329368110076 2.1910040570007693e-05 4.1290422693920927e-07
0.020235896477251564 3.596676283051672e-05 6.815276309778932e-07
0.02442053094548651 6.290152437904042e-05 1.1664220803274178e-06
0.029470517025518096 0.0001090654863873652 2.0478277535966787e-06
0.03556480306223128 0.00018381216790552474 3.493695660380809e-06
0.04291934260128776 0.00030866048625734167 5.583258002996951e-06
0.0517947467923121 0.0005297626308100068 9.774944037047738e-06
0.0625055192527397 0.000903825954986562 1.6445329773772244e-05
0.07543120063354615 0.001520597627342367 2.734128629400929e-05
0.09102981779915217 0.002517181773176807 4.502669301116443e-05
0.10985411419875583 0.004288694810871146 7.494219488635888e-05
0.13257113655901082 0.0067713180207684505 0.00011473604257018458
0.15998587196060574 0.010743782094853025 0.000176309321073077
0.19306977288832497 0.016751294309599284 0.0002691814623414438
0.2329951810515372 0.02601910491719068 0.00040109775041681576
0.2811768697974228 0.03895038286053933 0.0005796356508894349
0.3393221771895326 0.05762719356003885 0.0008127950590746694
0.4094915062380423 0.08375737791709865 0.0011178416982615162
0.49417133613238334 0.11364378274895565 0.0014476840826158264
0.5963623316594643 0.15573215849885944 0.0018500744122286466
0.7196856730011514 0.20746360882409623 0.0022631112085885847
0.868511373751352 0.25898128779685314 0.00262789045422744
1.0481131341546852 0.3184382944508914 0.002957536511000564
1.2648552168552958 0.37877009074465784 0.003264977070924629
1.5264179671752318 0.44548073749638223 0.0034797908140458272
1.8420699693267144 0.5064705005089738 0.0036331795143033276
2.2229964825261934 0.5649866978493551 0.0037123405307310457
2.6826957952797246 0.6209984280859154 0.003715205957767015
3.2374575428176433 0.6743593394273959 0.0036454757777805596
3.906939937054613 0.7183697285468558 0.0035270759736264743
4.714866363457389 0.750650638997944 0.0034502184673464546
5.689866029018293 0.7884312804492036 0.003280370108235812
6.866488450042998 0.8150407108550835 0.003146482230258413
8.286427728546842 0.8452788976746737 0.00295633615606764
10.0 0.8659842203518668 0.0027701538354629606
