0.001 0.218216035720834 6.476186857643396e-06
0.0012067926406393288 0.28411760666092223 7.911459969699837e-06
0.0014563484775012444 0.36256350848493246 9.184218357132205e-06
0.0017575106248547913 0.4521866378899731 1.0356879821214975e-05
0.0021209508879201904 0.5496898017735918 1.0887499767526011e-05
0.002559547922699536 0.6497380720038123 1.0907100513139708e-05
0.0030888435964774815 0.745506513600045 1.0007766240919602e-05
0.003727593720314938 0.8298627727381352 8.42534030409888e-06
0.004498432668969444 0.8971898411858867 6.322324568718836e-06
0.005428675439323859 0.9450156324820483 4.173383961307752e-06
0.006551285568595509 0.9746000751423562 2.3643203621598554e-06
0.0079060432109077 0.9901518548255434 1.1229267326357057e-06
0.009540954763499945 0.9969016169921296 4.335012734552528e-07
0.01151395399326447 0.9992408447659347 1.2918343977179538e-07
0.013894954943731374 0.9998618632417577 2.8254303885135477e-08
0.016768329368110076 0.9999824076615027 4.3654511222842105e-09
0.020235896477251564 0.9999985411197997 4.3611183965110725e-10
0.02442053094548651 0.9999999277717292 2.6536406233866137e-11
0.029470517025518096 0.9999999980802197 8.464589866350086e-13
0.03556480306223128 0.9999999999759029 1.277154868557251e-14
0.04291934260128776 0.9999999999998774 7.802446790803697e-17
0.0517947467923121 1.0 1.2552886752372822e-18
0.0625055192527397 1.0 1.4671755842849334e-18
0.07543120063354615 1.0 2.0677587156865967e-18
0.09102981779915217 1.0 2.145346206069976e-18
0.10985411419875583 1.0 0.0
0.13257113655901082 1.0 0.0
0.15998587196060574 1.0 0.0
0.19306977288832497 1.0 0.0
0.2329951810515372 1.0 0.0
0.2811768697974228 1.0 0.0
0.3393221771895326 1.0 0.0
0.4094915062380423 1.0 0.0
0.49417133613238334 1.0 0.0
0.5963623316594643 1.0 0.0
0.7196856730011514 1.0 0.0
0.868511373751352 1.0 0.0
1.0481131341546852 1.0 0.0
1.2648552168552958 1.0 0.0
1.5264179671752318 1.0 0.0
1.8420699693267144 1.0 0.0
2.2229964825261934 1.0 0.0
2.6826957952797246 1.0 0.0
3.2374575428176433 1.0 0.0
3.906939937054613 1.0 0.0
4.714866363457389 1.0 0.0
5.689866029018293 1.0 0.0
6.866488450042998 1.0 0.0
8.286427728546842 1.0 0.0
10.0 1.0 0.0
