0.001 0.21818201941956328 6.570000596531026e-06
0.0012067926406393288 0.2840731914421969 7.959685659597822e-06
0.0014563484775012444 0.3625220624089836 9.26321962385325e-06
0.0017575106248547913 0.45214792091451184 1.0255624422109265e-05
0.0021209508879201904 0.5496494357491974 1.100090576927836e-05
0.002559547922699536 0.6496897235622798 1.0885893019694764e-05
0.0030888435964774815 0.7454739167554221 9.986635794224583e-06
0.003727593720314938 0.8298366383922927 8.472744202975367e-06
0.004498432668969444 0.8971786453771773 6.335960522055735e-06
0.005428675439323859 0.9449961647405093 4.203360581864987e-06
0.006551285568595509 0.9745882753021835 2.4063705750211653e-06
0.0079060432109077 0.990147378105503 1.1292125587029992e-06
0.009540954763499945 0.996900340502542 4.326725459302572e-07
0.01151395399326447 0.9992399190985347 1.3146209195509932e-07
0.013894954943731374 0.9998617455115718 2.8491226378824543e-08
0.016768329368110076 0.999982388612444 4.4000455530341905e-09
0.020235896477251564 0.9999985394500818 4.454351881372414e-10
0.02442053094548651 0.9999999276241897 2.6724550191089448e-11
0.029470517025518096 0.9999999980752554 8.506326894499308e-13
0.03556480306223128 0.9999999999758171 1.2922842616855586e-14
0.04291934260128776 0.9999999999998772 8.081234922208932e-17
0.0517947467923121 1.0 2.1953239152422633e-18
0.0625055192527397 1.0 8.140289677804162e-19
0.07543120063354615 1.0 1.6759587884708159e-18
0.09102981779915217 1.0 1.4183071981462902e-18
0.10985411419875583 1.0 0.0
0.13257113655901082 1.0 0.0
0.15998587196060574 1.0 0.0
0.19306977288832497 1.0 0.0
0.2329951810515372 1.0 0.0
0.2811768697974228 1.0 0.0
0.3393221771895326 1.0 0.0
0.4094915062380423 1.0 0.0
0.49417133613238334 1.0 0.0
0.5963623316594643 1.0 0.0
0.7196856730011514 1.0 0.0
0.868511373751352 1.0 0.0
1.0481131341546852 1.0 0.0
1.2648552168552958 1.0 0.0
1.5264179671752318 1.0 0.0
1.8420699693267144 1.0 0.0
2.2229964825261934 1.0 0.0
2.6826957952797246 1.0 0.0
3.2374575428176433 1.0 0.0
3.906939937054613 1.0 0.0
4.714866363457389 1.0 0.0
5.689866029018293 1.0 0.0
6.866488450042998 1.0 0.0
8.286427728546842 1.0 0.0
10.0 1.0 0.0
