0.001 0.30177415402816177 5.1233244134233e-06
0.0012067926406393288 0.3517534237794065 5.78882496314491e-06
0.0014563484775012444 0.4073352295205936 6.35495688414138e-06
0.0017575106248547913 0.4681124582632835 6.828023232341539e-06
0.0021209508879201904 0.5332042790619479 7.3204993039999564e-06
0.002559547922699536 0.6012368393700182 7.541345824045501e-06
0.0030888435964774815 0.6702794784583875 7.51570488580055e-06
0.003727593720314938 0.7378885375501495 7.1851957684252225e-06
0.004498432668969444 0.8012855640474041 6.585924289304024e-06
0.005428675439323859 0.8577295408257706 5.724284773314167e-06
0.006551285568595509 0.9049344110345894 4.6424758254174186e-06
0.0079060432109077 0.9415657888906755 3.4027621838705034e-06
0.009540954763499945 0.9675211218496467 2.26767755742791e-06
0.01151395399326447 0.9840146569365442 1.329489741926903e-06
0.013894954943731374 0.9932016338289054 6.963714948593911e-07
0.016768329368110076 0.9975782095915214 3.001490310236667e-07
0.020235896477251564 0.9993031322348541 1.0412207608173883e-07
0.02442053094548651 0.9998449421660837 2.8055931560562018e-08
0.029470517025518096 0.9999747321243776 5.56691406746265e-09
0.03556480306223128 0.9999971683927739 7.514700295471397e-10
0.04291934260128776 0.9999997982750288 6.449679998395671e-11
0.0517947467923121 0.9999999916782486 3.196147386207633e-12
0.0625055192527397 0.9999999998223966 8.258607102026857e-14
0.07543120063354615 0.9999999999982884 9.814366313106053e-16
0.09102981779915217 0.9999999999999937 4.22265851186668e-18
0.10985411419875583 1.0 0.0
0.13257113655901082 1.0 0.0
0.15998587196060574 1.0 0.0
0.19306977288832497 1.0 0.0
0.2329951810515372 1.0 0.0
0.2811768697974228 1.0 0.0
0.3393221771895326 1.0 0.0
0.4094915062380423 1.0 0.0
0.49417133613238334 1.0 0.0
0.5963623316594643 1.0 0.0
0.7196856730011514 1.0 0.0
0.868511373751352 1.0 0.0
1.0481131341546852 1.0 0.0
1.2648552168552958 1.0 0.0
1.5264179671752318 1.0 0.0
1.8420699693267144 1.0 0.0
2.2229964825261934 1.0 0.0
2.6826957952797246 1.0 0.0
3.2374575428176433 1.0 0.0
3.906939937054613 1.0 0.0
4.714866363457389 1.0 0.0
5.689866029018293 1.0 0.0
6.866488450042998 1.0 0.0
8.286427728546842 1.0 0.0
10.0 1.0 0.0
