0.001 0.3017939710162793 5.12981092756865e-06
0.0012067926406393288 0.3517911566203671 5.685990448218612e-06
0.0014563484775012444 0.4073704403472461 6.34838391922885e-06
0.0017575106248547913 0.4681337151624761 6.911732550154385e-06
0.0021209508879201904 0.5332412208653006 7.2609103466190424e-06
0.002559547922699536 0.6012889130384217 7.434681148484518e-06
0.0030888435964774815 0.670324565306488 7.523126294177674e-06
0.003727593720314938 0.7379161482873273 7.260712470692144e-06
0.004498432668969444 0.8013243329697083 6.539590248290601e-06
0.005428675439323859 0.8577642351585295 5.6272497405788925e-06
0.006551285568595509 0.9049638764797447 4.540622774366914e-06
0.0079060432109077 0.9415873087494756 3.3782662426473687e-06
0.009540954763499945 0.9675322245777699 2.2815686749024572e-06
0.01151395399326447 0.9840166624204172 1.3690689824104977e-06
0.013894954943731374 0.9932059461883066 6.913241691172447e-07
0.016768329368110076 0.9975795196277215 3.003424470253932e-07
0.020235896477251564 0.9993036309604265 1.0374661090324975e-07
0.02442053094548651 0.9998451124451194 2.7852638874471172e-08
0.029470517025518096 0.9999747613632566 5.484649623053653e-09
0.03556480306223128 0.9999971717329897 7.46734721909743e-10
0.04291934260128776 0.999999798605897 6.401865292087689e-11
0.0517947467923121 0.999999991693787 3.2129613944746137e-12
0.0625055192527397 0.999999999822761 8.360867693951088e-14
0.07543120063354615 0.9999999999982925 9.794004696465684e-16
0.09102981779915217 0.9999999999999937 4.259828957938997e-18
0.10985411419875583 1.0 0.0
0.13257113655901082 1.0 0.0
0.15998587196060574 1.0 0.0
0.19306977288832497 1.0 0.0
0.2329951810515372 1.0 0.0
0.2811768697974228 1.0 0.0
0.3393221771895326 1.0 0.0
0.4094915062380423 1.0 0.0
0.49417133613238334 1.0 0.0
0.5963623316594643 1.0 0.0
0.7196856730011514 1.0 0.0
0.868511373751352 1.0 0.0
1.0481131341546852 1.0 0.0
1.2648552168552958 1.0 0.0
1.5264179671752318 1.0 0.0
1.8420699693267144 1.0 0.0
2.2229964825261934 1.0 0.0
2.6826957952797246 1.0 0.0
3.2374575428176433 1.0 0.0
3.906939937054613 1.0 0.0
4.714866363457389 1.0 0.0
5.689866029018293 1.0 0.0
6.866488450042998 1.0 0.0
8.286427728546842 1.0 0.0
10.0 1.0 0.0
