0.001 0.02746379068055677 1.417340416330163e-06
0.0012067926406393288 0.04349721200951376 2.1317892519967847e-06
0.0014563484775012444 0.06755076918527678 3.1983765682199675e-06
0.0017575106248547913 0.1025188066628466 4.598288136769315e-06
0.0021209508879201904 0.15151960710982926 6.281750280484765e-06
0.002559547922699536 0.21724847053682306 8.242239068074375e-06
0.0030888435964774815 0.30102630280510845 1.0234053184508852e-05
0.003727593720314938 0.40160075131953515 1.1921492764291322e-05
0.004498432668969444 0.5142891595353092 1.2959934604712109e-05
0.005428675439323859 0.6308840693550636 1.2670056022724732e-05
0.006551285568595509 0.7409314298873456 1.1509896883205829e-05
0.0079060432109077 0.8346326972234296 9.218410859188064e-06
0.009540954763499945 0.9056169181881764 6.427337652040749e-06
0.01151395399326447 0.9527467173944184 4.039903764003209e-06
0.013894954943731374 0.9797177703512436 2.097709137321197e-06
0.016768329368110076 0.9927419448811362 9.131426007334807e-07
0.020235896477251564 0.9979070525133721 3.123105037848355e-07
0.02442053094548651 0.9995339156641325 8.558551218553142e-08
0.029470517025518096 0.9999239932320421 1.6694929933012878e-08
0.03556480306223128 0.9999914798855263 2.289852591250365e-09
0.04291934260128776 0.9999993926959445 1.9519214869538202e-10
0.0517947467923121 0.9999999749111941 9.8019444080263e-12
0.0625055192527397 0.99999999946428 2.525564071514891e-13
0.07543120063354615 0.9999999999948268 2.9989549960457024e-15
0.09102981779915217 0.9999999999999809 1.2807672551590154e-17
0.10985411419875583 1.0 0.0
0.13257113655901082 1.0 0.0
0.15998587196060574 1.0 0.0
0.19306977288832497 1.0 0.0
0.2329951810515372 1.0 0.0
0.2811768697974228 1.0 0.0
0.3393221771895326 1.0 0.0
0.4094915062380423 1.0 0.0
0.49417133613238334 1.0 0.0
0.5963623316594643 1.0 0.0
0.7196856730011514 1.0 0.0
0.868511373751352 1.0 0.0
1.0481131341546852 1.0 0.0
1.2648552168552958 1.0 0.0
1.5264179671752318 1.0 0.0
1.8420699693267144 1.0 0.0
2.2229964825261934 1.0 0.0
2.6826957952797246 1.0 0.0
3.2374575428176433 1.0 0.0
3.906939937054613 1.0 0.0
4.714866363457389 1.0 0.0
5.689866029018293 1.0 0.0
6.866488450042998 1.0 0.0
8.286427728546842 1.0 0.0
10.0 1.0 0.0
