0.001 0.027477024517990736 1.398082111685289e-06
0.0012067926406393288 0.0435151370968767 2.1442113228603245e-06
0.0014563484775012444 0.06757573081672684 3.152703473101197e-06
0.0017575106248547913 0.1025571413399514 4.552114566054066e-06
0.0021209508879201904 0.15156972826740417 6.210521094417025e-06
0.002559547922699536 0.2173081381582926 8.211891498401124e-06
0.0030888435964774815 0.301102477150068 1.0157920080472236e-05
0.003727593720314938 0.40170356535781093 1.1840250985245433e-05
0.004498432668969444 0.5143915933374292 1.2723666649932983e-05
0.005428675439323859 0.6309709952698977 1.2555032168966097e-05
0.006551285568595509 0.7410317159387476 1.122851981477166e-05
0.0079060432109077 0.8347158728158296 9.023692256582974e-06
0.009540954763499945 0.9056622363499826 6.4364574990931315e-06
0.01151395399326447 0.9527856970429613 3.960710091372021e-06
0.013894954943731374 0.9797361302869507 2.054818634241336e-06
0.016768329368110076 0.9927475054082441 8.941899169167892e-07
0.020235896477251564 0.9979091614597514 3.106067894307915e-07
0.02442053094548651 0.9995346314301272 8.488580483801948e-08
0.029470517025518096 0.9999241290873749 1.6585177278339e-08
0.03556480306223128 0.9999915005414303 2.2292630657209294e-09
0.04291934260128776 0.9999993941891633 1.9262341340686582e-10
0.0517947467923121 0.9999999749890698 9.710333839458433e-12
0.0625055192527397 0.9999999994659602 2.5116558187977556e-13
0.07543120063354615 0.9999999999948528 2.923458414457129e-15
0.09102981779915217 0.9999999999999809 1.2920339400994609e-17
0.10985411419875583 1.0 0.0
0.13257113655901082 1.0 0.0
0.15998587196060574 1.0 0.0
0.19306977288832497 1.0 0.0
0.2329951810515372 1.0 0.0
0.2811768697974228 1.0 0.0
0.3393221771895326 1.0 0.0
0.4094915062380423 1.0 0.0
0.49417133613238334 1.0 0.0
0.5963623316594643 1.0 0.0
0.7196856730011514 1.0 0.0
0.868511373751352 1.0 0.0
1.0481131341546852 1.0 0.0
1.2648552168552958 1.0 0.0
1.5264179671752318 1.0 0.0
1.8420699693267144 1.0 0.0
2.2229964825261934 1.0 0.0
2.6826957952797246 1.0 0.0
3.2374575428176433 1.0 0.0
3.906939937054613 1.0 0.0
4.714866363457389 1.0 0.0
5.689866029018293 1.0 0.0
6.866488450042998 1.0 0.0
8.286427728546842 1.0 0.0
10.0 1.0 0.0
