1.000E-03 4.266E+02 
1.500E-03 4.425E+02 
2.000E-03 4.560E+02 
2.500E-03 4.687E+02 
3.000E-03 4.808E+02 
4.000E-03 5.043E+02 
5.000E-03 5.268E+02 
6.000E-03 5.485E+02 
7.000E-03 5.694E+02 
8.000E-03 5.896E+02 
9.000E-03 6.091E+02 
1.000E-02 6.281E+02 
1.250E-02 6.730E+02 
1.500E-02 7.150E+02 
1.750E-02 7.545E+02 
2.000E-02 7.919E+02 
2.250E-02 8.274E+02 
2.500E-02 8.612E+02 
2.750E-02 8.936E+02 
3.000E-02 9.247E+02 
3.500E-02 9.835E+02 
4.000E-02 1.038E+03 
4.500E-02 1.090E+03 
5.000E-02 1.139E+03 
5.500E-02 1.185E+03 
6.000E-02 1.229E+03 
6.500E-02 1.271E+03 
7.000E-02 1.311E+03 
7.500E-02 1.350E+03 
8.000E-02 1.387E+03 
8.500E-02 1.423E+03 
9.000E-02 1.457E+03 
9.500E-02 1.490E+03 
1.000E-01 1.522E+03 
1.250E-01 1.668E+03 
1.500E-01 1.792E+03 
1.750E-01 1.900E+03 
2.000E-01 1.993E+03 
2.250E-01 2.074E+03 
2.500E-01 2.145E+03 
2.750E-01 2.206E+03 
3.000E-01 2.258E+03 
3.500E-01 2.340E+03 
4.000E-01 2.398E+03 
4.500E-01 2.436E+03 
5.000E-01 2.457E+03 
5.500E-01 2.465E+03 
6.000E-01 2.463E+03 
6.500E-01 2.453E+03 
7.000E-01 2.436E+03 
7.500E-01 2.415E+03 
8.000E-01 2.389E+03 
8.500E-01 2.361E+03 
9.000E-01 2.331E+03 
9.500E-01 2.299E+03 
1.000E+00 2.267E+03 
1.250E+00 2.111E+03 
1.500E+00 1.962E+03 
1.750E+00 1.819E+03 
2.000E+00 1.684E+03 
2.250E+00 1.561E+03 
2.500E+00 1.457E+03 
2.750E+00 1.369E+03 
3.000E+00 1.292E+03 
3.500E+00 1.164E+03 
4.000E+00 1.061E+03 
4.500E+00 9.774E+02 
5.000E+00 9.073E+02 
5.500E+00 8.477E+02 
6.000E+00 7.963E+02 
6.500E+00 7.514E+02 
7.000E+00 7.118E+02 
7.500E+00 6.766E+02 
8.000E+00 6.450E+02 