0.9999931567385238 0.00014141992737679924 1.000006683154994 0.00010000000022790032
0.9999733492441156 0.00014141570143263744 1.0000266781634382 0.00010000000337583949
0.9999403614128701 0.00014140870550462243 1.000059731751909 0.0001000000182153282
0.9998943254902524 0.0001413989520964348 1.0001058975692536 0.00010000005909936301
0.99983528067049 0.00014138645728957718 1.0001651597692072 0.00010000014052475689
0.9997637613369856 0.00014137135231475842 1.0002370060905943 0.0001000002908010173
0.9996793087163184 0.00014135354438142905 1.0003219222799247 0.00010000051993071108
0.9995829374648407 0.00014133329468838033 1.0004189138971522 0.00010000089520492006
0.9994733203906103 0.00014131030357616005 1.0005293433401583 0.00010000139541851272
0.9993503967899046 0.0001412846077836748 1.0006533023095106 0.00010000209429211946
0.999217628686204 0.0001412571018915398 1.0007873273487395 0.00010000321723556482
0.9990715927918327 0.00014122690381757026 1.0009348993672371 0.00010000455064783171
0.9989150608347986 0.0001411945213712661 1.001093246324696 0.00010000597921135756
0.9987440048277434 0.0001411595274983139 1.001266478964739 0.00010000811946565464
0.998565040859424 0.0001411229982368366 1.0014479235259979 0.00010001049735681848
0.9983708527645682 0.0001410832263862825 1.0016450273674664 0.00010001290873409222
0.9981681561454143 0.00014104287484914652 1.0018510166733217 0.0001000171031747169
0.9979499010169545 0.00014099941567614647 1.0020730847951642 0.00010002163239119705
0.9977246574728456 0.00014095477296914067 1.002302544137843 0.00010002662996845367
