0.9999490467618816 0.00014141702091686727 1.0000054293783565 0.00010000000012096832
0.999978308654555 0.00014141675344549873 1.0000217106774116 0.00010000000178639359
0.9999513706677872 0.00014141103733021973 1.0000486975533591 0.00010000000853635736
0.999913674864241 0.00014140304036920512 1.000086488644368 0.00010000002526988456
0.9998656976711022 0.00014139287394292256 1.0001346239789894 0.00010000006912128338
0.9998071601469626 0.0001413804791597531 1.0001934005819384 0.00010000014311348976
0.9997379187008952 0.00014136582619844368 1.000262981149623 0.00010000025074954452
0.9996588497492719 0.00014134913495977445 1.0003425039593037 0.00010000044182894719
0.9995701942290842 0.0001413304543047941 1.0004317442788953 0.00010000071500160631
0.9994701799164714 0.0001413093777276501 1.0005325060860755 0.00010000103112469706
0.999360290155423 0.000141286272869112 1.0006433174597336 0.00010000146594185382
0.9992406289779711 0.0001412611862273895 1.0007640939487827 0.0001000020560014118
0.9991118969459865 0.0001412343862070905 1.0008941492980414 0.00010000297219204132
0.9989735622698259 0.00014120560348653525 1.0010340396814492 0.00010000399517653707
0.9988236573331436 0.0001411742340660821 1.0011857781776439 0.00010000486541901453
0.9986653354624929 0.00014114168508743932 1.0013462027881197 0.00010000662774488424
0.9984996653865589 0.00014110802872189932 1.0015142465127993 0.00010000906259874093
0.9983232416987393 0.00014107193566480312 1.0016933813960047 0.00010001131633677932
0.9981346435580816 0.00014103280496543616 1.0018850797516003 0.00010001296816976592
