0.001 0.036497362570585355 1.9353748653722714e-05
0.0012067926406393288 0.051015296621873506 2.4555239015493688e-05
0.0014563484775012444 0.07073048969056404 3.3666309671564513e-05
0.0017575106248547913 0.09713189221903885 4.1729117095052404e-05
0.0021209508879201904 0.13197684791592978 5.593580206300003e-05
0.002559547922699536 0.17689565210326552 7.080202683185445e-05
0.0030888435964774815 0.2332625049970171 8.691157623387486e-05
0.003727593720314938 0.3026454676778697 0.00011419225488299486
0.004498432668969444 0.3836531091721639 0.00011656442511705521
0.005428675439323859 0.4755944613124691 0.0001294374463012951
0.006551285568595509 0.5746590913449848 0.00013795136124384303
0.0079060432109077 0.6738961508735619 0.00013285811546715607
0.009540954763499945 0.7677300603309318 0.00012292658789691998
0.01151395399326447 0.8480973958644822 9.35934701403009e-05
0.013894954943731374 0.9106632651676533 6.682112188728003e-05
0.016768329368110076 0.9536461579087326 4.0514603105234704e-05
0.020235896477251564 0.9793905073901716 2.1581183822881096e-05
0.02442053094548651 0.9923748211756998 9.626863983127443e-06
0.029470517025518096 0.9977299127424883 3.3929117107904516e-06
0.03556480306223128 0.9994777899513416 9.076559967110156e-07
0.04291934260128776 0.9999118999322613 1.7754549000317335e-07
0.0517947467923121 0.9999896791260633 2.2902756420487323e-08
0.0625055192527397 0.9999992249680812 1.894794100523018e-09
0.07543120063354615 0.9999999662470773 9.440942810181343e-11
0.09102981779915217 0.9999999992248433 2.380521760652681e-12
0.10985411419875583 0.9999999999918442 2.7948530233618314e-14
0.13257113655901082 0.9999999999999658 1.6047600645322815e-16
0.15998587196060574 1.0 1.0880185641326534e-18
0.19306977288832497 1.0 5.305890458261917e-19
0.2329951810515372 1.0 1.971951121268939e-18
0.2811768697974228 1.0 7.049697655142648e-19
0.3393221771895326 1.0 2.2204460492503132e-20
0.4094915062380423 1.0 0.0
0.49417133613238334 1.0 0.0
0.5963623316594643 1.0 0.0
0.7196856730011514 1.0 0.0
0.868511373751352 1.0 0.0
1.0481131341546852 1.0 0.0
1.2648552168552958 1.0 0.0
1.5264179671752318 1.0 0.0
1.8420699693267144 1.0 0.0
2.2229964825261934 1.0 0.0
2.6826957952797246 1.0 0.0
3.2374575428176433 1.0 0.0
3.906939937054613 1.0 0.0
4.714866363457389 1.0 0.0
5.689866029018293 1.0 0.0
6.866488450042998 1.0 0.0
8.286427728546842 1.0 0.0
10.0 1.0 0.0
