0.001 0.05229443450280721 2.162606860147335e-05
0.0012067926406393288 0.07246588330723303 2.725505909163084e-05
0.0014563484775012444 0.09946140332228123 3.588972876871537e-05
0.0017575106248547913 0.1348948747291309 4.4665587536809406e-05
0.0021209508879201904 0.18082095565415132 6.066706908135815e-05
0.002559547922699536 0.238122179664323 7.427988471911263e-05
0.0030888435964774815 0.30808921293918584 8.75471276774123e-05
0.003727593720314938 0.3903223646842203 9.870533028056338e-05
0.004498432668969444 0.48307804182996816 0.00010775842534761827
0.005428675439323859 0.5821421249791643 0.00011355887312358035
0.006551285568595509 0.6813635556979453 0.0001080709971460158
0.0079060432109077 0.7742418224777502 9.518610154770177e-05
0.009540954763499945 0.8534778700479722 7.482590294964392e-05
0.01151395399326447 0.9146706842087462 5.4025180737520895e-05
0.013894954943731374 0.9562966598377718 3.422127340665911e-05
0.016768329368110076 0.9808194183483969 1.7392994582339035e-05
0.020235896477251564 0.9930172009066719 7.657853914674703e-06
0.02442053094548651 0.9979528284242318 2.611685618175515e-06
0.029470517025518096 0.9995404295034518 6.926043465359029e-07
0.03556480306223128 0.9999246946017769 1.3223771343527378e-07
0.04291934260128776 0.999991514956493 1.743536491735274e-08
0.0517947467923121 0.9999993892872968 1.3592513677678431e-09
0.0625055192527397 0.9999999746071566 6.414689280946509e-11
0.07543120063354615 0.9999999994509459 1.5397446150803395e-12
0.09102981779915217 0.9999999999945947 1.641529995914765e-14
0.10985411419875583 0.9999999999999792 6.746770421292748e-17
0.13257113655901082 1.0 1.0697389170429531e-18
0.15998587196060574 1.0 2.156006234688298e-18
0.19306977288832497 1.0 1.0499681495390056e-18
0.2329951810515372 1.0 1.1234667099445443e-18
0.2811768697974228 1.0 0.0
0.3393221771895326 1.0 0.0
0.4094915062380423 1.0 0.0
0.49417133613238334 1.0 0.0
0.5963623316594643 1.0 0.0
0.7196856730011514 1.0 0.0
0.868511373751352 1.0 0.0
1.0481131341546852 1.0 0.0
1.2648552168552958 1.0 0.0
1.5264179671752318 1.0 0.0
1.8420699693267144 1.0 0.0
2.2229964825261934 1.0 0.0
2.6826957952797246 1.0 0.0
3.2374575428176433 1.0 0.0
3.906939937054613 1.0 0.0
4.714866363457389 1.0 0.0
5.689866029018293 1.0 0.0
6.866488450042998 1.0 0.0
8.286427728546842 1.0 0.0
10.0 1.0 0.0
