0.001 0.04329774170003859 1.8986048834521355e-05
0.0012067926406393288 0.06037986172413131 2.7574137051275555e-05
0.0014563484775012444 0.08328325326265373 3.587780290318654e-05
0.0017575106248547913 0.11379354074623052 4.486550842891775e-05
0.0021209508879201904 0.15345911249914507 5.752783696734871e-05
0.002559547922699536 0.20426503734833934 7.373266528257251e-05
0.0030888435964774815 0.26706811915716383 8.844499798630659e-05
0.003727593720314938 0.34267163471700135 0.00010516641038602071
0.004498432668969444 0.4295591342461952 0.0001173319935311125
0.005428675439323859 0.5255458311924498 0.00012260195470497863
0.006551285568595509 0.6254851663012525 0.00012528788627376322
0.0079060432109077 0.7230181410146065 0.00011458280377017365
0.009540954763499945 0.8108020572824255 9.767942386342962e-05
0.01151395399326447 0.882442465738992 7.229735231412777e-05
0.013894954943731374 0.9349714626018675 4.777293099034866e-05
0.016768329368110076 0.9687737212297747 2.811504958789506e-05
0.020235896477251564 0.9873033594759303 1.357425211393885e-05
0.02442053094548651 0.9957783331308904 5.4701884196769015e-06
0.029470517025518096 0.9988903313539041 1.6415106520087327e-06
0.03556480306223128 0.9997809016864929 3.843458029849769e-07
0.04291934260128776 0.9999690855195431 6.091895661786607e-08
0.0517947467923121 0.999997096622394 6.390989192442912e-09
0.0625055192527397 0.9999998338065937 4.217728362767561e-10
0.07543120063354615 0.9999999946727086 1.461223785792533e-11
0.09102981779915217 0.9999999999165944 2.7082311848824715e-13
0.10985411419875583 0.999999999999447 1.857334241029374e-15
0.13257113655901082 0.9999999999999986 4.520121397177758e-18
0.15998587196060574 1.0 2.147298766128462e-18
0.19306977288832497 1.0 5.58652929490272e-19
0.2329951810515372 1.0 1.1124412546581784e-18
0.2811768697974228 1.0 1.860410498158186e-18
0.3393221771895326 1.0 0.0
0.4094915062380423 1.0 0.0
0.49417133613238334 1.0 0.0
0.5963623316594643 1.0 0.0
0.7196856730011514 1.0 0.0
0.868511373751352 1.0 0.0
1.0481131341546852 1.0 0.0
1.2648552168552958 1.0 0.0
1.5264179671752318 1.0 0.0
1.8420699693267144 1.0 0.0
2.2229964825261934 1.0 0.0
2.6826957952797246 1.0 0.0
3.2374575428176433 1.0 0.0
3.906939937054613 1.0 0.0
4.714866363457389 1.0 0.0
5.689866029018293 1.0 0.0
6.866488450042998 1.0 0.0
8.286427728546842 1.0 0.0
10.0 1.0 0.0
