0.001 0.09790507449346192 2.8134740556640986e-05
0.0012067926406393288 0.1169409478974942 3.5406412221463533e-05
0.0014563484775012444 0.13925538883553396 3.8302721413784186e-05
0.0017575106248547913 0.16560685758939003 4.7358000844248624e-05
0.0021209508879201904 0.1963042400692538 5.3260119486891926e-05
0.002559547922699536 0.23180205676551863 6.263162029140787e-05
0.0030888435964774815 0.2725933251653944 7.111308035688665e-05
0.003727593720314938 0.3189640868048189 8.114482219271272e-05
0.004498432668969444 0.37091769643867284 9.039650925714864e-05
0.005428675439323859 0.42821201445194584 9.580006973444082e-05
0.006551285568595509 0.49070512899881213 0.00010044829095119656
0.0079060432109077 0.5571212811386504 0.00010779607870642938
0.009540954763499945 0.6258028459131869 0.00011201541686937816
0.01151395399326447 0.6945399692849008 0.00010616240307020466
0.013894954943731374 0.7608534891272095 9.793290247660112e-05
0.016768329368110076 0.8220657882745936 8.740326271615679e-05
0.020235896477251564 0.875503904576216 7.48200490862677e-05
0.02442053094548651 0.9190690609089883 5.7238698286869553e-05
0.029470517025518096 0.951696221374687 3.8737744014315474e-05
0.03556480306223128 0.9742144335916513 2.475697769223053e-05
0.04291934260128776 0.9879151289515313 1.3978402249169985e-05
0.0517947467923121 0.9951203805709916 6.365130460481448e-06
0.0625055192527397 0.9983779867364295 2.519904260946412e-06
0.07543120063354615 0.9995693609401642 7.637215237270025e-07
0.09102981779915217 0.9999128230140817 1.7664864637419948e-07
0.10985411419875583 0.9999873439806103 2.9395764076541045e-08
0.13257113655901082 0.9999987617173618 3.2799612224891754e-09
0.15998587196060574 0.9999999243709679 2.1247504823009627e-10
0.19306977288832497 0.9999999974333763 8.410012420265234e-12
0.2329951810515372 0.9999999999561121 1.4651374714473168e-13
0.2811768697974228 0.9999999999996784 1.1535111318213622e-15
0.3393221771895326 0.9999999999999989 4.2371702097290286e-18
0.4094915062380423 1.0 0.0
0.49417133613238334 1.0 0.0
0.5963623316594643 1.0 0.0
0.7196856730011514 1.0 0.0
0.868511373751352 1.0 0.0
1.0481131341546852 1.0 0.0
1.2648552168552958 1.0 0.0
1.5264179671752318 1.0 0.0
1.8420699693267144 1.0 0.0
2.2229964825261934 1.0 0.0
2.6826957952797246 1.0 0.0
3.2374575428176433 1.0 0.0
3.906939937054613 1.0 0.0
4.714866363457389 1.0 0.0
5.689866029018293 1.0 0.0
6.866488450042998 1.0 0.0
8.286427728546842 1.0 0.0
10.0 1.0 0.0
