0.001 0.12547407435489658 2.7925585060625768e-05
0.0012067926406393288 0.14948249207858122 3.483887001439029e-05
0.0014563484775012444 0.17740782900599858 3.964987095940944e-05
0.0017575106248547913 0.20998198904772147 4.4162722121986734e-05
0.0021209508879201904 0.24747713900587723 5.044376960124408e-05
0.002559547922699536 0.29056704254419424 5.8666497773686674e-05
0.0030888435964774815 0.33913555746171026 6.499444582098016e-05
0.003727593720314938 0.3934816747128763 7.289181250214468e-05
0.004498432668969444 0.45289050545000425 7.868468590729974e-05
0.005428675439323859 0.517043657190517 8.202233381497167e-05
0.006551285568595509 0.5844896269950776 8.711720671492082e-05
0.0079060432109077 0.6535541234579554 8.594827080389192e-05
0.009540954763499945 0.7218165180051123 8.310182654199407e-05
0.01151395399326447 0.7863234853495561 7.414717683338594e-05
0.013894954943731374 0.8445973840472901 6.344679179931485e-05
0.016768329368110076 0.8942919834274582 5.256743672694083e-05
0.020235896477251564 0.9335597163673547 3.92017146107544e-05
0.02442053094548651 0.9620988292251288 2.748914088504863e-05
0.029470517025518096 0.9807075598826159 1.6034027793832942e-05
0.03556480306223128 0.9914720950294824 8.559105533667824e-06
0.04291934260128776 0.9968077111089207 3.6959083902263664e-06
0.0517947467923121 0.9990244748221506 1.2958147577686883e-06
0.0625055192527397 0.9997674818792434 3.663409178348392e-07
0.07543120063354615 0.9999585047153227 7.345511012274039e-08
0.09102981779915217 0.9999948374292662 1.0722606717296624e-08
0.10985411419875583 0.9999995821264469 9.787399717585435e-10
0.13257113655901082 0.9999999797870374 5.337059196052526e-11
0.15998587196060574 0.9999999994736932 1.5020481498480999e-12
0.19306977288832497 0.9999999999936036 2.0298613143356477e-14
0.2329951810515372 0.9999999999999686 1.0816200570123927e-16
0.2811768697974228 1.0 9.307351296399119e-19
0.3393221771895326 1.0 0.0
0.4094915062380423 1.0 0.0
0.49417133613238334 1.0 0.0
0.5963623316594643 1.0 0.0
0.7196856730011514 1.0 0.0
0.868511373751352 1.0 0.0
1.0481131341546852 1.0 0.0
1.2648552168552958 1.0 0.0
1.5264179671752318 1.0 0.0
1.8420699693267144 1.0 0.0
2.2229964825261934 1.0 0.0
2.6826957952797246 1.0 0.0
3.2374575428176433 1.0 0.0
3.906939937054613 1.0 0.0
4.714866363457389 1.0 0.0
5.689866029018293 1.0 0.0
6.866488450042998 1.0 0.0
8.286427728546842 1.0 0.0
10.0 1.0 0.0
