0.001 0.10558761959025378 2.9511175371375444e-05
0.0012067926406393288 0.12603436678051147 3.301747498736839e-05
0.0014563484775012444 0.15000123408565283 3.847524710559785e-05
0.0017575106248547913 0.17816827509173136 4.512099975499788e-05
0.0021209508879201904 0.2108462659167104 5.372395352844243e-05
0.002559547922699536 0.24850755384274834 6.059716341393298e-05
0.0030888435964774815 0.29152470780718176 7.151858163481319e-05
0.003727593720314938 0.3402878554842485 7.548031947662845e-05
0.004498432668969444 0.3948055630032302 8.605426597974543e-05
0.005428675439323859 0.4544801707984763 9.467321927589609e-05
0.006551285568595509 0.5185932823798547 9.663302504177442e-05
0.0079060432109077 0.5863565933801315 0.00010197495172178424
0.009540954763499945 0.6551629841678561 0.00010073362575156291
0.01151395399326447 0.7233357604233083 9.931039246825032e-05
0.013894954943731374 0.7878813487719488 9.110557049507626e-05
0.016768329368110076 0.8460652998175164 7.739282969559824e-05
0.020235896477251564 0.8953837556644779 6.192595684900666e-05
0.02442053094548651 0.9343971664026735 4.700878109498666e-05
0.029470517025518096 0.9625953596916706 3.089678494684406e-05
0.03556480306223128 0.9810186290685095 1.8592899829971413e-05
0.04291934260128776 0.991631547424513 9.546526803690533e-06
0.0517947467923121 0.9968882012666717 4.206864110692613e-06
0.0625055192527397 0.9990539061925072 1.4971014588287381e-06
0.07543120063354615 0.9997747941763864 4.0329559052364605e-07
0.09102981779915217 0.9999602495687544 8.205811150198898e-08
0.10985411419875583 0.9999950580334871 1.1294177072955075e-08
0.13257113655901082 0.999999602892682 1.033056196108583e-09
0.15998587196060574 0.9999999809644979 5.923912587426112e-11
0.19306977288832497 0.9999999995037557 7.58778662611506e-12
0.2329951810515372 0.9999999999940755 1.966394294039896e-14
0.2811768697974228 0.9999999999999712 1.0284479183715083e-16
0.3393221771895326 1.0 9.386474436755887e-19
0.4094915062380423 1.0 0.0
0.49417133613238334 1.0 0.0
0.5963623316594643 1.0 0.0
0.7196856730011514 1.0 0.0
0.868511373751352 1.0 0.0
1.0481131341546852 1.0 0.0
1.2648552168552958 1.0 0.0
1.5264179671752318 1.0 0.0
1.8420699693267144 1.0 0.0
2.2229964825261934 1.0 0.0
2.6826957952797246 1.0 0.0
3.2374575428176433 1.0 0.0
3.906939937054613 1.0 0.0
4.714866363457389 1.0 0.0
5.689866029018293 1.0 0.0
6.866488450042998 1.0 0.0
8.286427728546842 1.0 0.0
10.0 1.0 0.0
