0.001 0.13856020963387528 2.9032831292638244e-05
0.0012067926406393288 0.16470260110803947 3.230241959208531e-05
0.0014563484775012444 0.19520277872704547 3.727172970187863e-05
0.0017575106248547913 0.23047178845262625 4.128991861911797e-05
0.0021209508879201904 0.27122684487889204 5.032504349534305e-05
0.002559547922699536 0.31725571674297565 5.613096418436628e-05
0.0030888435964774815 0.36904599262293636 6.20536294383591e-05
0.003727593720314938 0.426336571775532 6.693099389960968e-05
0.004498432668969444 0.4887156647001888 7.185846733653479e-05
0.005428675439323859 0.5549980723283313 7.711625364868054e-05
0.006551285568595509 0.623449454685866 7.78660407163735e-05
0.0079060432109077 0.6923651574023189 7.604092147116586e-05
0.009540954763499945 0.7588212627754664 7.002429878630266e-05
0.01151395399326447 0.8203226488898737 6.349110505368903e-05
0.013894954943731374 0.8739893358416981 5.5043415897763e-05
0.016768329368110076 0.9178465881433266 4.0750043196712505e-05
0.020235896477251564 0.9510307481453155 2.9507272334982274e-05
0.02442053094548651 0.9737092262527818 1.8633500258444416e-05
0.029470517025518096 0.9876150850679097 1.0468116710312464e-05
0.03556480306223128 0.9950065582440358 5.026599990930189e-06
0.04291934260128776 0.9983290068215661 1.9839505898457736e-06
0.0517947467923121 0.9995527747528816 6.019141066954082e-07
0.0625055192527397 0.9999091093051813 1.427220940154694e-07
0.07543120063354615 0.999986687773743 2.4092092675779834e-08
0.09102981779915217 0.9999986848402034 2.6852081756562085e-09
0.10985411419875583 0.9999999195112735 1.8475045010675246e-10
0.13257113655901082 0.9999999972366183 7.2335137090802e-12
0.15998587196060574 0.9999999999526256 1.364039117568507e-13
0.19306977288832497 0.9999999999996472 1.0932458303062848e-15
0.2329951810515372 0.9999999999999989 3.605473844297133e-18
0.2811768697974228 1.0 0.0
0.3393221771895326 1.0 0.0
0.4094915062380423 1.0 0.0
0.49417133613238334 1.0 0.0
0.5963623316594643 1.0 0.0
0.7196856730011514 1.0 0.0
0.868511373751352 1.0 0.0
1.0481131341546852 1.0 0.0
1.2648552168552958 1.0 0.0
1.5264179671752318 1.0 0.0
1.8420699693267144 1.0 0.0
2.2229964825261934 1.0 0.0
2.6826957952797246 1.0 0.0
3.2374575428176433 1.0 0.0
3.906939937054613 1.0 0.0
4.714866363457389 1.0 0.0
5.689866029018293 1.0 0.0
6.866488450042998 1.0 0.0
8.286427728546842 1.0 0.0
10.0 1.0 0.0
