0.001 0.11474367690226217 2.997054405864983e-05
0.0012067926406393288 0.13675548782447752 3.3573043645749726e-05
0.0014563484775012444 0.16257617140358532 3.9775013624178755e-05
0.0017575106248547913 0.1927088669533764 4.37764060435581e-05
0.0021209508879201904 0.22770284958890738 5.1893024931268705e-05
0.002559547922699536 0.26789272429857225 5.9111090412330695e-05
0.0030888435964774815 0.3134934829142571 6.61764623222137e-05
0.003727593720314938 0.36512687247279363 8.080393701707474e-05
0.004498432668969444 0.4217793191845815 7.920895552550581e-05
0.005428675439323859 0.4837218589208899 8.645508816062882e-05
0.006551285568595509 0.5499591723383677 9.344184643643455e-05
0.0079060432109077 0.6181789748760118 9.576225524709277e-05
0.009540954763499945 0.6873307064803816 9.911746459102069e-05
0.01151395399326447 0.7539906553791715 8.67868985507708e-05
0.013894954943731374 0.8158775753773928 7.781382497167418e-05
0.016768329368110076 0.8700619907986503 6.31658308703821e-05
0.020235896477251564 0.9147840011823873 4.958563337045073e-05
0.02442053094548651 0.9488208466181423 3.6116994038085254e-05
0.029470517025518096 0.9723295356861993 2.333609583304786e-05
0.03556480306223128 0.9868122868547567 1.3134721556597515e-05
0.04291934260128776 0.9946084934788749 6.37818910317542e-06
0.0517947467923121 0.998160702735218 2.4824734630358163e-06
0.0625055192527397 0.9994973089703147 7.573297270731284e-07
0.07543120063354615 0.999895612059136 1.8840230887268272e-07
0.09102981779915217 0.999984253446495 3.230237513836772e-08
0.10985411419875583 0.9999983962217408 3.82813112092078e-09
0.13257113655901082 0.9999998967792688 2.70642992267139e-10
0.15998587196060574 0.9999999962465687 1.107040472266882e-11
0.19306977288832497 0.9999999999310694 2.3496662318289284e-13
0.2329951810515372 0.9999999999994461 2.163452402023396e-15
0.2811768697974228 0.9999999999999986 6.504618483313469e-18
0.3393221771895326 1.0 1.1102230246251566e-20
0.4094915062380423 1.0 0.0
0.49417133613238334 1.0 0.0
0.5963623316594643 1.0 0.0
0.7196856730011514 1.0 0.0
0.868511373751352 1.0 0.0
1.0481131341546852 1.0 0.0
1.2648552168552958 1.0 0.0
1.5264179671752318 1.0 0.0
1.8420699693267144 1.0 0.0
2.2229964825261934 1.0 0.0
2.6826957952797246 1.0 0.0
3.2374575428176433 1.0 0.0
3.906939937054613 1.0 0.0
4.714866363457389 1.0 0.0
5.689866029018293 1.0 0.0
6.866488450042998 1.0 0.0
8.286427728546842 1.0 0.0
10.0 1.0 0.0
