0.001 0.0009408436617238758 8.741419794028772e-07
0.0012067926406393288 0.0016037718674442637 1.6779423672902974e-06
0.0014563484775012444 0.0027067579982680036 2.4519660040595052e-06
0.0017575106248547913 0.004553482174396383 4.522234086503641e-06
0.0021209508879201904 0.007581734142646756 6.586987112308107e-06
0.002559547922699536 0.012483312595990413 1.1078704897338409e-05
0.0030888435964774815 0.020297987644957077 1.708728182767092e-05
0.003727593720314938 0.032515428459129234 2.6841566389784506e-05
0.004498432668969444 0.05112438848859321 4.096315592327225e-05
0.005428675439323859 0.07864020179898984 5.719276598208103e-05
0.006551285568595509 0.11830866861345606 7.631693532048081e-05
0.0079060432109077 0.1731190002087827 0.00010547088482387262
0.009540954763499945 0.24532259172885215 0.00013947759416230775
0.01151395399326447 0.33527406210062183 0.00015972953049724078
0.013894954943731374 0.4406779079528529 0.00017578953523411436
0.016768329368110076 0.555735667438375 0.00018192383934294675
0.020235896477251564 0.6712281799979429 0.0001763554112510437
0.02442053094548651 0.7764173739169764 0.00014743578571102528
0.029470517025518096 0.8620187219923764 0.00010639934412579368
0.03556480306223128 0.9246387926582531 7.093033292924658e-05
0.04291934260128776 0.9641875516495806 4.106292755353023e-05
0.0517947467923121 0.9854336677375227 1.8939468905871474e-05
0.0625055192527397 0.9951420389485742 7.5396159541526165e-06
0.07543120063354615 0.9987086565822215 2.2895880224314274e-06
0.09102981779915217 0.9997384927771357 5.298741123780988e-07
0.10985411419875583 0.9999620324482763 8.818561930326262e-08
0.13257113655901082 0.9999962851570088 9.839864615804757e-09
0.15998587196060574 0.9999997731129228 6.374250763982988e-10
0.19306977288832497 0.9999999923001286 2.5230037205129352e-11
0.2329951810515372 0.9999999998683372 4.3954124139905857e-13
0.2811768697974228 0.9999999999990343 3.46052906957674e-15
0.3393221771895326 0.9999999999999974 9.528475768696317e-18
0.4094915062380423 1.0 0.0
0.49417133613238334 1.0 0.0
0.5963623316594643 1.0 0.0
0.7196856730011514 1.0 0.0
0.868511373751352 1.0 0.0
1.0481131341546852 1.0 0.0
1.2648552168552958 1.0 0.0
1.5264179671752318 1.0 0.0
1.8420699693267144 1.0 0.0
2.2229964825261934 1.0 0.0
2.6826957952797246 1.0 0.0
3.2374575428176433 1.0 0.0
3.906939937054613 1.0 0.0
4.714866363457389 1.0 0.0
5.689866029018293 1.0 0.0
6.866488450042998 1.0 0.0
8.286427728546842 1.0 0.0
10.0 1.0 0.0
