0.001 0.001513959300950992 1.411626526398251e-06
0.0012067926406393288 0.0025623541031240494 2.049079720943639e-06
0.0014563484775012444 0.0043050031927219495 3.4823429682654962e-06
0.0017575106248547913 0.007167860600053128 5.160891729702535e-06
0.0021209508879201904 0.011824850898945765 8.601539413054762e-06
0.002559547922699536 0.01925435336167953 1.3504039015647627e-05
0.0030888435964774815 0.03085168310854108 2.0955067582343803e-05
0.003727593720314938 0.04875165480727259 3.59149512847113e-05
0.004498432668969444 0.07511424743116342 4.431575821818223e-05
0.005428675439323859 0.11329514177462033 6.461298716894881e-05
0.006551285568595509 0.16648406186614284 8.851680797605678e-05
0.0079060432109077 0.23640734817430434 0.00011630442024116595
0.009540954763499945 0.32491758401756904 0.0001491233621161491
0.01151395399326447 0.4288171441528287 0.0001523797921216116
0.013894954943731374 0.5432435192920635 0.00015970703226466114
0.016768329368110076 0.6587485716272424 0.00014618525870090695
0.020235896477251564 0.7655862805593519 0.00012627104671470707
0.02442053094548651 0.8542236544367777 9.850304470410145e-05
0.029470517025518096 0.9192803011808969 6.657922770748518e-05
0.03556480306223128 0.9609614270692558 3.849249797604968e-05
0.04291934260128776 0.983913743203788 1.8957015394784675e-05
0.0517947467923121 0.9944924356043825 7.42458990108561e-06
0.0625055192527397 0.998492702077535 2.2701040476301803e-06
0.07543120063354615 0.9996868699315639 5.65112915693988e-07
0.09102981779915217 0.9999527611146456 9.690475738774262e-08
0.10985411419875583 0.9999951886733776 1.1484365617198416e-08
0.13257113655901082 0.9999996903378394 8.11928839157383e-10
0.15998587196060574 0.9999999887397053 3.3211214087584756e-11
0.19306977288832497 0.9999999997932096 7.048998694676308e-13
0.2329951810515372 0.9999999999983383 6.490357206070187e-15
0.2811768697974228 0.9999999999999952 1.8562012616714077e-17
0.3393221771895326 1.0 3.3306690738754693e-20
0.4094915062380423 1.0 0.0
0.49417133613238334 1.0 0.0
0.5963623316594643 1.0 0.0
0.7196856730011514 1.0 0.0
0.868511373751352 1.0 0.0
1.0481131341546852 1.0 0.0
1.2648552168552958 1.0 0.0
1.5264179671752318 1.0 0.0
1.8420699693267144 1.0 0.0
2.2229964825261934 1.0 0.0
2.6826957952797246 1.0 0.0
3.2374575428176433 1.0 0.0
3.906939937054613 1.0 0.0
4.714866363457389 1.0 0.0
5.689866029018293 1.0 0.0
6.866488450042998 1.0 0.0
8.286427728546842 1.0 0.0
10.0 1.0 0.0
