0.001 0.001180079646335 1.2245803338338766e-06
0.0012067926406393288 0.002006234167353851 1.6933832045249226e-06
0.0014563484775012444 0.003381903372368523 2.7928041081389725e-06
0.0017575106248547913 0.0056668743193001424 4.58075306925153e-06
0.0021209508879201904 0.00939213104214844 7.748363672730827e-06
0.002559547922699536 0.015374884510889301 1.2129119353713558e-05
0.0030888435964774815 0.024822515005120675 2.164475371974051e-05
0.003727593720314938 0.039463239411320676 2.786536736307963e-05
0.004498432668969444 0.061628324334094875 4.270467701147894e-05
0.005428675439323859 0.09399967627833869 6.5010742262138e-05
0.006551285568595509 0.1396176616568143 8.200567832273895e-05
0.0079060432109077 0.2017832330583908 0.00010993241381813856
0.009540954763499945 0.28142341572905494 0.00013530264569797546
0.01151395399326447 0.3786773258469842 0.00016403108988643865
0.013894954943731374 0.489281373687877 0.00017588726816632203
0.016768329368110076 0.6057891285466143 0.0001700023664899397
0.020235896477251564 0.7179435741484606 0.000151574722517551
0.02442053094548651 0.8158825709394838 0.00012473985561419095
0.029470517025518096 0.8919587079406368 8.657598142691873e-05
0.03556480306223128 0.9441401156376577 5.393406406309141e-05
0.04291934260128776 0.9751068624382456 2.8225118775633736e-05
0.0517947467923121 0.9906941529891705 1.2554154900230696e-05
0.0625055192527397 0.9971644701946294 4.4843524343035536e-06
0.07543120063354615 0.9993245395491951 1.209452085905645e-06
0.09102981779915217 0.999880753648489 2.4615914426313814e-07
0.10985411419875583 0.9999851741775566 3.38822802651303e-08
0.13257113655901082 0.9999988086785508 3.0991668001967064e-09
0.15998587196060574 0.9999999428934953 1.777173693490729e-10
0.19306977288832497 0.9999999985112671 2.2763358236445772e-11
0.2329951810515372 0.999999999982227 5.899182849711736e-14
0.2811768697974228 0.9999999999999136 3.0853550529569036e-16
0.3393221771895326 1.0 2.8159423310267666e-18
0.4094915062380423 1.0 0.0
0.49417133613238334 1.0 0.0
0.5963623316594643 1.0 0.0
0.7196856730011514 1.0 0.0
0.868511373751352 1.0 0.0
1.0481131341546852 1.0 0.0
1.2648552168552958 1.0 0.0
1.5264179671752318 1.0 0.0
1.8420699693267144 1.0 0.0
2.2229964825261934 1.0 0.0
2.6826957952797246 1.0 0.0
3.2374575428176433 1.0 0.0
3.906939937054613 1.0 0.0
4.714866363457389 1.0 0.0
5.689866029018293 1.0 0.0
6.866488450042998 1.0 0.0
8.286427728546842 1.0 0.0
10.0 1.0 0.0
