0.001 0.0019784417273225456 1.434650852960372e-06
0.0012067926406393288 0.003345798497927196 2.589393979744643e-06
0.0014563484775012444 0.005592261741612047 4.119968819836681e-06
0.0017575106248547913 0.009271138403919259 6.193358561132664e-06
0.0021209508879201904 0.015176013854602618 9.90545278342385e-06
0.002559547922699536 0.024562917014565165 1.5748445861374228e-05
0.0030888435964774815 0.03904869409352922 2.3631492537200225e-05
0.003727593720314938 0.06098562338872177 3.551664402283951e-05
0.004498432668969444 0.09297801696398801 5.14079197286627e-05
0.005428675439323859 0.13832921451385935 6.857263398098078e-05
0.006551285568595509 0.19981344406222828 9.419431038585779e-05
0.0079060432109077 0.279301224504854 0.0001145546757559209
0.009540954763499945 0.37623118855994364 0.00013377645170654974
0.01151395399326447 0.48631816960640006 0.00014086731410826902
0.013894954943731374 0.6025917628391989 0.0001384606534781862
0.016768329368110076 0.7152918168500993 0.0001280655742359963
0.020235896477251564 0.8136719879143042 0.00010359648760864376
0.02442053094548651 0.8905734040220992 7.691228857055536e-05
0.029470517025518096 0.9432396676901295 4.6448116061089714e-05
0.03556480306223128 0.9746360208642927 2.5292496380259312e-05
0.04291934260128776 0.9904540815256191 1.1026880139341021e-05
0.0517947467923121 0.9970763288163526 3.881067417839971e-06
0.0625055192527397 0.9993026118445323 1.0986022433018653e-06
0.07543120063354615 0.9998755194733369 2.2035077923390778e-07
0.09102981779915217 0.9999845123712048 3.216755654940622e-08
0.10985411419875583 0.9999987463798936 2.9362180714949523e-09
0.13257113655901082 0.9999999393611141 1.601117712813948e-10
0.15998587196060574 0.9999999984210797 4.5061444495443e-12
0.19306977288832497 0.9999999999808113 6.089583933494059e-14
0.2329951810515372 0.9999999999999054 3.244659415993989e-16
0.2811768697974228 1.0 2.7922053889197356e-18
0.3393221771895326 1.0 0.0
0.4094915062380423 1.0 0.0
0.49417133613238334 1.0 0.0
0.5963623316594643 1.0 0.0
0.7196856730011514 1.0 0.0
0.868511373751352 1.0 0.0
1.0481131341546852 1.0 0.0
1.2648552168552958 1.0 0.0
1.5264179671752318 1.0 0.0
1.8420699693267144 1.0 0.0
2.2229964825261934 1.0 0.0
2.6826957952797246 1.0 0.0
3.2374575428176433 1.0 0.0
3.906939937054613 1.0 0.0
4.714866363457389 1.0 0.0
5.689866029018293 1.0 0.0
6.866488450042998 1.0 0.0
8.286427728546842 1.0 0.0
10.0 1.0 0.0
