0.001 0.0026638238686646017 1.864984220220409e-06
0.0012067926406393288 0.004473130258687025 2.782960522739155e-06
0.0014563484775012444 0.0074463233005237425 4.5260942918247216e-06
0.0017575106248547913 0.012254003404956323 6.9072419993597985e-06
0.0021209508879201904 0.01997351339740438 1.1748791891729565e-05
0.002559547922699536 0.0319629551540914 1.8610331706095625e-05
0.0030888435964774815 0.05030557033087678 2.6748616588480396e-05
0.003727593720314938 0.07755032267702577 3.8217380303951894e-05
0.004498432668969444 0.11680293505995608 5.338700712450676e-05
0.005428675439323859 0.1710524316913155 7.425063154425465e-05
0.006551285568595509 0.24244300277763536 9.458500285867692e-05
0.0079060432109077 0.33202008886430423 0.00011284898403510095
0.009540954763499945 0.43704917927255127 0.0001239482472546935
0.01151395399326447 0.5521189971244891 0.00013088857789582298
0.013894954943731374 0.667683155493138 0.00012872147890557865
0.016768329368110076 0.7732787383656274 0.00010413604332854024
0.020235896477251564 0.8601936856102328 8.069350064770482e-05
0.02442053094548651 0.9231932798325484 5.3261918325085724e-05
0.029470517025518096 0.9633067633508293 3.070890504124714e-05
0.03556480306223128 0.9850951081226862 1.4947489271624117e-05
0.04291934260128776 0.9949955103546546 5.9344905613211285e-06
0.0517947467923121 0.998658935065138 1.804387084806913e-06
0.0625055192527397 0.9997273533091875 4.281023133280717e-07
0.07543120063354615 0.9999600638702842 7.227474492896042e-08
0.09102981779915217 0.9999960545260156 8.055608204599664e-09
0.10985411419875583 0.9999997585338412 5.542512833332576e-10
0.13257113655901082 0.9999999917098552 2.1700541121292416e-11
0.15998587196060574 0.9999999998578769 4.0921173526033985e-13
0.19306977288832497 0.9999999999989408 3.2797286642179048e-15
0.2329951810515372 0.9999999999999971 9.551790097644926e-18
0.2811768697974228 1.0 0.0
0.3393221771895326 1.0 0.0
0.4094915062380423 1.0 0.0
0.49417133613238334 1.0 0.0
0.5963623316594643 1.0 0.0
0.7196856730011514 1.0 0.0
0.868511373751352 1.0 0.0
1.0481131341546852 1.0 0.0
1.2648552168552958 1.0 0.0
1.5264179671752318 1.0 0.0
1.8420699693267144 1.0 0.0
2.2229964825261934 1.0 0.0
2.6826957952797246 1.0 0.0
3.2374575428176433 1.0 0.0
3.906939937054613 1.0 0.0
4.714866363457389 1.0 0.0
5.689866029018293 1.0 0.0
6.866488450042998 1.0 0.0
8.286427728546842 1.0 0.0
10.0 1.0 0.0
