0.001 0.06161030971557305 0.00010431911472703216
0.0012067926406393288 0.08491732519969926 0.00013871901887128023
0.0014563484775012444 0.11593034938867308 0.0001835617688470484
0.0017575106248547913 0.15608736906001305 0.00023442987626561375
0.0021209508879201904 0.20707099877329369 0.0002918855604262755
0.002559547922699536 0.27004998032773936 0.0003574919688844138
0.0030888435964774815 0.3459059405358518 0.00041251125126052384
0.003727593720314938 0.43255455580476876 0.00045794673357931533
0.004498432668969444 0.5282635777246946 0.0004938298847818299
0.005428675439323859 0.6279096156675742 0.0004912355738300858
0.006551285568595509 0.7234470192772162 0.0004510161919086978
0.0079060432109077 0.811071919841633 0.0003852804536834145
0.009540954763499945 0.8813417032099876 0.00029103980074251926
0.01151395399326447 0.9337661670137685 0.00019527837936890232
0.013894954943731374 0.9677836463047104 0.0001147548365774184
0.016768329368110076 0.9865184836409833 5.7185854467432e-05
0.020235896477251564 0.9953575891967188 2.3272038023209462e-05
0.02442053094548651 0.9987136424529752 7.460981670118882e-06
0.029470517025518096 0.9997283527766796 1.8680253951265565e-06
0.03556480306223128 0.9999574226381892 3.434451704430819e-07
0.04291934260128776 0.9999954157004609 4.4737592859212397e-08
0.0517947467923121 0.9999996818826714 3.722577318875102e-09
0.0625055192527397 0.9999999871161522 1.832905728817693e-10
0.07543120063354615 0.9999999997089531 4.9200422839434536e-12
0.09102981779915217 0.9999999999970433 6.134779288913968e-14
0.10985411419875583 0.9999999999999869 3.0719370584156267e-16
0.13257113655901082 1.0 1.4502759697883444e-18
0.15998587196060574 1.0 1.6737509640523342e-18
0.19306977288832497 1.0 1.7323748746446847e-18
0.2329951810515372 1.0 1.447042730984826e-18
0.2811768697974228 1.0 0.0
0.3393221771895326 1.0 0.0
0.4094915062380423 1.0 0.0
0.49417133613238334 1.0 0.0
0.5963623316594643 1.0 0.0
0.7196856730011514 1.0 0.0
0.868511373751352 1.0 0.0
1.0481131341546852 1.0 0.0
1.2648552168552958 1.0 0.0
1.5264179671752318 1.0 0.0
1.8420699693267144 1.0 0.0
2.2229964825261934 1.0 0.0
2.6826957952797246 1.0 0.0
3.2374575428176433 1.0 0.0
3.906939937054613 1.0 0.0
4.714866363457389 1.0 0.0
5.689866029018293 1.0 0.0
6.866488450042998 1.0 0.0
8.286427728546842 1.0 0.0
10.0 1.0 0.0
