0.001 0.0022576356249540625 7.463825036086808e-06
0.0012067926406393288 0.003783330712132857 1.2315148146686862e-05
0.0014563484775012444 0.006315826701358143 2.012396851454659e-05
0.0017575106248547913 0.010435882706256115 3.2277310980287904e-05
0.0021209508879201904 0.016993325337137342 5.135519767397409e-05
0.002559547922699536 0.027408541560075123 7.993569704218864e-05
0.0030888435964774815 0.04345409904677934 0.00012129715272057967
0.003727593720314938 0.06709551363273518 0.00017816483281554322
0.004498432668969444 0.10142103208317697 0.00024681083476681733
0.005428675439323859 0.14929788042378875 0.0003360817420984217
0.006551285568595509 0.21509832049297611 0.0004455845391826092
0.0079060432109077 0.2959563581376773 0.0005351691934499364
0.009540954763499945 0.3952555779623843 0.0006239183270241144
0.01151395399326447 0.5056308680482181 0.0006610569862283173
0.013894954943731374 0.6202237127042376 0.0006489283192471584
0.016768329368110076 0.7304994779002395 0.0005765056374060884
0.020235896477251564 0.8236754295253148 0.0004596178676891559
0.02442053094548651 0.8968317243947403 0.0003248806111169318
0.029470517025518096 0.9469031309149921 0.00020161408483908088
0.03556480306223128 0.9760324254873983 0.00010679903282395948
0.04291934260128776 0.990751674876782 4.7471074313694345e-05
0.0517947467923121 0.9971040439991701 1.7280697056082784e-05
0.0625055192527397 0.9992770341652815 5.212460544002753e-06
0.07543120063354615 0.9998624167417747 1.1424361834435521e-06
0.09102981779915217 0.9999812795880998 1.877543406170382e-07
0.10985411419875583 0.9999982727374948 2.065304468420586e-08
0.13257113655901082 0.9999998989027404 1.462725091963378e-09
0.15998587196060574 0.9999999966531341 5.896060949497523e-11
0.19306977288832497 0.9999999999407275 1.259070316142478e-12
0.2329951810515372 0.9999999999995085 1.1924131630236062e-14
0.2811768697974228 0.9999999999999983 4.2171623936028316e-17
0.3393221771895326 1.0 3.3306690738754693e-20
0.4094915062380423 1.0 0.0
0.49417133613238334 1.0 0.0
0.5963623316594643 1.0 0.0
0.7196856730011514 1.0 0.0
0.868511373751352 1.0 0.0
1.0481131341546852 1.0 0.0
1.2648552168552958 1.0 0.0
1.5264179671752318 1.0 0.0
1.8420699693267144 1.0 0.0
2.2229964825261934 1.0 0.0
2.6826957952797246 1.0 0.0
3.2374575428176433 1.0 0.0
3.906939937054613 1.0 0.0
4.714866363457389 1.0 0.0
5.689866029018293 1.0 0.0
6.866488450042998 1.0 0.0
8.286427728546842 1.0 0.0
10.0 1.0 0.0
