0.001 0.018676618114517044 0.00019833663598319907
0.0012067926406393288 0.026339376401743025 0.00027811059500499566
0.0014563484775012444 0.03581807826749037 0.00037375942828165866
0.0017575106248547913 0.049690799094590975 0.0005079597494836729
0.0021209508879201904 0.06726717618741276 0.0006696749682049504
0.002559547922699536 0.09088874148496467 0.0008727926966088501
0.0030888435964774815 0.1196098604588832 0.0011269030543704607
0.003727593720314938 0.15660872472674414 0.0014124147298551673
0.004498432668969444 0.20409500428227692 0.0017344644368215802
0.005428675439323859 0.25205422782930953 0.0020479416229528796
0.006551285568595509 0.3103348441695436 0.0023596920275061922
0.0079060432109077 0.3735045431353633 0.0026798076037941
0.009540954763499945 0.4398651635844546 0.0029492840961580836
0.01151395399326447 0.5103464959241988 0.003123914296715229
0.013894954943731374 0.5639627370673792 0.0032666839935175385
0.016768329368110076 0.6267218527338712 0.00330020729995826
0.020235896477251564 0.6819916000980473 0.0032625683501196177
0.02442053094548651 0.7317963317862259 0.0032102719860437113
0.029470517025518096 0.7733221200745558 0.0030667521033205963
0.03556480306223128 0.808951597084967 0.0029501834821636574
0.04291934260128776 0.8404905755241354 0.0028036780682717845
0.0517947467923121 0.8642447537946301 0.0026494026939695514
0.0625055192527397 0.8868704132534376 0.002455729061857351
0.07543120063354615 0.905909704867687 0.0022962893706483865
0.09102981779915217 0.9208567240313176 0.002129388468565291
0.10985411419875583 0.9295922445020031 0.0020427271765025732
0.13257113655901082 0.9409858689349763 0.0019229236310481295
0.15998587196060574 0.9500920017716215 0.0017784515504719468
0.19306977288832497 0.9578948482547909 0.0016324920965236174
0.2329951810515372 0.9655436578607527 0.001518923237825013
0.2811768697974228 0.9664289594747676 0.0014956401233031814
0.3393221771895326 0.974292801669596 0.0012954721238748266
0.4094915062380423 0.9756503459744225 0.0012790458551269002
0.49417133613238334 0.980861761241754 0.001141882772778437
0.5963623316594643 0.982424094897975 0.0010930384046598375
0.7196856730011514 0.9834038937101028 0.0010888460973467488
0.868511373751352 0.9857239360575503 0.0010179450125960164
1.0481131341546852 0.9865836581131103 0.0009903661844002144
1.2648552168552958 0.9909802657262058 0.0007994103874170453
1.5264179671752318 0.9909843826517144 0.0008274758437562332
1.8420699693267144 0.9902204542424772 0.0008810064767170877
2.2229964825261934 0.9922854426923382 0.0007727018463955312
2.6826957952797246 0.9940675651783458 0.0006827634582265891
3.2374575428176433 0.993483182046495 0.0007384847277479017
3.906939937054613 0.9942908114228661 0.0007078128399938781
4.714866363457389 0.9950472106870769 0.0006614251380902224
5.689866029018293 0.9959634268065325 0.0006043143334046409
6.866488450042998 0.9937781330145697 0.0007787688607137652
8.286427728546842 0.9947121086942267 0.0007198060118880505
10.0 0.995383317008552 0.0006766648325441335
