0.001 0.018394190891825712 0.00019909634423059865
0.0012067926406393288 0.026176492174629164 0.0002729472521561909
0.0014563484775012444 0.03468642243503968 0.00036729020979775983
0.0017575106248547913 0.048462048062347184 0.0004975257987976819
0.0021209508879201904 0.06685465797120826 0.0006690502931852399
0.002559547922699536 0.08803428315485735 0.0008618297265537576
0.0030888435964774815 0.11777369121344118 0.0011095087788927228
0.003727593720314938 0.15292195792597327 0.0013979675953647921
0.004498432668969444 0.19850904215122955 0.0017123292831576474
0.005428675439323859 0.2451329476664756 0.0020345621975567637
0.006551285568595509 0.30317920928882214 0.0023663918930064533
0.0079060432109077 0.36779907422747316 0.002675228551482473
0.009540954763499945 0.4335741112124436 0.0029429518703430555
0.01151395399326447 0.5007458156030931 0.0031276660218741374
0.013894954943731374 0.560012137178634 0.0032501687991954692
0.016768329368110076 0.6228114309530693 0.003329419975289635
0.020235896477251564 0.6743960237376515 0.0033379705073271516
0.02442053094548651 0.7300373901613558 0.003213849777200041
0.029470517025518096 0.7679021200981136 0.0031209413230564743
0.03556480306223128 0.8001582789399605 0.0029932784225510972
0.04291934260128776 0.8363331751918935 0.0028199228454270165
0.0517947467923121 0.8585161950335514 0.00271353168531068
0.0625055192527397 0.8806834192283052 0.0025325046172100267
0.07543120063354615 0.8984221722996408 0.0023856201273750335
0.09102981779915217 0.914782820724918 0.0022144521448121293
0.10985411419875583 0.9290810122976951 0.0020624280963126708
0.13257113655901082 0.9380629723724665 0.0019488820594849446
0.15998587196060574 0.9450856850903058 0.0018715676089502767
0.19306977288832497 0.9559116547098411 0.0016897464045096304
0.2329951810515372 0.9626823188999478 0.0015635341190474584
0.2811768697974228 0.9649813387307424 0.0015159343052434388
0.3393221771895326 0.9707122992583459 0.0014179024380120433
0.4094915062380423 0.9752207901680944 0.0012898722446958095
0.49417133613238334 0.9799876926040367 0.001169695881183468
0.5963623316594643 0.9809792237911381 0.0011649935199166193
0.7196856730011514 0.9831200517335659 0.0010939897696717255
0.868511373751352 0.9857294024407817 0.0010231296283765123
1.0481131341546852 0.9869167768557776 0.0009676862675011139
1.2648552168552958 0.9875192599170612 0.0009739963797417771
1.5264179671752318 0.9899830856938637 0.0008562482693967354
1.8420699693267144 0.9904114103968542 0.0008627674402653143
2.2229964825261934 0.9927886882489789 0.0007369565690244109
2.6826957952797246 0.9929351451302134 0.0007396044712738328
3.2374575428176433 0.9920114039732273 0.0007944106090707199
3.906939937054613 0.993700836862851 0.0007126165030092298
4.714866363457389 0.9931341332925704 0.000776741583103653
5.689866029018293 0.9940804384298549 0.0007326426492906778
6.866488450042998 0.9930287386737328 0.000812341771001358
8.286427728546842 0.9960626869073187 0.0006102409836949176
10.0 0.9956386302951232 0.0006543555290082702
