0.001 0.0007773388892765593 1.1816334413993037e-05
0.0012067926406393288 0.0013009315250878501 1.938499880408422e-05
0.0014563484775012444 0.002177482621922163 3.240871838877624e-05
0.0017575106248547913 0.0035738123338303197 5.213960707136506e-05
0.0021209508879201904 0.006031640180720972 8.561010682906002e-05
0.002559547922699536 0.009629048486016843 0.00013280484864546823
0.0030888435964774815 0.014884617887141547 0.00020279358365226695
0.003727593720314938 0.023537251322243817 0.0003082817038187283
0.004498432668969444 0.03658782327975176 0.0004652818663837358
0.005428675439323859 0.05361382321357346 0.0006581491137372668
0.006551285568595509 0.07938462868976842 0.0009259927005660918
0.0079060432109077 0.11188879679160287 0.0012320638983350312
0.009540954763499945 0.15505785578360937 0.0016253467354059312
0.01151395399326447 0.20602922275235247 0.0020080707100756756
0.013894954943731374 0.2731883986026439 0.0024383125055430412
0.016768329368110076 0.33561677943337453 0.0027833908243384674
0.020235896477251564 0.4056427824521476 0.0030980350728283586
0.02442053094548651 0.47640264239396035 0.003312067703181978
0.029470517025518096 0.5398972840337678 0.003476068198402139
0.03556480306223128 0.6102204227143491 0.003516041520908661
0.04291934260128776 0.6690045925972065 0.003472658632345554
0.0517947467923121 0.7194245048547999 0.003403990305516514
0.0625055192527397 0.7538729117399479 0.003303489474019186
0.07543120063354615 0.7931571274410435 0.003161446643778816
0.09102981779915217 0.8339935708448498 0.002956753000851363
0.10985411419875583 0.854951800792087 0.0028183905219669185
0.13257113655901082 0.880153479270264 0.0025969321605373574
0.15998587196060574 0.8991285619188009 0.002463913201291955
0.19306977288832497 0.9139878003985372 0.002308265633461629
0.2329951810515372 0.9271296639572584 0.0021468934693735387
0.2811768697974228 0.933661931278324 0.002073111645728937
0.3393221771895326 0.946027098570411 0.0018943767956600451
0.4094915062380423 0.954787985908772 0.0017536539142396898
0.49417133613238334 0.960818985608474 0.0016469656173842223
0.5963623316594643 0.9660245752530664 0.0015354190275768526
0.7196856730011514 0.970589557082646 0.00145751323415766
0.868511373751352 0.97358846083787 0.0013825008415952187
1.0481131341546852 0.9766623342033035 0.0013146997552724228
1.2648552168552958 0.9819306184612742 0.00116582333852688
1.5264179671752318 0.9852235998704922 0.00102677194661236
1.8420699693267144 0.9832239404048588 0.001122251125496435
2.2229964825261934 0.9876870020702474 0.0009561591193980433
2.6826957952797246 0.9872340473381708 0.0009897289803791627
3.2374575428176433 0.98837610095919 0.0009660535335797023
3.906939937054613 0.9906047070178243 0.0008626757868682786
4.714866363457389 0.9917629080637856 0.0007917800166444554
5.689866029018293 0.9929758625425755 0.0007457019664455172
6.866488450042998 0.993982913606619 0.0007033832970598165
8.286427728546842 0.9947837276261267 0.000674816887756486
10.0 0.9946027690998077 0.000681084926593643
