0.001 0.0007813318752953888 1.1545420243353317e-05
0.0012067926406393288 0.0013417152594464071 1.990390308271626e-05
0.0014563484775012444 0.0021798073836969017 3.2122701556093914e-05
0.0017575106248547913 0.0036643376544654386 5.3069381502687666e-05
0.0021209508879201904 0.00594514972250048 8.462884355474798e-05
0.002559547922699536 0.009651011446263024 0.00013335948081512634
0.0030888435964774815 0.015334941884034425 0.00021007678207167566
0.003727593720314938 0.0240808101571672 0.00031745729302637285
0.004498432668969444 0.037695117639426595 0.00047113910374163695
0.005428675439323859 0.05498119537972811 0.0006692329718976057
0.006551285568595509 0.07987743108815734 0.0009224332662869554
0.0079060432109077 0.1140066534903729 0.001249191188868128
0.009540954763499945 0.1576847280379263 0.0016226812342206873
0.01151395399326447 0.2119496719902705 0.002014831970460185
0.013894954943731374 0.2669928159858612 0.002417424948186378
0.016768329368110076 0.33544955446427593 0.002782575666730975
0.020235896477251564 0.40624199517646764 0.00308945059070483
0.02442053094548651 0.48293066736509244 0.0033378688561113722
0.029470517025518096 0.5457745354985375 0.00342999335687038
0.03556480306223128 0.6143751416132218 0.0035091521246126815
0.04291934260128776 0.671975955049189 0.003448467817832658
0.0517947467923121 0.7213514169374167 0.0033909884856164925
0.0625055192527397 0.7665569845082529 0.0032653917759625185
0.07543120063354615 0.8050916923695977 0.0030875282618092097
0.09102981779915217 0.8362400447211606 0.002923617645932251
0.10985411419875583 0.8575400216430445 0.0028035237566153685
0.13257113655901082 0.8854213760949348 0.002606419181579223
0.15998587196060574 0.9008589661076367 0.0024304162932510223
0.19306977288832497 0.9153199714719623 0.00226843842060348
0.2329951810515372 0.9338970740234749 0.002057143401866414
0.2811768697974228 0.9366891049568898 0.002038681047940108
0.3393221771895326 0.9500574499258022 0.0018182467909323343
0.4094915062380423 0.9545919478121301 0.0017616094161754547
0.49417133613238334 0.9629508644647669 0.0015719610404499387
0.5963623316594643 0.9669013160820141 0.0015113127817751473
0.7196856730011514 0.9707397677635681 0.0014496358647030556
0.868511373751352 0.9753826293256476 0.0013420366101932239
1.0481131341546852 0.9769001713474019 0.0013004869490403708
1.2648552168552958 0.9838781718150791 0.0010843236607347968
1.5264179671752318 0.9848456833809076 0.001060802908867355
1.8420699693267144 0.9849129405138763 0.0010858389101162432
2.2229964825261934 0.9869235431502499 0.0009794577443465796
2.6826957952797246 0.9901711848572059 0.0008574782103445199
3.2374575428176433 0.9902513533517453 0.0008776449632571102
3.906939937054613 0.9916904452536243 0.0008082470683346871
4.714866363457389 0.9925530904834746 0.000753704329102059
5.689866029018293 0.9939397916946542 0.0006742051952849653
6.866488450042998 0.9926867646881008 0.0007978407378744125
8.286427728546842 0.9938199010834684 0.0007332926979330168
10.0 0.9949415385908867 0.0006798574406919992
