0.001 0.11687892384815234 8.04647920502225e-05
0.0012067926406393288 0.15734694771337163 0.00010492616350819638
0.0014563484775012444 0.209239402512192 0.00013360096873413357
0.0017575106248547913 0.2729018102548855 0.0001527617769752306
0.0021209508879201904 0.3494616161503462 0.00019715889021476978
0.002559547922699536 0.4371981644526171 0.00024800660697398116
0.0030888435964774815 0.5337943735422543 0.0002552345922592153
0.003727593720314938 0.6334417678336793 0.0003177885262969979
0.004498432668969444 0.730428594136801 0.0003013508012936667
0.005428675439323859 0.8163710335320724 0.0003337285076579077
0.006551285568595509 0.8866568430630214 0.00032836866693649214
0.0079060432109077 0.9376956032829823 0.00026303817552644743
0.009540954763499945 0.9696859402638128 0.00029027923350819423
0.01151395399326447 0.9873398574641536 0.00024332043207527085
0.013894954943731374 0.9948943277610004 0.00026020151433386385
0.016768329368110076 0.9986037993328124 0.00013250838496186313
0.020235896477251564 0.999355761571938 0.0001217538453535692
0.02442053094548651 0.9995354143554214 0.00010080062262648756
0.029470517025518096 0.9997572847384517 6.013071964510083e-05
0.03556480306223128 0.9998894230979266 3.0077714213610376e-05
0.04291934260128776 0.9999380248911097 1.657072806378493e-05
0.0517947467923121 0.999959524090334 9.331036126870344e-06
0.0625055192527397 0.9999825731751886 3.7900398349278276e-06
0.07543120063354615 0.9999959374393614 9.848009280778274e-07
0.09102981779915217 0.9999994242848048 1.7799341911666024e-07
0.10985411419875583 0.9999997884379392 4.9689025862640383e-08
0.13257113655901082 0.9999999866814789 3.4887121862601135e-09
0.15998587196060574 0.9999999989478227 3.124011507187251e-10
0.19306977288832497 0.9999999999224115 1.5902832767730765e-11
0.2329951810515372 0.9999999999989843 3.5373591136187776e-13
0.2811768697974228 0.9999999999999826 6.040876250148569e-15
0.3393221771895326 1.0 2.5100892879595024e-17
0.4094915062380423 1.0 7.021666937153402e-20
0.49417133613238334 1.0 4.4408920985006264e-20
0.5963623316594643 1.0 3.845925372767128e-20
0.7196856730011514 1.0 8.30814836211045e-20
0.868511373751352 1.0 0.0
1.0481131341546852 1.0 0.0
1.2648552168552958 1.0 0.0
1.5264179671752318 1.0 0.0
1.8420699693267144 1.0 0.0
2.2229964825261934 1.0 0.0
2.6826957952797246 1.0 0.0
3.2374575428176433 1.0 0.0
3.906939937054613 1.0 0.0
4.714866363457389 1.0 0.0
5.689866029018293 1.0 0.0
6.866488450042998 1.0 0.0
8.286427728546842 1.0 0.0
10.0 1.0 0.0
