0.001 0.21297813573749136 9.470041173294364e-05
0.0012067926406393288 0.25113577885341243 0.00010561502062241625
0.0014563484775012444 0.2944736228276115 0.00011511053833471906
0.0017575106248547913 0.34333617691233953 0.00015875847487159612
0.0021209508879201904 0.3981229732965663 0.000151332208748894
0.002559547922699536 0.4581247968258789 0.00018394285591678394
0.0030888435964774815 0.5227273704839224 0.00018572991858578498
0.003727593720314938 0.5901522464212893 0.00022677216982963273
0.004498432668969444 0.6589007821880905 0.00024161239529200428
0.005428675439323859 0.7271053742527138 0.00021186262033446603
0.006551285568595509 0.7913469713410715 0.00022778572533936668
0.0079060432109077 0.8487960720973164 0.00022384182491856901
0.009540954763499945 0.8975306116702526 0.00022322102769748098
0.01151395399326447 0.9359373057701872 0.00019666253541375634
0.013894954943731374 0.9631243640144892 0.00022243851031938496
0.016768329368110076 0.9812960258592013 0.00017265747443468235
0.020235896477251564 0.9917190117993395 0.00012132626971205997
0.02442053094548651 0.9963643013632111 0.00015130638771180402
0.029470517025518096 0.9986522443859034 0.00010898583162460138
0.03556480306223128 0.9994728690781735 7.646299819173847e-05
0.04291934260128776 0.9996932694721752 5.9479504843719805e-05
0.0517947467923121 0.9998955700058606 2.8925994658327357e-05
0.0625055192527397 0.9999194808373786 2.0063457078823088e-05
0.07543120063354615 0.9999610446429633 1.046962902973549e-05
0.09102981779915217 0.999982345892853 4.932095417177682e-06
0.10985411419875583 0.9999945600124694 1.6446693817430585e-06
0.13257113655901082 0.99999677997678 7.641101863828717e-07
0.15998587196060574 0.9999990256284206 2.3126154444245754e-07
0.19306977288832497 0.9999997416764436 5.461045326737791e-08
0.2329951810515372 0.9999999641082914 7.648422207212223e-09
0.2811768697974228 0.9999999987647936 4.203901513603056e-10
0.3393221771895326 0.9999999998650201 4.047200830121649e-11
0.4094915062380423 0.9999999999925454 1.9445336275370264e-12
0.49417133613238334 0.9999999999998921 2.887356065560077e-14
0.5963623316594643 0.9999999999999992 3.1180656339851776e-16
0.7196856730011514 1.0 3.7812833677378424e-19
0.868511373751352 1.0 0.0
1.0481131341546852 1.0 0.0
1.2648552168552958 1.0 0.0
1.5264179671752318 1.0 0.0
1.8420699693267144 1.0 0.0
2.2229964825261934 1.0 0.0
2.6826957952797246 1.0 0.0
3.2374575428176433 1.0 0.0
3.906939937054613 1.0 0.0
4.714866363457389 1.0 0.0
5.689866029018293 1.0 0.0
6.866488450042998 1.0 0.0
8.286427728546842 1.0 0.0
10.0 1.0 0.0
