0.001 0.013496469864717267 0.00013953263266153332
0.0012067926406393288 0.019181488434777013 0.00019319990449412849
0.0014563484775012444 0.026858293027136822 0.00027082039791390155
0.0017575106248547913 0.03706371462433582 0.00036311477309193795
0.0021209508879201904 0.050370557096594895 0.0004895387366740739
0.002559547922699536 0.06978680389780688 0.000654657781665015
0.0030888435964774815 0.09434985531066142 0.0008710808394134631
0.003727593720314938 0.12305339139112803 0.0011095882160072604
0.004498432668969444 0.1631003115222079 0.0014019779568894921
0.005428675439323859 0.2072611238414415 0.0017097759992363091
0.006551285568595509 0.2577403535780876 0.002045392104263194
0.0079060432109077 0.3167756161509497 0.0023759336647822147
0.009540954763499945 0.38780785067786544 0.0026813820943031087
0.01151395399326447 0.4532620382292134 0.002946812173316189
0.013894954943731374 0.5168974825325479 0.003144220236842414
0.016768329368110076 0.577140235575782 0.0032727261271072983
0.020235896477251564 0.6410033076033522 0.0033013002041266722
0.02442053094548651 0.6935681415255268 0.003309796436476842
0.029470517025518096 0.7454693249125146 0.0031910606869130936
0.03556480306223128 0.7757924024344542 0.0031204619270441096
0.04291934260128776 0.816596880495042 0.0029316781909618666
0.0517947467923121 0.8477172825257778 0.002754153602337825
0.0625055192527397 0.8652988145269698 0.0026695389354926243
0.07543120063354615 0.8865014828386062 0.0024932518376331175
0.09102981779915217 0.9018485966069204 0.002357703845603243
0.10985411419875583 0.9205300633755763 0.0021490524111546917
0.13257113655901082 0.9322173067466252 0.0020172241696147335
0.15998587196060574 0.9413213348421857 0.00190609092237923
0.19306977288832497 0.9532629224476803 0.0017066259429642128
0.2329951810515372 0.9542584376448947 0.0017028346581249366
0.2811768697974228 0.9606572988739477 0.00161599335352839
0.3393221771895326 0.9681499951454698 0.0014624552956448928
0.4094915062380423 0.9733472194547681 0.0013330414829364758
0.49417133613238334 0.9754645768183622 0.0012909860392366992
0.5963623316594643 0.9777900612741954 0.0012451910533719747
0.7196856730011514 0.9818254746047822 0.0011240811861415348
0.868511373751352 0.9836252870469087 0.0010861274597070616
1.0481131341546852 0.9856515153532266 0.0009927689427442273
1.2648552168552958 0.9873932642477415 0.0009567382353744239
1.5264179671752318 0.9900563199337288 0.0008461322543050906
1.8420699693267144 0.9907301980555155 0.0008100661769172265
2.2229964825261934 0.9919437442812283 0.0007899157186266914
2.6826957952797246 0.9933633402481786 0.0006940548644690495
3.2374575428176433 0.9936350002308167 0.0007050809537504974
3.906939937054613 0.9945639766741984 0.0006360601288010997
4.714866363457389 0.994826054011387 0.0006277013356625947
5.689866029018293 0.9952923291261737 0.000584746810458456
6.866488450042998 0.9947224046524478 0.0006377668297576603
8.286427728546842 0.995298066154449 0.0006269553218465153
10.0 0.9970513630115382 0.0004943784025250508
