0.001 0.0004981892681756794 6.882385977602707e-06
0.0012067926406393288 0.0008088625706446649 1.1133431103773099e-05
0.0014563484775012444 0.0013767879020578943 1.8781805191928556e-05
0.0017575106248547913 0.002309524502075122 3.144299946203103e-05
0.0021209508879201904 0.0039395971105208654 5.187986083490959e-05
0.002559547922699536 0.006310117145746258 8.245703697709864e-05
0.0030888435964774815 0.010303722952612305 0.00013147809560636335
0.003727593720314938 0.016716417611764817 0.00020634046869834766
0.004498432668969444 0.02599393056481635 0.00031835430949074387
0.005428675439323859 0.03848532175500616 0.00045702032621188713
0.006551285568595509 0.05888238498623366 0.0006619895390218987
0.0079060432109077 0.08510358363140921 0.0009309472695153466
0.009540954763499945 0.12122665507905649 0.0012466874165062735
0.01151395399326447 0.16487669745981734 0.001631732419221875
0.013894954943731374 0.2226774763627836 0.0020326547043624447
0.016768329368110076 0.28499778302282264 0.002439082726190372
0.020235896477251564 0.3551365082990988 0.002811665567908841
0.02442053094548651 0.43540855601576606 0.0031076671909382987
0.029470517025518096 0.49995979550513686 0.0033236070137110775
0.03556480306223128 0.5728622474749372 0.0034588762554272944
0.04291934260128776 0.6352312262016674 0.003503580002726146
0.0517947467923121 0.6926689808920744 0.0034321560309609005
0.0625055192527397 0.7343858554663777 0.0033673401676699577
0.07543120063354615 0.7802166393767979 0.003203823149850968
0.09102981779915217 0.814510268787978 0.0030609324770523665
0.10985411419875583 0.8442066415059604 0.002892710230406038
0.13257113655901082 0.864682054341111 0.002762792007252668
0.15998587196060574 0.8880877169337674 0.002575021510863682
0.19306977288832497 0.9059404383991315 0.002389416014898955
0.2329951810515372 0.9171664447408079 0.002277427785617806
0.2811768697974228 0.9313099266460753 0.002105934476134967
0.3393221771895326 0.9441517565063107 0.0019127591919818074
0.4094915062380423 0.952086139307784 0.001799339746407177
0.49417133613238334 0.9565509077212627 0.001709023246398964
0.5963623316594643 0.9620652769921969 0.0016314088142056896
0.7196856730011514 0.9669176548551628 0.0015157085941119772
0.868511373751352 0.973733021430085 0.001350478093253764
1.0481131341546852 0.97716517644636 0.0012751624422491555
1.2648552168552958 0.9812347075278638 0.0011419714565673268
1.5264179671752318 0.9824443246244867 0.0011403225501627132
1.8420699693267144 0.9850892917882283 0.0010530751053506298
2.2229964825261934 0.9870440586896546 0.0010050986835046048
2.6826957952797246 0.9887730511855858 0.0009022867049142719
3.2374575428176433 0.9890319707013144 0.0009239973113396273
3.906939937054613 0.992302911060692 0.000773696133702999
4.714866363457389 0.9918040297790667 0.0007792965583232106
5.689866029018293 0.9936379006378616 0.0006829789852744497
6.866488450042998 0.9931881358956929 0.0007314900084768287
8.286427728546842 0.9937765835641766 0.0007158583365635951
10.0 0.9950033319422158 0.000637650917434952
