0.001 0.2684948062904433 0.0017576458534160583
0.0012067926406393288 0.3093953250433744 0.0019739366940782076
0.0014563484775012444 0.35573991032849434 0.0022077493115203466
0.0017575106248547913 0.40628188906156476 0.002406724693946504
0.0021209508879201904 0.45405325712754513 0.002596999805196839
0.002559547922699536 0.5031078276869165 0.002757346481720646
0.0030888435964774815 0.5524624013465451 0.0028387499345774838
0.003727593720314938 0.6000524998967912 0.0028950605181663007
0.004498432668969444 0.643123188235817 0.002848009706610572
0.005428675439323859 0.6884124995799229 0.0027520006153533643
0.006551285568595509 0.7310563972028103 0.0025996411695995585
0.0079060432109077 0.7659567637813051 0.002454351049300613
0.009540954763499945 0.8000289121237699 0.00227131900821464
0.01151395399326447 0.8394023875259794 0.002001066619563224
0.013894954943731374 0.8635785521633986 0.0018600131001401884
0.016768329368110076 0.8946239022302767 0.001608088003957247
0.020235896477251564 0.9187092590784512 0.0014101572430496024
0.02442053094548651 0.9366205683264001 0.0012496683535455075
0.029470517025518096 0.9541329568171686 0.001053614129071921
0.03556480306223128 0.9682605500924305 0.0008648960558464015
0.04291934260128776 0.9768820499129317 0.0007230302556732376
0.0517947467923121 0.9833785710364151 0.0006273031819583822
0.0625055192527397 0.9881865864852609 0.0005318739620159281
0.07543120063354615 0.9927613898089374 0.0003807370797080713
0.09102981779915217 0.9945842530794183 0.00033638897239153293
0.10985411419875583 0.9959253469921979 0.0002942208562969539
0.13257113655901082 0.9977666219255629 0.00021003557705409352
0.15998587196060574 0.9983370823742762 0.00018539536042852154
0.19306977288832497 0.9988954492748567 0.00014920335787698536
0.2329951810515372 0.9991082071843052 0.00014088236318929274
0.2811768697974228 0.9993643053447296 0.0001300079524707622
0.3393221771895326 0.9997099608079341 6.373170754462486e-05
0.4094915062380423 0.9997957064734666 4.9501052653398235e-05
0.49417133613238334 0.9999035793786416 4.775225411859669e-05
0.5963623316594643 0.9999250419012627 2.708642733101197e-05
0.7196856730011514 0.999917255248435 3.992718174398691e-05
0.868511373751352 0.9999545501315003 2.6914657266266234e-05
1.0481131341546852 0.9999132059841386 4.037547129405046e-05
1.2648552168552958 0.9999996982713175 1.4208678348054228e-07
1.5264179671752318 0.9999798765782394 1.8062099301293273e-05
1.8420699693267144 0.9999969808658717 2.104114232298451e-06
2.2229964825261934 0.9999835555446276 1.1619829786784674e-05
2.6826957952797246 0.9999986964005231 1.303499400254606e-06
3.2374575428176433 0.9999973729346148 2.626904749760138e-06
3.906939937054613 0.9999999732482785 2.3927012603860734e-08
4.714866363457389 0.999995684684886 4.315097503021575e-06
5.689866029018293 0.9999999999725205 2.5243043721393922e-11
6.866488450042998 0.9999999999999493 3.590085988684506e-14
8.286427728546842 0.9999999999958898 2.906033739637071e-12
10.0 0.9999999999905287 9.418133051456153e-12
