0.001 0.26854695887202973 0.0017522024751535112
0.0012067926406393288 0.3113179436896435 0.0019708930439593423
0.0014563484775012444 0.3553081541131367 0.002198892108224431
0.0017575106248547913 0.3996674025827589 0.0024134978608547617
0.0021209508879201904 0.4536850328451242 0.002589705148854052
0.002559547922699536 0.5001662472374063 0.0027450018759483026
0.0030888435964774815 0.5468656015823751 0.0028382013880047536
0.003727593720314938 0.6007550891958693 0.0028642719758449776
0.004498432668969444 0.6484915035552644 0.0028438127058041597
0.005428675439323859 0.6929015461593468 0.002724706202420606
0.006551285568595509 0.7325779391371782 0.0026205096429809823
0.0079060432109077 0.7685335370737842 0.002422711634441755
0.009540954763499945 0.8030221429832549 0.002239022075800529
0.01151395399326447 0.8379537208485855 0.0020168321957434745
0.013894954943731374 0.8692152029490556 0.0017863169445762736
0.016768329368110076 0.8994992757981143 0.0015425488891815178
0.020235896477251564 0.9178380537177585 0.0014374452089931907
0.02442053094548651 0.9379243885318077 0.001251248899820205
0.029470517025518096 0.9548292358746964 0.0010399981293207773
0.03556480306223128 0.9675047966110815 0.0008916621494526838
0.04291934260128776 0.9765132098927864 0.0007555441908387362
0.0517947467923121 0.9839229128429613 0.0005913202428213611
0.0625055192527397 0.9877788133852243 0.0005455489410669015
0.07543120063354615 0.9920740650134241 0.0004261703532164216
0.09102981779915217 0.9948794934131409 0.0003459235723020988
0.10985411419875583 0.996522337665974 0.0002609360705469004
0.13257113655901082 0.997437813577454 0.00026334871492128645
0.15998587196060574 0.9983450552487754 0.00018735377990648127
0.19306977288832497 0.9988741435800843 0.00016572588997207867
0.2329951810515372 0.9993567531801442 0.00011212182336791648
0.2811768697974228 0.9997630438976377 4.566651256110781e-05
0.3393221771895326 0.9997235379930502 6.916256585473851e-05
0.4094915062380423 0.9998418817838747 5.608727905765597e-05
0.49417133613238334 0.9999129655378028 3.163609892626093e-05
0.5963623316594643 0.9999319304583226 4.029387040084659e-05
0.7196856730011514 0.9999908516405976 4.991568999472661e-06
0.868511373751352 0.9999664088900415 2.3903161918876295e-05
1.0481131341546852 0.9999979918930408 1.082692767591903e-06
1.2648552168552958 0.9999984971688344 8.189871016599216e-07
1.5264179671752318 0.9999946820420681 4.717417370427324e-06
1.8420699693267144 0.9999999959287903 3.218384751599178e-09
2.2229964825261934 0.9999992228759113 7.581818405890391e-07
2.6826957952797246 0.9999952980178701 4.4177112165341586e-06
3.2374575428176433 0.9999999809081259 1.4448318102760673e-08
3.906939937054613 0.9999999994564253 3.635624209345718e-10
4.714866363457389 0.9999999999987583 1.2304309817861968e-12
5.689866029018293 0.9999999999815089 1.702377597364966e-11
6.866488450042998 0.9999999999999949 4.374969005785312e-15
8.286427728546842 0.9999999999999997 1.9582265216246573e-16
10.0 1.0 6.90840681820861e-19
