0.001 0.04497634436136009 0.0004831813823873769
0.0012067926406393288 0.0690809849430383 0.000714790620825822
0.0014563484775012444 0.09629590299465679 0.0010156124576833137
0.0017575106248547913 0.13697518316152413 0.0014051963488459676
0.0021209508879201904 0.18384685874590792 0.0018584965583296356
0.002559547922699536 0.24007435990225673 0.002365844256768518
0.0030888435964774815 0.2986025783272412 0.002864985410386569
0.003727593720314938 0.3610802739452654 0.0033162467706028074
0.004498432668969444 0.41818173317254104 0.003637932816529009
0.005428675439323859 0.47112099819874786 0.00383464745297526
0.006551285568595509 0.5281755472927953 0.0038774445664499697
0.0079060432109077 0.5814559671784552 0.0037942917719661663
0.009540954763499945 0.6327014878008398 0.003611079503052388
0.01151395399326447 0.6848100845225794 0.0033688290632250305
0.013894954943731374 0.7330957790105705 0.0030957298802282806
0.016768329368110076 0.7835067963643418 0.0028079559695639356
0.020235896477251564 0.8289415279531662 0.002494431093690516
0.02442053094548651 0.8677697316089376 0.002222499271715535
0.029470517025518096 0.8996350500991953 0.0019576043103152114
0.03556480306223128 0.9266502844167634 0.0016906670686307886
0.04291934260128776 0.9439774022890735 0.0014781591843517352
0.0517947467923121 0.961535274075071 0.0012151278714631092
0.0625055192527397 0.9726593940607817 0.0010290275746362009
0.07543120063354615 0.9810939900926816 0.0008765095196932765
0.09102981779915217 0.9876396474939858 0.0006779608146340317
0.10985411419875583 0.991905339111319 0.0005126696908806073
0.13257113655901082 0.9937726998606329 0.0004865655664398826
0.15998587196060574 0.9960525269010364 0.00039194712315247543
0.19306977288832497 0.9978134671202313 0.00024677120099567324
0.2329951810515372 0.9980234610009882 0.0002932910535365845
0.2811768697974228 0.9988723934638226 0.00019283929211487291
0.3393221771895326 0.9992926254044585 0.00017019325914202903
0.4094915062380423 0.9997639425583104 6.019738492038608e-05
0.49417133613238334 0.999757384464273 7.950645892882006e-05
0.5963623316594643 0.9997573177749549 9.516384453162753e-05
0.7196856730011514 0.999882353877168 4.8271650049312805e-05
0.868511373751352 0.9999196433215153 4.240129307668939e-05
1.0481131341546852 0.9999892903314125 7.810811437480034e-06
1.2648552168552958 0.999977785137328 1.1417286499365575e-05
1.5264179671752318 0.9999980086373774 1.5214501518109928e-06
1.8420699693267144 0.999991072777459 5.757136946430631e-06
2.2229964825261934 0.9999995126220304 4.84003095851437e-07
2.6826957952797246 0.999907821249748 8.214083574491775e-05
3.2374575428176433 0.9999948842957669 5.1147369865890644e-06
3.906939937054613 0.9999997141930848 2.8574355523709145e-07
4.714866363457389 0.9999991737489767 8.160359735627901e-07
5.689866029018293 0.9999999999983223 1.1655108744752975e-12
6.866488450042998 0.9999999447107064 5.528652899374606e-08
8.286427728546842 1.0 1.0208500711428314e-16
10.0 0.9999999999999769 2.299306528093329e-14
