0.001 0.0440640074675017 0.00048069442945637697
0.0012067926406393288 0.06717099310459664 0.0007136636883067979
0.0014563484775012444 0.09705944732260459 0.0010160141163587338
0.0017575106248547913 0.1375803475559092 0.0014068921347047184
0.0021209508879201904 0.1861123860371191 0.0018630720809056423
0.002559547922699536 0.23919302243307897 0.0023627743254200774
0.0030888435964774815 0.2978078476240155 0.002863304153804115
0.003727593720314938 0.3586216195095987 0.00330501282144056
0.004498432668969444 0.41911261857644333 0.003650527365691249
0.005428675439323859 0.4802896285074196 0.0038442717627812854
0.006551285568595509 0.532438478113144 0.003886027869321979
0.0079060432109077 0.5842122194188765 0.003795853317837392
0.009540954763499945 0.6311445953988766 0.003622379509685221
0.01151395399326447 0.6828447845847053 0.003373966947085705
0.013894954943731374 0.7251576407248959 0.0031208686444118717
0.016768329368110076 0.7817289024578293 0.002824145514603755
0.020235896477251564 0.8247950666601269 0.0025522813285107425
0.02442053094548651 0.8663031354901088 0.002236080668060905
0.029470517025518096 0.8973815145111114 0.0019663989095098557
0.03556480306223128 0.9227293004913186 0.0017538896166360565
0.04291934260128776 0.9443480632162117 0.0014757566560617283
0.0517947467923121 0.9597027972077176 0.0012746144174978255
0.0625055192527397 0.9744916914737294 0.0009811579826093499
0.07543120063354615 0.9815167279815596 0.0008271018626836915
0.09102981779915217 0.9880531685625953 0.000669646628143794
0.10985411419875583 0.991184687967343 0.0005647294665089523
0.13257113655901082 0.9938981186167739 0.00046480317952609144
0.15998587196060574 0.9959594225688853 0.0003664211079753635
0.19306977288832497 0.9972792068290092 0.0003119874761252273
0.2329951810515372 0.9985275042194457 0.0002136204518340603
0.2811768697974228 0.9990314955303825 0.0001607945100654643
0.3393221771895326 0.9995333300646425 9.841869476723776e-05
0.4094915062380423 0.9994033911493155 0.00015324174385930993
0.49417133613238334 0.9997504542696807 0.00010169425370049917
0.5963623316594643 0.9999133511052811 2.947477139294529e-05
0.7196856730011514 0.999878494504871 6.950161819087783e-05
0.868511373751352 0.9999255415948941 5.3956072461600396e-05
1.0481131341546852 0.999985473605878 6.270544263447668e-06
1.2648552168552958 0.9999780360178642 1.6763187623599615e-05
1.5264179671752318 0.9999999351603246 2.8546351960170608e-08
1.8420699693267144 0.9999930471550633 4.900705178544736e-06
2.2229964825261934 0.9999993030576435 5.798484530993712e-07
2.6826957952797246 0.9999993360424967 3.000906796546697e-07
3.2374575428176433 0.9999999552075537 3.4109116027659e-08
3.906939937054613 0.9999996406929184 3.584960200040652e-07
4.714866363457389 0.9999989715973807 1.0137681265731801e-06
5.689866029018293 0.999999999998491 1.3563833724817163e-12
6.866488450042998 0.9999999978046497 2.1952385586355848e-09
8.286427728546842 0.9999999999999549 3.1908136984423046e-14
10.0 0.9999999999999085 6.464906232230322e-14
