0.001 0.16819006453478924 0.0016526802629256681
0.0012067926406393288 0.21407933034414023 0.001999244141318139
0.0014563484775012444 0.2668741933384654 0.002351187361723865
0.0017575106248547913 0.3210299224417333 0.0026625199857388516
0.0021209508879201904 0.3817341383324149 0.0029609878263680283
0.002559547922699536 0.442379328006301 0.0031801641876651504
0.0030888435964774815 0.5012545904855883 0.003326857918166386
0.003727593720314938 0.5624342726385501 0.0033943129704844307
0.004498432668969444 0.6144327586125612 0.0034120075583169603
0.005428675439323859 0.6619742159653246 0.0033595447980194846
0.006551285568595509 0.7159195094507194 0.00322411390064559
0.0079060432109077 0.7604262002744745 0.003075163016249228
0.009540954763499945 0.8000533931230092 0.0029095281197528506
0.01151395399326447 0.8372574175478583 0.0026989248649632747
0.013894954943731374 0.8619236022829595 0.0025704511050606495
0.016768329368110076 0.8841732808619076 0.0023776770456305414
0.020235896477251564 0.9030725811287006 0.002235571716233998
0.02442053094548651 0.9239291389437742 0.0020124755220520723
0.029470517025518096 0.9330752621312098 0.0019124695664676516
0.03556480306223128 0.945608943019366 0.0017584377026328174
0.04291934260128776 0.956813451154919 0.0015714956774997965
0.0517947467923121 0.9621786755318159 0.001504753180900101
0.0625055192527397 0.9691393309299449 0.001361046130795564
0.07543120063354615 0.9731181577515772 0.0012781203842034386
0.09102981779915217 0.9758188854687644 0.001219502251944663
0.10985411419875583 0.9796086756031278 0.001167504247398728
0.13257113655901082 0.9847205958585491 0.0010129407115587316
0.15998587196060574 0.9875104188097925 0.0008955273659061927
0.19306977288832497 0.9889096815874578 0.0008681965704275001
0.2329951810515372 0.9907943275771948 0.0007794239215216207
0.2811768697974228 0.9927096741230871 0.0006914740451525031
0.3393221771895326 0.9919471818567585 0.0007774352787224712
0.4094915062380423 0.9935021578012339 0.0006868195792143373
0.49417133613238334 0.9927500773459677 0.0007308510275959394
0.5963623316594643 0.9956967856360432 0.0005550525058419289
0.7196856730011514 0.9946085200962062 0.0006562215198983143
0.868511373751352 0.9960227498810281 0.0005473632518356478
1.0481131341546852 0.9962137589095952 0.0005587647297035941
1.2648552168552958 0.9974643491216775 0.00044896762735527655
1.5264179671752318 0.9971538843038781 0.00048739963213780387
1.8420699693267144 0.9979853899051002 0.0004053542173910647
2.2229964825261934 0.9972850112199616 0.0004907084497260219
2.6826957952797246 0.9981810521698946 0.00038997426824846767
3.2374575428176433 0.9977795790019394 0.000439904401642463
3.906939937054613 0.9980430883081448 0.00042672939787105374
4.714866363457389 0.9980165251466949 0.000422548170392134
5.689866029018293 0.9984386584975513 0.0003876061829912795
6.866488450042998 0.9980692876311086 0.0004356087576125888
8.286427728546842 0.9981909571102356 0.0004238978957563912
10.0 0.9985946109177734 0.0003739070136409104
