0.001 0.018414403506222515 0.000197260145641083
0.0012067926406393288 0.025111129124261066 0.00026804554885763324
0.0014563484775012444 0.0358727316567283 0.0003743410993498401
0.0017575106248547913 0.04872876295919528 0.0004986364639919957
0.0021209508879201904 0.06750011395700131 0.0006652320492438125
0.002559547922699536 0.09077887733535574 0.0008714224912821117
0.0030888435964774815 0.11841768470002262 0.001121432255700152
0.003727593720314938 0.15214372523064454 0.00138663247765745
0.004498432668969444 0.19791447808845633 0.0017118698603490895
0.005428675439323859 0.25140650747683146 0.00204221222405725
0.006551285568595509 0.30635400652008316 0.0023639644141053035
0.0079060432109077 0.3701413396467929 0.002700591439460982
0.009540954763499945 0.43781505831808165 0.002933439816981449
0.01151395399326447 0.4973533920588709 0.0031258970597111716
0.013894954943731374 0.5626447125554238 0.0032588992151084168
0.016768329368110076 0.6204524846565171 0.0033074783032315024
0.020235896477251564 0.6850284454922143 0.003261554065023114
0.02442053094548651 0.7293532475169517 0.003206882026592271
0.029470517025518096 0.7671178284853802 0.0031188268887719613
0.03556480306223128 0.8084091768928527 0.0029596867173155832
0.04291934260128776 0.8394050474739811 0.002794119153103958
0.0517947467923121 0.8599048420238284 0.002689339857316342
0.0625055192527397 0.8865014622190178 0.002484827486846142
0.07543120063354615 0.9008532065481611 0.0023524541898231866
0.09102981779915217 0.9135622623461981 0.0022568493740155733
0.10985411419875583 0.9265994037636932 0.0020855375191643267
0.13257113655901082 0.9396224538544827 0.0019136530211392735
0.15998587196060574 0.9460987443242662 0.001857846278970941
0.19306977288832497 0.9531132669879393 0.0017483149221534722
0.2329951810515372 0.9624448077757503 0.0015593314786070242
0.2811768697974228 0.9687650990301998 0.0014169153581134661
0.3393221771895326 0.9736471194238978 0.001328332953457979
0.4094915062380423 0.9756206743309125 0.0012923465397769818
0.49417133613238334 0.9779458248359497 0.001228130313551502
0.5963623316594643 0.980256793978896 0.001205958059985545
0.7196856730011514 0.9844253309169723 0.0010559597369334051
0.868511373751352 0.9854022297472089 0.0010312327486761337
1.0481131341546852 0.9878438787044869 0.0009342222604280164
1.2648552168552958 0.9907536952761952 0.0008109768480243525
1.5264179671752318 0.9896164042156103 0.0008836105773993713
1.8420699693267144 0.9901268488852204 0.0008778766908271005
2.2229964825261934 0.9922675216549202 0.0007712667551608123
2.6826957952797246 0.9938256807610418 0.0006862089388134228
3.2374575428176433 0.9933409263754753 0.0007215968068322187
3.906939937054613 0.9945774294906378 0.0006684410157099266
4.714866363457389 0.9949003163144831 0.000660275837444744
5.689866029018293 0.9954246287493216 0.0006398849810174785
6.866488450042998 0.995100601565342 0.0006792532299799896
8.286427728546842 0.9957427611546505 0.0006392265329234282
10.0 0.994647640972073 0.0007260784838493948
