0.001 0.018540283454034558 0.0001990202767709278
0.0012067926406393288 0.02641376091845697 0.0002775009206339304
0.0014563484775012444 0.036423737233235456 0.0003774920423271803
0.0017575106248547913 0.0495454671759581 0.000503597716438167
0.0021209508879201904 0.06756874381461593 0.0006751282933404156
0.002559547922699536 0.09042490187014628 0.0008680823818175892
0.0030888435964774815 0.12088062720347939 0.0011121804627492388
0.003727593720314938 0.16073326133451363 0.0014270912679725089
0.004498432668969444 0.20074502643494418 0.0017110418965896575
0.005428675439323859 0.25492222160056127 0.002051591328308749
0.006551285568595509 0.30772081242914584 0.0023703746436751737
0.0079060432109077 0.37324890766046187 0.002681681868264523
0.009540954763499945 0.4386500768927768 0.0029360514601002472
0.01151395399326447 0.5014195960638106 0.003140547446277907
0.013894954943731374 0.5679590812792956 0.003233150130749361
0.016768329368110076 0.6324653025360142 0.0032843956433894666
0.020235896477251564 0.6860454174256002 0.003270350364062746
0.02442053094548651 0.7343479169509033 0.003195034413398962
0.029470517025518096 0.7682496146603449 0.003117700004828739
0.03556480306223128 0.8097099843973575 0.002959912641842188
0.04291934260128776 0.8400387317034239 0.0027922660094961953
0.0517947467923121 0.8632005199155767 0.0026565515847058064
0.0625055192527397 0.8825215375786338 0.0025206561851996902
0.07543120063354615 0.8970147934033877 0.002413864646618289
0.09102981779915217 0.9173197382370465 0.002186374076340311
0.10985411419875583 0.930135720762414 0.0020468243625561965
0.13257113655901082 0.9421211714950734 0.0018760241783468618
0.15998587196060574 0.9488205791516788 0.0017821603443140236
0.19306977288832497 0.9554136832826494 0.0017016766513664329
0.2329951810515372 0.9618771413952594 0.0015792273151715155
0.2811768697974228 0.9686007519539804 0.0014521591567231455
0.3393221771895326 0.9712967032779528 0.0013907584449277058
0.4094915062380423 0.9759536968194655 0.001290835454870822
0.49417133613238334 0.9807434368170515 0.0011295718560499037
0.5963623316594643 0.98154226324884 0.0011239710115836285
0.7196856730011514 0.9839173335657441 0.0010963178915789384
0.868511373751352 0.9852996807243591 0.001030873409507987
1.0481131341546852 0.9886649529263184 0.0009171088115254411
1.2648552168552958 0.9897143602832079 0.0008693637082154624
1.5264179671752318 0.9899975089956273 0.000884772029315136
1.8420699693267144 0.9904927276370203 0.0008728334809486076
2.2229964825261934 0.9922692994513823 0.0007570104475585766
2.6826957952797246 0.9937566892391314 0.0006982424476344274
3.2374575428176433 0.9953114914967417 0.000604890113407571
3.906939937054613 0.9950607853338901 0.0006416871294574126
4.714866363457389 0.995784305518371 0.0006193477148913145
5.689866029018293 0.99449514969861 0.0007141413004582723
6.866488450042998 0.9947731743881645 0.0007125545614309194
8.286427728546842 0.995897452682069 0.0006320447864950964
10.0 0.994644771140407 0.0007264175551214755
