0.001 0.06827130631307858 0.00045130059917233937
0.0012067926406393288 0.08222264820525331 0.0005422249913217691
0.0014563484775012444 0.09783026231419842 0.0006369395474947807
0.0017575106248547913 0.11547141029974418 0.0007486121095536195
0.0021209508879201904 0.1368319299731668 0.0008833245232016543
0.002559547922699536 0.16182410161552388 0.001016470593712525
0.0030888435964774815 0.19141085971079633 0.0011789367984695964
0.003727593720314938 0.22658258709449047 0.0013737151564292012
0.004498432668969444 0.25973378317933027 0.001544876779017468
0.005428675439323859 0.30255702368684745 0.0017488736642364215
0.006551285568595509 0.34295749900148714 0.0019430524588162437
0.0079060432109077 0.3931026185949798 0.0021407619299957715
0.009540954763499945 0.4433363835234113 0.0023246851434151838
0.01151395399326447 0.49309877131450086 0.0024971193519112327
0.013894954943731374 0.5479796278801534 0.0026027059024917288
0.016768329368110076 0.604347647020105 0.0026956568466976524
0.020235896477251564 0.6536693893753219 0.0027462811702065864
0.02442053094548651 0.7011656860279913 0.0027501024556583573
0.029470517025518096 0.7379469697483227 0.00274068426794962
0.03556480306223128 0.7805091678660064 0.0026574543211943225
0.04291934260128776 0.8138353334687063 0.002555653819057648
0.0517947467923121 0.8404150384029192 0.0024582319468076062
0.0625055192527397 0.8637573283541294 0.002352216275337101
0.07543120063354615 0.8815200326557148 0.0022692429327065638
0.09102981779915217 0.903557557400776 0.0020843343979103242
0.10985411419875583 0.9189773879557898 0.00195426833698128
0.13257113655901082 0.9321762883324324 0.0018089392738231483
0.15998587196060574 0.9412587653061042 0.0017152009394280296
0.19306977288832497 0.949386814184799 0.0016392897113103265
0.2329951810515372 0.956539332089468 0.0015254431991566326
0.2811768697974228 0.9643969537818706 0.0014003961153851243
0.3393221771895326 0.9673971350207318 0.0013526018042207784
0.4094915062380423 0.9728529943602807 0.0012580192454004502
0.49417133613238334 0.977999926919197 0.0011010360400066938
0.5963623316594643 0.9791476047558848 0.0011024139804411755
0.7196856730011514 0.981920206342119 0.0010794749326688408
0.868511373751352 0.9836902699523759 0.0010114389771826208
1.0481131341546852 0.9874811237552782 0.0009037050088733025
1.2648552168552958 0.9884993204257897 0.0008627612120046556
1.5264179671752318 0.9888935743663593 0.000883597977691717
1.8420699693267144 0.9894811241090052 0.0008772567972348327
2.2229964825261934 0.9914364573531395 0.0007651225845474359
2.6826957952797246 0.993063256350853 0.0007105027316400673
3.2374575428176433 0.9945749979022975 0.000622120058023205
3.906939937054613 0.9944335022836011 0.0006563766977938715
4.714866363457389 0.9953477512394132 0.0006277876300932685
5.689866029018293 0.993931305802779 0.0007221517525464124
6.866488450042998 0.9944740724228311 0.0007152096129089502
8.286427728546842 0.9956244018026611 0.000634030016514895
10.0 0.9944132062172922 0.000727291990723284
