0.001 0.0685393878055799 0.0004526344670488095
0.0012067926406393288 0.08209042246777482 0.0005417962266948278
0.0014563484775012444 0.09670909658051674 0.0006356032554622165
0.0017575106248547913 0.11545879393052882 0.0007533762918985639
0.0021209508879201904 0.13663065399616475 0.0008785152018824079
0.002559547922699536 0.16228583578410072 0.0010194882194686117
0.0030888435964774815 0.18973795651619177 0.0011871291392561466
0.003727593720314938 0.22265115327931248 0.0013668666951737324
0.004498432668969444 0.26246982238172684 0.0015579261490610353
0.005428675439323859 0.30030638264212006 0.001746089423273041
0.006551285568595509 0.34586909269481914 0.0019253867014294912
0.0079060432109077 0.3934113180891235 0.002138538866564774
0.009540954763499945 0.4441039375324786 0.0023348782813725154
0.01151395399326447 0.499887724484954 0.0024804746093742094
0.013894954943731374 0.5449259109634385 0.0026275186248696184
0.016768329368110076 0.5991321863265795 0.0027125807612248813
0.020235896477251564 0.6506288316235722 0.0027357019868851375
0.02442053094548651 0.6997986792348175 0.0027598495861189355
0.029470517025518096 0.7410294291510227 0.002692565978566167
0.03556480306223128 0.7804287067920799 0.0026488675640478
0.04291934260128776 0.8140736425362314 0.002557960119612827
0.0517947467923121 0.8419788520388469 0.002450594661352625
0.0625055192527397 0.8683273224274286 0.002294975422148569
0.07543120063354615 0.8897097585005921 0.0021705815387689435
0.09102981779915217 0.9073482670864578 0.0020289092317404187
0.10985411419875583 0.918288040000551 0.001957153669353634
0.13257113655901082 0.9328697470455752 0.0018356717777262492
0.15998587196060574 0.942291747912678 0.0017133662717382357
0.19306977288832497 0.9510517676209936 0.0015815224428133207
0.2329951810515372 0.960684006501632 0.0014673845765353869
0.2811768697974228 0.9621190157505399 0.0014466993235428963
0.3393221771895326 0.9706446636234403 0.0012643115710300806
0.4094915062380423 0.9727164496890699 0.001242341433363586
0.49417133613238334 0.9779667317119296 0.0011181339389856756
0.5963623316594643 0.9800586909378549 0.0010751994235727712
0.7196856730011514 0.9815973722603397 0.001069006166992305
0.868511373751352 0.9844166845735522 0.000987599245789021
1.0481131341546852 0.9852379301378514 0.0009712991962823378
1.2648552168552958 0.9899300214322908 0.0007927224684078166
1.5264179671752318 0.9899991763991693 0.0008242297737975182
1.8420699693267144 0.9893782325033288 0.0008839018500564601
2.2229964825261934 0.9912407854082328 0.0007843818165206609
2.6826957952797246 0.9932757983134821 0.0006980807103981918
3.2374575428176433 0.992805719566633 0.0007526906920580479
3.906939937054613 0.9936647409959791 0.0007202511005266703
4.714866363457389 0.9944120050815707 0.0006729953962937187
5.689866029018293 0.9954201966424105 0.0006126147931883201
6.866488450042998 0.993453490833383 0.000781070783042277
8.286427728546842 0.9944420441817169 0.0007212714041244214
10.0 0.9952415486772558 0.0006769828542835745
