0.001 0.06794139438135524 0.00045097245925457594
0.0012067926406393288 0.08002971952517993 0.0005290710230806028
0.0014563484775012444 0.0968101682963414 0.0006357815708497118
0.0017575106248547913 0.11437825376733986 0.0007434848693369851
0.0021209508879201904 0.13721019018289277 0.0008737257783564957
0.002559547922699536 0.16197705147201777 0.0010219183000969038
0.0030888435964774815 0.18814623313119572 0.0011897237585778448
0.003727593720314938 0.21830089962064922 0.001356745551184185
0.004498432668969444 0.2569084258083887 0.001549360112342578
0.005428675439323859 0.2998436671451496 0.001741236624029075
0.006551285568595509 0.3419679567990784 0.0019376372441293715
0.0079060432109077 0.3901527215429754 0.002161369950740913
0.009540954763499945 0.44268020718960144 0.0023210702192706847
0.01151395399326447 0.4897255728879276 0.002487642033040914
0.013894954943731374 0.5435531702022379 0.0026238026819242178
0.016768329368110076 0.5942470748403824 0.002708288919808223
0.020235896477251564 0.652241659423668 0.002734861010982334
0.02442053094548651 0.6967785358865303 0.002759572177554152
0.029470517025518096 0.7350470303481064 0.002740641417449515
0.03556480306223128 0.7791492574230637 0.0026525393887126382
0.04291934260128776 0.8136960706278774 0.0025491762557393488
0.0517947467923121 0.8379765945493608 0.0024830135012491707
0.0625055192527397 0.8675946728785626 0.0023223012481741493
0.07543120063354615 0.885296382929834 0.002214434311471468
0.09102981779915217 0.9001179930854436 0.0021390308154305695
0.10985411419875583 0.9154816356430904 0.0019936292720670054
0.13257113655901082 0.929528778424896 0.0018383806607430533
0.15998587196060574 0.9382788407100768 0.00178112443743626
0.19306977288832497 0.94679124275337 0.0016809856679600589
0.2329951810515372 0.9567530310935317 0.0015172384965071379
0.2811768697974228 0.9641952707488798 0.0013789372224241882
0.3393221771895326 0.9699096899555925 0.0012922281703658942
0.4094915062380423 0.9726566223904917 0.0012614012629030855
0.49417133613238334 0.9753690175207266 0.0011946100600944622
0.5963623316594643 0.9784212442921718 0.0011692109571746342
0.7196856730011514 0.9827433659417275 0.0010295151609238352
0.868511373751352 0.9838335289339908 0.0010075874228242152
1.0481131341546852 0.9866263757318761 0.0009133828827436695
1.2648552168552958 0.989533245074566 0.000799809664685813
1.5264179671752318 0.9884190160759568 0.000874811669404027
1.8420699693267144 0.9891094478782699 0.000879646956696076
2.2229964825261934 0.9913967279407674 0.0007762168004157538
2.6826957952797246 0.992975336328854 0.0006978584150351615
3.2374575428176433 0.9926404766379655 0.0007367762411273691
3.906939937054613 0.9939403367476978 0.0006841908456581438
4.714866363457389 0.9942997987643412 0.0006738785344653077
5.689866029018293 0.9949256171138144 0.0006490192088461713
6.866488450042998 0.9946645417278717 0.0006846972659411982
8.286427728546842 0.9953047589585975 0.0006429631382892699
10.0 0.9943905613874576 0.0007270980282820343
