0.001 0.0007763986337237123 1.1696217854709993e-05
0.0012067926406393288 0.0013440844758071712 1.978774574183556e-05
0.0014563484775012444 0.002229651527522422 3.266108324847134e-05
0.0017575106248547913 0.0036340376654935575 5.2214987801045745e-05
0.0021209508879201904 0.006004026882305898 8.561506367883666e-05
0.002559547922699536 0.009566295878668347 0.00013261600664684118
0.0030888435964774815 0.015365241842885674 0.0002031876451446649
0.003727593720314938 0.02494927245944129 0.0003218200858513616
0.004498432668969444 0.036619607904709715 0.0004598586197778731
0.005428675439323859 0.055728404474980626 0.0006660434359217601
0.006551285568595509 0.07920115583313747 0.0009166131695695259
0.0079060432109077 0.11391297390290259 0.0012469224515468554
0.009540954763499945 0.15655810022726663 0.0016163198504833582
0.01151395399326447 0.2075438752412439 0.0020232438527290593
0.013894954943731374 0.26805413844083853 0.0024057343250379433
0.016768329368110076 0.3406199539473179 0.0027952007565040025
0.020235896477251564 0.41103370118412824 0.0030850077045106433
0.02442053094548651 0.48372197316847587 0.0033147435750878677
0.029470517025518096 0.5453940417597238 0.003481381725967397
0.03556480306223128 0.6148678015241659 0.0034913267320949614
0.04291934260128776 0.6714430557944278 0.0034639237575465414
0.0517947467923121 0.7184894597674644 0.0033902247210220514
0.0625055192527397 0.7608481357282891 0.0032942964086778905
0.07543120063354615 0.794350907572885 0.003186102025415396
0.09102981779915217 0.8311312684202447 0.0029655897233094885
0.10985411419875583 0.858998769973776 0.0027898981239151605
0.13257113655901082 0.8814522824920056 0.0025928836892711244
0.15998587196060574 0.8986705192617402 0.0024694297121908683
0.19306977288832497 0.9146052041447369 0.002313588079092589
0.2329951810515372 0.9264173243614173 0.0021615204338066834
0.2811768697974228 0.9402084899184238 0.001974787919609184
0.3393221771895326 0.9455804482422226 0.0018972985447340766
0.4094915062380423 0.9554267608708825 0.0017388424959962768
0.49417133613238334 0.9625382725933105 0.0015866950621929283
0.5963623316594643 0.965553664988442 0.0015440204958238127
0.7196856730011514 0.9717712626054584 0.001410642672588397
0.868511373751352 0.9741651125047509 0.0013650649472368443
1.0481131341546852 0.9805962193422616 0.0011941835781640103
1.2648552168552958 0.9820045332158643 0.0011440975870409048
1.5264179671752318 0.983578178429511 0.0011059357411989268
1.8420699693267144 0.9849066709579413 0.0010704336678476632
2.2229964825261934 0.9870659122684927 0.0009924133889086214
2.6826957952797246 0.9899558140266941 0.0008789031261099609
3.2374575428176433 0.9919188944290838 0.0007673294291931493
3.906939937054613 0.9922790485702002 0.0007691574778090422
4.714866363457389 0.9940953257143217 0.0006847969892223785
5.689866029018293 0.9924241334385085 0.0007754133041813014
6.866488450042998 0.9937543057437542 0.0007339630394502152
8.286427728546842 0.9949831087839539 0.0006498598659879016
10.0 0.9938983560753826 0.000734787608050034
