0.001 0.0008916662953028374 1.1356077012929526e-05
0.0012067926406393288 0.0012925756554001478 1.647316684853851e-05
0.0014563484775012444 0.0018267810811159464 2.3262558835889312e-05
0.0017575106248547913 0.0027008591043574406 3.3614253867755086e-05
0.0021209508879201904 0.0038246115835586804 4.8162497687479e-05
0.002559547922699536 0.005481482233112088 6.844446330878601e-05
0.0030888435964774815 0.007739842632233169 9.593908162723838e-05
0.003727593720314938 0.010992772885331013 0.00013630316615282294
0.004498432668969444 0.015708500114107724 0.00019180041541231943
0.005428675439323859 0.021663468995824532 0.00025835370888890695
0.006551285568595509 0.0301292157826823 0.0003518996959050166
0.0079060432109077 0.04140293912969391 0.00047788441919939875
0.009540954763499945 0.05642418555624124 0.0006376158744488499
0.01151395399326447 0.07504059994619873 0.0008232899967362134
0.013894954943731374 0.1013231556108754 0.0010803097868812613
0.016768329368110076 0.13087735652569876 0.0013366697389772296
0.020235896477251564 0.1698431959883269 0.0016534752871505867
0.02442053094548651 0.21313980064036067 0.001995914477104169
0.029470517025518096 0.26557481277546396 0.0023534509495632926
0.03556480306223128 0.3219530710718268 0.0026704140620757606
0.04291934260128776 0.3770117005997094 0.0029624083333605793
0.0517947467923121 0.4445250147662975 0.0032012862433338143
0.0625055192527397 0.506824599832415 0.003365326393480758
0.07543120063354615 0.5663683756349946 0.0034859309591166476
0.09102981779915217 0.6163522588598005 0.0035094212788259914
0.10985411419875583 0.6649241594002288 0.0034725642896319842
0.13257113655901082 0.7067576284987194 0.0034398307334461164
0.15998587196060574 0.7499337342943756 0.003336602704575598
0.19306977288832497 0.7779883886966491 0.003247535121955346
0.2329951810515372 0.8089096845149887 0.003112398749620376
0.2811768697974228 0.8353216007555917 0.002986370794587186
0.3393221771895326 0.853065525291454 0.0028655929172818023
0.4094915062380423 0.8816789807187503 0.0026032696258015925
0.49417133613238334 0.8934051183896469 0.0025260022086537764
0.5963623316594643 0.9096760491799339 0.0023654914386826674
0.7196856730011514 0.9170829913059024 0.0022945313386377683
0.868511373751352 0.9286656458481571 0.0021369101990180253
1.0481131341546852 0.9383941278146513 0.001991294186138107
1.2648552168552958 0.945015659266117 0.0019121133542464603
1.5264179671752318 0.9538908566172976 0.0017703854790579456
1.8420699693267144 0.9594837956197938 0.0016723766423673442
2.2229964825261934 0.962654041522479 0.001617626189002622
2.6826957952797246 0.9686644349551441 0.001469823022834186
3.2374575428176433 0.9705548764262983 0.0014626785182101814
3.906939937054613 0.9749329774624861 0.001334705177891319
4.714866363457389 0.9774632826113028 0.0012688930028905948
5.689866029018293 0.9805800320949027 0.0011735976990485855
6.866488450042998 0.9827683185734218 0.0011252904864291636
8.286427728546842 0.9846033137244907 0.0010669204087649835
10.0 0.9864103533347752 0.0009785317892849177
