0.001 0.0009176251280388748 1.1624902592925641e-05
0.0012067926406393288 0.0013213419651658626 1.665175132456976e-05
0.0014563484775012444 0.0019053913938820405 2.41841199544599e-05
0.0017575106248547913 0.002761742243103315 3.430606302044031e-05
0.0021209508879201904 0.003915820166851509 4.883672811046579e-05
0.002559547922699536 0.0055591922983624425 6.984975585126832e-05
0.0030888435964774815 0.007954908722280647 9.74440081134391e-05
0.003727593720314938 0.011366504770876196 0.00013800869023113257
0.004498432668969444 0.015948692856942656 0.0001913720037893444
0.005428675439323859 0.022336076083105928 0.0002674062668396949
0.006551285568595509 0.03087139397274034 0.0003624189654989147
0.0079060432109077 0.041923358789580735 0.00048138550583300745
0.009540954763499945 0.058066380003314655 0.0006498181760964632
0.01151395399326447 0.07740057866964685 0.0008382199211462749
0.013894954943731374 0.10295360192909576 0.0010835534203345624
0.016768329368110076 0.13263742775725604 0.0013575193766232462
0.020235896477251564 0.1715202805239869 0.0016824157521782247
0.02442053094548651 0.21913309716175508 0.0020226589279957585
0.029470517025518096 0.26625379895422163 0.002335014403398372
0.03556480306223128 0.32783096541586315 0.002679355869691268
0.04291934260128776 0.3900643725792273 0.0029873183337317333
0.0517947467923121 0.44450095240649196 0.0031953990541404424
0.0625055192527397 0.5035109341085243 0.003365803141595738
0.07543120063354615 0.5721772601733309 0.0034252512684736654
0.09102981779915217 0.621772567056321 0.003502431111108165
0.10985411419875583 0.6666349614542473 0.003490136673001409
0.13257113655901082 0.7162949043734171 0.0034013157392526216
0.15998587196060574 0.7503401829667994 0.0033125984039411764
0.19306977288832497 0.7892439041700844 0.0031924274797425207
0.2329951810515372 0.8179150520894124 0.003044551112245193
0.2811768697974228 0.8445317133609574 0.002863751900725497
0.3393221771895326 0.8637756758001837 0.0027514790047711763
0.4094915062380423 0.885703430963567 0.0025719649571637727
0.49417133613238334 0.8983632328378424 0.0024608103310097924
0.5963623316594643 0.9121721247716891 0.002325169004655439
0.7196856730011514 0.9198973075055968 0.002254880752219627
0.868511373751352 0.9339326399165607 0.0020616150763805813
1.0481131341546852 0.9446081714728333 0.0018980229922184394
1.2648552168552958 0.95193019349128 0.0017636818126811774
1.5264179671752318 0.9536314567387282 0.001786821543507531
1.8420699693267144 0.9615788467271119 0.001610607814000064
2.2229964825261934 0.9671563164924398 0.0015163126766226476
2.6826957952797246 0.9697970149569639 0.0014416424670123202
3.2374575428176433 0.9723683742465108 0.0013948104263883964
3.906939937054613 0.9775697558036404 0.0012585761488588345
4.714866363457389 0.9816520705805704 0.001140724992306318
5.689866029018293 0.9806742650102677 0.0011852143368385488
6.866488450042998 0.9838065370562086 0.00109815981937632
8.286427728546842 0.9871548318574532 0.0009674911957818376
10.0 0.9855376890428487 0.001041115651935321
