0.001 0.0009243420118307537 1.169475761729733e-05
0.0012067926406393288 0.001387999943817052 1.7341963200436103e-05
0.0014563484775012444 0.0019771606164409464 2.4501843594769718e-05
0.0017575106248547913 0.002857576994397991 3.5441387751243184e-05
0.0021209508879201904 0.004108168948521692 5.075755155597889e-05
0.002559547922699536 0.005916739645660166 7.256150063653311e-05
0.0030888435964774815 0.008329365479917177 0.00010180672307147996
0.003727593720314938 0.011633978310109783 0.00013944282949086227
0.004498432668969444 0.016638255011593786 0.00019585218793242008
0.005428675439323859 0.022797081433657246 0.00026748757151206734
0.006551285568595509 0.032261147621960806 0.0003687082046065092
0.0079060432109077 0.04493042461292031 0.0005030413056814157
0.009540954763499945 0.06043843170345598 0.0006612523746453376
0.01151395399326447 0.079615076774643 0.0008676833801332328
0.013894954943731374 0.10911097129554087 0.0011265369218034838
0.016768329368110076 0.13702539819999585 0.001387506786474409
0.020235896477251564 0.18007796940546064 0.0017111786247808488
0.02442053094548651 0.22518778114174656 0.0020365234538966405
0.029470517025518096 0.2742810350166776 0.002386006370745299
0.03556480306223128 0.33332233075235446 0.0027155041791294366
0.04291934260128776 0.39628456976973836 0.0029720833160682717
0.0517947467923121 0.44934450703233186 0.0031943380488502282
0.0625055192527397 0.5235290730505358 0.003345521054975306
0.07543120063354615 0.5726515600114378 0.00344442977027812
0.09102981779915217 0.6326594820864062 0.0034607409996714766
0.10985411419875583 0.6831816115401682 0.0034306958369086865
0.13257113655901082 0.7267118080433389 0.0033333747233157225
0.15998587196060574 0.7675356264742388 0.003242801652009913
0.19306977288832497 0.7963870469188854 0.003138869612952656
0.2329951810515372 0.8224825393776181 0.0030066798175753446
0.2811768697974228 0.8451974596772932 0.0028915914093617157
0.3393221771895326 0.8707701243454475 0.0026669062982491226
0.4094915062380423 0.8875695897695969 0.002555847844054096
0.49417133613238334 0.9027956946258926 0.002409959363414818
0.5963623316594643 0.9198866548166031 0.0022154149687134807
0.7196856730011514 0.9284949799476221 0.00212150104807311
0.868511373751352 0.9329277735079673 0.002093962520888364
1.0481131341546852 0.9449208976814196 0.0019047344036753442
1.2648552168552958 0.9513424410270472 0.0017999370210273291
1.5264179671752318 0.957008282303476 0.001714363700800201
1.8420699693267144 0.9612421657663314 0.001640870059895925
2.2229964825261934 0.9699487961429659 0.0014362808190455558
2.6826957952797246 0.9726835867291278 0.0013916805225272452
3.2374575428176433 0.9757953473457579 0.001318033845352352
3.906939937054613 0.9782074516408539 0.0012525871482188743
4.714866363457389 0.9833615779460865 0.0010962373820743115
5.689866029018293 0.9840384912996305 0.0010780744062671285
6.866488450042998 0.9837557046022721 0.0011147472699479394
8.286427728546842 0.9865918185154154 0.000993839452054685
10.0 0.9873709267357659 0.0009907031832686434
