0.001 0.014158638991729958 0.00010644299383127352
0.0012067926406393288 0.01741347879935795 0.0001303269652825434
0.0014563484775012444 0.020846642177671123 0.0001556364379088117
0.0017575106248547913 0.025094697072581443 0.00018813393769724081
0.0021209508879201904 0.030287412457464045 0.0002249930540892379
0.002559547922699536 0.03650626826895142 0.00027093948880400843
0.0030888435964774815 0.0435223315413223 0.00032285672888954697
0.003727593720314938 0.05183685808526072 0.00038174766467487866
0.004498432668969444 0.0626442603348425 0.000456442708468544
0.005428675439323859 0.07378057169945447 0.0005397999476009056
0.006551285568595509 0.08902344657208273 0.0006425911875787407
0.0079060432109077 0.10655752879103961 0.000762961412115647
0.009540954763499945 0.12574682322893535 0.0008869293459984547
0.01151395399326447 0.14631287347521008 0.0010365388196687717
0.013894954943731374 0.17582891049446395 0.0012151517977952036
0.016768329368110076 0.2011712688169866 0.0013782654975008466
0.020235896477251564 0.23873827181355103 0.001574198710326903
0.02442053094548651 0.2750120676163002 0.001777710266463442
0.029470517025518096 0.3130988285853565 0.0019996522950784623
0.03556480306223128 0.3590523710770871 0.002211553823485872
0.04291934260128776 0.4087762994107736 0.002387661665318902
0.0517947467923121 0.4512383539862052 0.0025731864473517935
0.0625055192527397 0.5117820884068655 0.0027125681523854656
0.07543120063354615 0.5544884999988196 0.0028336480270971438
0.09102981779915217 0.6090866641449862 0.002905211401748527
0.10985411419875583 0.6569319635565873 0.002934419332852835
0.13257113655901082 0.6996851539998719 0.002914421970152604
0.15998587196060574 0.7415912904674171 0.0028876009436866017
0.19306977288832497 0.7730280340330455 0.0028322742090939245
0.2329951810515372 0.8015806994477264 0.0027550896535873037
0.2811768697974228 0.8272764144012561 0.002672694350393341
0.3393221771895326 0.8540725685218137 0.0024889698359079272
0.4094915062380423 0.8736650284622259 0.0024023385999040235
0.49417133613238334 0.8901530622822121 0.0022801405401382015
0.5963623316594643 0.9089396987123745 0.00211046201297227
0.7196856730011514 0.9195448013546438 0.0020183800658283573
0.868511373751352 0.9257188061962605 0.001992894328222436
1.0481131341546852 0.9389980619815007 0.0018233123885444708
1.2648552168552958 0.9462882363647417 0.001723718274714442
1.5264179671752318 0.9525256741554503 0.0016516559355686266
1.8420699693267144 0.9576113398561705 0.0015829753600776176
2.2229964825261934 0.9664771653258105 0.0013978952553011061
2.6826957952797246 0.9695412082273142 0.0013606827362622434
3.2374575428176433 0.9729601399321298 0.0012869359111374846
3.906939937054613 0.9760859368059644 0.001218940220426965
4.714866363457389 0.9812411213608413 0.0010858018921237767
5.689866029018293 0.9824087791679958 0.0010635515992899532
6.866488450042998 0.9823544319836425 0.001105977489639215
8.286427728546842 0.9852547984137094 0.0009925261331386246
10.0 0.9860607772514657 0.0009978782516683908
