0.001 0.014125465109102788 0.0001058855214948069
0.0012067926406393288 0.016925404440865918 0.00012967042735028393
0.0014563484775012444 0.020323415596549203 0.00015445860155463193
0.0017575106248547913 0.024756163480073864 0.0001886283670545072
0.0021209508879201904 0.029786290211554826 0.00022448527583319232
0.002559547922699536 0.03553224304994901 0.0002691566013321276
0.0030888435964774815 0.042688717221844044 0.0003235805026074984
0.003727593720314938 0.0511064967676535 0.00038331543734592826
0.004498432668969444 0.06198488406173805 0.0004571588523174784
0.005428675439323859 0.07434889920508818 0.0005458078073589044
0.006551285568595509 0.08741611092485489 0.0006376228983427815
0.0079060432109077 0.10200881633364964 0.0007484637208464746
0.009540954763499945 0.12385726795019023 0.0008871866171171694
0.01151395399326447 0.14763962159481353 0.0010297630694119098
0.013894954943731374 0.1728938905147779 0.001196273472768855
0.016768329368110076 0.20138012974645603 0.001388252443850475
0.020235896477251564 0.23518484613488969 0.0015771770132341377
0.02442053094548651 0.27126457925854935 0.0017811336598772063
0.029470517025518096 0.31078954252716345 0.0019944416453232614
0.03556480306223128 0.35539698895918675 0.0021986242283568986
0.04291934260128776 0.40281288488698835 0.0023877185197671734
0.0517947467923121 0.4514227501993863 0.002571152663154713
0.0625055192527397 0.5058461076689685 0.0027223859991586602
0.07543120063354615 0.5521482675206271 0.002833358496131793
0.09102981779915217 0.6039508469819551 0.00292701720307802
0.10985411419875583 0.6536367493676986 0.0029380895541517432
0.13257113655901082 0.695968950416466 0.0029502782032753013
0.15998587196060574 0.7327414981913287 0.0029218868632628005
0.19306977288832497 0.7664512473337851 0.002839361480874863
0.2329951810515372 0.7974840698623615 0.002771375522435662
0.2811768697974228 0.8272523514075362 0.002632866736609368
0.3393221771895326 0.84946379432666 0.0025532003340400906
0.4094915062380423 0.8709690478427313 0.002412998331418789
0.49417133613238334 0.8914507175976347 0.002276765072880102
0.5963623316594643 0.9055049204897543 0.002162280645985076
0.7196856730011514 0.913349454585938 0.002098299509434511
0.868511373751352 0.9297716268142662 0.00192956030230765
1.0481131341546852 0.9330992661531818 0.0018859742848766315
1.2648552168552958 0.9429404927613261 0.0017804284118434202
1.5264179671752318 0.9516647103897979 0.0016495844820929647
1.8420699693267144 0.9610676369177359 0.0014860913113076627
2.2229964825261934 0.9679482379996478 0.0013324680602358613
2.6826957952797246 0.9691217234332961 0.0013564505638378548
3.2374575428176433 0.9736537168075571 0.0012499219982161013
3.906939937054613 0.9753623556526276 0.0012298088875889166
4.714866363457389 0.9784408673394979 0.0011763218371777667
5.689866029018293 0.9803838493622454 0.0010935559807011006
6.866488450042998 0.983638860323826 0.0010282022067858532
8.286427728546842 0.9847630867940205 0.00100663367212996
10.0 0.985466733495163 0.0010295593652798545
