0.001 0.014053069138515244 0.00010676592691417521
0.0012067926406393288 0.016901317985883867 0.00012826098872306677
0.0014563484775012444 0.020322752371761277 0.0001546364671631944
0.0017575106248547913 0.024659155855555916 0.00018495994668609974
0.0021209508879201904 0.02938803045440876 0.00022186920867688228
0.002559547922699536 0.035002302039761755 0.00026742038760928114
0.0030888435964774815 0.042462797008466065 0.0003158913683328566
0.003727593720314938 0.05097402995822546 0.00038071497560421616
0.004498432668969444 0.06093148289379657 0.0004517509923872545
0.005428675439323859 0.07268275028315034 0.0005391121787692644
0.006551285568595509 0.08652771575000684 0.0006352875290888128
0.0079060432109077 0.1022446060511548 0.0007427236178146698
0.009540954763499945 0.12222966068602077 0.0008816912576563699
0.01151395399326447 0.1439248318775933 0.0010203240696127628
0.013894954943731374 0.16972260973344702 0.0011852093991510885
0.016768329368110076 0.19657572051025624 0.0013669709578493017
0.020235896477251564 0.23011226414244385 0.0015681144044771983
0.02442053094548651 0.26967845146577113 0.00177116663378377
0.029470517025518096 0.3069091363090818 0.00196617802936677
0.03556480306223128 0.3549851427517821 0.0021889192074652595
0.04291934260128776 0.40286191543053057 0.002412167769810894
0.0517947467923121 0.44670071081593576 0.0025759537685404884
0.0625055192527397 0.4955443543378303 0.0027325169387135673
0.07543120063354615 0.5539192816164968 0.002812333466386666
0.09102981779915217 0.5992649201383411 0.0029433114030909947
0.10985411419875583 0.6418570321529457 0.0029870226432533054
0.13257113655901082 0.6897635553355901 0.00297226379389088
0.15998587196060574 0.7254178694937627 0.002941353368669271
0.19306977288832497 0.766027774395638 0.0028818774765776273
0.2329951810515372 0.7971232264808232 0.002785465796017735
0.2811768697974228 0.8253645349647477 0.002647967395264392
0.3393221771895326 0.8470488903863123 0.0025617864461949867
0.4094915062380423 0.8717845623426667 0.002416140672260343
0.49417133613238334 0.8858876535786654 0.002323298114825852
0.5963623316594643 0.9016776782263128 0.0022085313258282946
0.7196856730011514 0.9112672005031669 0.0021389759001990004
0.868511373751352 0.9265872856474713 0.0019688494009583567
1.0481131341546852 0.9383004065632409 0.001816824684954852
1.2648552168552958 0.9463902761968304 0.0016996649200092578
1.5264179671752318 0.9491803953769571 0.001711245788906556
1.8420699693267144 0.9575261296504599 0.0015538974715731766
2.2229964825261934 0.9634916927062557 0.0014694496812683075
2.6826957952797246 0.9669618634173246 0.0013960925449487916
3.2374575428176433 0.9697368153225608 0.0013560148714120293
3.906939937054613 0.9752195599282164 0.0012262831277143852
4.714866363457389 0.9795437793320276 0.0011205144129520822
5.689866029018293 0.9786495982581263 0.001168189792110824
6.866488450042998 0.9822135391448538 0.0010864526698780496
8.286427728546842 0.985767703532553 0.0009590531578127639
10.0 0.9841133521016387 0.0010434912502027378
