0.001 0.071247654440441 2.3155249133725407e-05
0.0012067926406393288 0.09781992253483829 3.089025528198984e-05
0.0014563484775012444 0.13284981796898038 3.960329095443675e-05
0.0017575106248547913 0.1779583606289661 5.0015465923148006e-05
0.0021209508879201904 0.2348298516432105 6.226910140720549e-05
0.002559547922699536 0.30414946710905116 7.83043872105927e-05
0.0030888435964774815 0.38575704865884425 8.612283925150153e-05
0.003727593720314938 0.4779709839823363 9.399983535119057e-05
0.004498432668969444 0.5765971414378169 9.77075892638369e-05
0.005428675439323859 0.6762555183923986 9.462375224843701e-05
0.006551285568595509 0.7696391225152571 8.486672477392357e-05
0.0079060432109077 0.8496472841925446 6.775007283940009e-05
0.009540954763499945 0.9119158200843068 4.938068427462029e-05
0.01151395399326447 0.9545925833216535 3.153497913600973e-05
0.013894954943731374 0.9799150460726241 1.6935821989563692e-05
0.016768329368110076 0.9925850924438843 7.331142344678776e-06
0.020235896477251564 0.9978101628023595 2.628271130152633e-06
0.02442053094548651 0.9994998784600104 7.102585487460553e-07
0.029470517025518096 0.999916788758557 1.4147968188553586e-07
0.03556480306223128 0.999990399348819 1.8812813079861222e-08
0.04291934260128776 0.9999992927940653 1.6030842271270576e-09
0.0517947467923121 0.9999999697677944 7.994693134725393e-11
0.0625055192527397 0.9999999993201687 2.034533241897738e-12
0.07543120063354615 0.9999999999930426 2.3500184086394733e-14
0.09102981779915217 0.999999999999972 1.035209978911283e-16
0.10985411419875583 1.0 7.604825120541263e-19
0.13257113655901082 1.0 7.171043875133851e-19
0.15998587196060574 1.0 2.1853070047436586e-18
0.19306977288832497 1.0 7.95651227888113e-19
0.2329951810515372 1.0 0.0
0.2811768697974228 1.0 0.0
0.3393221771895326 1.0 0.0
0.4094915062380423 1.0 0.0
0.49417133613238334 1.0 0.0
0.5963623316594643 1.0 0.0
0.7196856730011514 1.0 0.0
0.868511373751352 1.0 0.0
1.0481131341546852 1.0 0.0
1.2648552168552958 1.0 0.0
1.5264179671752318 1.0 0.0
1.8420699693267144 1.0 0.0
2.2229964825261934 1.0 0.0
2.6826957952797246 1.0 0.0
3.2374575428176433 1.0 0.0
3.906939937054613 1.0 0.0
4.714866363457389 1.0 0.0
5.689866029018293 1.0 0.0
6.866488450042998 1.0 0.0
8.286427728546842 1.0 0.0
10.0 1.0 0.0
