0.001 0.11609904480794837 2.8761992082993523e-05
0.0012067926406393288 0.138340240557155 3.383873299005555e-05
0.0014563484775012444 0.1645662393101799 4.0158407417418654e-05
0.0017575106248547913 0.19500765289569072 4.664133642709109e-05
0.0021209508879201904 0.23025632426026738 5.283227780161111e-05
0.002559547922699536 0.2708928712272393 6.180818076919387e-05
0.0030888435964774815 0.3169481373899722 6.864987222401857e-05
0.003727593720314938 0.368749169660717 7.699138649003305e-05
0.004498432668969444 0.4259910375957163 8.38610407553068e-05
0.005428675439323859 0.4882000370823329 9.136710853003848e-05
0.006551285568595509 0.5544835616837072 9.754418559606716e-05
0.0079060432109077 0.6229038583285992 9.704707074941808e-05
0.009540954763499945 0.6917290120995838 9.390812362606495e-05
0.01151395399326447 0.7583959384249398 9.055185171134795e-05
0.013894954943731374 0.8197706988358825 7.84357910264216e-05
0.016768329368110076 0.8735597394638582 6.641501271280727e-05
0.020235896477251564 0.9175112418775591 5.1919593961010166e-05
0.02442053094548651 0.9507545747880538 3.694399892643997e-05
0.029470517025518096 0.9735635849141947 2.3645615824592473e-05
0.03556480306223128 0.9875259110458301 1.3364104081829736e-05
0.04291934260128776 0.9949476740160665 6.3360866319498734e-06
0.0517947467923121 0.9983059384065113 2.528545195930527e-06
0.0625055192527397 0.9995445098533313 7.834869788715785e-07
0.07543120063354615 0.9999068270184991 1.8788669404333994e-07
0.09102981779915217 0.999986283102995 3.2239548088411e-08
0.10985411419875583 0.9999986370589875 3.699470605722613e-09
0.13257113655901082 0.9999999156613181 2.6038489071183457e-10
0.15998587196060574 0.9999999970431203 1.0124028433103019e-11
0.19306977288832497 0.9999999999483311 1.983432896976004e-13
0.2329951810515372 0.9999999999996031 1.6393214612727852e-15
0.2811768697974228 0.9999999999999988 5.000294630417289e-18
0.3393221771895326 1.0 0.0
0.4094915062380423 1.0 0.0
0.49417133613238334 1.0 0.0
0.5963623316594643 1.0 0.0
0.7196856730011514 1.0 0.0
0.868511373751352 1.0 0.0
1.0481131341546852 1.0 0.0
1.2648552168552958 1.0 0.0
1.5264179671752318 1.0 0.0
1.8420699693267144 1.0 0.0
2.2229964825261934 1.0 0.0
2.6826957952797246 1.0 0.0
3.2374575428176433 1.0 0.0
3.906939937054613 1.0 0.0
4.714866363457389 1.0 0.0
5.689866029018293 1.0 0.0
6.866488450042998 1.0 0.0
8.286427728546842 1.0 0.0
10.0 1.0 0.0
