0.001 0.16322762540554556 2.7947834923696805e-05
0.0012067926406393288 0.19346157144493073 3.252773101944339e-05
0.0014563484775012444 0.22854896111370926 3.7112365679104164e-05
0.0017575106248547913 0.26881456158044836 4.2077722901652985e-05
0.0021209508879201904 0.31472302677015845 4.782901024257768e-05
0.002559547922699536 0.3662249755961738 5.578777707111019e-05
0.0030888435964774815 0.4232245178616331 5.863586687085807e-05
0.003727593720314938 0.4853079606993702 6.269813918084579e-05
0.004498432668969444 0.5512538617905877 6.600204385209548e-05
0.005428675439323859 0.6198196505375451 6.730197389953357e-05
0.006551285568595509 0.6887611437472969 6.66129999169229e-05
0.0079060432109077 0.7553332950014715 6.200773649702914e-05
0.009540954763499945 0.8172080411524429 5.620301830425658e-05
0.01151395399326447 0.8714074560260858 4.8186206271906534e-05
0.013894954943731374 0.9158567758466372 3.798262636356435e-05
0.016768329368110076 0.9494905179865429 2.650514316451108e-05
0.020235896477251564 0.972787772069454 1.741734826238654e-05
0.02442053094548651 0.9870694183408838 9.862540466672513e-06
0.029470517025518096 0.9947461937959784 4.833469526423731e-06
0.03556480306223128 0.998220295560305 1.9170542735152674e-06
0.04291934260128776 0.9995183052808944 6.150955146055095e-07
0.0517947467923121 0.9999007511820887 1.5091967346989667e-07
0.0625055192527397 0.9999851773115394 2.6269026694909476e-08
0.07543120063354615 0.9999985084941596 3.0748577051064928e-09
0.09102981779915217 0.9999999061112318 2.2146622884206392e-10
0.10985411419875583 0.9999999966711348 9.034410526355722e-12
0.13257113655901082 0.9999999999407102 1.8454843677321663e-13
0.15998587196060574 0.9999999999995379 1.6104592925623747e-15
0.19306977288832497 0.9999999999999988 4.8325191177000564e-18
0.2329951810515372 1.0 0.0
0.2811768697974228 1.0 0.0
0.3393221771895326 1.0 0.0
0.4094915062380423 1.0 0.0
0.49417133613238334 1.0 0.0
0.5963623316594643 1.0 0.0
0.7196856730011514 1.0 0.0
0.868511373751352 1.0 0.0
1.0481131341546852 1.0 0.0
1.2648552168552958 1.0 0.0
1.5264179671752318 1.0 0.0
1.8420699693267144 1.0 0.0
2.2229964825261934 1.0 0.0
2.6826957952797246 1.0 0.0
3.2374575428176433 1.0 0.0
3.906939937054613 1.0 0.0
4.714866363457389 1.0 0.0
5.689866029018293 1.0 0.0
6.866488450042998 1.0 0.0
8.286427728546842 1.0 0.0
10.0 1.0 0.0
