0.001 0.08108980689670052 2.1803998310135504e-05
0.0012067926406393288 0.11086808593503028 2.9057376762909753e-05
0.0014563484775012444 0.14989080541706348 3.9545111037495376e-05
0.0017575106248547913 0.19951493252871202 4.735429289906107e-05
0.0021209508879201904 0.26139512050113084 5.8555227851352495e-05
0.002559547922699536 0.3358385716172953 6.865030498311648e-05
0.0030888435964774815 0.4219945612667626 7.84720439242308e-05
0.003727593720314938 0.5174862000298922 8.396490363175926e-05
0.004498432668969444 0.61747350755179 8.4829399918881e-05
0.005428675439323859 0.7153913831490196 7.869332964827237e-05
0.006551285568595509 0.8040822762775796 6.737157817144898e-05
0.0079060432109077 0.8773511585975422 5.092626961085487e-05
0.009540954763499945 0.9314991622505672 3.4047093353875846e-05
0.01151395399326447 0.9667251716488628 2.0588379994561337e-05
0.013894954943731374 0.9862927325445935 1.0140049874955907e-05
0.016768329368110076 0.9953563248481397 4.0754877225240994e-06
0.020235896477251564 0.9987591274634465 1.3165578779417778e-06
0.02442053094548651 0.9997485289187281 3.00535707978142e-07
0.029470517025518096 0.9999636549440278 5.1207099734793245e-08
0.03556480306223128 0.9999964921113499 5.811009011884935e-09
0.04291934260128776 0.9999997906185188 3.9576392543563125e-10
0.0517947467923121 0.9999999930367863 1.5145832573899194e-11
0.0625055192527397 0.999999999885728 2.8708828043519787e-13
0.07543120063354615 0.9999999999991838 2.172177240320384e-15
0.09102981779915217 0.9999999999999982 5.94660989057876e-18
0.10985411419875583 1.0 6.594388326471856e-19
0.13257113655901082 1.0 2.1418961697351128e-18
0.15998587196060574 1.0 7.208759403075827e-19
0.19306977288832497 1.0 2.0365255238271555e-18
0.2329951810515372 1.0 0.0
0.2811768697974228 1.0 0.0
0.3393221771895326 1.0 0.0
0.4094915062380423 1.0 0.0
0.49417133613238334 1.0 0.0
0.5963623316594643 1.0 0.0
0.7196856730011514 1.0 0.0
0.868511373751352 1.0 0.0
1.0481131341546852 1.0 0.0
1.2648552168552958 1.0 0.0
1.5264179671752318 1.0 0.0
1.8420699693267144 1.0 0.0
2.2229964825261934 1.0 0.0
2.6826957952797246 1.0 0.0
3.2374575428176433 1.0 0.0
3.906939937054613 1.0 0.0
4.714866363457389 1.0 0.0
5.689866029018293 1.0 0.0
6.866488450042998 1.0 0.0
8.286427728546842 1.0 0.0
10.0 1.0 0.0
