0.001 0.05741497865672434 2.0602132148825452e-05
0.0012067926406393288 0.07932371939012108 2.6460766654416926e-05
0.0014563484775012444 0.1086378926908967 3.7320788023271604e-05
0.0017575106248547913 0.14683515374337489 4.6407357113963405e-05
0.0021209508879201904 0.1958228854939111 6.113024167783576e-05
0.002559547922699536 0.25669354021728763 7.265549615082073e-05
0.0030888435964774815 0.3302926209040515 8.228938208083902e-05
0.003727593720314938 0.4157425615762667 9.240369965972035e-05
0.004498432668969444 0.510671604590624 0.00010192956527331537
0.005428675439323859 0.6106412421400631 0.00010435775151368106
0.006551285568595509 0.7087786107939154 9.571028682188824e-05
0.0079060432109077 0.7984103038385175 8.15885164064276e-05
0.009540954763499945 0.8729227126771612 6.378210882894501e-05
0.01151395399326447 0.9283285099252789 4.251532703377588e-05
0.013894954943731374 0.9648308355779139 2.598199002900621e-05
0.016768329368110076 0.9853276852447219 1.3031827855761984e-05
0.020235896477251564 0.9949537911279047 5.336839966714378e-06
0.02442053094548651 0.9986256779438474 1.710857769469305e-06
0.029470517025518096 0.9997158805460508 4.0693787090413426e-07
0.03556480306223128 0.9999577563535047 6.902676530826858e-08
0.04291934260128776 0.9999957902903134 8.056722371842244e-09
0.0517947467923121 0.9999997386850275 5.629174189006995e-10
0.0625055192527397 0.9999999908783528 2.2312375466468873e-11
0.07543120063354615 0.9999999998403201 4.3078284488894756e-13
0.09102981779915217 0.9999999999987816 3.5592188969823874e-15
0.10985411419875583 0.9999999999999969 1.1018156690514279e-17
0.13257113655901082 1.0 6.240994087105632e-19
0.15998587196060574 1.0 2.1444267391013234e-18
0.19306977288832497 1.0 2.1251420381683414e-18
0.2329951810515372 1.0 2.0617890782060436e-18
0.2811768697974228 1.0 0.0
0.3393221771895326 1.0 0.0
0.4094915062380423 1.0 0.0
0.49417133613238334 1.0 0.0
0.5963623316594643 1.0 0.0
0.7196856730011514 1.0 0.0
0.868511373751352 1.0 0.0
1.0481131341546852 1.0 0.0
1.2648552168552958 1.0 0.0
1.5264179671752318 1.0 0.0
1.8420699693267144 1.0 0.0
2.2229964825261934 1.0 0.0
2.6826957952797246 1.0 0.0
3.2374575428176433 1.0 0.0
3.906939937054613 1.0 0.0
4.714866363457389 1.0 0.0
5.689866029018293 1.0 0.0
6.866488450042998 1.0 0.0
8.286427728546842 1.0 0.0
10.0 1.0 0.0
