0.001 0.004006737195561688 1.9702469041619642e-06
0.0012067926406393288 0.006698467653509342 3.5700333779696325e-06
0.0014563484775012444 0.01105829481001747 5.614329142696072e-06
0.0017575106248547913 0.018047135966331878 8.751405140367675e-06
0.0021209508879201904 0.028995520829234248 1.2958227831318949e-05
0.002559547922699536 0.04581447400064062 1.9985600775606596e-05
0.0030888435964774815 0.07096036061202506 2.9197149826977012e-05
0.003727593720314938 0.10740140453579859 4.2136744146734214e-05
0.004498432668969444 0.1582304939511951 5.73528388321849e-05
0.005428675439323859 0.22604441379849435 7.602806214430558e-05
0.006551285568595509 0.31204235613823006 9.591466951452209e-05
0.0079060432109077 0.4141444908394807 0.00010476914525967964
0.009540954763499945 0.5275922786439529 0.00010649789880601558
0.01151395399326447 0.6440663761902453 0.0001038866746068556
0.013894954943731374 0.7526537952864323 9.228479949797783e-05
0.016768329368110076 0.8439834314178879 7.316187581043687e-05
0.020235896477251564 0.9120939685940017 4.8826520802375174e-05
0.02442053094548651 0.956727215021325 2.9431032032006743e-05
0.029470517025518096 0.9817079587044849 1.3972368988749179e-05
0.03556480306223128 0.9935905795374818 5.869082133471433e-06
0.04291934260128776 0.9982043995115885 2.0263554068043184e-06
0.0517947467923121 0.9996113146538151 4.976843801144935e-07
0.0625055192527397 0.9999387006292518 9.053719338991747e-08
0.07543120063354615 0.999993426731787 1.1468431706686524e-08
0.09102981779915217 0.9999995536114656 8.878658493043781e-10
0.10985411419875583 0.999999982625363 3.9313310726958585e-11
0.13257113655901082 0.9999999996521385 8.696616364132463e-13
0.15998587196060574 0.9999999999969201 8.756720334515548e-15
0.19306977288832497 0.9999999999999897 3.236721517057679e-17
0.2329951810515372 1.0 0.0
0.2811768697974228 1.0 0.0
0.3393221771895326 1.0 0.0
0.4094915062380423 1.0 0.0
0.49417133613238334 1.0 0.0
0.5963623316594643 1.0 0.0
0.7196856730011514 1.0 0.0
0.868511373751352 1.0 0.0
1.0481131341546852 1.0 0.0
1.2648552168552958 1.0 0.0
1.5264179671752318 1.0 0.0
1.8420699693267144 1.0 0.0
2.2229964825261934 1.0 0.0
2.6826957952797246 1.0 0.0
3.2374575428176433 1.0 0.0
3.906939937054613 1.0 0.0
4.714866363457389 1.0 0.0
5.689866029018293 1.0 0.0
6.866488450042998 1.0 0.0
8.286427728546842 1.0 0.0
10.0 1.0 0.0
