0.001 0.15382548427651008 0.000921386949436714
0.0012067926406393288 0.1801606798690183 0.0010783625133146573
0.0014563484775012444 0.21333623097020737 0.001241847848527137
0.0017575106248547913 0.24808299513574938 0.0014189745513956244
0.0021209508879201904 0.28952682790236306 0.0016278915707616162
0.002559547922699536 0.3314904743667396 0.001830085846496827
0.0030888435964774815 0.3818311560005827 0.002044282356909521
0.003727593720314938 0.4281388466629886 0.0022388713007725058
0.004498432668969444 0.483751293395208 0.0024291768065169495
0.005428675439323859 0.5372036184757754 0.002598142058911423
0.006551285568595509 0.5882649990832522 0.0027273389413307353
0.0079060432109077 0.6372147297051284 0.0028337669266924447
0.009540954763499945 0.6912276470760317 0.0028221690864205116
0.01151395399326447 0.7374724332681213 0.002796046629811455
0.013894954943731374 0.7734691260669433 0.0027689012158367133
0.016768329368110076 0.7994652132382561 0.0027306494489036702
0.020235896477251564 0.8316547423245704 0.0025961625856405655
0.02442053094548651 0.8554608161789669 0.0024538539349787587
0.029470517025518096 0.8739910421493833 0.0023199727589634854
0.03556480306223128 0.892165327085448 0.0021328242693948833
0.04291934260128776 0.9072713928479883 0.0019417324468245483
0.0517947467923121 0.9227777080843145 0.0017358814153198047
0.0625055192527397 0.9332149476002812 0.0015744274464269906
0.07543120063354615 0.9466078097146623 0.0013462441708994815
0.09102981779915217 0.9558837695135426 0.0011947141529180497
0.10985411419875583 0.9663607225091649 0.0010054371305303828
0.13257113655901082 0.9755882418181558 0.0008234862600633663
0.15998587196060574 0.9795668381926859 0.0008373465557716503
0.19306977288832497 0.9861469903654834 0.0006625534295255786
0.2329951810515372 0.9900451455005401 0.0006481306945274052
0.2811768697974228 0.9924369988095716 0.0006121109922148598
0.3393221771895326 0.9938200407781278 0.0006052892122109802
0.4094915062380423 0.9942905014020981 0.0006001009894816923
0.49417133613238334 0.9952358301272023 0.0005374193324764734
0.5963623316594643 0.9964714155321337 0.00047893693601738704
0.7196856730011514 0.9962951885112227 0.000509744011102217
0.868511373751352 0.9973400638045283 0.00041073464888289257
1.0481131341546852 0.9979540047221688 0.0003403976722325343
1.2648552168552958 0.9974066845592646 0.0004355841194688656
1.5264179671752318 0.998427450944936 0.0003472293905534448
1.8420699693267144 0.998058906086495 0.00037956713388957015
2.2229964825261934 0.9982410775657244 0.00038207532611702244
2.6826957952797246 0.9986007614939032 0.00034963238009634167
3.2374575428176433 0.9979652544462922 0.0004367051781196867
3.906939937054613 0.9979146679631398 0.00044721481992645267
4.714866363457389 0.9977569694126927 0.0004686334976636509
5.689866029018293 0.9979782319661017 0.0004467892978926468
6.866488450042998 0.9992927446755493 0.0002644882175970523
8.286427728546842 0.9987965695388566 0.00034620200631178567
10.0 0.9978994258922718 0.000457775915488713
