0.001 0.124938989014347 0.0006331498130272637
0.0012067926406393288 0.14844150858391977 0.0007451885802331271
0.0014563484775012444 0.1734057904566102 0.0008746371918989755
0.0017575106248547913 0.20537645370513766 0.0010010886834246671
0.0021209508879201904 0.2415122159303848 0.0011459868153983178
0.002559547922699536 0.2811361297074493 0.0013000888198032156
0.0030888435964774815 0.32793545351416836 0.0014772839860035258
0.003727593720314938 0.37628929543528067 0.0016106406733437683
0.004498432668969444 0.42836287088961356 0.0017628493332362944
0.005428675439323859 0.48304764778980624 0.001904288700449579
0.006551285568595509 0.5398014124881458 0.002001182190317958
0.0079060432109077 0.600267686167829 0.0020797225134435377
0.009540954763499945 0.6598872862605034 0.002110709415394218
0.01151395399326447 0.7150278540482193 0.00210920811381094
0.013894954943731374 0.7703083814831121 0.002030051871208722
0.016768329368110076 0.813304804250609 0.0019517154383211174
0.020235896477251564 0.8496077276367167 0.0018547353909801087
0.02442053094548651 0.8849109656320028 0.0016686442428481046
0.029470517025518096 0.9068646469702939 0.0016005864035321122
0.03556480306223128 0.9334703523329329 0.0013383786769537852
0.04291934260128776 0.9491794016405133 0.0012271271323663424
0.0517947467923121 0.9609920915354305 0.0010720976160484381
0.0625055192527397 0.9706470248839641 0.0009448529825318256
0.07543120063354615 0.9776958580933806 0.0008561555332348994
0.09102981779915217 0.9846653199733051 0.0006904865337248007
0.10985411419875583 0.9877855714380123 0.0006373840648423518
0.13257113655901082 0.9909226316988937 0.0005522453158471678
0.15998587196060574 0.9939080832723872 0.00043933944865013995
0.19306977288832497 0.9947040664553624 0.00041368662945924473
0.2329951810515372 0.9965495649183768 0.00033299646053395505
0.2811768697974228 0.9970073263564726 0.0003214049215701476
0.3393221771895326 0.9980833144220558 0.0002492245741391899
0.4094915062380423 0.9983643465397898 0.00023865851860021704
0.49417133613238334 0.9991387288187711 0.00015269285882012874
0.5963623316594643 0.9989546613290026 0.0001795747263656813
0.7196856730011514 0.9994754842328384 0.00011751818669812565
0.868511373751352 0.9996340494307314 0.00010056158847750032
1.0481131341546852 0.9995858578206133 0.0001190398199383627
1.2648552168552958 0.9996459978413255 9.756743126232759e-05
1.5264179671752318 0.9996933458724263 0.00010716050643698734
1.8420699693267144 0.9998481462697606 6.226146679242513e-05
2.2229964825261934 0.9998768786117535 5.8123459931731195e-05
2.6826957952797246 0.9999237856729803 3.794568812947452e-05
3.2374575428176433 0.9999654078944468 2.0465276845650667e-05
3.906939937054613 0.9999387592707979 2.83250988767135e-05
4.714866363457389 0.9999895200900363 9.44533361803404e-06
5.689866029018293 0.9999824278652372 1.0019762904720109e-05
6.866488450042998 0.9999871381434253 6.416799967141844e-06
8.286427728546842 0.9999952543106865 2.7289686525005463e-06
10.0 0.999998663478794 9.445593650003737e-07
