0.001 0.12391164955221316 0.0006490995805738867
0.0012067926406393288 0.14584163044899767 0.0007362435275268252
0.0014563484775012444 0.173161670041883 0.000869555040308343
0.0017575106248547913 0.20483157672899374 0.001005744121652919
0.0021209508879201904 0.239920877922997 0.001135449785676354
0.002559547922699536 0.2777124963946202 0.0012914935187186706
0.0030888435964774815 0.3252183758757523 0.0014490961472123749
0.003727593720314938 0.37031050321360476 0.0016154291484551681
0.004498432668969444 0.42722451091432784 0.0017443309918308996
0.005428675439323859 0.4824777214559881 0.001902516388929181
0.006551285568595509 0.5402688918454366 0.0020131885120271238
0.0079060432109077 0.5999250160654782 0.002058897482703693
0.009540954763499945 0.6573059837125801 0.0021283951663004608
0.01151395399326447 0.7161483657779969 0.0020955255672352718
0.013894954943731374 0.7678731895391084 0.002018811793885005
0.016768329368110076 0.8106337180197313 0.0019926447067708584
0.020235896477251564 0.8479771612386193 0.0018720885069385682
0.02442053094548651 0.8851297829946945 0.001702270551674546
0.029470517025518096 0.9088610520082069 0.0015621667263176825
0.03556480306223128 0.9333037642917363 0.0013589934045265786
0.04291934260128776 0.9470449821969243 0.0012635618770211517
0.0517947467923121 0.9609138481906137 0.0010736596298657084
0.0625055192527397 0.9701217425640775 0.0009529831933296179
0.07543120063354615 0.9758650019746299 0.0009091300487736579
0.09102981779915217 0.9819486532289111 0.0007841922193385627
0.10985411419875583 0.9878965849327728 0.0006252035215402697
0.13257113655901082 0.9896490353717178 0.0005796606450977255
0.15998587196060574 0.9933471135835431 0.00044725144123725584
0.19306977288832497 0.9949794780236003 0.0004157269920795861
0.2329951810515372 0.9965882492317342 0.0003234003213234192
0.2811768697974228 0.9968898581000382 0.00031329790580013594
0.3393221771895326 0.9976683218297636 0.0002948209464898766
0.4094915062380423 0.9984084848447766 0.0002353756802379095
0.49417133613238334 0.9989858562193183 0.00015192013575461504
0.5963623316594643 0.999132670646313 0.00017539301283897132
0.7196856730011514 0.9994185991663522 0.00014226649764951236
0.868511373751352 0.9993165908692767 0.00015039456649618022
1.0481131341546852 0.9995858942214721 0.00011097169243195015
1.2648552168552958 0.9997170950678428 9.033065066939724e-05
1.5264179671752318 0.9995891709334174 0.00012357096138357514
1.8420699693267144 0.9999216796213586 4.3734508401189086e-05
2.2229964825261934 0.9998194599319162 7.074219258547903e-05
2.6826957952797246 0.9999311301595594 3.969950015204277e-05
3.2374575428176433 0.9999453150915452 3.048808028009549e-05
3.906939937054613 0.9999182451930588 3.454666412154148e-05
4.714866363457389 0.9999761268278405 1.4859107673543937e-05
5.689866029018293 0.9999801270542866 1.1383812815983242e-05
6.866488450042998 0.9999885992638492 6.48348967062685e-06
8.286427728546842 0.9999961718170238 2.683668094938274e-06
10.0 0.9999983253431205 1.18216616006626e-06
