0.001 0.343531151375724 0.0018566568870173696
0.0012067926406393288 0.41819934763452765 0.0021078446507935755
0.0014563484775012444 0.49774138831356685 0.002332593280909044
0.0017575106248547913 0.5796516064727048 0.0024454317010765194
0.0021209508879201904 0.6572074504107128 0.0024862825579802135
0.002559547922699536 0.7265163984163461 0.0024523307945879236
0.0030888435964774815 0.7918109736334317 0.0022919649075283555
0.003727593720314938 0.8414188699313514 0.0021283720917853687
0.004498432668969444 0.8815918194234731 0.0019650787037995146
0.005428675439323859 0.9128524357973572 0.001755173525356736
0.006551285568595509 0.9381624516621813 0.001490089571961738
0.0079060432109077 0.953816596868209 0.00134631985644948
0.009540954763499945 0.9674056208708309 0.001178104386182923
0.01151395399326447 0.9753893444275865 0.0010320485805380792
0.013894954943731374 0.9825700970558868 0.000873818724941503
0.016768329368110076 0.986538642667046 0.0007987733779227805
0.020235896477251564 0.9894478893261243 0.0007279309368975992
0.02442053094548651 0.9925651892244095 0.000594965261562549
0.029470517025518096 0.9949798300885017 0.00048096315208303236
0.03556480306223128 0.9954858481034061 0.00045612331502563477
0.04291934260128776 0.9970155731079109 0.00036949098447419963
0.0517947467923121 0.9973034112115206 0.000344025603306479
0.0625055192527397 0.9980362511297577 0.00031265039402503844
0.07543120063354615 0.998493568463625 0.00027627549043477513
0.09102981779915217 0.9986094304725288 0.00029846309372726
0.10985411419875583 0.9992117116862818 0.00019814393874037392
0.13257113655901082 0.9990932974031533 0.0002459122625077519
0.15998587196060574 0.9993565271327589 0.00019735880451640108
0.19306977288832497 0.999454836535589 0.00019667560661466865
0.2329951810515372 0.9993148407585579 0.000219234407076276
0.2811768697974228 0.9997686930105454 0.00011453394609039972
0.3393221771895326 0.9994173863174421 0.00021456140773213337
0.4094915062380423 0.9996626656784064 0.00017559708899755875
0.49417133613238334 0.9995956257816404 0.00017875374276490107
0.5963623316594643 0.9996741673650911 0.00017406647590693475
0.7196856730011514 0.9996575911062322 0.00017400945432245868
0.868511373751352 0.9996897484128542 0.00017327728615272099
1.0481131341546852 0.9997985842092693 0.00014141400888796745
1.2648552168552958 0.999998564155642 8.285090280900714e-07
1.5264179671752318 0.999999871264761 1.286983753687703e-07
1.8420699693267144 0.9995998953121497 0.0001999599819056796
2.2229964825261934 0.9996999809619621 0.00017317909495713046
2.6826957952797246 0.9997999985171957 0.00014140721318672996
3.2374575428176433 0.9998999999332112 9.999499986832197e-05
3.906939937054613 0.999999999997012 1.4937239377584892e-12
4.714866363457389 0.9998999999999504 9.99949998749888e-05
5.689866029018293 0.9997999999999998 0.00014140721339450822
6.866488450042998 0.9998 0.00014140721339450825
8.286427728546842 0.9998 0.00014140721339450825
10.0 1.0 0.0
