0.001 0.34434632195550846 0.0018553034678773497
0.0012067926406393288 0.4224887573198569 0.002134315282080838
0.0014563484775012444 0.5041006610477297 0.0023011866830522578
0.0017575106248547913 0.5807564299022754 0.0024180118300784316
0.0021209508879201904 0.6645426208318326 0.0024435957124311343
0.002559547922699536 0.7315399763676823 0.0024450735044125034
0.0030888435964774815 0.7912693736632052 0.0023085105911540946
0.003727593720314938 0.8439109143706118 0.0021464494462505967
0.004498432668969444 0.8850956437071505 0.001944998238409732
0.005428675439323859 0.9184990920327156 0.0016818657553462405
0.006551285568595509 0.9368481041430434 0.001569838936758985
0.0079060432109077 0.955185227768769 0.0013116803244104676
0.009540954763499945 0.9672276205546124 0.0011643950539656014
0.01151395399326447 0.9751799028059979 0.001035203324599501
0.013894954943731374 0.9824961274430647 0.0008689730353070818
0.016768329368110076 0.985422674818314 0.0008234730231325035
0.020235896477251564 0.99084061152815 0.0006307526084706362
0.02442053094548651 0.9921139186432653 0.0006218133868474865
0.029470517025518096 0.9940005936904397 0.0005543260788867
0.03556480306223128 0.995908345232081 0.00046657336643211834
0.04291934260128776 0.9963165497441862 0.00043907988199710674
0.0517947467923121 0.9974929209564388 0.0003659170904748372
0.0625055192527397 0.9977620143941549 0.0003690940619759098
0.07543120063354615 0.9982957903616998 0.000316276332348856
0.09102981779915217 0.9990150935990448 0.00023114965509903548
0.10985411419875583 0.9989443940332522 0.0002405356849052257
0.13257113655901082 0.999400486785987 0.00018089327594274018
0.15998587196060574 0.9996064866752137 0.00014220363580966892
0.19306977288832497 0.99940116998503 0.00016190241638004986
0.2329951810515372 0.9996917950185994 0.00015424544904375678
0.2811768697974228 0.9998589880452055 0.0001014864693790484
0.3393221771895326 0.9999444851663014 3.8102121177017356e-05
0.4094915062380423 0.9997373263452113 0.00014663046631676783
0.49417133613238334 0.9998025343610941 0.00010829075580577973
0.5963623316594643 0.9998420475569186 0.00010322928874557743
0.7196856730011514 0.9995618551720612 0.00020054709067688733
0.868511373751352 0.9998849407906362 0.00010021886707378734
1.0481131341546852 0.9999975732061015 1.7107691806540083e-06
1.2648552168552958 0.999798406948214 0.0001414092282838556
1.5264179671752318 0.9994994852523119 0.00022355089238038306
1.8420699693267144 0.9998999600637868 9.999499986774744e-05
2.2229964825261934 0.999799983528107 0.0001414072112245964
2.6826957952797246 0.999999999001114 4.993431087102154e-10
3.2374575428176433 0.9998 0.00014140721339450825
3.906939937054613 0.9995 0.0002235508890610816
4.714866363457389 0.9999 9.999499987499379e-05
5.689866029018293 0.9999999999999997 1.0823057656883795e-16
6.866488450042998 0.9998 0.00014140721339450825
8.286427728546842 0.9999 9.999499987499377e-05
10.0 0.9998 0.00014140721339450825
