0.001 0.3383319547838603 0.0018495496536914057
0.0012067926406393288 0.42221481996296395 0.0021121966480123146
0.0014563484775012444 0.4970271301535825 0.002295609957780093
0.0017575106248547913 0.577806641894315 0.002421358181301869
0.0021209508879201904 0.6560421656973712 0.00248105243448226
0.002559547922699536 0.7318707041198602 0.0024042482092316185
0.0030888435964774815 0.7877368614975867 0.0023319144609217093
0.003727593720314938 0.8456615121283965 0.002105269040041302
0.004498432668969444 0.8776735560712952 0.002016761132410534
0.005428675439323859 0.9127161334116758 0.001725850888601725
0.006551285568595509 0.9355378190927218 0.0015393843026127911
0.0079060432109077 0.954160317170754 0.0013632964192547249
0.009540954763499945 0.9669291363964907 0.001154204884668543
0.01151395399326447 0.9747288597261115 0.0010524319470030462
0.013894954943731374 0.9823280788639147 0.0008903985749045453
0.016768329368110076 0.9858617607840559 0.0008184561978106297
0.020235896477251564 0.9892320132981695 0.0007274774154992176
0.02442053094548651 0.9925738070208016 0.0005901147429121632
0.029470517025518096 0.9943184475142043 0.000540049377511743
0.03556480306223128 0.9953100259855037 0.0005022753950452273
0.04291934260128776 0.9964972784897412 0.00042567667781541967
0.0517947467923121 0.9972162452224599 0.00041015655651967513
0.0625055192527397 0.9981439704698125 0.00031568897982993155
0.07543120063354615 0.9985677169125309 0.00027818610485520886
0.09102981779915217 0.9986361225317172 0.0002805772995990169
0.10985411419875583 0.998610411680832 0.00028203095149379755
0.13257113655901082 0.999581314766407 0.0001100289105185192
0.15998587196060574 0.9994860431531075 0.0001877347556430414
0.19306977288832497 0.9994289764064157 0.00019248825226187279
0.2329951810515372 0.9992200408803398 0.00022021528047751215
0.2811768697974228 0.9995648248918294 0.00018851903469108318
0.3393221771895326 0.9996925567095685 0.00015346197433419668
0.4094915062380423 0.9997302450870977 0.00014831168504790912
0.49417133613238334 0.9998540019461721 0.00010483416557635583
0.5963623316594643 0.9993560252388192 0.0002461287021298528
0.7196856730011514 0.999982681792676 1.179511462266562e-05
0.868511373751352 0.9997828555205642 0.00014165931499759626
1.0481131341546852 0.9997944413706509 0.00014144264281233578
1.2648552168552958 0.9995979967171943 0.00019996293744286762
1.5264179671752318 0.9997996139439909 0.00014140742211286587
1.8420699693267144 0.9994998289516099 0.0002235508671565172
2.2229964825261934 0.9995999862102064 0.00019995999347838678
2.6826957952797246 0.9999999984810285 1.073967402550073e-09
3.2374575428176433 0.9997999997883208 0.0001414072133646089
3.906939937054613 0.9997999999936277 0.00014140721339360706
4.714866363457389 0.9997999999998246 0.00014140721339448348
5.689866029018293 0.9999999999999992 5.733719215726191e-16
6.866488450042998 0.9997 0.0001731790980459247
8.286427728546842 0.9998 0.00014140721339450825
10.0 1.0 0.0
