0.001 0.3801226571884005 0.0014542401189996238
0.0012067926406393288 0.43697343712044867 0.0015747391879934222
0.0014563484775012444 0.4935216944277915 0.001716608929499805
0.0017575106248547913 0.5550802952187309 0.0018127132933479773
0.0021209508879201904 0.6153370438020221 0.0019032898555495495
0.002559547922699536 0.6777818013187823 0.0019050526919726488
0.0030888435964774815 0.7316724528526788 0.001917280618033723
0.003727593720314938 0.7844197715324925 0.001870898089539436
0.004498432668969444 0.8304711725791706 0.0017540440834089527
0.005428675439323859 0.8728919350378684 0.0015958635948521893
0.006551285568595509 0.9019888812830386 0.0014672716539538364
0.0079060432109077 0.9253812136285964 0.0013498255448363562
0.009540954763499945 0.9454925071963118 0.0011888733423095455
0.01151395399326447 0.9590149003888624 0.0010988115618997738
0.013894954943731374 0.9710936495411142 0.0009104869660824622
0.016768329368110076 0.9780816180977235 0.0008301986861136204
0.020235896477251564 0.9850787250037749 0.0006855303038318379
0.02442053094548651 0.9894182597431816 0.0005874471641178067
0.029470517025518096 0.9912491790944549 0.0005593324176882066
0.03556480306223128 0.9932786309040752 0.0004891237426069379
0.04291934260128776 0.9941766665184787 0.00048314529646473973
0.0517947467923121 0.9956580729625577 0.00041252672800175624
0.0625055192527397 0.9972025119709004 0.0003217046891902101
0.07543120063354615 0.9978966689955813 0.0003021001453067556
0.09102981779915217 0.9983781198038784 0.00026602421241577265
0.10985411419875583 0.9987153073845456 0.00019726719579968798
0.13257113655901082 0.9988525212221911 0.000237269521252195
0.15998587196060574 0.9994432598603277 0.0001528163689465221
0.19306977288832497 0.9993008341719527 0.00020588533826642604
0.2329951810515372 0.9995403122667845 0.00017043887573870494
0.2811768697974228 0.9995678011804634 0.00015426872465449035
0.3393221771895326 0.9996848260322031 0.0001281071936906217
0.4094915062380423 0.9995435778072502 0.0001826517026791912
0.49417133613238334 0.9997844740151315 0.0001130114995146917
0.5963623316594643 0.9998338100091605 0.00010542899616989924
0.7196856730011514 0.9999926585339776 3.510836273883489e-06
0.868511373751352 0.9997709853186673 0.00014238855128722452
1.0481131341546852 0.999568677483437 0.00020052197153058694
1.2648552168552958 0.9999953334138835 4.419405805174736e-06
1.5264179671752318 0.9996929342657107 0.00017322437394027591
1.8420699693267144 0.9998978530589662 0.00010000610124658919
2.2229964825261934 0.9996999969943181 0.00017317909752850361
2.6826957952797246 0.9998994646530387 9.999530426739681e-05
3.2374575428176433 0.9998999659346038 9.999500226811065e-05
3.906939937054613 0.9997999673338563 0.00014140720952858057
4.714866363457389 0.9998999973279491 9.999499961967208e-05
5.689866029018293 0.9997999995174809 0.00014140721332640005
6.866488450042998 0.9996999999690873 0.00017317909804057008
8.286427728546842 0.9998 0.00014140721339450825
10.0 0.999899999999996 9.99949998749934e-05
