0.001 0.3824158902426385 0.0014365512892660966
0.0012067926406393288 0.43641225822149565 0.0015829393778920766
0.0014563484775012444 0.49393410676944766 0.0017327414708739272
0.0017575106248547913 0.5550574977212125 0.0018265816091129648
0.0021209508879201904 0.6159432498847129 0.0018929187321850517
0.002559547922699536 0.6743350114149006 0.0019383759751868176
0.0030888435964774815 0.7338748637068986 0.0018879832293040141
0.003727593720314938 0.7846973867007179 0.0018424141637655522
0.004498432668969444 0.8305817336003043 0.0017698320087211725
0.005428675439323859 0.8697630224058687 0.0016508784531107307
0.006551285568595509 0.9028835680754886 0.0014635889398672583
0.0079060432109077 0.9267711993363444 0.0013439081804337886
0.009540954763499945 0.9475732432976983 0.0011907148200144975
0.01151395399326447 0.9608462949339408 0.0010593267327747278
0.013894954943731374 0.9715981856471819 0.0009057763427980073
0.016768329368110076 0.9786012125240617 0.0008237940766936032
0.020235896477251564 0.9839138606965302 0.0007421371813898911
0.02442053094548651 0.9885881326279785 0.0006190686131863224
0.029470517025518096 0.9921886410655432 0.0005083220280902501
0.03556480306223128 0.9932640193230673 0.00048206950683194665
0.04291934260128776 0.9954063760413581 0.0003921949159018273
0.0517947467923121 0.9959304564660705 0.0003682940450507022
0.0625055192527397 0.9970647865273601 0.00032580679389449695
0.07543120063354615 0.9978216071792598 0.0002855539317852853
0.09102981779915217 0.9981773988145273 0.00030720497998286243
0.10985411419875583 0.9988691080810856 0.000202624281157451
0.13257113655901082 0.9988773730059695 0.00024775363642948374
0.15998587196060574 0.9991529269386022 0.00020381630002153464
0.19306977288832497 0.9993223434058592 0.00019497617405350907
0.2329951810515372 0.9991945445038626 0.00022133598578726163
0.2811768697974228 0.9996417038938941 0.00012464945153366674
0.3393221771895326 0.9993198057408045 0.000219417811977118
0.4094915062380423 0.9996215321272864 0.00017760671071048885
0.49417133613238334 0.9995182274642038 0.0001850404250892456
0.5963623316594643 0.9996451912312223 0.00017604571596948257
0.7196856730011514 0.9995893471168201 0.00017766478203212226
0.868511373751352 0.9996639051151401 0.0001742339761353902
1.0481131341546852 0.9997917236652465 0.00014158091512773803
1.2648552168552958 0.9999875647350478 7.0123487552388376e-06
1.5264179671752318 0.9999978500214558 2.085955544145309e-06
1.8420699693267144 0.9995962417384752 0.00019996802108250848
2.2229964825261934 0.9996982157020948 0.00017318062460222743
2.6826957952797246 0.9997995551076905 0.0001414073252982218
3.2374575428176433 0.9998999182672623 9.999500283202175e-05
3.906939937054613 0.9999999800395181 9.978225725481879e-09
4.714866363457389 0.9998999974262217 9.999499962588056e-05
5.689866029018293 0.9997999998913627 0.00014140721337916397
6.866488450042998 0.9997999999944994 0.00014140721339373034
8.286427728546842 0.9997999999997746 0.00014140721339447638
10.0 1.0 0.0
