0.001 0.3830306263829033 0.001436149696005192
0.0012067926406393288 0.4395421218173224 0.0015973945406635806
0.0014563484775012444 0.4989158852513444 0.0017038676414874703
0.0017575106248547913 0.5561752345096694 0.0017993969532752484
0.0021209508879201904 0.621537017456984 0.001861293901636521
0.002559547922699536 0.6787250350481958 0.0019304325897675117
0.0030888435964774815 0.7335356040599808 0.0019045136267692977
0.003727593720314938 0.7874296235305944 0.0018545863974949652
0.004498432668969444 0.8342958650560854 0.0017593330127291616
0.005428675439323859 0.8750804286216651 0.0015884890821920383
0.006551285568595509 0.9023134785440398 0.001520542524894207
0.0079060432109077 0.9278424874542343 0.001319606896173681
0.009540954763499945 0.9467698607560145 0.0011794736306659913
0.01151395399326447 0.9600903635571408 0.0010620004761267355
0.013894954943731374 0.9716013200926498 0.0009027921726521262
0.016768329368110076 0.977215649467137 0.0008496582921750446
0.020235896477251564 0.985331999006603 0.0006669061515338052
0.02442053094548651 0.9881126100559752 0.0006414558138063452
0.029470517025518096 0.9911218514911099 0.0005643856073571705
0.03556480306223128 0.9940634950334319 0.0004748408807452877
0.04291934260128776 0.9945931763251359 0.0004527315359878876
0.0517947467923121 0.9964800470982904 0.0003797474950243389
0.0625055192527397 0.99689162075146 0.0003730825534077877
0.07543120063354615 0.9976435348658415 0.0003289494022528793
0.09102981779915217 0.9986098164119983 0.00023576749664709618
0.10985411419875583 0.9985652583802875 0.0002495221648176687
0.13257113655901082 0.9991272000599445 0.0001952418954987429
0.15998587196060574 0.9994732430145157 0.00014273651600360727
0.19306977288832497 0.9991673783578493 0.0001708409095886484
0.2329951810515372 0.999607397255173 0.0001579161500594862
0.2811768697974228 0.9997624964591767 0.00010734827124806039
0.3393221771895326 0.999884340854873 4.87064816264826e-05
0.4094915062380423 0.9996822118182019 0.0001504508792746332
0.49417133613238334 0.9997310581325555 0.00011808529859484979
0.5963623316594643 0.9997869248617762 0.00011063773793449495
0.7196856730011514 0.9995003280282028 0.00020344471363222574
0.868511373751352 0.9998460906327178 0.00010264899078559111
1.0481131341546852 0.9999858841889813 9.193608678652633e-06
1.2648552168552958 0.9997848116677155 0.00014159734837870095
1.5264179671752318 0.9994905859894899 0.00022358762014652156
1.8420699693267144 0.9998983575000538 0.00010000152692459355
2.2229964825261934 0.9997981813007458 0.00014140890033880434
2.6826957952797246 0.9999996348974673 1.8249148432630118e-07
3.2374575428176433 0.9997999999957591 0.00014140721339390842
3.906939937054613 0.999499999999988 0.0002235508890610789
4.714866363457389 0.9998999999999995 9.999499987499375e-05
5.689866029018293 0.9999999997142182 1.0099868869634251e-10
6.866488450042998 0.9997999999933656 0.00014140721339356998
8.286427728546842 0.9998999999997552 9.999499987496927e-05
10.0 0.9998 0.00014140721339450825
