0.001 0.014865896529430886 0.00042061253072930583
0.0012067926406393288 0.020083593821959417 0.00055411337354095
0.0014563484775012444 0.027111475423861553 0.0007128163813565041
0.0017575106248547913 0.03650956671757923 0.0009205185149776064
0.0021209508879201904 0.045231236532389994 0.0010759499985441975
0.002559547922699536 0.06082297232124 0.0013564594859447742
0.0030888435964774815 0.07627194823598979 0.0015824164761026726
0.003727593720314938 0.0960128993703394 0.0018087361541526134
0.004498432668969444 0.11580450703942952 0.002022247127797234
0.005428675439323859 0.14087407497516413 0.002223512707402885
0.006551285568595509 0.1692638159019707 0.0023849867497604043
0.0079060432109077 0.20076945380728847 0.002507479464128161
0.009540954763499945 0.24293362556760859 0.0026884992565355376
0.01151395399326447 0.28557928132648924 0.002810874550343749
0.013894954943731374 0.32688410992428607 0.0029525650922173474
0.016768329368110076 0.3869601544910888 0.0031249907909981583
0.020235896477251564 0.44611471204104836 0.003264285983934881
0.02442053094548651 0.5012183661549492 0.0033794455693892545
0.029470517025518096 0.5574391477165018 0.003450605461959383
0.03556480306223128 0.6105939265511886 0.003481939767410051
0.04291934260128776 0.6591298191554501 0.0034662124369747582
0.0517947467923121 0.7084908829686896 0.0033667497821792763
0.0625055192527397 0.7489701923063764 0.0032911025213566408
0.07543120063354615 0.7860196743714503 0.003162685798781799
0.09102981779915217 0.8209340098170332 0.0029650310818375553
0.10985411419875583 0.8441291237669118 0.0028586175510432895
0.13257113655901082 0.8660320916054656 0.0026906527093473183
0.15998587196060574 0.8836489772769613 0.0025554460589088555
0.19306977288832497 0.9081864302835807 0.0023166500410064872
0.2329951810515372 0.9166614627271125 0.0022531702690739854
0.2811768697974228 0.9233919016449121 0.00218266841184571
0.3393221771895326 0.941259644083543 0.001934663356499014
0.4094915062380423 0.9462250545285918 0.0018597243051428308
0.49417133613238334 0.9537356272282296 0.00174662434783885
0.5963623316594643 0.9607709424368881 0.0016209573408803093
0.7196856730011514 0.9630016307974844 0.0015817378893191849
0.868511373751352 0.9679630263119385 0.001494115660838284
1.0481131341546852 0.9734895600580243 0.0013601089258082704
1.2648552168552958 0.9745572675351681 0.0013515969541934708
1.5264179671752318 0.978917607156212 0.0012196416762319231
1.8420699693267144 0.983965705190817 0.0010615846069413778
2.2229964825261934 0.9840925712506636 0.0010735169175417182
2.6826957952797246 0.9859506171381681 0.0010121875747137244
3.2374575428176433 0.9865927708493909 0.0009920363904405679
3.906939937054613 0.9876439686566886 0.0009595998537250399
4.714866363457389 0.989839698732786 0.0008834660079384941
5.689866029018293 0.9903811051233086 0.0008450297448741434
6.866488450042998 0.990291844893612 0.0008924898030172543
8.286427728546842 0.9922676306686133 0.0007920152108451786
10.0 0.9935888729726557 0.000728904281198738
