0.001 0.016072954044109015 0.0004817141261541459
0.0012067926406393288 0.0203646714769687 0.0006023075730674875
0.0014563484775012444 0.02795610318882974 0.000760695818698806
0.0017575106248547913 0.035877685597854134 0.0009277478493714083
0.0021209508879201904 0.04808092922811465 0.0011541963454055968
0.002559547922699536 0.060038991930700863 0.001353017720943614
0.0030888435964774815 0.07513917196903626 0.001587426328654572
0.003727593720314938 0.09510055442502588 0.0018220057151379318
0.004498432668969444 0.11991509083446462 0.0020430278456541997
0.005428675439323859 0.13996001775836167 0.0022030964723378024
0.006551285568595509 0.17235599154917977 0.0024125392256685034
0.0079060432109077 0.20970177006714716 0.002580319704584275
0.009540954763499945 0.24813609746545218 0.0027408897205934714
0.01151395399326447 0.2891713866083109 0.002813788672154374
0.013894954943731374 0.3402500842248969 0.0029718985193148383
0.016768329368110076 0.39326517090936075 0.003156823221582654
0.020235896477251564 0.4564088490946996 0.003275028614588167
0.02442053094548651 0.51007380976255 0.0033575400112541946
0.029470517025518096 0.564041236643816 0.0034057184158594826
0.03556480306223128 0.6252794853220981 0.0034469134061205125
0.04291934260128776 0.6691304326679669 0.0034139389514239783
0.0517947467923121 0.7167303005648785 0.0033349687950712165
0.0625055192527397 0.760681597028341 0.003174533472932126
0.07543120063354615 0.7945038359516586 0.00309400741177743
0.09102981779915217 0.8217270457582494 0.002985809952137664
0.10985411419875583 0.8469888939249453 0.0028221992386269277
0.13257113655901082 0.867637997126632 0.00267311280539611
0.15998587196060574 0.8882153405382851 0.0025277978722469
0.19306977288832497 0.9023780291296958 0.002388314508243966
0.2329951810515372 0.9188411731833327 0.002194488367605082
0.2811768697974228 0.9316426533581694 0.002037469219938678
0.3393221771895326 0.9378680408113276 0.001967941027160782
0.4094915062380423 0.9490080495127743 0.001800931655832196
0.49417133613238334 0.9579051297273874 0.0016725655525915118
0.5963623316594643 0.9649814792582323 0.0014961724649137356
0.7196856730011514 0.9654965228124405 0.0015255530214710934
0.868511373751352 0.9705205389816303 0.0014245021749558226
1.0481131341546852 0.97545073129455 0.001302079464755122
1.2648552168552958 0.9766165986403478 0.0012948060375137158
1.5264179671752318 0.9798581452256867 0.0011992678863732777
1.8420699693267144 0.9829711115538518 0.0011152297379999198
2.2229964825261934 0.9858244555889183 0.0010058111575537746
2.6826957952797246 0.9863223380854687 0.0010083362995592547
3.2374575428176433 0.9865844156906929 0.0009955991726309406
3.906939937054613 0.9907734430897821 0.0008279613830044914
4.714866363457389 0.990745046960686 0.0008400529244699329
5.689866029018293 0.990536597463072 0.0008585370397504614
6.866488450042998 0.9919414197118315 0.0008007933089267936
8.286427728546842 0.9937161539028039 0.0007182842869051347
10.0 0.9935049651631939 0.0007542126806618664
