0.001 0.015416116372843973 0.00043833595781249163
0.0012067926406393288 0.021945111472912875 0.0005972754605957773
0.0014563484775012444 0.02702598390586794 0.0007245610783542185
0.0017575106248547913 0.03492239197783683 0.0008750635883768789
0.0021209508879201904 0.04759028590835655 0.0011411361960216688
0.002559547922699536 0.05894031094710172 0.0013257022585308484
0.0030888435964774815 0.07611190351075196 0.0016021734563931584
0.003727593720314938 0.09353898118988466 0.0018303213537455142
0.004498432668969444 0.11539148522071478 0.0020424543534199526
0.005428675439323859 0.13903217266110224 0.002206731335874724
0.006551285568595509 0.16862421197987945 0.002377796452674321
0.0079060432109077 0.20380221402410933 0.002555582249413366
0.009540954763499945 0.23899314623967133 0.0026879305077304513
0.01151395399326447 0.2869254045014085 0.0028570668754214984
0.013894954943731374 0.33313360279025894 0.0029862708801545105
0.016768329368110076 0.3916572759797445 0.0031396028702562646
0.020235896477251564 0.4463211028015406 0.003272864330429463
0.02442053094548651 0.5031568630747162 0.003373181483186379
0.029470517025518096 0.5575229260223061 0.0034393197996467066
0.03556480306223128 0.6129609606875573 0.00347104789354303
0.04291934260128776 0.6521960067002743 0.003465055099420935
0.0517947467923121 0.7061178093541023 0.0033774401404211367
0.0625055192527397 0.7438394116568406 0.003312935752784661
0.07543120063354615 0.7797628453540771 0.0031785399177162747
0.09102981779915217 0.8103785030562156 0.003072150186026428
0.10985411419875583 0.8501899800722705 0.0027817076464644176
0.13257113655901082 0.8621175321737111 0.0027429434204135506
0.15998587196060574 0.8849864273660364 0.0025381993411322883
0.19306977288832497 0.9015400956479294 0.0024155337202408293
0.2329951810515372 0.912674324314655 0.0023057740893584265
0.2811768697974228 0.9250125997922994 0.0021572181293844626
0.3393221771895326 0.9364384802174329 0.002009726240248577
0.4094915062380423 0.9454560767655327 0.0018797428724114992
0.49417133613238334 0.9520137073617134 0.0017713298486087584
0.5963623316594643 0.9578924496363234 0.0017038065966840544
0.7196856730011514 0.9652557459011354 0.0015365439707689674
0.868511373751352 0.9676243125113733 0.0014977779715133082
1.0481131341546852 0.9727733983663486 0.001369584348636723
1.2648552168552958 0.9782642483086685 0.0012273820781789184
1.5264179671752318 0.9799617531569287 0.0012093888783173453
1.8420699693267144 0.9842184362852422 0.0010381865312666285
2.2229964825261934 0.9847092153538244 0.001044256226805741
2.6826957952797246 0.984451727554481 0.001081126422942965
3.2374575428176433 0.986847259970477 0.0009810193589386746
3.906939937054613 0.9889254158969428 0.0009115723011102294
4.714866363457389 0.9889789227644357 0.0009038353872427499
5.689866029018293 0.9902121597495744 0.0008702006551162538
6.866488450042998 0.9920729137968043 0.0007876463607283769
8.286427728546842 0.9911901885404557 0.0008513970307991452
10.0 0.9931673563534927 0.0007577092063178049
