0.001 0.01543331361511676 0.0004473991337591591
0.0012067926406393288 0.0203483668002825 0.0005605208944114223
0.0014563484775012444 0.028594092555513817 0.0007402018943635901
0.0017575106248547913 0.03701311353009255 0.0009376612464173328
0.0021209508879201904 0.0455229768131283 0.001093992450884805
0.002559547922699536 0.05973233401577456 0.001370257285555467
0.0030888435964774815 0.0741004143037487 0.001571814329098669
0.003727593720314938 0.09425093068250365 0.0018329848647898916
0.004498432668969444 0.11495001004867618 0.0020389839393961592
0.005428675439323859 0.137744749558108 0.0022071092012513026
0.006551285568595509 0.1658845464604578 0.0023630881426952343
0.0079060432109077 0.19981992453926894 0.0025367398363355647
0.009540954763499945 0.23553791530716553 0.0026807459378040354
0.01151395399326447 0.2861175836698342 0.002859720500682504
0.013894954943731374 0.33512629855344195 0.002993453014812702
0.016768329368110076 0.3912776378838157 0.0031169785493933445
0.020235896477251564 0.44252010377238193 0.003267601246433089
0.02442053094548651 0.5004812810860904 0.0033752099395089243
0.029470517025518096 0.5506722682544061 0.003467142710898918
0.03556480306223128 0.6093674274739377 0.0034690426249335865
0.04291934260128776 0.6595912945594266 0.0034382974686740213
0.0517947467923121 0.7062603811926097 0.003394979994520641
0.0625055192527397 0.7439552053407594 0.003299134456866431
0.07543120063354615 0.7839411331757152 0.0031447613220532316
0.09102981779915217 0.8136670095845957 0.0030283945160075494
0.10985411419875583 0.8387389176972773 0.0028693871763057284
0.13257113655901082 0.8642256632804629 0.002722029572991895
0.15998587196060574 0.8787750596326342 0.0026101693531428044
0.19306977288832497 0.9022325719931601 0.0023975017898275595
0.2329951810515372 0.9169917500251721 0.002214070233533747
0.2811768697974228 0.9265480627671469 0.002116881348787124
0.3393221771895326 0.9340854495486528 0.0020650523511524586
0.4094915062380423 0.9436270066462941 0.0019278716908219667
0.49417133613238334 0.9504903398637807 0.0018107027101522016
0.5963623316594643 0.9587459118939323 0.0016650356945315443
0.7196856730011514 0.9638996645013062 0.0015706501055541746
0.868511373751352 0.9673456326662195 0.0014838161822856991
1.0481131341546852 0.9725919848105692 0.0013752308560316124
1.2648552168552958 0.9717388201197964 0.0014243859746128917
1.5264179671752318 0.978828765778325 0.001229466675781598
1.8420699693267144 0.9785616472739641 0.0012702820023989638
2.2229964825261934 0.9808104168646461 0.0011777446858040475
2.6826957952797246 0.9843016083379189 0.0010877588945022837
3.2374575428176433 0.986416862623856 0.0010072856975565487
3.906939937054613 0.9886109233788928 0.0009184392796864839
4.714866363457389 0.9885603486742195 0.0009309614248873341
5.689866029018293 0.9905486520217368 0.000825861792343082
6.866488450042998 0.9906682747678078 0.0008271826818251896
8.286427728546842 0.992081792193892 0.000788390030225882
10.0 0.9920821113731357 0.0008047357040635346
