0.001 0.04546310306922569 0.0006003398167530902
0.0012067926406393288 0.055411736610891764 0.0007271585024343168
0.0014563484775012444 0.06552706879730287 0.0008467926203521679
0.0017575106248547913 0.07690334121578746 0.0009515803138423241
0.0021209508879201904 0.09105332794665201 0.0010999677990876525
0.002559547922699536 0.10588519698202421 0.0012563511373444984
0.0030888435964774815 0.12483224190790633 0.001409594953605547
0.003727593720314938 0.14602478700007454 0.001598825456280778
0.004498432668969444 0.1693700454302804 0.0017827389126314113
0.005428675439323859 0.1928887981336321 0.0018994706144304999
0.006551285568595509 0.22456509266371677 0.0020889278647860964
0.0079060432109077 0.25249641024632613 0.0021956277126884793
0.009540954763499945 0.28895662924896887 0.0023239509354308656
0.01151395399326447 0.32455424127920807 0.0024518516552125545
0.013894954943731374 0.36707804299591773 0.002579024912564748
0.016768329368110076 0.41026781066763124 0.002678165975203066
0.020235896477251564 0.45266860424172867 0.0027438042119304995
0.02442053094548651 0.5031633466137676 0.002835260210596302
0.029470517025518096 0.5486509443656996 0.0028893781744611623
0.03556480306223128 0.5976815762875687 0.002947090729276281
0.04291934260128776 0.6431935129997315 0.002943053228422823
0.0517947467923121 0.6847278731717813 0.0029475852810540654
0.0625055192527397 0.7269871154614004 0.002890855702239147
0.07543120063354615 0.7574600891917518 0.0028174340821192074
0.09102981779915217 0.7922367452772634 0.0027492623727206973
0.10985411419875583 0.8236780001048283 0.002623571150775951
0.13257113655901082 0.8484775102049078 0.002508395323818637
0.15998587196060574 0.869024709555805 0.0023772853237529197
0.19306977288832497 0.8848081973006577 0.0023112124956755522
0.2329951810515372 0.9048986345079196 0.0021451460349421196
0.2811768697974228 0.9190814235771584 0.0020009666762464007
0.3393221771895326 0.9277978504752388 0.0019385033460947228
0.4094915062380423 0.9376551407430869 0.0018245956693484825
0.49417133613238334 0.9472591344731264 0.0016852739212031309
0.5963623316594643 0.9547726274102822 0.0015725846309840904
0.7196856730011514 0.9612451197417208 0.001505473699564937
0.868511373751352 0.9670183790927709 0.0013517862540482848
1.0481131341546852 0.96959345667702 0.001346484208881286
1.2648552168552958 0.9731325872690774 0.0012807865745588518
1.5264179671752318 0.9761164691556291 0.0012082673153750861
1.8420699693267144 0.9793321010940456 0.0011435838577150128
2.2229964825261934 0.9837687227123384 0.001003178413964028
2.6826957952797246 0.984444920401406 0.0010244972627786674
3.2374575428176433 0.9863644754009201 0.0009300647965406633
3.906939937054613 0.9854628509432941 0.0010081181637325012
4.714866363457389 0.9887694709354906 0.0008658099137612056
5.689866029018293 0.989342691518637 0.000871330610239729
6.866488450042998 0.99117116471438 0.0007893457888206429
8.286427728546842 0.9907293243649777 0.0008487803877352462
10.0 0.9921665978829984 0.0007828827708582963
