0.001 0.04779930604766731 0.000634046892814048
0.0012067926406393288 0.055736651937104115 0.0007337427668546157
0.0014563484775012444 0.0666317315771295 0.0008543315329281897
0.0017575106248547913 0.08000929102799098 0.000999906829859719
0.0021209508879201904 0.09573854422990755 0.001160683096550595
0.002559547922699536 0.10931893332810623 0.0012832509918490977
0.0030888435964774815 0.12881968949504027 0.0014541276731460393
0.003727593720314938 0.14784303459838152 0.0015985536333983533
0.004498432668969444 0.1718742267919368 0.0017611922997512275
0.005428675439323859 0.19900616085928963 0.0019340935764409976
0.006551285568595509 0.22591523030975333 0.002066974666332846
0.0079060432109077 0.26082624885618655 0.0022239724423565323
0.009540954763499945 0.29887857306319354 0.0023601799880790613
0.01151395399326447 0.33375670775349464 0.0024761176819245202
0.013894954943731374 0.365844323770119 0.002539856405378092
0.016768329368110076 0.4139686973928763 0.0026616787425405393
0.020235896477251564 0.4606609486342952 0.002754204135471861
0.02442053094548651 0.5076487957423788 0.0028328147695596416
0.029470517025518096 0.5579708514322614 0.0028994141298016585
0.03556480306223128 0.602362856651658 0.002922511702502209
0.04291934260128776 0.6491264487616317 0.002919327947750257
0.0517947467923121 0.6900205072456548 0.0029137970985774575
0.0625055192527397 0.7326079552698329 0.0028438346192752144
0.07543120063354615 0.7670595533517995 0.0027847854421070755
0.09102981779915217 0.7989482213814963 0.00269007524634879
0.10985411419875583 0.8239434245862761 0.0026247630304269158
0.13257113655901082 0.8504173077653592 0.0024979296055550014
0.15998587196060574 0.8737839334997719 0.002353922128240281
0.19306977288832497 0.8907672317628607 0.0022252320641174216
0.2329951810515372 0.9073617163744175 0.002123594312761908
0.2811768697974228 0.91701239563617 0.0020384731267976603
0.3393221771895326 0.9320597580583895 0.0018292570488899892
0.4094915062380423 0.9441372452293172 0.0017045519470988593
0.49417133613238334 0.9511066716956273 0.0016175902384293211
0.5963623316594643 0.9548113425501813 0.001590940554997749
0.7196856730011514 0.9620078654217832 0.0014732976790514723
0.868511373751352 0.969759195316385 0.0013260581099036833
1.0481131341546852 0.9724919774764305 0.0012720565753935003
1.2648552168552958 0.975236119654659 0.0012096001295379222
1.5264179671752318 0.9787616232362918 0.001142791664025068
1.8420699693267144 0.9798094451749298 0.0011301667243511582
2.2229964825261934 0.9828619719293021 0.001036126621820428
2.6826957952797246 0.9850393754438106 0.0010139661858248454
3.2374575428176433 0.9856332045101815 0.0009838531454757335
3.906939937054613 0.9880761450480613 0.0008945099845137809
4.714866363457389 0.99058183356591 0.0008125172903900148
5.689866029018293 0.9916770625546254 0.0007737256302539085
6.866488450042998 0.9917454185636507 0.0007827706391513738
8.286427728546842 0.9918537000775399 0.0008145802441721531
10.0 0.9927309056470165 0.0007729878696799127
