0.001 0.04676275816104661 0.0006370812290611255
0.0012067926406393288 0.05643536855299466 0.0007582235170334219
0.0014563484775012444 0.06735257481991484 0.0008827642809626599
0.0017575106248547913 0.08033175442322185 0.0010182012774373208
0.0021209508879201904 0.09326849684012578 0.0011728709174175722
0.002559547922699536 0.1074470838202219 0.0012713624018366376
0.0030888435964774815 0.125349577851578 0.00143151405353813
0.003727593720314938 0.14552248724548814 0.0016051777477357168
0.004498432668969444 0.1676130757478384 0.001734992822228944
0.005428675439323859 0.1968579167989266 0.0019229510643644992
0.006551285568595509 0.22393239400462597 0.0020546635294917846
0.0079060432109077 0.25712044478248974 0.002213934225482845
0.009540954763499945 0.29417772326598013 0.002383462143989051
0.01151395399326447 0.3289308099902011 0.0024686857960875518
0.013894954943731374 0.3707437129665493 0.002584557252731183
0.016768329368110076 0.4118412877170529 0.0026596462962010653
0.020235896477251564 0.4629716385070522 0.00274666567957118
0.02442053094548651 0.5036576480296262 0.002827766392826773
0.029470517025518096 0.5490296157141609 0.0028847715871078037
0.03556480306223128 0.6036602847842351 0.0029103425091549107
0.04291934260128776 0.6500916100751991 0.002913982792124816
0.0517947467923121 0.6915540666944933 0.0028930136825618064
0.0625055192527397 0.7255137820552252 0.00291374397823921
0.07543120063354615 0.7625168386556361 0.0028202765774726474
0.09102981779915217 0.7998160612583369 0.00269736796571009
0.10985411419875583 0.8274596369319279 0.0026039472112851856
0.13257113655901082 0.855261219345841 0.002453190144144537
0.15998587196060574 0.8745071405355423 0.002346288792108286
0.19306977288832497 0.8895211902942057 0.0022517963097013704
0.2329951810515372 0.9068253399093206 0.0021281801538421768
0.2811768697974228 0.9223487845530252 0.0019431461844284714
0.3393221771895326 0.9285140474581424 0.00191117531904399
0.4094915062380423 0.9415753990238467 0.0017432335412107278
0.49417133613238334 0.9468310679003862 0.0016973215208505516
0.5963623316594643 0.956346919667713 0.0015492791922338347
0.7196856730011514 0.9591910223795636 0.0015386902027995583
0.868511373751352 0.9673508896939211 0.0013728112208174828
1.0481131341546852 0.9692819240943665 0.0013478548876315925
1.2648552168552958 0.9763779721835082 0.0011668065998375122
1.5264179671752318 0.9804479008179707 0.0010807500031315845
1.8420699693267144 0.980888461425886 0.0010920110384697354
2.2229964825261934 0.982066352525672 0.0010398611780258137
2.6826957952797246 0.9835780249395571 0.0010398318040163279
3.2374575428176433 0.9836217232395483 0.0010544373006916316
3.906939937054613 0.9889462193303054 0.0008678789812341605
4.714866363457389 0.989799886301815 0.0008704067636144362
5.689866029018293 0.989842028087267 0.0008625126881228913
6.866488450042998 0.9915151968516637 0.0007931957332798327
8.286427728546842 0.9902298063011654 0.0008771487133034766
10.0 0.992549625647165 0.0007820916026838806
