0.001 0.0462409177045394 0.0006274090211012228
0.0012067926406393288 0.05453477093650464 0.0007217573062995101
0.0014563484775012444 0.06683423894641749 0.0008612401734656844
0.0017575106248547913 0.07825324016665368 0.0009938896578927541
0.0021209508879201904 0.0902399872774476 0.0010977450149453885
0.002559547922699536 0.10677346366885454 0.0012866911175218696
0.0030888435964774815 0.12417581801264348 0.0014291546245947845
0.003727593720314938 0.14601642013624075 0.0016209048982210865
0.004498432668969444 0.16904438373791794 0.0017805021854604309
0.005428675439323859 0.1932156966960338 0.0019271168214613685
0.006551285568595509 0.22162372722167029 0.0020630146492665534
0.0079060432109077 0.253679381107451 0.0022234482114461096
0.009540954763499945 0.28514561947606104 0.0023509618882891934
0.01151395399326447 0.3285694578915562 0.0024881888299829393
0.013894954943731374 0.36885512530576864 0.002584816109491994
0.016768329368110076 0.4139047243820234 0.0026590520743960304
0.020235896477251564 0.4539753439430149 0.0027718670345121856
0.02442053094548651 0.5006092236489648 0.002845355295104502
0.029470517025518096 0.5413269457165034 0.002931190910090472
0.03556480306223128 0.5915238679312305 0.0029481467204120764
0.04291934260128776 0.6372035973942634 0.002954878203627635
0.0517947467923121 0.6810478818482871 0.0029614574915566455
0.0625055192527397 0.7184425420314987 0.0029243656669301205
0.07543120063354615 0.7588170250339399 0.002826094120692992
0.09102981779915217 0.7909022187757933 0.0027519773310707312
0.10985411419875583 0.8179093801371065 0.0026510576883748004
0.13257113655901082 0.8464142742109485 0.0025308562067475116
0.15998587196060574 0.863658912843779 0.0024407086673436875
0.19306977288832497 0.8886987924077446 0.0022705342154304797
0.2329951810515372 0.9053194512675881 0.0021098365210766453
0.2811768697974228 0.9167738129054225 0.0020215141283984103
0.3393221771895326 0.926191541130425 0.001971734690163334
0.4094915062380423 0.9369961353417444 0.0018437155616622145
0.49417133613238334 0.9453860985198502 0.0017344979234767308
0.5963623316594643 0.9541334411582754 0.0016005202793291451
0.7196856730011514 0.9599500117427415 0.0015180919937093807
0.868511373751352 0.9635804194716233 0.0014384992921027049
1.0481131341546852 0.9694473643264578 0.0013294743282019868
1.2648552168552958 0.9692586402262481 0.001378979507988054
1.5264179671752318 0.9766529971905317 0.0011973672004063146
1.8420699693267144 0.976718597935159 0.0012390045401126923
2.2229964825261934 0.9790656708907097 0.0011508840201579934
2.6826957952797246 0.9831515699481607 0.0010551749936325609
3.2374575428176433 0.9850317893416927 0.0010006324201941761
3.906939937054613 0.9877275219616651 0.0009013966431546415
4.714866363457389 0.9874484876260043 0.0009324043468440141
5.689866029018293 0.9896427991958316 0.0008302788627178666
6.866488450042998 0.9896635191849591 0.0008419948830446674
8.286427728546842 0.9911754654279262 0.0008061979731388299
10.0 0.9911699609480904 0.0008240866121038356
