0.001 0.04590435767663548 0.000629626277064165
0.0012067926406393288 0.05567790821967108 0.0007515579995727063
0.0014563484775012444 0.06512590924515016 0.0008550007148787183
0.0017575106248547913 0.07810997345803847 0.0009950585328278082
0.0021209508879201904 0.09279895090991667 0.0011355175612011283
0.002559547922699536 0.1086825554383685 0.0012991557105839504
0.0030888435964774815 0.12423759648631508 0.0014339001400878817
0.003727593720314938 0.1467159490353282 0.0016181192909160255
0.004498432668969444 0.16867059578904917 0.0017572286236278477
0.005428675439323859 0.19626699205106204 0.0019400265489030088
0.006551285568595509 0.2272380296661247 0.0021039598681687416
0.0079060432109077 0.2540686330898359 0.002203102145964255
0.009540954763499945 0.29307724321208545 0.0023628707583787296
0.01151395399326447 0.33172477611424195 0.002461275624859616
0.013894954943731374 0.36805230175907727 0.002589872034331608
0.016768329368110076 0.4139121823589814 0.0026702655329362934
0.020235896477251564 0.46254522423885075 0.00277310107466445
0.02442053094548651 0.5067663079884998 0.0028319486077611807
0.029470517025518096 0.5523705167869354 0.0029032622708945266
0.03556480306223128 0.6010569391056076 0.00291222879675669
0.04291934260128776 0.6388414345691938 0.002966247312391759
0.0517947467923121 0.6871642171085834 0.002952509631342251
0.0625055192527397 0.7227313480967115 0.0029036078068595005
0.07543120063354615 0.7634824690380676 0.002811696170231281
0.09102981779915217 0.796657329397502 0.002714605201268744
0.10985411419875583 0.8195703103420934 0.0026490153864957623
0.13257113655901082 0.8501662598702449 0.0025083514323011894
0.15998587196060574 0.8728811271580206 0.0023693452208071114
0.19306977288832497 0.8876882401238761 0.0022792979989526337
0.2329951810515372 0.9084777528834953 0.0020832462454076564
0.2811768697974228 0.9168101306782149 0.002032743206317123
0.3393221771895326 0.926293878243313 0.0019710512653160423
0.4094915062380423 0.9383469688257704 0.0017915450461666168
0.49417133613238334 0.9468613842914295 0.0016731750421144903
0.5963623316594643 0.9543464705602189 0.001586476770194288
0.7196856730011514 0.9605012819657837 0.0014838401540570052
0.868511373751352 0.9668402949053126 0.0013722519705389009
1.0481131341546852 0.9721213086431358 0.0012490717489727363
1.2648552168552958 0.9726941338311627 0.0013083121896998032
1.5264179671752318 0.9748393266906904 0.001273956793064025
1.8420699693267144 0.9794609751156724 0.0011415696244587092
2.2229964825261934 0.9821979360308142 0.0010582194906519624
2.6826957952797246 0.9845049930342844 0.000996406640575889
3.2374575428176433 0.9850868201888213 0.001002474699757527
3.906939937054613 0.9876558295692149 0.0009202198128342482
4.714866363457389 0.989141032928411 0.000871849380209708
5.689866029018293 0.9904493099860369 0.0008132086727873428
6.866488450042998 0.9914308176606015 0.000798621283715176
8.286427728546842 0.9914251742252523 0.0008032583872475041
10.0 0.9925136547357186 0.0007754336164588273
