0.001 0.0014955629207359696 8.228157431353231e-05
0.0010473708979594498 0.0018033637829852243 0.00010717119775668015
0.001096985797892384 0.0019138536079590998 0.00011209185550563344
0.0011489510001873086 0.002144316094100578 0.00012604176965582388
0.0012033778407775893 0.002539976709269206 0.00013933875906475734
0.0012603829296797275 0.0027127487919919027 0.00014644786954299017
0.001320088400831418 0.002927168731923139 0.00015646067184226143
0.0013826221737646563 0.003461195780639834 0.00017844869907717592
0.001448118227674533 0.003645604178892036 0.00018674946590338176
0.0015167168884709225 0.00427974741167002 0.00020566463598685163
0.0015885651294280528 0.004646947651891767 0.00022202572252509467
0.001663816886076129 0.004820706373845391 0.00023692498663590154
0.0017426333860096508 0.005758556381397819 0.000288611653365043
0.0018251834943190425 0.006995999392494143 0.00032418063266426606
0.0019116440753857017 0.006542649841715637 0.00027685177165672305
0.0020022003718155844 0.008050144628727152 0.0003444163736246331
0.002097046401323233 0.008545819064518567 0.0003797337564860729
0.002196385372416547 0.00968105045693735 0.0003952940805220299
0.002300430119772917 0.010136440503492099 0.0004107414218250976
0.0024094035602395245 0.0110233051367782 0.00044404361765516327
0.0025235391704347657 0.012491834290655913 0.000498195256702918
0.0026430814869741054 0.012679569703061316 0.0004854995652751906
0.0027682866303920667 0.015178871005318046 0.0005670801832840353
0.002899422853882875 0.016104338095238653 0.0005959046131422011
0.0030367711180354575 0.017669463490184233 0.0006274267758779547
0.0031806256927941192 0.01907002409755084 0.0006795432386723925
0.0033312947879346735 0.020741957911706934 0.0007347715242501761
0.0034891012134067737 0.02100993763283152 0.0007550193777481633
0.0036543830709572546 0.02489955255897059 0.0008356044372452773
0.003827494478516311 0.026132546319316833 0.0008883680032617092
0.004008806328898464 0.02681841566963219 0.0009227721435325964
0.00419870708444391 0.028607478894921375 0.0009407462427932729
0.004397603609302721 0.030825532559031536 0.0010102662127900392
0.004605922041145104 0.032988316338036124 0.0010653475005387124
0.004824108704165369 0.0397992897769262 0.0012206584437317054
0.00505263106533568 0.039119592084269 0.001202037963187072
0.005291978735958442 0.04157753433217556 0.001256279946950367
0.005542664520663107 0.04448053497730972 0.001333370054379612
0.005805225516094896 0.04723100758751271 0.0013790842201890949
0.006080224261649427 0.05222792989085115 0.0014764588574453646
0.006368249944718587 0.05533642024179154 0.0015292514730201679
0.006669919663030122 0.058150414615340096 0.0015750207172424136
0.0069858797467852495 0.06094926229025441 0.001633932699327627
0.007316807143427192 0.06526886745784846 0.001703440614728272
0.007663410868007463 0.06648042514284806 0.0017053450911452847
0.008026433522257174 0.07176383737759406 0.0017921687021863447
0.008406652885618326 0.07610483633294746 0.0018469679629809555
0.008804883581643464 0.08312842877676807 0.0019581959341635844
0.009221978823334321 0.08671501142974795 0.001990664384696258
0.009658832241158708 0.09411616892023472 0.002094012958540101
0.01011637979766207 0.09363894989493565 0.002063136213323611
0.010595601792776159 0.105060843960239 0.002199688150303418
0.011097524964120722 0.10556089053044546 0.002176386842113034
0.011623224686798524 0.11375051564473301 0.0022455855566723124
0.012173827277396614 0.11738459516934467 0.0022706705742580225
0.012750512407130135 0.12660609109142634 0.0023473313331343008
0.013354515629298987 0.12921596912573938 0.002352875782632962
0.013987131026472387 0.13932121049923946 0.0024117042247986504
0.014649713983072856 0.14780245480810264 0.002496966621493249
0.015343684089300124 0.15413437339395386 0.0025072143659304992
0.01607052818261639 0.1660681671812863 0.0026038850074749636
0.016831803533309566 0.17436589535136304 0.002613129259365885
0.01762914118095948 0.18139313349530367 0.0026359657960084563
0.018464249428955436 0.18999338267748972 0.0026852149774985136
0.01933891750455231 0.19762956815079744 0.0026625291607198275
0.020255019392306676 0.20401384287269866 0.0026832541707040745
0.021214517849106298 0.22044454348157952 0.0027719670082921467
0.02221946860939524 0.2383175864110071 0.0028689304183183457
0.023272024789604086 0.2347608082478452 0.002818740975153754
0.024374441501222206 0.2520510769905786 0.0029029528098637077
0.025529080682395178 0.25984367218638366 0.0028944137685471385
0.026738416158399468 0.27727880360135143 0.0029698978630497597
0.02800503894183631 0.2912722371449353 0.003034825016123181
0.02933166278390044 0.2996133308781217 0.0030564213465175366
0.030721129988617576 0.3162397604523876 0.003130522327909022
0.03217641750250737 0.331149942371521 0.0031681110554454108
0.03370064329271928 0.33855842693355775 0.0032045681955662573
0.0352970730273065 0.3608815330961973 0.003262950997493439
0.036969127071950283 0.3699819016818773 0.003262415066542195
0.03872038781812555 0.39054354507287625 0.003332486641286823
0.040554607358408296 0.4071491103209203 0.003375747114060501
0.04247571552536898 0.4238609419339429 0.0033962654401712873
0.04448782831127585 0.44010085864639475 0.0034437656699693826
0.046595256686646824 0.4490676448971185 0.0034687661414500317
0.04880251583654431 0.4655570246122375 0.0035200225394663616
0.051114334834401684 0.478250058825305 0.0035361300752806764
0.053535666774107246 0.492397633226452 0.0035483609889656654
0.05607169938205458 0.5113345517610647 0.0035706750552633986
0.05872786613189483 0.5275972760431208 0.003602973286272285
0.061509857885805014 0.5455994458168656 0.00359455257779359
0.06442363508721373 0.5552448000658573 0.00362915935532486
0.06747544053110693 0.5730173818821575 0.00360338799794092
0.07067181273927492 0.5830150128369795 0.0036367681111723737
0.07401959996915644 0.5992974838222862 0.0036249933513049933
0.0775259748862946 0.6181290633443239 0.003605113808431627
0.08119844993184012 0.6276016742031217 0.0036124870721787406
0.08504489341802678 0.6358029036901109 0.00362657667033073
0.0890735463861044 0.6561585399632712 0.0035826528977564343
0.09329304026284686 0.6596383895301251 0.003584551042445801
0.09771241535346496 0.6769497825979818 0.0035741859558010135
0.10234114021054527 0.6833944941583266 0.003573500121132142
0.10718913192051276 0.6987378673340346 0.0035471572042677204
0.11226677735108136 0.7129479125077351 0.003495570639596968
0.1175849554052157 0.7162327114486934 0.003527414094040706
0.12315506032928261 0.728763288048028 0.00345758711836965
0.1289890261253308 0.7421069612330317 0.003410906854347126
0.13509935211980265 0.7479068416866975 0.0034248582671783222
0.1414991297434576 0.7610658427428176 0.0033318766614174543
0.14820207057988585 0.7696181792169303 0.0033338959149060536
0.1552225357427048 0.7779185469211528 0.0032921308134083614
0.1625755666443795 0.7870925489980667 0.0032526010353281652
0.17027691722258995 0.7964828052211628 0.0032097132324378913
0.17834308769319093 0.8009405622162888 0.0031913762544957098
0.1867913599020783 0.8122550080118502 0.003115572928849901
0.19563983435170648 0.8188246138011133 0.0031001118028806834
0.20490746898158482 0.8262141879260791 0.00304016260045683
0.21461411978584036 0.8293396741998713 0.0030287886992182767
0.22478058335487253 0.8377066727798738 0.002984015491534907
0.2354286414322418 0.8461286073134535 0.002892462703916776
0.2465811075822604 0.8558233335775461 0.0028344682874284805
0.2582618760682677 0.8551949773269097 0.0028658901645548397
0.27049597304631345 0.8575988283097095 0.002859864787386826
0.2833096101839324 0.8665742030042549 0.002780885214124646
0.29673024081888694 0.872501097871818 0.0027258694951614367
0.3107866187782014 0.8811884901284609 0.0026285217866197164
0.325508859983506 0.8825838874851719 0.00262314907267366
0.3409285069746811 0.8828260113490771 0.0026445686037087825
0.35707859649004625 0.8939354655528771 0.002526939976374805
0.3739937302478798 0.8957032858331899 0.002525178292690713
0.39171014908092605 0.9047584786109757 0.002413159311412605
0.41026581058271944 0.8992984098607558 0.0025089369037461385
0.4297004704320839 0.9038760752413171 0.002455140713462303
0.4500557675700497 0.9105059969829264 0.0023705246604174314
0.4713753134116724 0.9090587451554267 0.002411225689292552
0.4937047852839004 0.9139839433335833 0.002330761067009034
0.517092024289676 0.9198184923358749 0.0022700575148067617
0.5415871378079471 0.9210755821416977 0.0022569218927602566
0.5672426068491978 0.923090504110666 0.002223443464461594
0.5941133984965034 0.9302482340544813 0.0021401119505746243
0.6222570836730231 0.9300629762339245 0.002141650045547788
0.6517339604882427 0.9335374951919834 0.0020706662989877726
0.6826071834272386 0.9353646875615396 0.0020555630932520934
0.7149428986597577 0.9382689176701219 0.0020270303553717893
0.7488103857590023 0.9431328922141327 0.0019394526064568493
0.7842822061337682 0.9419414929082499 0.001964604479532117
0.821434358491943 0.9460478916367345 0.0019148222688397999
0.8603464416684501 0.9425418125846949 0.001967652086970646
0.9011018251665018 0.9493655720455612 0.0018558003570312918
0.9437878277775381 0.9511182615688787 0.0018229244083847538
0.9884959046625587 0.9524836092034585 0.0017965869397614958
1.0353218432956626 0.9514934290577357 0.0018235480167316717
1.0843659686896108 0.9512386148347055 0.0018447296242576857
1.135733358343105 0.9563514060443326 0.0017301396721876774
1.1895340673703196 0.9579966358232755 0.0017140000291498664
1.2458833642950082 0.9618024201055315 0.0016365697235135204
1.3049019780144029 0.9588568676689387 0.001682574988343301
1.3667163564620073 0.9611687347337508 0.0016393740348210658
1.4314589375234785 0.9644860846777725 0.0015640706867264334
1.4992684327860455 0.9679534978207789 0.0015007111602947357
1.5702901247293775 0.9649527046231402 0.0016042440624392121
1.6446761779946644 0.9671185632033792 0.00154359315608137
1.7225859653987874 0.9680444983978952 0.0015091409747425427
1.8041864093920719 0.9694107600566283 0.0014897945428207764
1.8896523396912097 0.9710788247007129 0.0014325335411412984
1.9791668678535574 0.9697219115676148 0.001476381272955944
2.072921779595372 0.9691568584814613 0.001498061504475007
2.171117945694505 0.9705330161120986 0.0014793177615555627
2.2739657523579275 0.9736420881279119 0.0013814396728877012
2.381685551976158 0.9734536367828965 0.0013831897767828166
2.4945081352303164 0.9779278634192601 0.0012748852317350228
2.612675225563329 0.9782977264017707 0.0012463245270800192
2.736439997074672 0.9792673414889201 0.0012193111712822554
2.8660676169482504 0.9796694880966005 0.0012241993278781487
3.001835813575589 0.9789412965510932 0.001253756749285413
3.1440354715915 0.9807098195860035 0.0012159680419696272
3.2929712550971515 0.9796799019408654 0.0012269959123708484
3.44896226040576 0.9818941880813089 0.0011617578664695537
3.6123426997094303 0.9813159149880138 0.0011714040976239031
3.7834626171319288 0.9810877139422693 0.001196682424796158
3.9626886387014784 0.980991968235574 0.001196881024289722
4.150404757850477 0.9819974797119044 0.0011735924753977463
4.347013158125026 0.9843667383295126 0.0010928952690929285
4.552935074866948 0.9858260442369098 0.001034989750748433
4.768611697714469 0.9837454259073036 0.001121229960594309
4.99450511585514 0.9834499099465114 0.001111579222800915
5.2310993080562636 0.9851095502806496 0.0010740117439154025
5.478901179593945 0.9861893425326838 0.0010216774936084823
5.738441648302393 0.9871815216616354 0.0009817231987083262
6.010276782070382 0.9881058935156829 0.0009491842996939806
6.294988990221888 0.9882964387443939 0.000946509877184962
6.593188271333548 0.9878456928817961 0.0009549680165089146
6.905513520162331 0.9886736048479766 0.0009344907895741799
7.2326338964835335 0.9893711533693433 0.0009057686985381773
7.575250258771913 0.9893990126214105 0.000901640486240703
7.934096665797492 0.9888034436438063 0.0009428390729096807
8.309941949353396 0.9896706482459362 0.0008946269050697276
8.703591361485167 0.9896322958705943 0.0008880661490148252
9.115888299750829 0.9892663707420517 0.0009405347006736597
9.547716114208056 0.9914056718184338 0.0008183292143487327
10.0 0.989007832447198 0.0009195863345848341
