0.001 0.0014511430179230665 7.978366252601298e-05
0.0012067926406393288 0.0024173646079084805 0.00012941870268021316
0.0014563484775012444 0.00385189439808863 0.00019237189707197374
0.0017575106248547913 0.005684201196769845 0.00027162649851910893
0.0021209508879201904 0.008303617624020885 0.00035178724619741456
0.002559547922699536 0.012079939201563158 0.00048143283214320006
0.0030888435964774815 0.017077709468091423 0.0006621038235527867
0.003727593720314938 0.024124801324405407 0.000819476672837948
0.004498432668969444 0.03205494965106349 0.0010422495213592516
0.005428675439323859 0.043470451527113735 0.0013031496417475602
0.006551285568595509 0.05339083034011545 0.001497138048979973
0.0079060432109077 0.07004591533063077 0.0017814039158948677
0.009540954763499945 0.0913823020738353 0.00207844569844899
0.01151395399326447 0.10882816537569275 0.0021928439648824715
0.013894954943731374 0.13649321837004355 0.002411303354917517
0.016768329368110076 0.16633854169804088 0.002603157388551981
0.020235896477251564 0.20420396459119852 0.002725001586479872
0.02442053094548651 0.2470404068335074 0.0028926207220845196
0.029470517025518096 0.299541441309111 0.0030753548176173052
0.03556480306223128 0.34922663551048744 0.0032186035890908954
0.04291934260128776 0.4148371441092031 0.003407652637737183
0.0517947467923121 0.4722912738899033 0.0035441562330834997
0.0625055192527397 0.540191344912733 0.0036260701394662167
0.07543120063354615 0.595537018882139 0.003663166305474522
0.09102981779915217 0.6522425679451629 0.003608954147370376
0.10985411419875583 0.6923648769196151 0.0036018304849930773
0.13257113655901082 0.7472706972203278 0.0033927971554335956
0.15998587196060574 0.7728034633529435 0.0033459001585561653
0.19306977288832497 0.8135203848365136 0.0031180160923534117
0.2329951810515372 0.8325381636778084 0.003050555078163207
0.2811768697974228 0.8590859430525443 0.0028476641275813177
0.3393221771895326 0.8833103697913837 0.002650896633506433
0.4094915062380423 0.8973731979422235 0.002523890633443242
0.49417133613238334 0.913185661092733 0.0023705715617396107
0.5963623316594643 0.9225782468298365 0.002248274762371949
0.7196856730011514 0.9358918100080355 0.0020472953468228124
0.868511373751352 0.9452566097547649 0.001927333731147277
1.0481131341546852 0.9486503912289495 0.0018830187568637353
1.2648552168552958 0.9596489141625165 0.0016821771536222924
1.5264179671752318 0.9621494488257067 0.0016288773794203646
1.8420699693267144 0.9659438172408329 0.0015774934440550307
2.2229964825261934 0.9719338765268334 0.001412573963305912
2.6826957952797246 0.9747184659286715 0.0013581223287738023
3.2374575428176433 0.9797142627185853 0.0012325773222373
3.906939937054613 0.9825945882810145 0.001137644937734678
4.714866363457389 0.9815283323257697 0.0011914325316610891
5.689866029018293 0.9870431084229163 0.0009808927337511134
6.866488450042998 0.9850665279329205 0.0010846366077370702
8.286427728546842 0.9897895629027927 0.0008742164596953299
10.0 0.9899705737120963 0.0008933580356259421
