0.001 0.0015079700660467629 9.297274216878795e-05
0.0012067926406393288 0.002462610725912733 0.00013193383769957552
0.0014563484775012444 0.0036627593931365097 0.00018944774458906202
0.0017575106248547913 0.005669384004917611 0.00026042146210756293
0.0021209508879201904 0.008398185268402398 0.00035383748222552044
0.002559547922699536 0.012613844154281713 0.0005057354860251717
0.0030888435964774815 0.01699304874831712 0.0006348717923751735
0.003727593720314938 0.02450976934168273 0.0008417908018700769
0.004498432668969444 0.032132536510070454 0.0010363408290290652
0.005428675439323859 0.04409758611220384 0.0013205262902127443
0.006551285568595509 0.057887410154445346 0.0015769282029829182
0.0079060432109077 0.06972987973313764 0.0017815385124815425
0.009540954763499945 0.09060216217562904 0.0020430271431502354
0.01151395399326447 0.11150689081046603 0.002240959149014039
0.013894954943731374 0.13670197221890953 0.0024274407217198535
0.016768329368110076 0.16809204944525713 0.002564428945516241
0.020235896477251564 0.20992827984085133 0.0027584962538751033
0.02442053094548651 0.2514956300436461 0.0028978581586873897
0.029470517025518096 0.3020800532052226 0.00306580452571569
0.03556480306223128 0.3590454753519063 0.0032348039797086637
0.04291934260128776 0.4136499483141715 0.0034260065048978172
0.0517947467923121 0.48306581292884865 0.0035705673089613974
0.0625055192527397 0.5358035553272575 0.003630360132909595
0.07543120063354615 0.5989047415473197 0.0036513527287765513
0.09102981779915217 0.6524519031726657 0.0036015731635921943
0.10985411419875583 0.6927220398227333 0.0035694746073366024
0.13257113655901082 0.7448056725689173 0.0034346908763077514
0.15998587196060574 0.7830330506164385 0.0032748410894309164
0.19306977288832497 0.8099062778964595 0.0031761063135791207
0.2329951810515372 0.8431879052083517 0.002936899980998841
0.2811768697974228 0.8596132837960173 0.002844135335072491
0.3393221771895326 0.878314664877048 0.0027228241869853786
0.4094915062380423 0.8962625231175568 0.002531425289867983
0.49417133613238334 0.910513192482258 0.002384863701250221
0.5963623316594643 0.9243732004887494 0.002224002913564413
0.7196856730011514 0.9345120843377995 0.00208265222955813
0.868511373751352 0.9451933486949252 0.0019135423774077726
1.0481131341546852 0.9532640688910318 0.001774724104925256
1.2648552168552958 0.957379818453251 0.0017469856240307578
1.5264179671752318 0.9614578711341654 0.0016836843076799505
1.8420699693267144 0.967955592451765 0.0015300452082856924
2.2229964825261934 0.9719734791051964 0.0014341601121637653
2.6826957952797246 0.9756828038417067 0.001322521878148783
3.2374575428176433 0.9774372742053636 0.0012961066397480217
3.906939937054613 0.9814537224406764 0.001172552528236878
4.714866363457389 0.983822728950264 0.0010921455572909082
5.689866029018293 0.9856502444248053 0.0010338899648774517
6.866488450042998 0.9878279770955547 0.0009687968694373384
8.286427728546842 0.9878728877872792 0.0009605469257006006
10.0 0.9900163401758899 0.0008862930929374289
