0.001 0.15772891471239026 0.0014073131302407662
0.0012067926406393288 0.2012614659959472 0.0017722379606616117
0.0014563484775012444 0.25009311802461665 0.0021781169993600074
0.0017575106248547913 0.3100762639692345 0.0025965288566992596
0.0021209508879201904 0.3714170314500997 0.0030017881793250097
0.002559547922699536 0.42678023945047205 0.0033438217665892247
0.0030888435964774815 0.47936364999898795 0.003581170058536442
0.003727593720314938 0.5375480909301096 0.003688628292412318
0.004498432668969444 0.5922909076199824 0.0036419558293947283
0.005428675439323859 0.6359914390753101 0.0034449777722064573
0.006551285568595509 0.6859619238740616 0.003132577049659437
0.0079060432109077 0.7277401652524839 0.0027231558274238288
0.009540954763499945 0.7787365113238877 0.002263070088356559
0.01151395399326447 0.8296001166439552 0.0017843519878089882
0.013894954943731374 0.8734532880068849 0.0013634416611944544
0.016768329368110076 0.9137429956707731 0.000991116402571212
0.020235896477251564 0.9467023578024935 0.0007161601435044229
0.02442053094548651 0.9713852730644041 0.00048496531655102976
0.029470517025518096 0.9851983064338893 0.0004071819028601304
0.03556480306223128 0.9931839634481484 0.00032055317662486643
0.04291934260128776 0.996941712526445 0.0002674786341582999
0.0517947467923121 0.9985924206083615 0.0001989382362297806
0.0625055192527397 0.9986336087789804 0.00022281156123283186
0.07543120063354615 0.9994831783304675 0.00010735807816000071
0.09102981779915217 0.9995355954267967 0.00011179328744611172
0.10985411419875583 0.9996567581104912 0.00010448345187246086
0.13257113655901082 0.9998590487562975 5.863734472071024e-05
0.15998587196060574 0.9998500788865499 8.132289701255995e-05
0.19306977288832497 0.9998832966250618 5.556107510732317e-05
0.2329951810515372 0.9999536493760628 2.2460182288513594e-05
0.2811768697974228 0.9998200169964219 0.00010363618587029971
0.3393221771895326 0.999928617565795 6.045004958489332e-05
0.4094915062380423 0.9999968262786515 1.8118617689432552e-06
0.49417133613238334 0.9999998145337778 1.1644066705314444e-07
0.5963623316594643 0.9999244557793613 7.33501059305153e-05
0.7196856730011514 0.9999963269273532 3.610482410690499e-06
0.868511373751352 0.9999994222471645 4.183631147148211e-07
1.0481131341546852 0.9999999976654537 2.2933839056343356e-09
1.2648552168552958 0.9999999999955018 4.388429006584096e-12
1.5264179671752318 0.9999999999734828 2.6515845521489912e-11
1.8420699693267144 0.9999961973587469 3.8024511054396097e-06
2.2229964825261934 1.0 5.085160810942439e-18
2.6826957952797246 1.0 9.333800202508382e-19
3.2374575428176433 0.999999999965207 3.47910607793765e-11
3.906939937054613 0.9999999993457274 6.542380171994272e-10
4.714866363457389 1.0 0.0
5.689866029018293 1.0 2.2204460492503132e-20
6.866488450042998 1.0 0.0
8.286427728546842 0.9999999999321212 6.787554514877591e-11
10.0 1.0 0.0
