0.001 0.16079272537925512 0.0014054554653888751
0.0012067926406393288 0.20089712659585984 0.0017726497643320354
0.0014563484775012444 0.25549561059421805 0.0021795691774219765
0.0017575106248547913 0.30384040325705614 0.0025990146313283314
0.0021209508879201904 0.3721916335939273 0.0030011075921077142
0.002559547922699536 0.4311231926807668 0.0033420281714920015
0.0030888435964774815 0.48477880895411346 0.0035842950394626063
0.003727593720314938 0.5380771869672677 0.0036871024179662686
0.004498432668969444 0.5896390776138627 0.0036369087751249095
0.005428675439323859 0.6403472204428348 0.003444889487664298
0.006551285568595509 0.6825377513088855 0.0031312952282134187
0.0079060432109077 0.7262150572849827 0.002722424097032379
0.009540954763499945 0.7810627993901192 0.002257191558459046
0.01151395399326447 0.8303595039681688 0.0017772055082380684
0.013894954943731374 0.8753017453771527 0.0013494517135897862
0.016768329368110076 0.9149164720601377 0.0010054046032635835
0.020235896477251564 0.947291151987316 0.0006919889874442238
0.02442053094548651 0.9714196733983935 0.0004737051551789368
0.029470517025518096 0.9852116344640801 0.00039359689656570017
0.03556480306223128 0.993379807807025 0.00030819382377647245
0.04291934260128776 0.9967292138756707 0.00028400527954281683
0.0517947467923121 0.998194060557229 0.0002336676930652678
0.0625055192527397 0.9994003520914421 0.00010883375583839152
0.07543120063354615 0.9990752649568909 0.00019431893674369796
0.09102981779915217 0.9995367986404543 0.0001142672753758203
0.10985411419875583 0.9996142496882683 0.00013249143604615154
0.13257113655901082 0.9998042195864572 9.208759154828213e-05
0.15998587196060574 0.9999051540117664 3.822717251669711e-05
0.19306977288832497 0.9999599254352867 1.5004141473804069e-05
0.2329951810515372 0.9999790405505184 1.4357641451334887e-05
0.2811768697974228 0.9999758447868932 1.4444194244028844e-05
0.3393221771895326 0.9999874244538741 1.2501747139847734e-05
0.4094915062380423 0.9999983639055517 1.3237721047374817e-06
0.49417133613238334 0.9999961795294968 2.346257734726573e-06
0.5963623316594643 0.9999999960640503 2.8691787147261966e-09
0.7196856730011514 0.9999999885055111 7.2528622422750384e-09
0.868511373751352 0.9999999850058994 1.092315142122677e-08
1.0481131341546852 0.9999999924223927 7.57536747685048e-09
1.2648552168552958 0.9999999997146991 2.0104248617757398e-10
1.5264179671752318 0.9999999999151805 6.531264172435341e-11
1.8420699693267144 0.9999999849908331 1.493888532729046e-08
2.2229964825261934 0.9999999999999963 3.5576888625419045e-15
2.6826957952797246 1.0 3.845925372767128e-20
3.2374575428176433 1.0 6.2803698347351e-20
3.906939937054613 1.0 2.487196938549503e-18
4.714866363457389 1.0 0.0
5.689866029018293 1.0 0.0
6.866488450042998 1.0 0.0
8.286427728546842 1.0 0.0
10.0 1.0 2.2204460492503132e-20
