0.001 0.21969766122905893 0.00142027605123941
0.0012067926406393288 0.2530042781796625 0.0016252860815630142
0.0014563484775012444 0.29914535129478637 0.00184385524349996
0.0017575106248547913 0.3383793548256484 0.0020669560702130337
0.0021209508879201904 0.3834036958934727 0.0022808418347482315
0.002559547922699536 0.436544762131502 0.0024818503079503036
0.0030888435964774815 0.48793832998536757 0.0026418132201212596
0.003727593720314938 0.5367273095326318 0.0027626856994612597
0.004498432668969444 0.5861540204871689 0.0028161904928254698
0.005428675439323859 0.6329328981041428 0.002790957078460418
0.006551285568595509 0.680557038853135 0.0026823951985360194
0.0079060432109077 0.720595961933353 0.0025118632931330335
0.009540954763499945 0.7614445450284759 0.002265293743944295
0.01151395399326447 0.7991156323347689 0.0019809372011444543
0.013894954943731374 0.8358774171372597 0.0016863077623792914
0.016768329368110076 0.8702726998445561 0.0013545216061215163
0.020235896477251564 0.9003581386800193 0.0010707485426439166
0.02442053094548651 0.928573793139734 0.0007936106161799792
0.029470517025518096 0.9526660367196651 0.0005617404770587828
0.03556480306223128 0.9692978636947801 0.00048406778595181505
0.04291934260128776 0.9827287218687657 0.00033429499143143414
0.0517947467923121 0.9908632749706603 0.0002380766014548466
0.0625055192527397 0.9951372786569562 0.00023642828222077136
0.07543120063354615 0.9978416765855407 0.0001610523929948057
0.09102981779915217 0.9988289050673531 0.00014299025467038684
0.10985411419875583 0.9994737304717092 9.279468536525869e-05
0.13257113655901082 0.9995377998320025 0.00011640632139254497
0.15998587196060574 0.9997814905912881 6.687124578182392e-05
0.19306977288832497 0.999850263205412 6.00942847788977e-05
0.2329951810515372 0.9998614702274008 3.569495512208342e-05
0.2811768697974228 0.9999439003493158 2.4888348531243528e-05
0.3393221771895326 0.9999403749905392 3.062376107572279e-05
0.4094915062380423 0.999977192194246 9.02442364747715e-06
0.49417133613238334 0.9999291841025293 4.783038417960263e-05
0.5963623316594643 0.9999970376581642 1.4074959891939534e-06
0.7196856730011514 0.999990845916911 5.136484048377755e-06
0.868511373751352 0.9999989689456555 5.620355616839659e-07
1.0481131341546852 0.9999970066558092 2.5709659933946757e-06
1.2648552168552958 0.9999951104197468 4.794614465753386e-06
1.5264179671752318 0.999999990130855 8.924027358762204e-09
1.8420699693267144 0.9999999961146068 3.872141254906074e-09
2.2229964825261934 0.9999999986822992 7.24100919537425e-10
2.6826957952797246 0.9999999207326858 7.742986967585736e-08
3.2374575428176433 0.9999999999742909 1.702064626394031e-11
3.906939937054613 0.9999999989825654 1.017383595674683e-09
4.714866363457389 1.0 7.4391653396802e-18
5.689866029018293 1.0 0.0
6.866488450042998 1.0 0.0
8.286427728546842 1.0 0.0
10.0 1.0 0.0
