0.001 0.2230836089377997 0.0014194247182479143
0.0012067926406393288 0.2551912063219598 0.0016266896025533132
0.0014563484775012444 0.29839796312538747 0.0018451720769212263
0.0017575106248547913 0.3356852816519261 0.002065688423027119
0.0021209508879201904 0.3894963486911044 0.0022812903606332217
0.002559547922699536 0.4380554835290221 0.0024775573002750653
0.0030888435964774815 0.48561316930480597 0.002646100610645679
0.003727593720314938 0.5361021826081174 0.0027613569544829115
0.004498432668969444 0.587466342935645 0.0028109378050616297
0.005428675439323859 0.6383563783483239 0.0027892275723441808
0.006551285568595509 0.6804092759890542 0.002688859299900813
0.0079060432109077 0.7192274825282331 0.002507599173698965
0.009540954763499945 0.764699796650577 0.0022605205166450638
0.01151395399326447 0.8026184833209934 0.00196683632596016
0.013894954943731374 0.837170414947518 0.0016637362799142305
0.016768329368110076 0.870355941896993 0.0013659297119898212
0.020235896477251564 0.9007480206811326 0.0010547130652114062
0.02442053094548651 0.9298586955985056 0.0007800586499221873
0.029470517025518096 0.9516058055596124 0.0005819109353046889
0.03556480306223128 0.970172168043892 0.0004143644864477226
0.04291934260128776 0.982582423277707 0.00033045365151054953
0.0517947467923121 0.9907179010914097 0.0002675239710710718
0.0625055192527397 0.9959086465045751 0.0001510691312370396
0.07543120063354615 0.9975348322007347 0.00020927383597118182
0.09102981779915217 0.9988777920822273 0.00014169942683712366
0.10985411419875583 0.9992551617859977 0.0001395054168607761
0.13257113655901082 0.9996584129864499 9.73954437747922e-05
0.15998587196060574 0.999769502561355 6.136103752196584e-05
0.19306977288832497 0.9998577667847023 3.834897229716833e-05
0.2329951810515372 0.9999421049280871 2.8252470957677763e-05
0.2811768697974228 0.9999310201163367 3.0209677411619486e-05
0.3393221771895326 0.9999740019020253 2.216243986183113e-05
0.4094915062380423 0.9999858489843211 7.531844316381756e-06
0.49417133613238334 0.9999789473764528 1.1555447061168513e-05
0.5963623316594643 0.999999282017216 3.62442997493559e-07
0.7196856730011514 0.999998831692331 6.1967026101415e-07
0.868511373751352 0.9999989441817617 7.080971248145185e-07
1.0481131341546852 0.9999994830307857 5.033988999362998e-07
1.2648552168552958 0.9999998298555242 9.752622531334077e-08
1.5264179671752318 0.9999999259645076 5.3174464368951034e-08
1.8420699693267144 0.9999992391917365 7.089484200376871e-07
2.2229964825261934 0.9999999996445916 3.445362041288239e-10
2.6826957952797246 0.9999999999995958 4.016412877707721e-13
3.2374575428176433 0.9999999999999871 8.294200666663672e-15
3.906939937054613 0.9999999999908572 9.109183881468678e-12
4.714866363457389 1.0 0.0
5.689866029018293 1.0 0.0
6.866488450042998 1.0 0.0
8.286427728546842 1.0 0.0
10.0 0.9999999999999963 3.662542537461991e-15
