0.001 0.023980218793765926 0.00023699384543802353
0.0012067926406393288 0.03699501181565811 0.00036525896457852814
0.0014563484775012444 0.055497285750796724 0.0005503879100378234
0.0017575106248547913 0.08295971118737427 0.0008059324855509622
0.0021209508879201904 0.11925007846597012 0.001144838606883367
0.002559547922699536 0.1623504020362902 0.0015662429144429908
0.0030888435964774815 0.2130853448092118 0.002058236139129366
0.003727593720314938 0.2761285343464164 0.0025912660699466826
0.004498432668969444 0.3441316955595268 0.0031156801281118653
0.005428675439323859 0.4035340266480547 0.003563591496360489
0.006551285568595509 0.46631470937121206 0.0038860174552870813
0.0079060432109077 0.5096520388515059 0.004032789188293295
0.009540954763499945 0.5597633114836604 0.004003093464219251
0.01151395399326447 0.6086068463846648 0.0037950034605580833
0.013894954943731374 0.6516226001955508 0.0034464610164466995
0.016768329368110076 0.7021036968571746 0.002985504931055839
0.020235896477251564 0.7591094765423518 0.0024529884465075537
0.02442053094548651 0.821263366218863 0.0018928074626211428
0.029470517025518096 0.8716065509699994 0.0013906088840171854
0.03556480306223128 0.916032738059236 0.0009687894715000163
0.04291934260128776 0.9521901290745309 0.0006750639197038453
0.0517947467923121 0.9746788058904508 0.0004805865625003542
0.0625055192527397 0.9867020278005839 0.0004842181912751912
0.07543120063354615 0.9943461372185105 0.00032258200704864804
0.09102981779915217 0.9970913000879351 0.00030179046772448666
0.10985411419875583 0.9983145377441462 0.0002550039948011914
0.13257113655901082 0.9991419675497993 0.000170689076261276
0.15998587196060574 0.9993627859929018 0.00016129499093255338
0.19306977288832497 0.9994539276976635 0.0001519514939405579
0.2329951810515372 0.9996035874903133 0.00010436794739078682
0.2811768697974228 0.9995808136661217 0.00016319390800438398
0.3393221771895326 0.9997688393104192 0.00010657892126004943
0.4094915062380423 0.9999374210171948 2.966851645662411e-05
0.49417133613238334 0.9999836981090486 7.383095144981834e-06
0.5963623316594643 0.9998576440471981 9.923905669617414e-05
0.7196856730011514 0.9999634905053297 3.077956203387652e-05
0.868511373751352 0.9999806045424426 1.2886612281505571e-05
1.0481131341546852 0.9999989995595082 8.35299282616809e-07
1.2648552168552958 0.9999999558794443 3.672943312255312e-08
1.5264179671752318 0.9999999107518063 8.916952778079075e-08
1.8420699693267144 0.9999687834109514 3.1213194305058236e-05
2.2229964825261934 0.9999999999578842 3.918567018762577e-11
2.6826957952797246 0.9999999999819009 1.694211702698022e-11
3.2374575428176433 0.9999998978474397 1.0213744470752614e-07
3.906939937054613 0.9999995566308513 4.4257859003092973e-07
4.714866363457389 1.0 0.0
5.689866029018293 0.9999999999995675 4.324960286012596e-13
6.866488450042998 1.0 0.0
8.286427728546842 0.9999998573438817 1.4264898521908226e-07
10.0 1.0 0.0
