0.001 0.02386921843362616 0.00023655436116146219
0.0012067926406393288 0.03752373305212112 0.0003649932074281857
0.0014563484775012444 0.056837988012429334 0.0005506182599916966
0.0017575106248547913 0.08477032094594343 0.0008063962094563919
0.0021209508879201904 0.11642886530421488 0.001143741712956086
0.002559547922699536 0.16493035508766757 0.001567296919782022
0.0030888435964774815 0.21592596226278532 0.002061306334230731
0.003727593720314938 0.27377961042406795 0.002590192143284605
0.004498432668969444 0.3403804190091315 0.0031126883052165033
0.005428675439323859 0.4042250996662464 0.0035633718164237225
0.006551285568595509 0.46467756824476153 0.0038844544059603277
0.0079060432109077 0.5151011460998479 0.0040361779889353695
0.009540954763499945 0.5679267739176155 0.004002884768525301
0.01151395399326447 0.6020613483505478 0.00379183041554058
0.013894954943731374 0.6507292834499449 0.0034414871678926755
0.016768329368110076 0.7082271896097909 0.0029776777641580946
0.020235896477251564 0.7605568952541933 0.0024553232012028935
0.02442053094548651 0.8145186874992971 0.0019040705714887393
0.029470517025518096 0.8718020759398712 0.0013845504295152225
0.03556480306223128 0.9171310273426472 0.0010002400889234553
0.04291934260128776 0.9512902719738511 0.0006883717566472128
0.0517947467923121 0.9740672382434619 0.0005276074473327106
0.0625055192527397 0.9876006303635771 0.00039355816048763486
0.07543120063354615 0.9943671424631156 0.0003227833213095373
0.09102981779915217 0.9972834280314362 0.00030323097125797274
0.10985411419875583 0.998695246583259 0.0002128550868278295
0.13257113655901082 0.9990156493034063 0.00018671314785300208
0.15998587196060574 0.999398905104193 0.00016966414773318013
0.19306977288832497 0.9996920043542954 0.00010433306600893365
0.2329951810515372 0.9996337154211665 0.00012238002550279405
0.2811768697974228 0.9995740974568411 0.000159174301851733
0.3393221771895326 0.9999459846736103 2.872345068589697e-05
0.4094915062380423 0.9999681621375983 1.24506141372108e-05
0.49417133613238334 0.9999905128156228 5.350192073164261e-06
0.5963623316594643 0.9999928030266492 3.3917934916272115e-06
0.7196856730011514 0.999997607910624 1.1158797334510089e-06
0.868511373751352 0.9999681467606535 2.967432791090669e-05
1.0481131341546852 0.9999911642050409 5.115722303650042e-06
1.2648552168552958 0.9999997343874617 1.6475064853793266e-07
1.5264179671752318 0.9999996273763397 3.045370517932547e-07
1.8420699693267144 0.99999999405862 4.709541700645089e-09
2.2229964825261934 0.9999935644527707 6.382620702102389e-06
2.6826957952797246 0.99999996159411 3.5015591470560365e-08
3.2374575428176433 0.9999999988454042 8.914192967967718e-10
3.906939937054613 0.9999999999999994 4.885186613290879e-16
4.714866363457389 0.9999999999999977 2.315631808746012e-15
5.689866029018293 0.9999999999986465 1.3534966029740395e-12
6.866488450042998 1.0 0.0
8.286427728546842 1.0 0.0
10.0 1.0 0.0
