0.001 0.01848676132165659 0.00020031043146576276
0.0012067926406393288 0.02577458545226254 0.00027381581771520236
0.0014563484775012444 0.035738121253421185 0.00037486117798302186
0.0017575106248547913 0.04894171356881146 0.000500579096995592
0.0021209508879201904 0.06773036636946486 0.0006772255366467139
0.002559547922699536 0.09074646199088558 0.0008717771028513029
0.0030888435964774815 0.11771359651215418 0.001105955690685482
0.003727593720314938 0.15500644708958078 0.0013903347642858224
0.004498432668969444 0.19939348689830863 0.0017263959720745146
0.005428675439323859 0.24753968827749123 0.0020396158521351175
0.006551285568595509 0.30731567134560184 0.0023790113764358255
0.0079060432109077 0.368828454765487 0.0026791188732102323
0.009540954763499945 0.433571054675958 0.0029581446326273856
0.01151395399326447 0.5006964593917786 0.0031232895934247377
0.013894954943731374 0.571522722401975 0.0032622464594768185
0.016768329368110076 0.6265732706183104 0.0033056792893250923
0.020235896477251564 0.6796009814808601 0.003292894987029035
0.02442053094548651 0.7282805509816606 0.0032184672671089582
0.029470517025518096 0.764293487064903 0.0031429218314505663
0.03556480306223128 0.8051936431203012 0.0029895786857476177
0.04291934260128776 0.837549700383674 0.002824154108034317
0.0517947467923121 0.8624262184832576 0.0026704081278078316
0.0625055192527397 0.8805729302600812 0.0025172885220882363
0.07543120063354615 0.8987518399084452 0.002378906007831882
0.09102981779915217 0.9173966675073141 0.002210810780375335
0.10985411419875583 0.9279207232411208 0.0020832669773635354
0.13257113655901082 0.9415593368830135 0.001891558809895671
0.15998587196060574 0.9485664588929705 0.0018052809701637064
0.19306977288832497 0.9560705570577038 0.001672422166877372
0.2329951810515372 0.9629388557433316 0.001540913163037898
0.2811768697974228 0.9650856549832164 0.0015257170552688288
0.3393221771895326 0.9709314808021471 0.001419156395531708
0.4094915062380423 0.975532992261626 0.0012987278275866081
0.49417133613238334 0.9786631318813048 0.001212777080745918
0.5963623316594643 0.9813695107618512 0.0011500772814544975
0.7196856730011514 0.9833273634020528 0.001083601678293442
0.868511373751352 0.9849841218743437 0.0010350228331235016
1.0481131341546852 0.9861269471909101 0.001016878074795751
1.2648552168552958 0.9890003773315736 0.0009165861595235654
1.5264179671752318 0.9918382600555282 0.0007712063020520208
1.8420699693267144 0.9900702094426946 0.0008562558670576554
2.2229964825261934 0.9930312358283094 0.0007024752658082171
2.6826957952797246 0.992260220523898 0.0007612499865194102
3.2374575428176433 0.9919278281019324 0.0008290779916317063
3.906939937054613 0.993753861027778 0.0007210158632219818
4.714866363457389 0.9947051179138791 0.0006712017439413226
5.689866029018293 0.9949694081493635 0.0006791674770208597
6.866488450042998 0.9953078339994034 0.0006698506120572948
8.286427728546842 0.9955324209723987 0.0006619224041346656
10.0 0.9954317914300532 0.0006697919573250962
