0.001 0.0007710423899284742 1.166034374754528e-05
0.0012067926406393288 0.0013190184801543034 1.9260119597775424e-05
0.0014563484775012444 0.0020888641578469844 3.113537088459129e-05
0.0017575106248547913 0.0035256374145292498 5.1472246112336936e-05
0.0021209508879201904 0.005905141811547926 8.406769186492847e-05
0.002559547922699536 0.009258078463533501 0.00013081771904602298
0.0030888435964774815 0.014924610677053604 0.00020371225484163268
0.003727593720314938 0.023285693063141003 0.00030955467413139255
0.004498432668969444 0.03619036617294596 0.0004605456531217508
0.005428675439323859 0.05290170727580938 0.0006540682389352616
0.006551285568595509 0.07770968384747737 0.0009136953460570125
0.0079060432109077 0.11145659971935105 0.001234560592754183
0.009540954763499945 0.15415132475444213 0.00160707230091381
0.01151395399326447 0.20654668059580691 0.0020174589842258885
0.013894954943731374 0.2623632380703509 0.0023893972547371946
0.016768329368110076 0.33364481403234947 0.0027887156594348585
0.020235896477251564 0.40331659916485924 0.0031134880704070333
0.02442053094548651 0.4778645848246418 0.003301933340523578
0.029470517025518096 0.5414103411070079 0.003441922205441471
0.03556480306223128 0.5980207640525448 0.0035020022914367672
0.04291934260128776 0.666252004673391 0.0034826105735683453
0.0517947467923121 0.7147167361036776 0.0034288562858377663
0.0625055192527397 0.7563353783487161 0.003305387657667196
0.07543120063354615 0.7945837068062401 0.0031717464771994614
0.09102981779915217 0.8266796793533067 0.0029999459976644293
0.10985411419875583 0.8567588928854233 0.0028023501881847797
0.13257113655901082 0.8769905196591484 0.0026639094686255684
0.15998587196060574 0.8952685893134691 0.002530344768760975
0.19306977288832497 0.9135046499266649 0.002302414042052431
0.2329951810515372 0.9275251929378466 0.002141405136307582
0.2811768697974228 0.93292025340535 0.002084873175389476
0.3393221771895326 0.9463799402720496 0.0019057672336005465
0.4094915062380423 0.9532610156081608 0.001776716402787838
0.49417133613238334 0.9623516108229602 0.001601381564540417
0.5963623316594643 0.965724414523489 0.001547903508968021
0.7196856730011514 0.9692305185831641 0.0014665023748284087
0.868511373751352 0.974711815382948 0.0013401038984072924
1.0481131341546852 0.977069786327566 0.001294122083152911
1.2648552168552958 0.9789188269774846 0.0012420949068680355
1.5264179671752318 0.9824567356017624 0.0011306631508378327
1.8420699693267144 0.9842216679978224 0.0010869792255455894
2.2229964825261934 0.9878814065870669 0.0009542068317767982
2.6826957952797246 0.9883556644255598 0.0009372212830326848
3.2374575428176433 0.9875412897778724 0.0009883019752332486
3.906939937054613 0.99006305862418 0.0008758334863100988
4.714866363457389 0.9902505824864134 0.0008837545752955375
5.689866029018293 0.9918332034949227 0.0008109534648849982
6.866488450042998 0.9912389273249306 0.0008589604960893878
8.286427728546842 0.9946813163799423 0.0006488042713909015
10.0 0.994800530279879 0.0006664002225456648
