0.001 0.0038614419175447418 4.183134374820117e-05
0.0012067926406393288 0.0056304230285920895 6.094827697324277e-05
0.0014563484775012444 0.00817010271575923 8.659284078000988e-05
0.0017575106248547913 0.011377401051725276 0.00012004256931486233
0.0021209508879201904 0.016119061673598015 0.00016897890794930422
0.002559547922699536 0.02270036449157156 0.00023181694725273874
0.0030888435964774815 0.030985133930981637 0.0003189239956408638
0.003727593720314938 0.04237848023479949 0.00043024345316785054
0.004498432668969444 0.05918286650468901 0.0005863239805639362
0.005428675439323859 0.08051490747124902 0.0007717099691344892
0.006551285568595509 0.10693533835633474 0.0009914071620840573
0.0079060432109077 0.14077406198925677 0.0012560683713371914
0.009540954763499945 0.18176990999811782 0.0015764874135048227
0.01151395399326447 0.22876804350734337 0.0018984197355620554
0.013894954943731374 0.2862746775516464 0.0022371093640027877
0.016768329368110076 0.34792881376821233 0.002560606529745043
0.020235896477251564 0.41467773729239726 0.0028380224896050214
0.02442053094548651 0.4804397275135986 0.0030770177460104366
0.029470517025518096 0.5424414794088935 0.0032358773764649246
0.03556480306223128 0.6088356038919958 0.003293707817319267
0.04291934260128776 0.6620448425395925 0.0033208930485759086
0.0517947467923121 0.7127014334234114 0.0032717846362277504
0.0625055192527397 0.7585544901611496 0.0031688242785100733
0.07543120063354615 0.7906326631822546 0.003059378094388042
0.09102981779915217 0.8263884585379985 0.0029034894345222034
0.10985411419875583 0.8469070879212817 0.002785123176259884
0.13257113655901082 0.8690872612630989 0.002648222665536931
0.15998587196060574 0.8913285039682683 0.0024697744315281024
0.19306977288832497 0.9099001909239137 0.0022614538214925295
0.2329951810515372 0.9222603520032145 0.0021627260328196582
0.2811768697974228 0.9304008270905302 0.0020548341532202756
0.3393221771895326 0.9381301427875213 0.001962680359850241
0.4094915062380423 0.9508695454615248 0.0017625304680248721
0.49417133613238334 0.9555476463077864 0.0016814610135870176
0.5963623316594643 0.9621513847186894 0.0015956020264175684
0.7196856730011514 0.9684128664688147 0.0014372772340506478
0.868511373751352 0.9732252818370188 0.0013594806982571183
1.0481131341546852 0.9761056447969835 0.0012705198472173671
1.2648552168552958 0.9789705944461404 0.001212582267084402
1.5264179671752318 0.9805723394319479 0.0011633116807168845
1.8420699693267144 0.9854683502827613 0.0010104794174402184
2.2229964825261934 0.9858999782871357 0.0010133013118863465
2.6826957952797246 0.986288655250838 0.0009930367275515302
3.2374575428176433 0.9892608839647797 0.0008811594497911375
3.906939937054613 0.9901884367167421 0.0008245213872384473
4.714866363457389 0.9919971939542478 0.0007634102270725647
5.689866029018293 0.9924408821665059 0.0007577980896465151
6.866488450042998 0.9921550142928723 0.0008027737376636088
8.286427728546842 0.9933736640783943 0.0007423871866626547
10.0 0.9939934542420413 0.0007092653982696499
