0.001 0.030425613725943747 0.00020371919027935279
0.0012067926406393288 0.03682451736401664 0.00024382727467703013
0.0014563484775012444 0.044167086359787465 0.0002918564246393378
0.0017575106248547913 0.05208339767252472 0.00034870425316834493
0.0021209508879201904 0.06194783451745777 0.00041483155323053354
0.002559547922699536 0.07552268507846362 0.0004944439820728762
0.0030888435964774815 0.08936070655762962 0.000585747769437358
0.003727593720314938 0.10672888544690164 0.0006918342460284539
0.004498432668969444 0.12619572408931984 0.0008087157581799083
0.005428675439323859 0.14879302723652296 0.0009427178607737779
0.006551285568595509 0.17746285022337857 0.0011094695763973165
0.0079060432109077 0.2082837321952741 0.0012808600922013067
0.009540954763499945 0.2428252483641386 0.0014690750642842765
0.01151395399326447 0.28054657649386444 0.0016656531517773247
0.013894954943731374 0.32044470283983784 0.0018420817916428224
0.016768329368110076 0.36725209516176455 0.0020592441156126145
0.020235896477251564 0.42320477879359225 0.002267048354411254
0.02442053094548651 0.47289717646823226 0.002422304767905347
0.029470517025518096 0.5220936672763078 0.0026063393315752244
0.03556480306223128 0.5724712945771282 0.0027132915240571905
0.04291934260128776 0.6272955177841133 0.0027782398663360585
0.0517947467923121 0.670933245275591 0.002836530231140091
0.0625055192527397 0.718628580244264 0.0028108977018285325
0.07543120063354615 0.7593596519168601 0.0027319273940886206
0.09102981779915217 0.7927207043790527 0.002663965644207289
0.10985411419875583 0.8193110683561233 0.0026276437600010636
0.13257113655901082 0.852959514782469 0.0024381309893518
0.15998587196060574 0.8752489211582372 0.0022993599901692118
0.19306977288832497 0.8884787416359162 0.0022517594091003338
0.2329951810515372 0.912035480167855 0.0020261881119864444
0.2811768697974228 0.9231923832994642 0.0019191159457535498
0.3393221771895326 0.9337130088236514 0.0018256616345426913
0.4094915062380423 0.9405789332279857 0.0017579413074591953
0.49417133613238334 0.9498909475798748 0.0016304294428704283
0.5963623316594643 0.9559516948646959 0.0015434670215159526
0.7196856730011514 0.964076686482036 0.001424956413939034
0.868511373751352 0.9664064221853578 0.0013868656960149117
1.0481131341546852 0.9726681122189439 0.001260561650309024
1.2648552168552958 0.9748732225438842 0.0012085937689807135
1.5264179671752318 0.9781696062716062 0.0011383625147319734
1.8420699693267144 0.9822008895245861 0.0010210972499142016
2.2229964825261934 0.9826679632483362 0.001029397558105319
2.6826957952797246 0.9855621452362646 0.0009705263628044697
3.2374575428176433 0.9870731872226838 0.000908344385896571
3.906939937054613 0.9875171158205092 0.0009221704562409155
4.714866363457389 0.9902384447256735 0.0007983930090602795
5.689866029018293 0.9910787951974626 0.0007913149016792947
6.866488450042998 0.9919505849563366 0.0007742732437819138
8.286427728546842 0.9926625599806652 0.000731667911467719
10.0 0.9927660023836515 0.0007410972177099842
