0.001 0.0030877157475054976 1.8253345663740664e-06
0.0012067926406393288 0.005169403432820778 2.8696318308513575e-06
0.0014563484775012444 0.008594082791214238 5.021178936988051e-06
0.0017575106248547913 0.014099394717877635 7.702522431336614e-06
0.0021209508879201904 0.02285542613864161 1.2761544342368037e-05
0.002559547922699536 0.03642087073255446 1.899343517500358e-05
0.0030888435964774815 0.057020672367850876 2.6858130253069706e-05
0.003727593720314938 0.08733316131143094 3.841661804809097e-05
0.004498432668969444 0.1304865435869095 5.541924009286573e-05
0.005428675439323859 0.18953058132631495 7.388635064870753e-05
0.006551285568595509 0.2660998238948308 9.068938909949233e-05
0.0079060432109077 0.36045834918386804 0.00010584432368927402
0.009540954763499945 0.4691890292209555 0.00011737916670129814
0.01151395399326447 0.5850009914108306 0.00011594720248664408
0.013894954943731374 0.6991062963517469 0.00010996705707948636
0.016768329368110076 0.8002769258914335 9.105022920442374e-05
0.020235896477251564 0.8805418301617037 6.741855485183624e-05
0.02442053094548651 0.9368601253362249 4.3097907388239014e-05
0.029470517025518096 0.9710872080808611 2.2990585999170458e-05
0.03556480306223128 0.9888191405468593 1.0387555360997658e-05
0.04291934260128776 0.9964709895691318 3.936684410781194e-06
0.0517947467923121 0.9991219814000073 1.1275577785236935e-06
0.0625055192527397 0.9998364105985047 2.452321193757455e-07
0.07543120063354615 0.9999784247550233 3.6801761395391586e-08
0.09102981779915217 0.9999981225882537 3.6083199302552904e-09
0.10985411419875583 0.9999999019448482 2.1886358028897087e-10
0.13257113655901082 0.9999999971894474 6.8860842704440165e-12
0.15998587196060574 0.9999999999615967 1.0629464525542805e-13
0.19306977288832497 0.999999999999783 6.68901077951824e-16
0.2329951810515372 1.0 3.0934009276787506e-18
0.2811768697974228 1.0 0.0
0.3393221771895326 1.0 0.0
0.4094915062380423 1.0 0.0
0.49417133613238334 1.0 0.0
0.5963623316594643 1.0 0.0
0.7196856730011514 1.0 0.0
0.868511373751352 1.0 0.0
1.0481131341546852 1.0 0.0
1.2648552168552958 1.0 0.0
1.5264179671752318 1.0 0.0
1.8420699693267144 1.0 0.0
2.2229964825261934 1.0 0.0
2.6826957952797246 1.0 0.0
3.2374575428176433 1.0 0.0
3.906939937054613 1.0 0.0
4.714866363457389 1.0 0.0
5.689866029018293 1.0 0.0
6.866488450042998 1.0 0.0
8.286427728546842 1.0 0.0
10.0 1.0 0.0
