0.001 0.005354335504394297 2.3774797320730924e-06
0.0012067926406393288 0.008881047268374432 3.916469530553413e-06
0.0014563484775012444 0.014587291440716356 6.620492690506077e-06
0.0017575106248547913 0.023586107305205866 9.826304885962916e-06
0.0021209508879201904 0.03758754129968207 1.5231757011663359e-05
0.002559547922699536 0.05876006205224985 2.2564158611064495e-05
0.0030888435964774815 0.08983385811990076 3.307083623009881e-05
0.003727593720314938 0.13400085513859789 4.5721603175117666e-05
0.004498432668969444 0.19414859434947018 6.0661416248850256e-05
0.005428675439323859 0.2720778994598665 7.531916484787042e-05
0.006551285568595509 0.36748377742019656 8.8999010571411e-05
0.0079060432109077 0.4769261277247857 9.525052073994423e-05
0.009540954763499945 0.59313748247886 9.395374453689804e-05
0.01151395399326447 0.7066102100972628 8.88103745954725e-05
0.013894954943731374 0.8065612535740849 7.223497991751867e-05
0.016768329368110076 0.8852066676885479 5.269589130602115e-05
0.020235896477251564 0.9399170500801278 3.432358668348885e-05
0.02442053094548651 0.9727595984198865 1.7702254675746577e-05
0.029470517025518096 0.9896144100494706 8.155361939551501e-06
0.03556480306223128 0.9967728621467248 3.0644714824195013e-06
0.04291934260128776 0.9992124376370722 8.75527138091938e-07
0.0517947467923121 0.9998567032655785 1.8823371065849792e-07
0.0625055192527397 0.9999817013910001 2.8236360048841152e-08
0.07543120063354615 0.9999984571222885 2.604181487143418e-09
0.09102981779915217 0.9999999226054508 1.5244490616956163e-10
0.10985411419875583 0.9999999978959307 4.614162021980651e-12
0.13257113655901082 0.9999999999729924 6.823350088489456e-14
0.15998587196060574 0.9999999999998589 4.0191413741359705e-16
0.19306977288832497 1.0 3.054788285740733e-18
0.2329951810515372 1.0 0.0
0.2811768697974228 1.0 0.0
0.3393221771895326 1.0 0.0
0.4094915062380423 1.0 0.0
0.49417133613238334 1.0 0.0
0.5963623316594643 1.0 0.0
0.7196856730011514 1.0 0.0
0.868511373751352 1.0 0.0
1.0481131341546852 1.0 0.0
1.2648552168552958 1.0 0.0
1.5264179671752318 1.0 0.0
1.8420699693267144 1.0 0.0
2.2229964825261934 1.0 0.0
2.6826957952797246 1.0 0.0
3.2374575428176433 1.0 0.0
3.906939937054613 1.0 0.0
4.714866363457389 1.0 0.0
5.689866029018293 1.0 0.0
6.866488450042998 1.0 0.0
8.286427728546842 1.0 0.0
10.0 1.0 0.0
