0.001 0.01616448387455267 2.331432625224784e-06
0.0012067926406393288 0.02292784214786384 3.244644658889598e-06
0.0014563484775012444 0.03234615995116842 4.588728373059218e-06
0.0017575106248547913 0.04533734059330513 6.227817525657539e-06
0.0021209508879201904 0.06307921460268741 8.513093962158071e-06
0.002559547922699536 0.08698197759882746 1.1275007690151124e-05
0.0030888435964774815 0.118636234422708 1.497225761097628e-05
0.003727593720314938 0.15983937657086736 1.9211376950306418e-05
0.004498432668969444 0.21210946834246155 2.3942697489686585e-05
0.005428675439323859 0.27672703219834177 2.9344953010166126e-05
0.006551285568595509 0.35383928173968354 3.4329153733202366e-05
0.0079060432109077 0.44249199304318415 3.788624637117294e-05
0.009540954763499945 0.5393954878550321 4.0926383680055325e-05
0.01151395399326447 0.6394605136439286 4.07677866794334e-05
0.013894954943731374 0.7360205997221602 3.7831045555405034e-05
0.016768329368110076 0.8217619345927611 3.2104881369561227e-05
0.020235896477251564 0.8910884979776814 2.4753080065271258e-05
0.02442053094548651 0.9409586536195146 1.658330245444922e-05
0.029470517025518096 0.972269438235786 9.545743444910053e-06
0.03556480306223128 0.9890348652109108 4.621117516656745e-06
0.04291934260128776 0.9964640666956338 1.8261045695532903e-06
0.0517947467923121 0.9991086095674505 5.586393585924332e-07
0.0625055192527397 0.9998322048090482 1.271950047129206e-07
0.07543120063354615 0.9999776746564225 2.0766331547574628e-08
0.09102981779915217 0.9999980586376087 2.2075767537793214e-09
0.10985411419875583 0.9999998978961364 1.3877858280514706e-10
0.13257113655901082 0.9999999970677078 4.838037018665268e-12
0.15998587196060574 0.9999999999598546 7.942280121376929e-14
0.19306977288832497 0.9999999999997717 5.508345408390114e-16
0.2329951810515372 0.9999999999999998 3.632856031326803e-18
0.2811768697974228 1.0 1.958906650617752e-18
0.3393221771895326 1.0 1.8592175448465738e-18
0.4094915062380423 1.0 1.383642587288438e-18
0.49417133613238334 1.0 0.0
0.5963623316594643 1.0 0.0
0.7196856730011514 1.0 0.0
0.868511373751352 1.0 0.0
1.0481131341546852 1.0 0.0
1.2648552168552958 1.0 0.0
1.5264179671752318 1.0 0.0
1.8420699693267144 1.0 0.0
2.2229964825261934 1.0 0.0
2.6826957952797246 1.0 0.0
3.2374575428176433 1.0 0.0
3.906939937054613 1.0 0.0
4.714866363457389 1.0 0.0
5.689866029018293 1.0 0.0
6.866488450042998 1.0 0.0
8.286427728546842 1.0 0.0
10.0 1.0 0.0
