0.01 0.00043551978708551947 2.1650294735483112e-06
0.011513953993264475 0.0005776831981238166 3.1647925890451137e-06
0.013257113655901088 0.0007594422172098081 4.1410640487597454e-06
0.015264179671752334 0.0010008124722327755 5.261070564115654e-06
0.017575106248547922 0.001339807920826551 7.2770480425058e-06
0.020235896477251575 0.0017520633418532756 9.605267905752575e-06
0.023299518105153717 0.0023141455694311447 1.2537221248880987e-05
0.02682695795279726 0.0029959701416957187 1.5107478558731642e-05
0.030888435964774818 0.00398764090517258 2.087703920173904e-05
0.03556480306223128 0.005189255047273175 2.6990843338572557e-05
0.040949150623804255 0.006827926829147825 3.488726366835252e-05
0.04714866363457394 0.008895070019079259 4.616705604087754e-05
0.054286754393238594 0.011723897759233727 5.8471256168540566e-05
0.06250551925273973 0.015192505593356352 7.520552477259854e-05
0.07196856730011521 0.019543399282795887 9.511131335852467e-05
0.08286427728546843 0.025677799663950816 0.00012846031274196015
0.09540954763499938 0.03281923979131247 0.00015783419133550712
0.10985411419875583 0.04225937428256444 0.00019952067751597107
0.12648552168552957 0.05391643424640529 0.00025053529151807056
0.14563484775012436 0.06926381179312896 0.00031249947344249906
0.16768329368110083 0.08790197619565183 0.00038963934117032653
0.19306977288832497 0.10986015195808928 0.00048063951828486695
0.22229964825261944 0.1359085911644716 0.0005911249146215672
0.2559547922699536 0.16980263293605227 0.0007058616857817362
0.29470517025518095 0.20691111584014893 0.0008551757583410427
0.3393221771895328 0.2531196288763112 0.0010312227773642477
0.3906939937054617 0.30336798600039483 0.0012153704458560887
0.44984326689694465 0.36047984561839386 0.0013819040168734748
0.517947467923121 0.42251465504489216 0.0016031666721885232
0.5963623316594643 0.48557327535615386 0.0018311587389089447
0.6866488450043002 0.5532346318394439 0.0020527738282261508
0.7906043210907697 0.6171641372581921 0.0022810142711753877
0.9102981779915218 0.6766780040162178 0.0024893975413366343
1.0481131341546852 0.7291663761225827 0.00270452771936638
1.2067926406393288 0.7818639090794317 0.0027804448752266823
1.3894954943731375 0.8121303896407192 0.002971754739217997
1.5998587196060574 0.8420210769510206 0.0030216451647422904
1.8420699693267164 0.8650583487382477 0.003014838698112339
2.1209508879201904 0.8728240460439283 0.003077598077427463
2.44205309454865 0.8800809987505199 0.003064454693158603
2.8117686979742307 0.8840484086320943 0.0030354788408900437
3.2374575428176433 0.8896023527999872 0.0029545615061588397
3.727593720314938 0.8874780406653954 0.0029402970862073274
4.291934260128778 0.8921752629109913 0.002833260455822645
4.941713361323833 0.902279139579643 0.0026510514704043988
5.689866029018293 0.906171759821561 0.0025276390482972355
6.551285568595509 0.9089692163626729 0.0024029774230160867
7.543120063354615 0.9213296880283885 0.0021549795765698145
8.68511373751352 0.9249505229609176 0.0019957019613710816
10.0 0.9372626064803093 0.001724399537280222
