0.001 0.016173889606824438 2.2970835564819398e-06
0.0012067926406393288 0.022938287553096542 3.249884856751885e-06
0.0014563484775012444 0.03236114067978164 4.4660082341801894e-06
0.0017575106248547913 0.045364663128287984 6.213297672308452e-06
0.0021209508879201904 0.06310582317751977 8.468254109312942e-06
0.002559547922699536 0.08702424629665591 1.1241782774233403e-05
0.0030888435964774815 0.11869580647208144 1.4646045904474142e-05
0.003727593720314938 0.15990440590278776 1.8863224787681103e-05
0.004498432668969444 0.21220583639973492 2.3824991082313007e-05
0.005428675439323859 0.27679675402214793 2.8805135942603365e-05
0.006551285568595509 0.35398412318222033 3.42426732610792e-05
0.0079060432109077 0.44264766897941465 3.7957375988415135e-05
0.009540954763499945 0.5395111308913181 4.036789010105818e-05
0.01151395399326447 0.6395819898538935 4.036840573307185e-05
0.013894954943731374 0.736149824716971 3.770032498925502e-05
0.016768329368110076 0.8219335140672501 3.186084549861e-05
0.020235896477251564 0.8911612789001798 2.439246339599587e-05
0.02442053094548651 0.9410005586275061 1.661083690295339e-05
0.029470517025518096 0.9722937983823238 9.551643648261245e-06
0.03556480306223128 0.9890447775941001 4.625449108307311e-06
0.04291934260128776 0.9964731260617967 1.8309012965378e-06
0.0517947467923121 0.999109905235501 5.53347137311903e-07
0.0625055192527397 0.9998329429323727 1.2647865047532665e-07
0.07543120063354615 0.9999778276242083 2.0648864775005145e-08
0.09102981779915217 0.999998069225935 2.160967059082457e-09
0.10985411419875583 0.9999998984491582 1.3769606175977692e-10
0.13257113655901082 0.9999999970918779 4.845196590006342e-12
0.15998587196060574 0.9999999999601201 8.05828653399305e-14
0.19306977288832497 0.9999999999997748 5.528093709984438e-16
0.2329951810515372 0.9999999999999997 3.3052590611296247e-18
0.2811768697974228 1.0 1.9577737160465178e-18
0.3393221771895326 1.0 7.0810995818524235e-19
0.4094915062380423 1.0 1.4027526226889264e-18
0.49417133613238334 1.0 0.0
0.5963623316594643 1.0 0.0
0.7196856730011514 1.0 0.0
0.868511373751352 1.0 0.0
1.0481131341546852 1.0 0.0
1.2648552168552958 1.0 0.0
1.5264179671752318 1.0 0.0
1.8420699693267144 1.0 0.0
2.2229964825261934 1.0 0.0
2.6826957952797246 1.0 0.0
3.2374575428176433 1.0 0.0
3.906939937054613 1.0 0.0
4.714866363457389 1.0 0.0
5.689866029018293 1.0 0.0
6.866488450042998 1.0 0.0
8.286427728546842 1.0 0.0
10.0 1.0 0.0
