0.01 0.0004737005790290436 2.6736186663482685e-06
0.011513953993264475 0.0006281717997921238 3.530297139935078e-06
0.013257113655901088 0.0008208444882728395 4.3756535663792605e-06
0.015264179671752334 0.0010898919339006716 5.901132336998716e-06
0.017575106248547922 0.0014274025360814324 7.773392398596582e-06
0.020235896477251575 0.0018911176940526566 9.93408301547489e-06
0.023299518105153717 0.0024756761070730848 1.2850739788623604e-05
0.02682695795279726 0.003267169564120314 1.6019418297269974e-05
0.030888435964774818 0.004260108391772286 2.1782125236883522e-05
0.03556480306223128 0.005593446729142396 2.838597033721934e-05
0.040949150623804255 0.00739055686302857 3.7315038249826935e-05
0.04714866363457394 0.00970008276013333 4.846105157752404e-05
0.054286754393238594 0.012623870778824884 6.429164394516195e-05
0.06250551925273973 0.01635298433359701 8.172926515398467e-05
0.07196856730011521 0.021250351217799984 0.00010466837738279122
0.08286427728546843 0.027511462104023825 0.00013316211005263227
0.09540954763499938 0.035572455334792974 0.0001729632055755242
0.10985411419875583 0.045479161981527544 0.00021209774457479558
0.12648552168552957 0.058233562903547476 0.0002710540360132848
0.14563484775012436 0.07359422493117058 0.00033849740735766154
0.16768329368110083 0.09382702265215893 0.00041390557239262825
0.19306977288832497 0.11782493959787785 0.0005013337080260631
0.22229964825261944 0.1456809628642182 0.0006089360274364081
0.2559547922699536 0.17991511404744398 0.0007554066200906847
0.29470517025518095 0.22001824356898725 0.0008891399303565192
0.3393221771895328 0.26794603067290274 0.0010561453087301479
0.3906939937054617 0.3197313306522552 0.0012360916541436433
0.44984326689694465 0.37708103406022053 0.0014324289819473929
0.517947467923121 0.4380197025202262 0.0016706002802099142
0.5963623316594643 0.503963984035398 0.0018986176173176107
0.6866488450043002 0.5728943944046505 0.0021010099132448314
0.7906043210907697 0.6352503099055061 0.0023310615360725333
0.9102981779915218 0.6932822348551021 0.0025477335230741083
1.0481131341546852 0.7417910914207142 0.0027686122549333797
1.2067926406393288 0.7900846520549246 0.0028539508538666597
1.3894954943731375 0.8194789118677108 0.003012015431226137
1.5998587196060574 0.8434997188337454 0.0030858019659782336
1.8420699693267164 0.8666742789710769 0.003046281859583288
2.1209508879201904 0.8749663796125722 0.0030762902082048928
2.44205309454865 0.8782551260186545 0.003089769744787822
2.8117686979742307 0.8838041258172098 0.003030572726593074
3.2374575428176433 0.8900376438749514 0.0029336843124544037
3.727593720314938 0.8946781053670202 0.0028359378913865173
4.291934260128778 0.9070512512130028 0.002630830714093459
4.941713361323833 0.9078330631861234 0.002552881330363652
5.689866029018293 0.908319204189119 0.0024640835188786117
6.551285568595509 0.9117503315949492 0.0023263710203065566
7.543120063354615 0.9223349181202964 0.002093317406323633
8.68511373751352 0.9253602936367894 0.001934370920630772
10.0 0.9386320879434861 0.0016494962201747858
