0.001 0.016208966194261338 2.276053245200727e-06
0.0012067926406393288 0.02299273071985468 3.188322140301961e-06
0.0014563484775012444 0.032431844097798805 4.4184544567618825e-06
0.0017575106248547913 0.04546408312922204 6.087569217757919e-06
0.0021209508879201904 0.06323402509496598 8.370088203707589e-06
0.002559547922699536 0.08719626347646708 1.1079619933055523e-05
0.0030888435964774815 0.11890324179425091 1.4691804981483754e-05
0.003727593720314938 0.1601628077148577 1.886224678822678e-05
0.004498432668969444 0.21253818645546585 2.342653968807307e-05
0.005428675439323859 0.2772598279223665 2.856429704801601e-05
0.006551285568595509 0.35452936315447675 3.355527282704036e-05
0.0079060432109077 0.4432135225650196 3.769653582007199e-05
0.009540954763499945 0.5401382429585401 3.998188268147429e-05
0.01151395399326447 0.6402066791545877 4.04545635312493e-05
0.013894954943731374 0.7368092110154099 3.692117330685206e-05
0.016768329368110076 0.8224166853410688 3.164400805965903e-05
0.020235896477251564 0.891571879953682 2.4207349189180653e-05
0.02442053094548651 0.9412542226449016 1.6153755271745223e-05
0.029470517025518096 0.9724426214165047 9.348813545508037e-06
0.03556480306223128 0.9891216144693106 4.554051833104823e-06
0.04291934260128776 0.9965018849923705 1.7892936540921417e-06
0.0517947467923121 0.999118905774491 5.508992218785336e-07
0.0625055192527397 0.9998347223103475 1.2644457614268086e-07
0.07543120063354615 0.9999781228014535 2.0224875036829225e-08
0.09102981779915217 0.9999981021749501 2.149008964656854e-09
0.10985411419875583 0.9999999003869329 1.3660934776711693e-10
0.13257113655901082 0.9999999971719542 4.7392945752443134e-12
0.15998587196060574 0.9999999999612675 8.06815030586782e-14
0.19306977288832497 0.9999999999997823 5.587577425400319e-16
0.2329951810515372 0.9999999999999998 2.6232293616563605e-18
0.2811768697974228 1.0 8.12209906361078e-19
0.3393221771895326 1.0 1.858819723606362e-18
0.4094915062380423 1.0 2.0945292333028802e-18
0.49417133613238334 1.0 0.0
0.5963623316594643 1.0 0.0
0.7196856730011514 1.0 0.0
0.868511373751352 1.0 0.0
1.0481131341546852 1.0 0.0
1.2648552168552958 1.0 0.0
1.5264179671752318 1.0 0.0
1.8420699693267144 1.0 0.0
2.2229964825261934 1.0 0.0
2.6826957952797246 1.0 0.0
3.2374575428176433 1.0 0.0
3.906939937054613 1.0 0.0
4.714866363457389 1.0 0.0
5.689866029018293 1.0 0.0
6.866488450042998 1.0 0.0
8.286427728546842 1.0 0.0
10.0 1.0 0.0
