0.001 0.0011137816060655642 4.131909553454522e-06
0.0012067926406393288 0.001349927255777392 4.919685632157612e-06
0.0014563484775012444 0.0016319918250777337 5.897197482904815e-06
0.0017575106248547913 0.001974419782682204 7.056004006081106e-06
0.0021209508879201904 0.002356548622632807 8.790438683197641e-06
0.002559547922699536 0.002856415944097909 1.0461625939681694e-05
0.0030888435964774815 0.003462894021163114 1.2435069225350389e-05
0.003727593720314938 0.004173971615255342 1.5055166018431594e-05
0.004498432668969444 0.00501761435288156 1.8322456288270068e-05
0.005428675439323859 0.006100058339297834 2.1600636424659317e-05
0.006551285568595509 0.0072852288261113 2.6752071669467362e-05
0.0079060432109077 0.008751695842753239 3.270218939916566e-05
0.009540954763499945 0.010560838608732791 3.9216502449728706e-05
0.01151395399326447 0.01275697051595085 4.701799365143338e-05
0.013894954943731374 0.015395180189930255 5.6323054067564346e-05
0.016768329368110076 0.018561334986536802 6.766764205640272e-05
0.020235896477251564 0.022396770584100403 8.104560515710103e-05
0.02442053094548651 0.026932137382778325 9.775528641334615e-05
0.029470517025518096 0.03247460301881505 0.00011673335533405417
0.03556480306223128 0.03922227701003494 0.0001381992072402982
0.04291934260128776 0.04710776180461005 0.0001665336981504163
0.0517947467923121 0.056184867876725046 0.00020304832220876458
0.0625055192527397 0.06741910735289984 0.00024270813167612086
0.07543120063354615 0.08085535897645851 0.0002890884994615267
0.09102981779915217 0.09628482490044307 0.00034944224552696247
0.10985411419875583 0.11428566723132422 0.0004222743377965838
0.13257113655901082 0.13679924919016803 0.000492640211092161
0.15998587196060574 0.16171414559588992 0.0005913158593206487
0.19306977288832497 0.191083777691506 0.0007001020254080324
0.2329951810515372 0.2261436268849153 0.0008123353594757715
0.2811768697974228 0.2631742701997442 0.0009732606274465885
0.3393221771895326 0.3079943707953299 0.0011178607578712382
0.4094915062380423 0.35865245045511945 0.0012723687508128512
0.49417133613238334 0.41128459298158215 0.0014698199318479426
0.5963623316594643 0.4679612095263603 0.001677203075742287
0.7196856730011514 0.5284371116204064 0.0018784103591137384
0.868511373751352 0.5884889896866907 0.0020956279138737623
1.0481131341546852 0.6513406102481373 0.0022596138924249284
1.2648552168552958 0.7035441528255453 0.0024835274366436567
1.5264179671752318 0.7552972753017572 0.002619957032400877
1.8420699693267144 0.7993975665244895 0.0027132887014342843
2.2229964825261934 0.8365568642784288 0.0027449153539607462
2.6826957952797246 0.862038820278263 0.0027614624315335993
3.2374575428176433 0.8799121532467958 0.002726632377328134
3.906939937054613 0.8901518262418747 0.0026790319504287822
4.714866363457389 0.8993466156509244 0.002572634062219311
5.689866029018293 0.9025523017162177 0.0025126394671701204
6.866488450042998 0.9115513361888287 0.002337888057798417
8.286427728546842 0.9202272540538081 0.0021686730967412087
10.0 0.923331336266988 0.0020746042300964214
