0.001 0.0010348565751274485 3.7941621007745343e-06
0.0012067926406393288 0.0012475909990162918 4.5821663243955154e-06
0.0014563484775012444 0.001505664603070196 5.539005521776686e-06
0.0017575106248547913 0.0018177132338493564 6.666042646358692e-06
0.0021209508879201904 0.0022005706716256178 7.951727880657244e-06
0.002559547922699536 0.0026537212350062228 9.617049133519217e-06
0.0030888435964774815 0.0031976551930090265 1.1634843946762568e-05
0.003727593720314938 0.003823150599923018 1.4441015029928153e-05
0.004498432668969444 0.00462281789457964 1.7270678743145725e-05
0.005428675439323859 0.005606362078573926 2.0500492470835477e-05
0.006551285568595509 0.00679858972971285 2.4365742757113384e-05
0.0079060432109077 0.00817605475112433 2.960423050249326e-05
0.009540954763499945 0.009807440038748757 3.621097046074073e-05
0.01151395399326447 0.011856765612812075 4.3339119589672915e-05
0.013894954943731374 0.014212459236933605 5.295152967772931e-05
0.016768329368110076 0.0171732459148473 6.319869173893771e-05
0.020235896477251564 0.020700013355774986 7.593896011015813e-05
0.02442053094548651 0.02484802918251174 9.234148321808726e-05
0.029470517025518096 0.029922675146168358 0.00011065507999587797
0.03556480306223128 0.036021610386328756 0.00013259412473397262
0.04291934260128776 0.04334246104808682 0.00015854957964206646
0.0517947467923121 0.052338331661435394 0.0001872820385514084
0.0625055192527397 0.06209570613966507 0.00023157528730443424
0.07543120063354615 0.0752738794389242 0.0002676166432259949
0.09102981779915217 0.08949220562837625 0.00032655585876090036
0.10985411419875583 0.10749975763562875 0.0003817383337625161
0.13257113655901082 0.12750783270433155 0.00046062589003855077
0.15998587196060574 0.15086695690588112 0.0005537393580365467
0.19306977288832497 0.17881506332444602 0.0006527254918946636
0.2329951810515372 0.21159328810227654 0.0007620028262724217
0.2811768697974228 0.24642020224651892 0.0009177265557564777
0.3393221771895326 0.2920451604186802 0.00102516986694272
0.4094915062380423 0.3371636337065677 0.0012113796531684302
0.49417133613238334 0.38810399213697294 0.0014018420892035043
0.5963623316594643 0.44265127483990574 0.0016131621018834028
0.7196856730011514 0.50280084696922 0.0018077121609777072
0.868511373751352 0.5629139050731217 0.0020207537627711675
1.0481131341546852 0.622396368094724 0.002236385132031617
1.2648552168552958 0.6847034954805488 0.0023766400606255143
1.5264179671752318 0.7368990258301161 0.002552265931609268
1.8420699693267144 0.78422569070675 0.002666412413120682
2.2229964825261934 0.8258496596993248 0.0027072031341506104
2.6826957952797246 0.8523298684823943 0.0027755964224532976
3.2374575428176433 0.8707851404461621 0.0027895662863177944
3.906939937054613 0.885831558488717 0.0027195398284208293
4.714866363457389 0.8961534312873397 0.002630210247826371
5.689866029018293 0.9017380087698146 0.002541321468762025
6.866488450042998 0.9080019504901158 0.00240461809044654
8.286427728546842 0.9139644281925168 0.0022714948716283812
10.0 0.9185712499179939 0.0021571907475576163
