0.001 0.07531470323143986 5.597286778020373e-06
0.0012067926406393288 0.09018780379079397 6.568187705380997e-06
0.0014563484775012444 0.10777869794945964 7.760932667988456e-06
0.0017575106248547913 0.12858767087573697 9.205661920480872e-06
0.0021209508879201904 0.15301646647395992 1.0759149902779329e-05
0.002559547922699536 0.18161112186995806 1.2687002822519703e-05
0.0030888435964774815 0.21483374480333114 1.4560723537697695e-05
0.003727593720314938 0.2531668820316195 1.690742580442393e-05
0.004498432668969444 0.29685854753217766 1.8955405558371178e-05
0.005428675439323859 0.3462710043075685 2.144128803986552e-05
0.006551285568595509 0.4012846296365664 2.3693077878182813e-05
0.0079060432109077 0.4615360495675136 2.5824421214410707e-05
0.009540954763499945 0.5262626613634486 2.7050561064365158e-05
0.01151395399326447 0.5940243187097919 2.8455911325998333e-05
0.013894954943731374 0.6630682015334839 2.8454670803163453e-05
0.016768329368110076 0.73102475729248 2.7353965489419615e-05
0.020235896477251564 0.7949591147404282 2.509588682519958e-05
0.02442053094548651 0.8522414185801895 2.163763933919732e-05
0.029470517025518096 0.9004864869307414 1.7596125173663527e-05
0.03556480306223128 0.9382340252771965 1.3249815264098906e-05
0.04291934260128776 0.96528017107546 8.994230352676706e-06
0.0517947467923121 0.9826773192000724 5.400618999781498e-06
0.0625055192527397 0.9925083130805918 2.840829415451077e-06
0.07543120063354615 0.9972747094049222 1.2415298894350556e-06
0.09102981779915217 0.9991965932297828 4.4888343990298854e-07
0.10985411419875583 0.9998158687054727 1.232223221514131e-07
0.13257113655901082 0.9999688963129197 2.528628832388655e-08
0.15998587196060574 0.9999963602749115 3.5369677381551543e-09
0.19306977288832497 0.9999997264177953 3.236830968574161e-10
0.2329951810515372 0.9999999879631567 1.744120004443086e-11
0.2811768697974228 0.9999999997217316 4.912309920641329e-13
0.3393221771895326 0.9999999999970569 6.2948982196075726e-15
0.4094915062380423 0.9999999999999878 3.185654918166519e-17
0.49417133613238334 1.0 0.0
0.5963623316594643 1.0 0.0
0.7196856730011514 1.0 0.0
0.868511373751352 1.0 0.0
1.0481131341546852 1.0 0.0
1.2648552168552958 1.0 0.0
1.5264179671752318 1.0 0.0
1.8420699693267144 1.0 0.0
2.2229964825261934 1.0 0.0
2.6826957952797246 1.0 0.0
3.2374575428176433 1.0 0.0
3.906939937054613 1.0 0.0
4.714866363457389 1.0 0.0
5.689866029018293 1.0 0.0
6.866488450042998 1.0 0.0
8.286427728546842 1.0 0.0
10.0 1.0 0.0
