0.01 0.012250422568345262 4.743371823111273e-05
0.011513953993264475 0.014112410808630673 5.3749878680130145e-05
0.013257113655901088 0.01629787756232718 6.0275745921359796e-05
0.015264179671752334 0.01883060567089507 6.834024391888924e-05
0.017575106248547922 0.021544765240689906 7.978664835477027e-05
0.020235896477251575 0.024747480078341582 9.399447323986534e-05
0.023299518105153717 0.028307486087822794 0.00010737273906815448
0.02682695795279726 0.03277010385070163 0.00012189025299452817
0.030888435964774818 0.0377621192621002 0.0001377818481883255
0.03556480306223128 0.04277353821578293 0.0001618908880680496
0.040949150623804255 0.04962181396703344 0.00017819825026224055
0.04714866363457394 0.057014427615332486 0.00020593569134475534
0.054286754393238594 0.06490667545023379 0.00023939594073152406
0.06250551925273973 0.07407006473051658 0.00027101762104986016
0.07196856730011521 0.08449436262949553 0.00031457308559974714
0.08286427728546843 0.09759005412296964 0.00035860112028791516
0.09540954763499938 0.11102879118193373 0.0004084144196072012
0.10985411419875583 0.1260654866105388 0.0004577964236927029
0.12648552168552957 0.14401851483006406 0.0005269719734786525
0.14563484775012436 0.16254409671957223 0.0005939339260417665
0.16768329368110083 0.1858295380265806 0.0006742078898341919
0.19306977288832497 0.20981131475736112 0.0007653849556004733
0.22229964825261944 0.23762911066910214 0.0008406991150363258
0.2559547922699536 0.2658048062997468 0.0009588754395538452
0.29470517025518095 0.30016936443415554 0.001059414121899536
0.3393221771895328 0.334381034618185 0.0011833674047644414
0.3906939937054617 0.37209319524308476 0.0013146977276931554
0.44984326689694465 0.4132600725972912 0.0014444708936404483
0.517947467923121 0.4546959933666105 0.0016106171079252874
0.5963623316594643 0.5002993770319174 0.0017448299521502755
0.6866488450043002 0.5461471224459574 0.0018862580802342225
0.7906043210907697 0.5919747237781936 0.0020252994397451504
0.9102981779915218 0.6352663036567904 0.002197280374242164
1.0481131341546852 0.6840554025552941 0.002270100671966235
1.2067926406393288 0.7284149111005546 0.0023449384863899214
1.3894954943731375 0.7632231222281837 0.002481559952903762
1.5998587196060574 0.795774772327062 0.0025688856532932076
1.8420699693267164 0.8265347050577712 0.0025943030640595195
2.1209508879201904 0.850028647529328 0.002621903387682167
2.44205309454865 0.8629305861942352 0.0026868334880529037
2.8117686979742307 0.8840745795642951 0.002583069084042562
3.2374575428176433 0.8967911984524127 0.0025098766376565706
3.727593720314938 0.9001453301428666 0.002493843063713181
4.291934260128778 0.9072410869999746 0.0023957123295177485
4.941713361323833 0.910015318651738 0.002320691651572458
5.689866029018293 0.9210536267235361 0.002133656226105049
6.551285568595509 0.9244213979034243 0.002023470844346207
7.543120063354615 0.9275123898804344 0.0019075014033487817
8.68511373751352 0.9359710586429097 0.001724019425812669
10.0 0.9415025029942721 0.0015700156538391583
