0.001 0.00042875559499918784 9.390298931941041e-08
0.0012067926406393288 0.000735338166070889 1.5906448415141173e-07
0.0014563484775012444 0.0012564678852726805 2.696169374920289e-07
0.0017575106248547913 0.002131869057721115 4.499920949447112e-07
0.0021209508879201904 0.003592521892539556 7.468731623921994e-07
0.002559547922699536 0.006009308128181842 1.222741839453026e-06
0.0030888435964774815 0.009946664629509943 2.007517864481977e-06
0.003727593720314938 0.01627249989962408 3.1595742133894155e-06
0.004498432668969444 0.026244956590603146 4.937242285796091e-06
0.005428675439323859 0.04165316991001565 7.4830153512690055e-06
0.006551285568595509 0.06480877420015713 1.1213298673742196e-05
0.0079060432109077 0.09857010313319643 1.616621066652933e-05
0.009540954763499945 0.14606263513662016 2.1946723323908717e-05
0.01151395399326447 0.21011146681964074 2.957469819784174e-05
0.013894954943731374 0.29216547983031216 3.6666204003900515e-05
0.016768329368110076 0.3913261091226348 4.2141152885297204e-05
0.020235896477251564 0.5030784536483439 4.690446665878368e-05
0.02442053094548651 0.6195890289186194 4.66999629647377e-05
0.029470517025518096 0.730876212442507 4.208144184257011e-05
0.03556480306223128 0.8265180539017362 3.4180873604022945e-05
0.04291934260128776 0.8998144075315176 2.4546155635254994e-05
0.0517947467923121 0.949105333479127 1.5618663650048943e-05
0.0625055192527397 0.9777884186631827 8.301483592148475e-06
0.07543120063354615 0.9919015243255083 3.6680073679530307e-06
0.09102981779915217 0.9976127874054508 1.3194615148659766e-06
0.10985411419875583 0.9994525814779308 3.7049658183585505e-07
0.13257113655901082 0.9999077036426581 7.526000275694593e-08
0.15998587196060574 0.9999892266359502 1.0600479624458245e-08
0.19306977288832497 0.999999193210494 9.561190358923339e-10
0.2329951810515372 0.9999999645755503 5.1351336203340115e-11
0.2811768697974228 0.9999999991847464 1.4577254635063162e-12
0.3393221771895326 0.9999999999913929 1.8714954362967434e-14
0.4094915062380423 0.9999999999999646 9.357144796655123e-17
0.49417133613238334 1.0 0.0
0.5963623316594643 1.0 0.0
0.7196856730011514 1.0 0.0
0.868511373751352 1.0 0.0
1.0481131341546852 1.0 0.0
1.2648552168552958 1.0 0.0
1.5264179671752318 1.0 0.0
1.8420699693267144 1.0 0.0
2.2229964825261934 1.0 0.0
2.6826957952797246 1.0 0.0
3.2374575428176433 1.0 0.0
3.906939937054613 1.0 0.0
4.714866363457389 1.0 0.0
5.689866029018293 1.0 0.0
6.866488450042998 1.0 0.0
8.286427728546842 1.0 0.0
10.0 1.0 0.0
