0.01 1.5940471477067636e-06 1.598406612711278e-08
0.011513953993264475 2.388389815874731e-06 2.3385623080451577e-08
0.013257113655901088 3.6753519209553728e-06 3.585165280266781e-08
0.015264179671752334 5.63842321268679e-06 6.409374543541085e-08
0.017575106248547922 8.518477081223777e-06 9.374287194205558e-08
0.020235896477251575 1.2889238183525723e-05 1.1814722853536739e-07
0.023299518105153717 1.929340536232771e-05 1.8249603681259944e-07
0.02682695795279726 3.0290089856944974e-05 3.1139118087861465e-07
0.030888435964774818 4.463239330915949e-05 4.378957587502043e-07
0.03556480306223128 6.82925636908343e-05 7.190724537589868e-07
0.040949150623804255 0.00010320556606523302 9.494237996807576e-07
0.04714866363457394 0.0001540431138080071 1.3983045190677133e-06
0.054286754393238594 0.0002307400042801125 2.0608393199303766e-06
0.06250551925273973 0.0003537904441038911 3.2884180172203596e-06
0.07196856730011521 0.0005235299108354637 4.78370620478433e-06
0.08286427728546843 0.0007839017362514156 7.012045088429111e-06
0.09540954763499938 0.0011564077922629138 9.616066798122488e-06
0.10985411419875583 0.0017381094974883518 1.5451769457981796e-05
0.12648552168552957 0.0025439988007779184 2.1368634484508992e-05
0.14563484775012436 0.0037193112800293234 2.7338169588867273e-05
0.16768329368110083 0.005548340587768435 4.5752433857452147e-05
0.19306977288832497 0.007929752748478671 5.520520727407272e-05
0.22229964825261944 0.011535176539409688 7.855230491069839e-05
0.2559547922699536 0.016702608942211674 0.00011306204924091585
0.29470517025518095 0.023631678025992097 0.0001541899385739098
0.3393221771895328 0.03352905850219757 0.00020732397852084091
0.3906939937054617 0.04674803406020129 0.0002718534182464115
0.44984326689694465 0.06466351221367497 0.0003609117113858157
0.517947467923121 0.08849283893444143 0.000461414650823051
0.5963623316594643 0.11698096091448273 0.0005448301704326688
0.6866488450043002 0.1553325023542517 0.0007199657063931403
0.7906043210907697 0.20146651366681076 0.0008903185292161928
0.9102981779915218 0.25404542280191805 0.00106734448694156
1.0481131341546852 0.3204923513109387 0.0012627557789964819
1.2067926406393288 0.39007039187203607 0.0015184791719280233
1.3894954943731375 0.46700917615603155 0.0017620830710847973
1.5998587196060574 0.5434247391198083 0.0020352216767070474
1.8420699693267164 0.6164129105531422 0.00229591996751153
2.1209508879201904 0.684976881430762 0.0025200459410528904
2.44205309454865 0.7384698342903405 0.0027898439663862655
2.8117686979742307 0.790775520734552 0.0028951166421590426
3.2374575428176433 0.8265012315049047 0.003011777243205298
3.727593720314938 0.8485636504966129 0.0031202765992353
4.291934260128778 0.8628141147584177 0.00318070711237471
4.941713361323833 0.8742898811731262 0.003170729269489228
5.689866029018293 0.8815449865474245 0.0031425207203243767
6.551285568595509 0.886873909450477 0.0030932908221831777
7.543120063354615 0.8845499910861958 0.0031096515785186247
8.68511373751352 0.8830485703524611 0.003098574498403098
10.0 0.8875581811850436 0.0030046480242476325
