0.001 0.00042913811556634574 9.252074696824753e-08
0.0012067926406393288 0.0007365300609334881 1.577041233451553e-07
0.0014563484775012444 0.0012573533804523104 2.663541227583376e-07
0.0017575106248547913 0.002134625332858825 4.482218077419247e-07
0.0021209508879201904 0.003597274419853504 7.545365680880199e-07
0.002559547922699536 0.006015893875379085 1.2269749151664854e-06
0.0030888435964774815 0.009953622266074528 2.0056972143048264e-06
0.003727593720314938 0.01628458888819124 3.1898160677126777e-06
0.004498432668969444 0.026265246788494435 4.9349258515924104e-06
0.005428675439323859 0.041678343823681324 7.548572329079141e-06
0.006551285568595509 0.06485165552279437 1.1219320992181491e-05
0.0079060432109077 0.09866390447599196 1.6117100252170526e-05
0.009540954763499945 0.14619555187626715 2.2147293664068323e-05
0.01151395399326447 0.21023736006489954 2.951591014421705e-05
0.013894954943731374 0.29241302459037 3.6231646735549635e-05
0.016768329368110076 0.3914218297827943 4.283946980372366e-05
0.020235896477251564 0.5033042884572103 4.674101944948268e-05
0.02442053094548651 0.6199023105365875 4.637224588122629e-05
0.029470517025518096 0.7310417439983081 4.207961412957806e-05
0.03556480306223128 0.8266770093155273 3.4389784685619927e-05
0.04291934260128776 0.899929686601301 2.4692246608375322e-05
0.0517947467923121 0.9491997947326815 1.5474188537074338e-05
0.0625055192527397 0.9778586674760387 8.282106390921112e-06
0.07543120063354615 0.9919215446541874 3.650442595774162e-06
0.09102981779915217 0.9976187903876513 1.313423028370016e-06
0.10985411419875583 0.9994546085846683 3.625329815806305e-07
0.13257113655901082 0.9999081906681612 7.404946102050576e-08
0.15998587196060574 0.9999892735282512 1.0671603913342677e-08
0.19306977288832497 0.9999991975026984 9.745333651265325e-10
0.2329951810515372 0.9999999648152974 5.1754184692402984e-11
0.2811768697974228 0.9999999991908309 1.4522721301279718e-12
0.3393221771895326 0.9999999999914903 1.8822527363141965e-14
0.4094915062380423 0.9999999999999655 9.468865742974453e-17
0.49417133613238334 1.0 0.0
0.5963623316594643 1.0 0.0
0.7196856730011514 1.0 0.0
0.868511373751352 1.0 0.0
1.0481131341546852 1.0 0.0
1.2648552168552958 1.0 0.0
1.5264179671752318 1.0 0.0
1.8420699693267144 1.0 0.0
2.2229964825261934 1.0 0.0
2.6826957952797246 1.0 0.0
3.2374575428176433 1.0 0.0
3.906939937054613 1.0 0.0
4.714866363457389 1.0 0.0
5.689866029018293 1.0 0.0
6.866488450042998 1.0 0.0
8.286427728546842 1.0 0.0
10.0 1.0 0.0
