0.001 0.00042770889432933303 9.342264705363313e-08
0.0012067926406393288 0.0007338320034563386 1.6081050955468486e-07
0.0014563484775012444 0.0012530812869460763 2.693479036372783e-07
0.0017575106248547913 0.0021272915298673678 4.576694337782154e-07
0.0021209508879201904 0.0035856906155437135 7.637600212343015e-07
0.002559547922699536 0.00599680211120658 1.2455156098411284e-06
0.0030888435964774815 0.00992520992652208 2.000668750461073e-06
0.003727593720314938 0.016240749538268085 3.1921162704673676e-06
0.004498432668969444 0.026195080086614746 5.0219975394145955e-06
0.005428675439323859 0.041555619292386825 7.616060154121738e-06
0.006551285568595509 0.06466894430875986 1.1454303501207428e-05
0.0079060432109077 0.09842117592815543 1.6239295424360334e-05
0.009540954763499945 0.1458470235002181 2.2376856305737896e-05
0.01151395399326447 0.20977957868148714 2.9473865494657182e-05
0.013894954943731374 0.2917639478252617 3.701536131401774e-05
0.016768329368110076 0.3907647938628811 4.3170891588779926e-05
0.020235896477251564 0.5025075797711611 4.713192118881644e-05
0.02442053094548651 0.6191716661792442 4.772944048436727e-05
0.029470517025518096 0.7303686655216316 4.3036225677576445e-05
0.03556480306223128 0.8260929329129769 3.496570600288343e-05
0.04291934260128776 0.8995301911854221 2.529996791533983e-05
0.0517947467923121 0.9489440491664088 1.5567960069865163e-05
0.0625055192527397 0.9777403144741725 8.305471489064482e-06
0.07543120063354615 0.9918676089273711 3.7365719020917056e-06
0.09102981779915217 0.9975982185928697 1.3245741564026247e-06
0.10985411419875583 0.9994493356561758 3.668876140002381e-07
0.13257113655901082 0.9999069067536659 7.59256821431269e-08
0.15998587196060574 0.9999891146087517 1.0711258985958863e-08
0.19306977288832497 0.999999183819427 9.70579389773685e-10
0.2329951810515372 0.9999999640854479 5.17409297330494e-11
0.2811768697974228 0.99999999917271 1.4538331558708527e-12
0.3393221771895326 0.9999999999912399 1.8909636849431183e-14
0.4094915062380423 0.9999999999999636 9.540699543470027e-17
0.49417133613238334 1.0 0.0
0.5963623316594643 1.0 0.0
0.7196856730011514 1.0 0.0
0.868511373751352 1.0 0.0
1.0481131341546852 1.0 0.0
1.2648552168552958 1.0 0.0
1.5264179671752318 1.0 0.0
1.8420699693267144 1.0 0.0
2.2229964825261934 1.0 0.0
2.6826957952797246 1.0 0.0
3.2374575428176433 1.0 0.0
3.906939937054613 1.0 0.0
4.714866363457389 1.0 0.0
5.689866029018293 1.0 0.0
6.866488450042998 1.0 0.0
8.286427728546842 1.0 0.0
10.0 1.0 0.0
