0.001 7.921514870466919e-06 1.0446068913458777e-07
0.0012067926406393288 1.166530897881897e-05 1.52133833498936e-07
0.0014563484775012444 1.6644275230311122e-05 2.1978142139364506e-07
0.0017575106248547913 2.3829520378821676e-05 3.1735077677114396e-07
0.0021209508879201904 3.482404204400084e-05 4.627014013797391e-07
0.002559547922699536 5.153911635175984e-05 6.89081284373016e-07
0.0030888435964774815 7.394882605502112e-05 9.735769895157054e-07
0.003727593720314938 0.00010483242368583087 1.405546597156479e-06
0.004498432668969444 0.00015506278692130904 2.040102687121274e-06
0.005428675439323859 0.00022243447222504477 2.9219815766612683e-06
0.006551285568595509 0.0003304907953060524 4.327145101678576e-06
0.0079060432109077 0.0004712420433673275 6.129703978955299e-06
0.009540954763499945 0.0006849269572118276 8.979683157789865e-06
0.01151395399326447 0.0009961225829694088 1.2911909454831458e-05
0.013894954943731374 0.0014139593599375802 1.8513079392180706e-05
0.016768329368110076 0.0020687894021437767 2.6860782072896976e-05
0.020235896477251564 0.0029911881445160793 3.8935832291729485e-05
0.02442053094548651 0.004397145699115052 5.5871341116049714e-05
0.029470517025518096 0.006042606573870621 7.717755337791968e-05
0.03556480306223128 0.00877895300996382 0.00010966893165231167
0.04291934260128776 0.012355964880866247 0.00015509976455686293
0.0517947467923121 0.017374426909551717 0.0002142547058196327
0.0625055192527397 0.023786729802430382 0.0002879167659715167
0.07543120063354615 0.03310434904333852 0.00038936627963227056
0.09102981779915217 0.04524233428524324 0.0005239216130433535
0.10985411419875583 0.06078732048204129 0.0006894234904814265
0.13257113655901082 0.08271480519826686 0.0009098081114789719
0.15998587196060574 0.10948381179789833 0.0011627884971324317
0.19306977288832497 0.1433941037955253 0.0014562957437933325
0.2329951810515372 0.18315323218112647 0.0017730800028320317
0.2811768697974228 0.22759722454864428 0.002100089588026591
0.3393221771895326 0.27841945930363043 0.002414693850927603
0.4094915062380423 0.33911675029620714 0.0027382725959470573
0.49417133613238334 0.39736022131499094 0.0030165452366161887
0.5963623316594643 0.46321657704411745 0.0032150663191227173
0.7196856730011514 0.5249330692449298 0.003346314145691079
0.868511373751352 0.5775077731248073 0.0034524980686046754
1.0481131341546852 0.625026757915622 0.0034683942174323808
1.2648552168552958 0.6815759870811631 0.003410381355748041
1.5264179671752318 0.7279022783840972 0.0033078829524055
1.8420699693267144 0.762885591294187 0.0032227554052057794
2.2229964825261934 0.7998188274818085 0.0030648619699589126
2.6826957952797246 0.8271363321984192 0.0029210052382811613
3.2374575428176433 0.8491526979136479 0.0027817412545476424
3.906939937054613 0.8761384769709072 0.0025555656805532102
4.714866363457389 0.8959892479762408 0.0024044404989351058
5.689866029018293 0.909211678793146 0.0022626172079700797
6.866488450042998 0.9185226407263679 0.0021800018799029933
8.286427728546842 0.934437900973823 0.001948600310267588
10.0 0.9459896156156233 0.0017669167853153428
