0.001 0.0012905664602743244 9.896484921599757e-06
0.0012067926406393288 0.0015657783029508771 1.2019601344925022e-05
0.0014563484775012444 0.001871336508869157 1.4351989428788224e-05
0.0017575106248547913 0.002230296560735503 1.7298596752780694e-05
0.0021209508879201904 0.0027025939134912007 2.0845631430121285e-05
0.002559547922699536 0.003287286557715786 2.5393591827322825e-05
0.0030888435964774815 0.003947513094233588 3.032255459752394e-05
0.003727593720314938 0.004691911148389514 3.6260635470562925e-05
0.004498432668969444 0.005722752161178275 4.396315129243676e-05
0.005428675439323859 0.00685954372375769 5.2689819168460335e-05
0.006551285568595509 0.008390189676814416 6.401903917843899e-05
0.0079060432109077 0.01004630026641112 7.630318131894454e-05
0.009540954763499945 0.012067429305338039 9.292451972186442e-05
0.01151395399326447 0.014652335444949108 0.00011125008467563393
0.013894954943731374 0.017400800390317373 0.0001339868199285237
0.016768329368110076 0.021175231718949944 0.00016146785372095644
0.020235896477251564 0.0254847282495804 0.00019542591484037128
0.02442053094548651 0.031218743991534598 0.00023498234500671903
0.029470517025518096 0.03656825947550613 0.0002787478329442595
0.03556480306223128 0.04455170241584619 0.0003342850000904686
0.04291934260128776 0.05309286595559331 0.00040006467064046384
0.0517947467923121 0.06343149826571533 0.0004771485876561598
0.0625055192527397 0.07511846166809422 0.0005580169034055562
0.07543120063354615 0.09003373003904876 0.000656455892410774
0.09102981779915217 0.10661162485362806 0.0007738677565836173
0.10985411419875583 0.12536451991410957 0.0009058490358601568
0.13257113655901082 0.1493848615602194 0.0010625580833177484
0.15998587196060574 0.17589793491932382 0.0012303098307811953
0.19306977288832497 0.2070306848169381 0.0014133086484730112
0.2329951810515372 0.24085338976643042 0.0016093799567308117
0.2811768697974228 0.2767786335309141 0.0018112954085903001
0.3393221771895326 0.31762626940891814 0.0020003517957318637
0.4094915062380423 0.3646478746449066 0.002218144167424622
0.49417133613238334 0.41007419958025004 0.002421774944962133
0.5963623316594643 0.463233091204017 0.0025754755795193533
0.7196856730011514 0.5150478390383787 0.002706112093725341
0.868511373751352 0.5607987308185786 0.002848453660897629
1.0481131341546852 0.6038465738695589 0.0029039575739732344
1.2648552168552958 0.6563764867505782 0.0029179573041816947
1.5264179671752318 0.701600198260056 0.0028742900211725982
1.8420699693267144 0.7384771569451359 0.00285400780397334
2.2229964825261934 0.7764212678524027 0.0027518025155828366
2.6826957952797246 0.8059174812985309 0.0026541756283648406
3.2374575428176433 0.8305775676553981 0.0025566542971161214
3.906939937054613 0.8590414221462188 0.0023769146087045806
4.714866363457389 0.8817907245121902 0.002241470124079094
5.689866029018293 0.8960924529255543 0.0021330818605733285
6.866488450042998 0.9079123974756332 0.0020657732027711487
8.286427728546842 0.9249648009055093 0.0018568834964127828
10.0 0.9369486092182182 0.0016999095561576322
