0.001 0.0012182200847158271 9.418415471670318e-06
0.0012067926406393288 0.001436963155849061 1.1391999917355956e-05
0.0014563484775012444 0.0017495629793958024 1.3714804550814857e-05
0.0017575106248547913 0.002073601291746284 1.6310973689199535e-05
0.0021209508879201904 0.0025556237176921795 1.996458570491219e-05
0.002559547922699536 0.0030803044622069514 2.4177129062732875e-05
0.0030888435964774815 0.0036850739473196555 2.8702280959328753e-05
0.003727593720314938 0.004495557752773202 3.502394773259796e-05
0.004498432668969444 0.005372593829527866 4.194815112181003e-05
0.005428675439323859 0.006540499298405004 5.041985086456221e-05
0.006551285568595509 0.0077670487622854825 6.148462290182852e-05
0.0079060432109077 0.009489285847834547 7.428956300085028e-05
0.009540954763499945 0.01119627612435465 8.800633567536314e-05
0.01151395399326447 0.01361451875093818 0.00010551521277731424
0.013894954943731374 0.016446382354416606 0.00012841753359386172
0.016768329368110076 0.019771938242902173 0.00015354345485561912
0.020235896477251564 0.0235987917768764 0.00018184350451531248
0.02442053094548651 0.02888145930582943 0.0002256049699714461
0.029470517025518096 0.03406949090343448 0.00026416638189099824
0.03556480306223128 0.04107087828638592 0.0003166483452011456
0.04291934260128776 0.04918402238987978 0.0003775418751478453
0.0517947467923121 0.05916644831696178 0.00044897360152397177
0.0625055192527397 0.07148371873863262 0.0005300892352439365
0.07543120063354615 0.08353564096225662 0.0006274696272103969
0.09102981779915217 0.09885274154405617 0.0007399251147522433
0.10985411419875583 0.11810175209985045 0.0008752027753135253
0.13257113655901082 0.14138257865815948 0.0010180175627392681
0.15998587196060574 0.16386621904855447 0.001176463836038172
0.19306977288832497 0.19163777548430538 0.0013510384299322284
0.2329951810515372 0.22800167644003677 0.0015587085788069152
0.2811768697974228 0.2617470450950911 0.001755006485785932
0.3393221771895326 0.30208879255614324 0.0019646036204581515
0.4094915062380423 0.34497793691740125 0.002175263660581612
0.49417133613238334 0.39151576880888533 0.0023850133682137044
0.5963623316594643 0.43875475162953953 0.0025650235223009655
0.7196856730011514 0.4921096286383336 0.0027045431978964473
0.868511373751352 0.53857310824664 0.002830322612404358
1.0481131341546852 0.5890071391686119 0.002893416413039948
1.2648552168552958 0.6318459557508582 0.0029698858754575825
1.5264179671752318 0.6774320144665507 0.0029267921371096844
1.8420699693267144 0.7237396927991386 0.0028758893687345984
2.2229964825261934 0.7565431622552237 0.0028278359443682246
2.6826957952797246 0.7868379901382827 0.0027787479804108877
3.2374575428176433 0.8224283068947323 0.002603701026496614
3.906939937054613 0.8415995903279648 0.002540220742825493
4.714866363457389 0.8652100695719473 0.0023716222547630773
5.689866029018293 0.8849329989904714 0.002238741870574767
6.866488450042998 0.904045503527411 0.0020706602911428106
8.286427728546842 0.9148997698046769 0.0019916616949536663
10.0 0.9295551452474549 0.001832304067508915
