0.001 6.691454395811155e-09 1.2376665715146515e-10
0.0012067926406393288 1.1900298941959903e-08 2.1622146592529805e-10
0.0014563484775012444 2.040688744508029e-08 3.800708413493776e-10
0.0017575106248547913 3.519567806180054e-08 6.573619380602076e-10
0.0021209508879201904 6.210501566601065e-08 1.1639226203724337e-09
0.002559547922699536 1.1233878131858438e-07 2.1183076536257634e-09
0.0030888435964774815 1.917361760052013e-07 3.552092019232114e-09
0.003727593720314938 3.2733876459298996e-07 6.216256481990602e-09
0.004498432668969444 5.848250601766582e-07 1.077655512649102e-08
0.005428675439323859 1.0060296947686713e-06 1.8569082183184502e-08
0.006551285568595509 1.8240872263161615e-06 3.3620449229942803e-08
0.0079060432109077 3.1038340715503968e-06 5.7180838706019705e-08
0.009540954763499945 5.495291936170679e-06 1.0143187567109626e-07
0.01151395399326447 9.62382960729948e-06 1.7616151998847566e-07
0.013894954943731374 1.6489120085093346e-05 3.0443790046868964e-07
0.016768329368110076 2.926897323372989e-05 5.376359379043682e-07
0.020235896477251564 5.148231154234293e-05 9.520676616705994e-07
0.02442053094548651 9.159265202879132e-05 1.656445931223223e-06
0.029470517025518096 0.00015005843023341834 2.721126375442786e-06
0.03556480306223128 0.0002640016965255311 4.677019165871656e-06
0.04291934260128776 0.00045107229305471597 8.105775198317487e-06
0.0517947467923121 0.000763180624108334 1.3389105126468328e-05
0.0625055192527397 0.0012415529911511077 2.1459823078173074e-05
0.07543120063354615 0.0020709493756595893 3.5158116303156136e-05
0.09102981779915217 0.0034109602584708803 5.700448031846041e-05
0.10985411419875583 0.0054891711754537584 9.061669570439886e-05
0.13257113655901082 0.009051797902273754 0.0001455711884064312
0.15998587196060574 0.014373153560127663 0.00022507648762431083
0.19306977288832497 0.022557124823622012 0.00034141493900034727
0.2329951810515372 0.03429047462930987 0.0004991669917167385
0.2811768697974228 0.05032287155224251 0.0007015535991200966
0.3393221771895326 0.07214105047644011 0.0009599922977696961
0.4094915062380423 0.10369618678866573 0.001290686975699686
0.49417133613238334 0.14153607134527374 0.0016617539799562767
0.5963623316594643 0.18976517356809325 0.0020517261969692745
0.7196856730011514 0.24529052008178898 0.0024639043939760213
0.868511373751352 0.3046942620434056 0.002859962895443663
1.0481131341546852 0.3609271920747437 0.003135168437623554
1.2648552168552958 0.4331742674333759 0.003386806876008805
1.5264179671752318 0.49833626499296185 0.003531756966764084
1.8420699693267144 0.5587603795246737 0.003647582070000188
2.2229964825261934 0.6179218202909149 0.003641313580705533
2.6826957952797246 0.6663560378877307 0.003604781544085643
3.2374575428176433 0.7082595128061474 0.003546657915249311
3.906939937054613 0.7536048548151426 0.0033836090836580086
4.714866363457389 0.7937005235225668 0.0032161538917334282
5.689866029018293 0.8181172602472366 0.003083179373830402
6.866488450042998 0.8412073457510547 0.0029768319721281333
8.286427728546842 0.8678411186730933 0.0027521491883966067
10.0 0.8871596241528587 0.002551265021450848
