0.001 5.695145797584629e-09 1.0583098751011687e-10
0.0012067926406393288 9.815653373599717e-09 1.9012369752326594e-10
0.0014563484775012444 1.7358700872902065e-08 3.3159339138247765e-10
0.0017575106248547913 2.893876479393684e-08 5.462047129171605e-10
0.0021209508879201904 5.356967134562138e-08 1.0129417933550124e-09
0.002559547922699536 9.478930089840025e-08 1.8002029461417432e-09
0.0030888435964774815 1.6008870363437961e-07 3.0324474648620854e-09
0.003727593720314938 2.897806940927652e-07 5.411486420318414e-09
0.004498432668969444 4.969580507678769e-07 9.28166146962186e-09
0.005428675439323859 8.794135461074356e-07 1.6504968269994833e-08
0.006551285568595509 1.5425569544785007e-06 2.961546713601014e-08
0.0079060432109077 2.7464839310037627e-06 5.103947861854374e-08
0.009540954763499945 4.554755211067847e-06 8.582756889227506e-08
0.01151395399326447 7.99563366415183e-06 1.4893907325014437e-07
0.013894954943731374 1.4267654481747366e-05 2.6709084871945e-07
0.016768329368110076 2.4519216519414184e-05 4.5228129109055973e-07
0.020235896477251564 4.125200624210516e-05 7.647596650985867e-07
0.02442053094548651 7.664479766844671e-05 1.3906960525626117e-06
0.029470517025518096 0.00012514873722270368 2.330857382837675e-06
0.03556480306223128 0.00021776045972664052 4.050444783324549e-06
0.04291934260128776 0.0003697877139325262 6.732530689700337e-06
0.0517947467923121 0.0006301503636449304 1.1320949604155441e-05
0.0625055192527397 0.0010682282407363474 1.868336170323916e-05
0.07543120063354615 0.0017421811798548194 3.0916195838241125e-05
0.09102981779915217 0.0028607529786082446 4.9838789033703276e-05
0.10985411419875583 0.004769577271131503 8.007563133146685e-05
0.13257113655901082 0.00785345046122798 0.00013018394761954354
0.15998587196060574 0.012091525940844559 0.00019558778412860753
0.19306977288832497 0.01882710249248556 0.0002986490689073083
0.2329951810515372 0.030085400133206913 0.0004497659257657166
0.2811768697974228 0.044147414970790444 0.0006391888571923338
0.3393221771895326 0.06469177617764961 0.0008845461929802165
0.4094915062380423 0.0920203537586784 0.0011939048010275915
0.49417133613238334 0.12785586074218983 0.0015502337159640537
0.5963623316594643 0.17076412816459288 0.0019466506150893847
0.7196856730011514 0.2240110996900151 0.0023486281619111275
0.868511373751352 0.27922182470337453 0.0027240609366794093
1.0481131341546852 0.34158280997809787 0.0030479889080536377
1.2648552168552958 0.4040277703498126 0.003339665840887516
1.5264179671752318 0.46596671285293134 0.00350740712578174
1.8420699693267144 0.5357964610828961 0.0036374595701436562
2.2229964825261934 0.5884059662900869 0.003670399810610558
2.6826957952797246 0.6408268537936581 0.003688163508166646
3.2374575428176433 0.6953490835579386 0.0035710343393779687
3.906939937054613 0.7301937092354094 0.0035151954865905244
4.714866363457389 0.7670198946357684 0.0033687608646223617
5.689866029018293 0.8008610253373329 0.003212885184877414
6.866488450042998 0.8324765780883787 0.0030148580755746217
8.286427728546842 0.8526343129069169 0.0028873313463411003
10.0 0.8775861695485954 0.002693875148551051
