0.001 4.477844508880515e-09 8.967545591197848e-11
0.0012067926406393288 8.097143228383246e-09 1.5954169606084389e-10
0.0014563484775012444 1.4403888821199506e-08 2.807016761084989e-10
0.0017575106248547913 2.565659631159386e-08 4.970505563895431e-10
0.0021209508879201904 4.42786396842982e-08 8.471190490909809e-10
0.002559547922699536 7.824793661462019e-08 1.509982504439576e-09
0.0030888435964774815 1.3728962998189437e-07 2.6655059806995703e-09
0.003727593720314938 2.4109373770641537e-07 4.687058708147709e-09
0.004498432668969444 4.1580372893312964e-07 7.922420152113232e-09
0.005428675439323859 7.508850113441568e-07 1.4547000412766214e-08
0.006551285568595509 1.301648249200798e-06 2.5101382786042946e-08
0.0079060432109077 2.2238959674689525e-06 4.2652598024915635e-08
0.009540954763499945 3.972014123356642e-06 7.605808453119689e-08
0.01151395399326447 6.750028412129518e-06 1.3071223068657404e-07
0.013894954943731374 1.2127493588230432e-05 2.3062217716692565e-07
0.016768329368110076 2.1199686533693872e-05 4.0106684471103717e-07
0.020235896477251564 3.6125820270322915e-05 6.84010938050691e-07
0.02442053094548651 6.237513741372951e-05 1.1849986368011922e-06
0.029470517025518096 0.00010918849600747607 2.05583346730726e-06
0.03556480306223128 0.00018081518735116095 3.4006742661800546e-06
0.04291934260128776 0.00032131686752912605 5.850617864988664e-06
0.0517947467923121 0.0005463155876711164 1.0057319126517281e-05
0.0625055192527397 0.0009282959440277621 1.71722866154939e-05
0.07543120063354615 0.0014953116389180804 2.6847819274886694e-05
0.09102981779915217 0.0025394287982786626 4.5206102356949726e-05
0.10985411419875583 0.004256966854578897 7.374162542555501e-05
0.13257113655901082 0.006699097976703719 0.00011389621950162972
0.15998587196060574 0.010688164745144398 0.00017641189092249863
0.19306977288832497 0.017346708304305514 0.0002742135051975548
0.2329951810515372 0.02526143743029869 0.000393232386397687
0.2811768697974228 0.03919192782420494 0.0005796861064772013
0.3393221771895326 0.058326755578788844 0.0008262576836595192
0.4094915062380423 0.0839675490188661 0.0011251694024886683
0.49417133613238334 0.11467642184532126 0.0014529670059505043
0.5963623316594643 0.15489586623908141 0.0018260477673807188
0.7196856730011514 0.20480628082028052 0.002250956205126525
0.868511373751352 0.25584057950669803 0.002614965593846248
1.0481131341546852 0.32368329391936607 0.0029804902540441474
1.2648552168552958 0.375212526131707 0.003248728395245045
1.5264179671752318 0.4482706351174669 0.003511579823070939
1.8420699693267144 0.507407388484139 0.0036296292125330178
2.2229964825261934 0.5599099063211108 0.003721195111680007
2.6826957952797246 0.6194056366945717 0.003704587488029891
3.2374575428176433 0.6757438154168395 0.0036324719118638487
3.906939937054613 0.7138883901348617 0.0035711901419483356
4.714866363457389 0.7511023460945138 0.0034453279699639245
5.689866029018293 0.7865659289196223 0.0032777268809936026
6.866488450042998 0.8193670946518571 0.00312686978764472
8.286427728546842 0.8412081325302504 0.0029622101819986504
10.0 0.8673274458478174 0.0027717902702977613
