0.001 0.0022531391938259942 4.860675716600229e-05
0.0012067926406393288 0.003696861675346003 7.810221719495116e-05
0.0014563484775012444 0.005744825056896223 0.00011834942945910219
0.0017575106248547913 0.009194724909878762 0.00018148847515827508
0.0021209508879201904 0.014839020660547635 0.0002802060849716671
0.002559547922699536 0.022082468101146197 0.00039819325328238923
0.0030888435964774815 0.03411494175712543 0.0005746358128944404
0.003727593720314938 0.051410924541474674 0.0007865399023304711
0.004498432668969444 0.07467590815102655 0.001049761066837864
0.005428675439323859 0.10311199623068205 0.0013116862851197276
0.006551285568595509 0.147763154639025 0.0016717820980691677
0.0079060432109077 0.19107643913030714 0.0018798114030213078
0.009540954763499945 0.25330460914929087 0.0021427842347681338
0.01151395399326447 0.32193922360395055 0.0023117791073038697
0.013894954943731374 0.40149931554021134 0.0024336040779751418
0.016768329368110076 0.48822887027791373 0.002529035451869328
0.020235896477251564 0.576538148600885 0.002511749882275259
0.02442053094548651 0.6680513724911933 0.002404478271064999
0.029470517025518096 0.7517679183184595 0.002192957123401296
0.03556480306223128 0.8152772468465287 0.0019408728977224462
0.04291934260128776 0.8749064208129952 0.0016020749550915206
0.0517947467923121 0.9138414559849348 0.0013246271250610339
0.0625055192527397 0.947150294265988 0.0010222193756240351
0.07543120063354615 0.9672529052996389 0.0008056311331720505
0.09102981779915217 0.9826038474127092 0.0005613028266221123
0.10985411419875583 0.9910929197152795 0.00038815474145909376
0.13257113655901082 0.9949457659613218 0.00035118325277931975
0.15998587196060574 0.9973604782713364 0.0002689916071935437
0.19306977288832497 0.9985264852213429 0.00019136728315343558
0.2329951810515372 0.9989728863222915 0.00016473048437337545
0.2811768697974228 0.9993840386647626 0.0001365331383753263
0.3393221771895326 0.9995875346630521 8.853625659305859e-05
0.4094915062380423 0.9997522715869818 6.474419517947777e-05
0.49417133613238334 0.9999108404161474 2.7351645737065415e-05
0.5963623316594643 0.9999626052642087 1.3970164194337485e-05
0.7196856730011514 0.9999932930889015 3.6715011163948407e-06
0.868511373751352 0.9999980823572112 7.262493848325168e-07
1.0481131341546852 0.9999965194525486 1.434789379367228e-06
1.2648552168552958 0.9999993948106243 5.422082676223853e-07
1.5264179671752318 0.9999997407511734 2.2228655700656677e-07
1.8420699693267144 0.9999999776644718 1.3136879492182108e-08
2.2229964825261934 0.9999999999546467 2.857334041771848e-11
2.6826957952797246 0.9999999995416768 4.1369537618501693e-10
3.2374575428176433 0.9999999999999105 8.885707149177945e-14
3.906939937054613 0.9999999999971037 2.8897978515340655e-12
4.714866363457389 0.9999999999999974 2.17708730610759e-15
5.689866029018293 1.0 0.0
6.866488450042998 1.0 0.0
8.286427728546842 1.0 0.0
10.0 1.0 0.0
