0.001 0.16814737558445444 0.0013404607156178156
0.0012067926406393288 0.2192949719823957 0.001612939271424097
0.0014563484775012444 0.27633158883817655 0.0018516645613522642
0.0017575106248547913 0.34016235821250473 0.0020959205677983637
0.0021209508879201904 0.4125300094993707 0.0022616879438282426
0.002559547922699536 0.48599771690769555 0.002397726267295947
0.0030888435964774815 0.5704579175993738 0.0024223359327466233
0.003727593720314938 0.642386560181748 0.002427438662892698
0.004498432668969444 0.7147274086835596 0.0022973184769334164
0.005428675439323859 0.7802323832378552 0.002060108107197747
0.006551285568595509 0.8397252231188824 0.0018368035289604541
0.0079060432109077 0.8864071145737402 0.0015720979551355633
0.009540954763499945 0.9227058476849165 0.0013114703042288
0.01151395399326447 0.949875887375341 0.001080164143847461
0.013894954943731374 0.9679146175151309 0.0008786207039655223
0.016768329368110076 0.9793932144928569 0.0007401708581359789
0.020235896477251564 0.9874236311964165 0.0006089606985519572
0.02442053094548651 0.9906293723985183 0.0005581919565872482
0.029470517025518096 0.9952467885338551 0.0003760077642068876
0.03556480306223128 0.9966886000592662 0.000299572877975038
0.04291934260128776 0.9978125281230312 0.0002770936207224266
0.0517947467923121 0.9983362573667127 0.00023434423774905085
0.0625055192527397 0.9988609008839884 0.00019350585092026053
0.07543120063354615 0.9992963588835148 0.00013953885310889438
0.09102981779915217 0.999345706882351 0.0001732906069910478
0.10985411419875583 0.9996360809629299 9.848323784805042e-05
0.13257113655901082 0.999809954222084 8.399639085418556e-05
0.15998587196060574 0.9999423015420398 2.3537089729329214e-05
0.19306977288832497 0.9997981518714072 0.0001245974808705237
0.2329951810515372 0.9999132749554276 4.916258306347155e-05
0.2811768697974228 0.9999865301845019 7.657214182226985e-06
0.3393221771895326 0.9998067924037954 0.00010834375561511403
0.4094915062380423 0.9999541996170367 3.0554199847851706e-05
0.49417133613238334 0.999984506198868 8.663291655265068e-06
0.5963623316594643 0.9999996117291239 2.3711771348995373e-07
0.7196856730011514 0.9999999249902286 4.262000921691385e-08
0.868511373751352 0.9999999888808874 6.260087111964636e-09
1.0481131341546852 0.9999909347906005 8.414993286446433e-06
1.2648552168552958 0.99999999995064 3.4130334522116327e-11
1.5264179671752318 0.9999999999991276 8.244416774868416e-13
1.8420699693267144 1.0 4.7540885533031205e-18
2.2229964825261934 0.9999999675748131 3.2423565233402394e-08
2.6826957952797246 1.0 2.682975169497797e-19
3.2374575428176433 1.0 2.7111691724986527e-17
3.906939937054613 1.0 0.0
4.714866363457389 1.0 3.14018491736755e-20
5.689866029018293 1.0 1.5766730566536973e-18
6.866488450042998 1.0 2.2204460492503132e-20
8.286427728546842 1.0 0.0
10.0 1.0 0.0
