0.001 0.24453877368370872 0.0011511307419530775
0.0012067926406393288 0.28757260947807517 0.001302757006593531
0.0014563484775012444 0.33310394881296995 0.001429418630961746
0.0017575106248547913 0.3817956827032617 0.0015693802188644287
0.0021209508879201904 0.4357644180564966 0.0016697604430041119
0.002559547922699536 0.4905710906205004 0.0017678505940085323
0.0030888435964774815 0.5542381123007257 0.0018125926134115774
0.003727593720314938 0.6103299678725185 0.0018703464661217217
0.004498432668969444 0.6693964604939298 0.0018559945620439478
0.005428675439323859 0.7258907659616228 0.0017628310818204834
0.006551285568595509 0.7817938258541173 0.0016716896408729043
0.0079060432109077 0.8295058734934181 0.0015237915291521872
0.009540954763499945 0.8715347991033096 0.0013457461315425426
0.01151395399326447 0.9063138983047456 0.0011598815813296684
0.013894954943731374 0.9332433925260266 0.000980855456433756
0.016768329368110076 0.9533762863754575 0.0008334691372947617
0.020235896477251564 0.9697070991408017 0.0006897380720090841
0.02442053094548651 0.9787735747620596 0.0006249591883922794
0.029470517025518096 0.9881692751691952 0.0004495328049053625
0.03556480306223128 0.9921808693516612 0.00037055699314511803
0.04291934260128776 0.9951740188937903 0.0003176582753971123
0.0517947467923121 0.9966014159715911 0.0002722939288899575
0.0625055192527397 0.9977087218362507 0.00022721024772155983
0.07543120063354615 0.9985012075354818 0.0001745198521644574
0.09102981779915217 0.9987977087957748 0.00018724871113866775
0.10985411419875583 0.9992424291104349 0.0001249699101196028
0.13257113655901082 0.9995789365010187 9.49054621309715e-05
0.15998587196060574 0.9998057475000631 4.6763738481265294e-05
0.19306977288832497 0.9997431610812024 0.00011620678175912547
0.2329951810515372 0.9998457193909096 6.131944678021652e-05
0.2811768697974228 0.9999436365547892 2.2091986162623898e-05
0.3393221771895326 0.9997890239314731 0.0001024287130324251
0.4094915062380423 0.9999117868914545 4.342505448533576e-05
0.49417133613238334 0.9999533780321288 2.3795214224075543e-05
0.5963623316594643 0.999992389679824 3.6226325375453783e-06
0.7196856730011514 0.9999968873774596 1.5856497630112784e-06
0.868511373751352 0.9999987909769665 6.093677813891109e-07
1.0481131341546852 0.9999772964766344 1.8454000363197174e-05
1.2648552168552958 0.9999999355801245 4.056133230635445e-08
1.5264179671752318 0.9999999933670959 5.391974771875026e-09
1.8420699693267144 0.9999999999835741 1.2810670732941074e-11
2.2229964825261934 0.9999989566122033 1.0432165273226882e-06
2.6826957952797246 0.9999999999969806 2.994761113098346e-12
3.2374575428176433 0.999999999969922 3.00651707130186e-11
3.906939937054613 1.0 8.859830159215712e-18
4.714866363457389 0.9999999999999982 1.903802618413432e-15
5.689866029018293 0.9999999999928386 7.159089375692284e-12
6.866488450042998 1.0 1.1224354778960334e-17
8.286427728546842 1.0 0.0
10.0 1.0 0.0
