0.001 0.2476697111895497 0.0011592242998715394
0.0012067926406393288 0.28765895698032123 0.0012940745749044295
0.0014563484775012444 0.33146356574655345 0.0014367036129421694
0.0017575106248547913 0.38073514716423806 0.0015611061115966558
0.0021209508879201904 0.43215381957155896 0.0016680657579872344
0.002559547922699536 0.4923629965339863 0.001754773650709545
0.0030888435964774815 0.5496726168957013 0.0018297302105046512
0.003727593720314938 0.6131583161506834 0.0018561547538487558
0.004498432668969444 0.6742281019240032 0.0018404310498318754
0.005428675439323859 0.7269793123015458 0.0017809000695645902
0.006551285568595509 0.7832896660348746 0.0016646417052119905
0.0079060432109077 0.8288707387859955 0.0015099189927328554
0.009540954763499945 0.8720492030931825 0.0013295203470221739
0.01151395399326447 0.9036521473913024 0.0011819210090543682
0.013894954943731374 0.9322193530556895 0.0010346199912353656
0.016768329368110076 0.9557135206115123 0.0008244113631383801
0.020235896477251564 0.970958357822221 0.0006641167660654372
0.02442053094548651 0.9806301898899199 0.0005599078158088883
0.029470517025518096 0.987368244141337 0.0004812899038974126
0.03556480306223128 0.9917668154004292 0.00040873673463858796
0.04291934260128776 0.9951647415855829 0.0003000850029767204
0.0517947467923121 0.9963736594915561 0.0003006331153793051
0.0625055192527397 0.9980014135162637 0.00020307901490441028
0.07543120063354615 0.9988049272757906 0.00013966747060751748
0.09102981779915217 0.9988276307321283 0.00017579545091158218
0.10985411419875583 0.999449899350574 0.00011394447170756556
0.13257113655901082 0.9996806809089621 6.783225788113341e-05
0.15998587196060574 0.9997307236572973 6.1808777515697e-05
0.19306977288832497 0.9998882153810927 3.4647937836314455e-05
0.2329951810515372 0.9999191115696232 2.3182189462973257e-05
0.2811768697974228 0.9999355369199143 3.4193213378012114e-05
0.3393221771895326 0.9999460468470186 2.832349493070897e-05
0.4094915062380423 0.9999881748454265 5.411767938882516e-06
0.49417133613238334 0.9999894470809033 6.2640051242431095e-06
0.5963623316594643 0.9999912679258328 4.884479757134127e-06
0.7196856730011514 0.9999992424972821 4.1703622934572953e-07
0.868511373751352 0.9999999234991461 4.7561703102808605e-08
1.0481131341546852 0.9999998364545876 1.1367514695259838e-07
1.2648552168552958 0.9999997990729187 1.38919731052262e-07
1.5264179671752318 0.9999999635779444 2.9191207466327897e-08
1.8420699693267144 0.9999999998218853 1.7178774732438682e-10
2.2229964825261934 0.9999999894516238 9.886879616832651e-09
2.6826957952797246 0.9999999999999988 1.1274777160727484e-15
3.2374575428176433 0.9999997437844602 2.562027286142308e-07
3.906939937054613 0.9999999748172231 2.5181517726478204e-08
4.714866363457389 1.0 7.003309367604128e-17
5.689866029018293 0.9999999999955566 4.442904190269152e-12
6.866488450042998 1.0 0.0
8.286427728546842 1.0 0.0
10.0 1.0 0.0
