0.001 0.0349760080356521 0.0004192349463438995
0.0012067926406393288 0.0483537526035682 0.0005564373905450912
0.0014563484775012444 0.06655906848186667 0.0007200526479154702
0.0017575106248547913 0.0883410166917474 0.0009199640585062191
0.0021209508879201904 0.11691480583546984 0.0011158396378795465
0.002559547922699536 0.15212092490722648 0.001363078958218719
0.0030888435964774815 0.19770635540609313 0.0016265760575685723
0.003727593720314938 0.24555927366276792 0.0017911528859867333
0.004498432668969444 0.3067479478253883 0.0019990974740782116
0.005428675439323859 0.37546143733952614 0.00214471693630603
0.006551285568595509 0.4517803966096806 0.002229455917796223
0.0079060432109077 0.5330092494548144 0.0022810064243926113
0.009540954763499945 0.6174459439677841 0.002217843683130404
0.01151395399326447 0.6931426502746711 0.0021334678959244275
0.013894954943731374 0.7707662713845921 0.0019321615239828293
0.016768329368110076 0.8268786634512167 0.001729558524738069
0.020235896477251564 0.8783269061473565 0.0014652548411625214
0.02442053094548651 0.9189001968900815 0.0011796997166621398
0.029470517025518096 0.9477809138782548 0.0009436168742718601
0.03556480306223128 0.9699554483155068 0.0006745575421150768
0.04291934260128776 0.9825011759435119 0.0005171195638340311
0.0517947467923121 0.9908878335197397 0.00037747828689697665
0.0625055192527397 0.9948684759852513 0.0003147274903404878
0.07543120063354615 0.9971516140299864 0.0002665316320982455
0.09102981779915217 0.9983615634444238 0.00019021198407821673
0.10985411419875583 0.9990927880116504 0.0001569792903914554
0.13257113655901082 0.999358963327351 0.00010929833700441103
0.15998587196060574 0.9995109651399651 9.744971800203906e-05
0.19306977288832497 0.9997730470060278 4.950343617109711e-05
0.2329951810515372 0.9999172896292217 2.4714391378182397e-05
0.2811768697974228 0.9999519862871079 1.8680459997243493e-05
0.3393221771895326 0.9999615975091533 1.4945907492769384e-05
0.4094915062380423 0.9999880739885826 5.606048271384141e-06
0.49417133613238334 0.9999992233381727 3.5940583151350375e-07
0.5963623316594643 0.9999982779345366 9.889880011764047e-07
0.7196856730011514 0.9999999209403724 4.756360822992272e-08
0.868511373751352 0.9999999936331777 4.163093772981302e-09
1.0481131341546852 0.9999999993677977 3.4796710280018364e-10
1.2648552168552958 0.9999999999796211 1.5416882408053098e-11
1.5264179671752318 0.9999999999998632 1.315042375285151e-13
1.8420699693267144 0.9999999999999982 8.977158996874822e-16
2.2229964825261934 0.999999999999961 2.7183989224472206e-14
2.6826957952797246 1.0 7.691850745534256e-20
3.2374575428176433 1.0 6.064704420326656e-19
3.906939937054613 1.0 4.965068306494546e-20
4.714866363457389 1.0 3.14018491736755e-20
5.689866029018293 1.0 0.0
6.866488450042998 1.0 0.0
8.286427728546842 1.0 0.0
10.0 1.0 0.0
