0.001 0.09941914698319129 0.0005682341666160456
0.0012067926406393288 0.11882403576341062 0.0006586992057252208
0.0014563484775012444 0.13905753523238512 0.0007537559151394992
0.0017575106248547913 0.164886212679409 0.0008662659894404669
0.0021209508879201904 0.19553712416780705 0.001002566563275882
0.002559547922699536 0.22664930577724526 0.0011189647530915284
0.0030888435964774815 0.26595728389265305 0.0012645667698845831
0.003727593720314938 0.3116676564004574 0.0013951607979600846
0.004498432668969444 0.35864664026427523 0.0015311545938408973
0.005428675439323859 0.40893048495041856 0.0016004788070877267
0.006551285568595509 0.46873317551256544 0.001721029788691156
0.0079060432109077 0.5212613491761162 0.0017413517309450613
0.009540954763499945 0.5832700661809745 0.0017584175723665823
0.01151395399326447 0.6431800042916251 0.00170908656817938
0.013894954943731374 0.702050431883193 0.0016481859289435687
0.016768329368110076 0.7579096271697474 0.0015591528180986095
0.020235896477251564 0.8088337150050644 0.001440202535136738
0.02442053094548651 0.8570911114339135 0.0012624002118613257
0.029470517025518096 0.8972777984736212 0.0010839060320702403
0.03556480306223128 0.9260413613603597 0.0009056619414506487
0.04291934260128776 0.9515488874811823 0.0007088917261325606
0.0517947467923121 0.9672344687731634 0.0005786543432431078
0.0625055192527397 0.9801192384506344 0.00046042442708390245
0.07543120063354615 0.9877559659507115 0.00036429606080124084
0.09102981779915217 0.9936105294791187 0.0002472130422769566
0.10985411419875583 0.996767352874772 0.00016661797285866253
0.13257113655901082 0.9980882171221016 0.0001576452072628641
0.15998587196060574 0.998989199971217 0.00012005644641109603
0.19306977288832497 0.9994545557239666 7.564279089658822e-05
0.2329951810515372 0.9996177898181587 6.482438079196297e-05
0.2811768697974228 0.9997658700777597 5.548187658581168e-05
0.3393221771895326 0.9998523317234167 3.2371885289999835e-05
0.4094915062380423 0.9999119712008429 2.3710126784241595e-05
0.49417133613238334 0.9999693785583323 9.567353533980147e-06
0.5963623316594643 0.999987309525822 4.766094089233795e-06
0.7196856730011514 0.9999977491253201 1.2362902400302783e-06
0.868511373751352 0.9999993601979088 2.424242141038268e-07
1.0481131341546852 0.9999988375189398 4.795002985136355e-07
1.2648552168552958 0.9999997979425318 1.81061311532376e-07
1.5264179671752318 0.9999999135287486 7.414976235578774e-08
1.8420699693267144 0.9999999925546321 4.37909230495727e-09
2.2229964825261934 0.9999999999848822 9.524447530972552e-12
2.6826957952797246 0.9999999998472254 1.378986456414487e-10
3.2374575428176433 0.9999999999999701 2.961902383089601e-14
3.906939937054613 0.9999999999990344 9.63265961613467e-13
4.714866363457389 0.9999999999999991 7.256957164075622e-16
5.689866029018293 1.0 0.0
6.866488450042998 1.0 0.0
8.286427728546842 1.0 0.0
10.0 1.0 0.0
