0.001 0.0022663715276894526 4.8086709139869175e-05
0.0012067926406393288 0.0037612392228070163 7.819353041939547e-05
0.0014563484775012444 0.006000732308787016 0.00012241580074185977
0.0017575106248547913 0.009506388054474188 0.00018925532368242406
0.0021209508879201904 0.01501395133033832 0.0002823496649477233
0.002559547922699536 0.023229795601104133 0.0004114945364867505
0.0030888435964774815 0.03470985189285484 0.0005828979435308465
0.003727593720314938 0.05248226789478217 0.0008119506217836272
0.004498432668969444 0.07338241555706528 0.001044808932212116
0.005428675439323859 0.10331902872746518 0.0013003091746745027
0.006551285568595509 0.14180585215382926 0.0015997486782585364
0.0079060432109077 0.1958484587557575 0.001930598454057895
0.009540954763499945 0.2531947270239916 0.0021078596610397717
0.01151395399326447 0.325076049881683 0.0023030467855035836
0.013894954943731374 0.4046370904925695 0.0024441512375625025
0.016768329368110076 0.49455814979146634 0.0025301824386453355
0.020235896477251564 0.5845073696988943 0.002496067981273658
0.02442053094548651 0.6649242395925178 0.0023761848394466523
0.029470517025518096 0.7475476211108728 0.0022038585007469087
0.03556480306223128 0.8200891183759175 0.0019097535850793265
0.04291934260128776 0.8751675719226354 0.0015975699849075115
0.0517947467923121 0.9200992943928129 0.0012457483251924546
0.0625055192527397 0.94968991631287 0.0009554999134649512
0.07543120063354615 0.9710297872596658 0.0007037209978314807
0.09102981779915217 0.9827055599967407 0.000586296589440522
0.10985411419875583 0.9907164903363038 0.00043573707414123407
0.13257113655901082 0.9951150344664995 0.00032910851714004893
0.15998587196060574 0.996806605370919 0.0003172224468436961
0.19306977288832497 0.9983510019145784 0.00021236510369250484
0.2329951810515372 0.9990089057651786 0.00017474223301489254
0.2811768697974228 0.9995259516369608 0.00010075113624690518
0.3393221771895326 0.9995893812679943 8.913952711115811e-05
0.4094915062380423 0.9998195487538775 4.821335378009614e-05
0.49417133613238334 0.9999192216885056 2.6958761135676386e-05
0.5963623316594643 0.9999455516516569 1.472920761307115e-05
0.7196856730011514 0.9999845689398768 7.068351566602679e-06
0.868511373751352 0.9999902516396912 5.557650107028723e-06
1.0481131341546852 0.9999976699687871 1.7128532592592811e-06
1.2648552168552958 0.9999992467908901 5.84541039799334e-07
1.5264179671752318 0.9999999206079501 3.6297631750584115e-08
1.8420699693267144 0.9999999865248291 1.1693687660825745e-08
2.2229964825261934 0.999999997682912 2.2951077724673496e-09
2.6826957952797246 0.9999999999986813 8.639305473892718e-13
3.2374575428176433 0.9999999999472655 5.00274171346431e-11
3.906939937054613 0.9999999999993181 6.564563640383636e-13
4.714866363457389 1.0 5.3963612987982283e-17
5.689866029018293 0.9999999999999991 5.283183535563702e-16
6.866488450042998 1.0 0.0
8.286427728546842 1.0 0.0
10.0 1.0 0.0
