0.001 0.002238949999011271 4.78190359857976e-05
0.0012067926406393288 0.0037151341815950204 7.81738586187701e-05
0.0014563484775012444 0.006100438589271179 0.00012139444369520698
0.0017575106248547913 0.009687971126627743 0.00018977661045700158
0.0021209508879201904 0.014961872696659481 0.00027587524018555127
0.002559547922699536 0.02319308035066819 0.00041326662768676294
0.0030888435964774815 0.03587468809889828 0.0005959813076898758
0.003727593720314938 0.05062751699165756 0.0007833809350554347
0.004498432668969444 0.07399645961665362 0.0010458193079182624
0.005428675439323859 0.10473173063944892 0.001331555469938464
0.006551285568595509 0.1444668623923581 0.0016041030646580968
0.0079060432109077 0.19632296446590308 0.0018911428307570248
0.009540954763499945 0.2595569373140729 0.002128454048804864
0.01151395399326447 0.3304230320405035 0.0023212442825778167
0.013894954943731374 0.41970504912428935 0.0024861936521160008
0.016768329368110076 0.4980186800409034 0.002514713549625425
0.020235896477251564 0.5869888083455236 0.002487676576597233
0.02442053094548651 0.674468458717414 0.0023734637805162082
0.029470517025518096 0.7537970173086332 0.0021854567918982173
0.03556480306223128 0.8260582080959735 0.0018749687749141219
0.04291934260128776 0.879126001996784 0.001565139495236016
0.0517947467923121 0.9228227809424671 0.0012179987268227837
0.0625055192527397 0.9515927597675063 0.0009539638547301493
0.07543120063354615 0.9715572596703731 0.0007237935466666552
0.09102981779915217 0.9831595977100769 0.0005662736246252976
0.10985411419875583 0.9915097271314196 0.00041846509279825424
0.13257113655901082 0.9948316306033417 0.00036684408459360487
0.15998587196060574 0.9968217842481061 0.0003205641339811336
0.19306977288832497 0.9981889101594996 0.00022937663243872763
0.2329951810515372 0.9991540928919787 0.00014226375355339295
0.2811768697974228 0.999483998503037 0.00010856677311326902
0.3393221771895326 0.9995804718136294 9.794807062447264e-05
0.4094915062380423 0.9997900032880969 5.637835411213151e-05
0.49417133613238334 0.9999492414272805 1.5029422937243688e-05
0.5963623316594643 0.9999481664793277 2.208577717458952e-05
0.7196856730011514 0.9999891309337184 4.8382324099471495e-06
0.868511373751352 0.999997110339593 1.3790328916925052e-06
1.0481131341546852 0.9999988854964728 4.351355525296464e-07
1.2648552168552958 0.9999998471523235 7.81651721893922e-08
1.5264179671752318 0.9999999914117731 6.406105014025138e-09
1.8420699693267144 0.999999998349031 7.096545225906639e-10
2.2229964825261934 0.9999999943440576 3.4129559118233873e-09
2.6826957952797246 0.9999999999988209 7.893961880913789e-13
3.2374575428176433 0.9999999999801438 1.425439852857636e-11
3.906939937054613 0.9999999999999858 1.209209778137682e-14
4.714866363457389 1.0 3.686375142005536e-18
5.689866029018293 1.0 0.0
6.866488450042998 1.0 0.0
8.286427728546842 1.0 0.0
10.0 1.0 0.0
