0.001 0.00010228708636661554 1.5186985842793757e-06
0.0012067926406393288 0.000140972923114704 2.104287733369726e-06
0.0014563484775012444 0.00021050124354039598 3.1226787874691965e-06
0.0017575106248547913 0.0003088317738986553 4.553855465352348e-06
0.0021209508879201904 0.00043209841397566837 6.371330848365579e-06
0.002559547922699536 0.0006267603203752833 9.338984753769254e-06
0.0030888435964774815 0.000895893129865037 1.3135201752986207e-05
0.003727593720314938 0.0013185275928607305 1.9481893076244175e-05
0.004498432668969444 0.0019006952719745063 2.764492698728119e-05
0.005428675439323859 0.002723412219254559 3.973017486405153e-05
0.006551285568595509 0.003775996985951527 5.436925099251465e-05
0.0079060432109077 0.0056367960543285845 7.908389212599789e-05
0.009540954763499945 0.00791453179827888 0.00011147889677297637
0.01151395399326447 0.0112633895793771 0.00015700176040493182
0.013894954943731374 0.015698365411308004 0.00021866820242231547
0.016768329368110076 0.02170074997628636 0.00029757094519017384
0.020235896477251564 0.03004283782643418 0.00039914673105970536
0.02442053094548651 0.041544368034703794 0.000544961348823729
0.029470517025518096 0.056863369682259385 0.000720040911818217
0.03556480306223128 0.07550873343036678 0.0009160726826348106
0.04291934260128776 0.09863325467350416 0.0011707857146381754
0.0517947467923121 0.13028219673682648 0.0014818456259691956
0.0625055192527397 0.16758175152674454 0.0018062447072660283
0.07543120063354615 0.20637840554303172 0.0021283047191680018
0.09102981779915217 0.2498022341671771 0.002474830699258066
0.10985411419875583 0.3053276377185933 0.0027708633469121025
0.13257113655901082 0.363778167732611 0.0031162810920747856
0.15998587196060574 0.4157417696748572 0.003307302885189134
0.19306977288832497 0.4738494970010533 0.003487621054559487
0.2329951810515372 0.5244095882025441 0.0035939341227658106
0.2811768697974228 0.5852077076768161 0.003631248050297615
0.3393221771895326 0.6213478838627081 0.0036464489388411637
0.4094915062380423 0.6723904340920953 0.0036065434352563585
0.49417133613238334 0.7125402102404249 0.003518899921064834
0.5963623316594643 0.7424669404628232 0.0034509649290385414
0.7196856730011514 0.776690924280945 0.003306993734505726
0.868511373751352 0.8039993063875934 0.003178842047101371
1.0481131341546852 0.8310842199912646 0.0030148050100906104
1.2648552168552958 0.850391211630072 0.002889384415351115
1.5264179671752318 0.8747385120282797 0.002688700336580619
1.8420699693267144 0.8815559796807604 0.0026513121638348917
2.2229964825261934 0.8999106685835297 0.002448709433071874
2.6826957952797246 0.9132891156013975 0.0023033593114846432
3.2374575428176433 0.9231973019318044 0.0021916233061589226
3.906939937054613 0.9354401012496677 0.001998136889515678
4.714866363457389 0.948386179230034 0.0018194466872005332
5.689866029018293 0.9534658154228784 0.001731357277036113
6.866488450042998 0.9601691266269903 0.001593420740921581
8.286427728546842 0.9630192229266842 0.0015537684346995314
10.0 0.9710835501097843 0.0013635853641663482
