0.001 0.004475577018860345 3.8073686364853184e-05
0.0012067926406393288 0.0054735096944159185 4.639936557830681e-05
0.0014563484775012444 0.006394175167384871 5.533041423984351e-05
0.0017575106248547913 0.007975701139849533 6.793572972884315e-05
0.0021209508879201904 0.00955345408392416 8.18274882460308e-05
0.002559547922699536 0.011475277840614013 9.872265174221711e-05
0.0030888435964774815 0.013795120627083542 0.0001163130198163669
0.003727593720314938 0.01638390743224631 0.00014046070904883413
0.004498432668969444 0.020240074483679687 0.00016912889955089511
0.005428675439323859 0.024230237587632687 0.00020359121800502545
0.006551285568595509 0.029112339247802915 0.00024497918488533977
0.0079060432109077 0.034670087479573224 0.00029291989592239356
0.009540954763499945 0.042070650689818134 0.00035059295709190534
0.01151395399326447 0.05036056437956405 0.000422081880808395
0.013894954943731374 0.05932983362561012 0.0004897723763186504
0.016768329368110076 0.07054300843116243 0.000580709457788024
0.020235896477251564 0.08521385975201297 0.0006870665975063276
0.02442053094548651 0.10078894289232364 0.0008110618178436888
0.029470517025518096 0.11991712539514508 0.0009583492562541064
0.03556480306223128 0.1419159930943392 0.001123827773383688
0.04291934260128776 0.1653772683389033 0.0012826075634212307
0.0517947467923121 0.19173160279306523 0.001473823652384337
0.0625055192527397 0.22707126845787307 0.0016905357937689754
0.07543120063354615 0.2647669552754941 0.0018867708759440186
0.09102981779915217 0.2976454918513997 0.0021071579191393546
0.10985411419875583 0.3415844680425544 0.002348302188220698
0.13257113655901082 0.391198177606094 0.0025400315840796613
0.15998587196060574 0.43457556964584637 0.002693891216405776
0.19306977288832497 0.48367655244146446 0.0028544817585112324
0.2329951810515372 0.5275143450512392 0.0029918550012665375
0.2811768697974228 0.5716381819466811 0.0030763278612229504
0.3393221771895326 0.6275521899792854 0.003075324586395322
0.4094915062380423 0.659963052869217 0.003141489272587603
0.49417133613238334 0.6989211749361117 0.0031093099741674123
0.5963623316594643 0.7394975404114067 0.003002025034995724
0.7196856730011514 0.7672993151330587 0.002957870395680852
0.868511373751352 0.7962901119795741 0.002840190548907209
1.0481131341546852 0.8182676878888736 0.0027662027919597666
1.2648552168552958 0.839101486508172 0.0026733068048688108
1.5264179671752318 0.8647631256224275 0.002511254848297992
1.8420699693267144 0.8791921479315635 0.002403694065695544
2.2229964825261934 0.896925513400865 0.002243937010733178
2.6826957952797246 0.9108661563871269 0.0021091479872524734
3.2374575428176433 0.9214029327842822 0.0019907299823591802
3.906939937054613 0.9347138461782842 0.00185506207819617
4.714866363457389 0.9421020491568841 0.0017384181208538801
5.689866029018293 0.9504685349418369 0.001623834017709383
6.866488450042998 0.9556709870750408 0.0015574270968410039
8.286427728546842 0.9657814929555488 0.0013309364684813154
10.0 0.967877027699312 0.001324556990200291
