0.001 0.0044150877931853315 3.850659243537173e-05
0.0012067926406393288 0.005192523964229476 4.515970707607964e-05
0.0014563484775012444 0.006380861373808644 5.487885028410128e-05
0.0017575106248547913 0.007731582602749563 6.659586996982212e-05
0.0021209508879201904 0.009134480864591062 7.909478758983374e-05
0.002559547922699536 0.010990446066279521 9.570993098990556e-05
0.0030888435964774815 0.013199167208251438 0.0001141597905267624
0.003727593720314938 0.01603217606234899 0.00013898420689411014
0.004498432668969444 0.019360925225807336 0.00016648896758175526
0.005428675439323859 0.023292365246095938 0.0001993187642535215
0.006551285568595509 0.02754419812932684 0.00023504010491027478
0.0079060432109077 0.03396743746950564 0.00028649495547177444
0.009540954763499945 0.04040694258538108 0.00034173292998532424
0.01151395399326447 0.048506231449756784 0.00041005875524334544
0.013894954943731374 0.057668492861657115 0.0004877166298913095
0.016768329368110076 0.06850914695841277 0.0005763174657933301
0.020235896477251564 0.08185616791268915 0.0006784810058518226
0.02442053094548651 0.09763103070629801 0.0008054604658991989
0.029470517025518096 0.11671458963054858 0.0009432971309260786
0.03556480306223128 0.13771760539958947 0.0010858735473861783
0.04291934260128776 0.1604001453388174 0.0012615189197733203
0.0517947467923121 0.18961070778534936 0.0014645315027393146
0.0625055192527397 0.221750432231487 0.001674337647272885
0.07543120063354615 0.25429014795307237 0.0018710172438207895
0.09102981779915217 0.28884641081813633 0.0020988217741407934
0.10985411419875583 0.3335725216792323 0.002297751713045399
0.13257113655901082 0.3800165006443664 0.0025539861332117197
0.15998587196060574 0.42293343495207975 0.0027071797006971675
0.19306977288832497 0.47161858889271696 0.0028699571470532166
0.2329951810515372 0.5159406799852043 0.00299592847388156
0.2811768697974228 0.5703054080702533 0.0030671166955131583
0.3393221771895326 0.6051479019314664 0.003132572210742079
0.4094915062380423 0.6530811567257409 0.0031444349631350016
0.49417133613238334 0.6936546399773449 0.0031095378401861085
0.5963623316594643 0.7241883312736023 0.0030858125058471552
0.7196856730011514 0.758841494365372 0.0029941525852829635
0.868511373751352 0.7878982359599928 0.002898289443374956
1.0481131341546852 0.8158481438749539 0.002778342766446722
1.2648552168552958 0.8368062540861749 0.0026788504832649823
1.5264179671752318 0.8626685911451369 0.0025061017238851018
1.8420699693267144 0.8712739636263123 0.002478122701354035
2.2229964825261934 0.890656415521357 0.0023062035566594283
2.6826957952797246 0.904931457168787 0.0021735353169747224
3.2374575428176433 0.916306051851315 0.0020712273514497084
3.906939937054613 0.9287515819189539 0.0018991152518223722
4.714866363457389 0.942667809023398 0.0017432649150362538
5.689866029018293 0.9488758253725189 0.0016534397492800742
6.866488450042998 0.9554087565509046 0.0015355421845362194
8.286427728546842 0.9589033293362301 0.0015012149124507697
10.0 0.9677612408936243 0.0013264213233291852
