0.001 0.004402397049323128 3.798525442354358e-05
0.0012067926406393288 0.00536218580341707 4.5551307106716744e-05
0.0014563484775012444 0.006431719804095583 5.518465808716944e-05
0.0017575106248547913 0.007863668205601587 6.699806014622196e-05
0.0021209508879201904 0.009310740346921899 7.955006176959726e-05
0.002559547922699536 0.011333744552636641 9.571391572461553e-05
0.0030888435964774815 0.013705889502100953 0.00011672646185213995
0.003727593720314938 0.01644954581353385 0.00013974445455046053
0.004498432668969444 0.019668357944687034 0.00016756723502847764
0.005428675439323859 0.023676681416028095 0.00020073018115177081
0.006551285568595509 0.02875144441641412 0.0002432753454356622
0.0079060432109077 0.03408572672106358 0.0002915774755502112
0.009540954763499945 0.04146224799545359 0.00035082743296295656
0.01151395399326447 0.048548508981127426 0.0004107149631592066
0.013894954943731374 0.0593955952752322 0.0004905105845669468
0.016768329368110076 0.07031796862521038 0.0005865730324988047
0.020235896477251564 0.08451546686192973 0.0006923222760957259
0.02442053094548651 0.10021803932363339 0.0008094244209286178
0.029470517025518096 0.1193679956221883 0.0009594939700708574
0.03556480306223128 0.13813178543794746 0.001095712236417437
0.04291934260128776 0.1618791863770983 0.0012780566562755205
0.0517947467923121 0.18992282464340923 0.001456221597884165
0.0625055192527397 0.22278365247696644 0.0016651922279480227
0.07543120063354615 0.26215962914205965 0.0018878783923083702
0.09102981779915217 0.29914279976066516 0.002106635634686924
0.10985411419875583 0.3391042512833875 0.00231708345860225
0.13257113655901082 0.3815965146041384 0.00250791725652565
0.15998587196060574 0.42863283493610377 0.0027133435553628026
0.19306977288832497 0.47360065947448154 0.0028623912820832436
0.2329951810515372 0.5205625228467364 0.0029965291022674536
0.2811768697974228 0.5728562614158127 0.003075324592697495
0.3393221771895326 0.6119142084322612 0.003134539822332445
0.4094915062380423 0.657838352086221 0.003129181207299821
0.49417133613238334 0.7009076256041747 0.0030739364253370084
0.5963623316594643 0.7289796810303121 0.0030632204838959877
0.7196856730011514 0.7519809421650193 0.003037528976803193
0.868511373751352 0.7870824639890303 0.0029205965452022598
1.0481131341546852 0.8213813305023159 0.0027494299126699893
1.2648552168552958 0.8371539510840171 0.002694889105236314
1.5264179671752318 0.860336783147119 0.0025288220771193808
1.8420699693267144 0.8813957701485792 0.00236378651660928
2.2229964825261934 0.8935022696473824 0.0022901338371905224
2.6826957952797246 0.9099041889797994 0.002136376950917267
3.2374575428176433 0.9237473388094861 0.001985001445449404
3.906939937054613 0.9320329175647405 0.001881941005443715
4.714866363457389 0.9406165630357158 0.0017573902441781971
5.689866029018293 0.9491040600653782 0.0016340097565039555
6.866488450042998 0.9544807105109246 0.0015673017220504024
8.286427728546842 0.9608157281515297 0.0014621480245067015
10.0 0.9651784533388018 0.0013891272005501075
