0.001 0.19328803648374807 0.00023600462097943392
0.0012067926406393288 0.22761836330208585 0.0002713855721923366
0.0014563484775012444 0.2676414435819357 0.0003126389622047987
0.0017575106248547913 0.3142633702663261 0.0003506758629859778
0.0021209508879201904 0.3653428268545144 0.0003931871571111816
0.002559547922699536 0.42179856367059526 0.00044415539151935335
0.0030888435964774815 0.4826878161261342 0.0004665143660810206
0.003727593720314938 0.5489849653717228 0.0004979984332822196
0.004498432668969444 0.6165257939479771 0.0005400120834423275
0.005428675439323859 0.6851610046373587 0.0005268503221389023
0.006551285568595509 0.7506204104908714 0.0005892280783656316
0.0079060432109077 0.8122163310551922 0.0005419123671010105
0.009540954763499945 0.8657243890637557 0.0005505138728606495
0.01151395399326447 0.9094650660569914 0.0005949771337339237
0.013894954943731374 0.9439679003698042 0.000532836731126024
0.016768329368110076 0.9683184499479592 0.0004623531301309556
0.020235896477251564 0.9826168136536325 0.0005172994374433652
0.02442053094548651 0.9909059393756221 0.0005208976963062295
0.029470517025518096 0.9943004733729466 0.0005628837627926393
0.03556480306223128 0.9969341687224396 0.00046560131368050464
0.04291934260128776 0.9983049856621669 0.000369980621299859
0.0517947467923121 0.9970702840771788 0.0005038354704811636
0.0625055192527397 0.9976010524972291 0.00045196375140424205
0.07543120063354615 0.9973495850646635 0.000467714052394066
0.09102981779915217 0.9984866984050527 0.000346840215557946
0.10985411419875583 0.9971125723338209 0.0004675116930341068
0.13257113655901082 0.9977745163217286 0.0003990886367011922
0.15998587196060574 0.9975197282276822 0.00040699912332306493
0.19306977288832497 0.9982720340160735 0.0003260973789469691
0.2329951810515372 0.9982686279981344 0.00031048122362409584
0.2811768697974228 0.9983165702046788 0.00028821461028595113
0.3393221771895326 0.9989296504376561 0.00021380215762668555
0.4094915062380423 0.9989581666774229 0.000193182865278866
0.49417133613238334 0.9990987983403627 0.0001616095176049568
0.5963623316594643 0.9995721796621794 9.805543115320031e-05
0.7196856730011514 0.9995367992647148 8.741407360319015e-05
0.868511373751352 0.9996350984269248 6.44028017459004e-05
1.0481131341546852 0.9997962096313627 3.8458803984208774e-05
1.2648552168552958 0.9998983956881006 2.0714990495676488e-05
1.5264179671752318 0.9999405603130314 1.1423719768921948e-05
1.8420699693267144 0.9999740001231703 5.092362349691824e-06
2.2229964825261934 0.9999895822003743 2.0021980195936593e-06
2.6826957952797246 0.9999960875389498 6.905244371217086e-07
3.2374575428176433 0.9999990530286755 1.6981724046795046e-07
3.906939937054613 0.9999997822904616 3.5249984270306514e-08
4.714866363457389 0.9999999764353723 4.225766866025416e-09
5.689866029018293 0.9999999984058923 3.2500518769370064e-10
6.866488450042998 0.999999999877292 2.0705111020689836e-11
8.286427728546842 0.9999999999968777 5.599278582176261e-13
10.0 0.9999999999999433 8.874340754899783e-15
