0.001 0.0033978520852255036 1.4949120414141998e-05
0.0012067926406393288 0.005634256075549746 2.4256217143410908e-05
0.0014563484775012444 0.009376342962389617 3.9431335150856546e-05
0.0017575106248547913 0.015160999059369261 6.30278400357067e-05
0.0021209508879201904 0.024664972922687933 9.754014529654222e-05
0.002559547922699536 0.038908409525240134 0.00015089663051789985
0.0030888435964774815 0.06033872732604135 0.00022407957475854484
0.003727593720314938 0.09218920682891274 0.0003277715550839713
0.004498432668969444 0.13585638589440863 0.00044440386039497744
0.005428675439323859 0.195456677204258 0.0005866733919848401
0.006551285568595509 0.27165814345081746 0.0007498836973422546
0.0079060432109077 0.36455180844090085 0.0008903612952698268
0.009540954763499945 0.47168899767980776 0.0009978727849956062
0.01151395399326447 0.5836714328855132 0.0010213171221807066
0.013894954943731374 0.6921526761020188 0.0009938124748709904
0.016768329368110076 0.7897065094035908 0.0009141844398124732
0.020235896477251564 0.8698433862073304 0.0007546712951170199
0.02442053094548651 0.9267585245733219 0.0006307256764151875
0.029470517025518096 0.9628614448877548 0.0005125763418933261
0.03556480306223128 0.9823229007403188 0.0005342187883313857
0.04291934260128776 0.9917699724735608 0.0005275417413201554
0.0517947467923121 0.9951906249200329 0.0005631334677434619
0.0625055192527397 0.9959208531233262 0.0006050935774705204
0.07543120063354615 0.9972424627278768 0.0005162430018304149
0.09102981779915217 0.9973129209882009 0.0005145327187741613
0.10985411419875583 0.9973365134238049 0.0005117258413084302
0.13257113655901082 0.9972628077646066 0.000516546059984028
0.15998587196060574 0.9959504624874193 0.0006235433496661035
0.19306977288832497 0.9974515358139652 0.00048978959783037
0.2329951810515372 0.9974409512645538 0.00048293721804613704
0.2811768697974228 0.9980831200587134 0.0004082303809317452
0.3393221771895326 0.997317139719129 0.00046625479921257187
0.4094915062380423 0.9984524326059508 0.00033735211313446335
0.49417133613238334 0.9991638894249886 0.00023174456901517505
0.5963623316594643 0.9982885780704848 0.00030205506186572524
0.7196856730011514 0.9988694731562502 0.00021727607450302107
0.868511373751352 0.9989035541474457 0.000182411745095498
1.0481131341546852 0.9993711941657806 0.00011276167375934622
1.2648552168552958 0.9996835683626987 6.197662268159329e-05
1.5264179671752318 0.9997997374422244 3.591242316340899e-05
1.8420699693267144 0.9999049572457323 1.677444032071294e-05
2.2229964825261934 0.9999700201082838 5.871892117900619e-06
2.6826957952797246 0.999990475031335 1.8655700613475748e-06
3.2374575428176433 0.9999967934961864 5.410487401576271e-07
3.906939937054613 0.9999994844016865 9.399363383267534e-08
4.714866363457389 0.9999999315870849 1.2471682567373186e-08
5.689866029018293 0.9999999934243097 1.1427904894485398e-09
6.866488450042998 0.9999999996634295 5.940255611526106e-11
8.286427728546842 0.9999999999936546 1.3832473410607428e-12
10.0 0.9999999999998125 2.788588538259311e-14
