0.001 0.0075228144398393195 2.4481868182000532e-05
0.0012067926406393288 0.012265417123625968 3.941005765566272e-05
0.0014563484775012444 0.019897202602302037 6.110949737896492e-05
0.0017575106248547913 0.032116365920888415 9.517746582694234e-05
0.0021209508879201904 0.05034089774486615 0.00014380687253957123
0.002559547922699536 0.07733041642537665 0.0002110012790066143
0.0030888435964774815 0.1153808488987331 0.0002950217572014442
0.003727593720314938 0.16921253219620155 0.0004013558844072429
0.004498432668969444 0.2391632188691037 0.0005221960184282217
0.005428675439323859 0.32677383575909236 0.000633859857902863
0.006551285568595509 0.42947370270357293 0.0007462313023640729
0.0079060432109077 0.5417726930689443 0.0007911400433283799
0.009540954763499945 0.6550394480788283 0.0008018956381785194
0.01151395399326447 0.7593711553156134 0.0007856715765404426
0.013894954943731374 0.8469273664358828 0.0006808019077252285
0.016768329368110076 0.9123109204628658 0.0005607498047514834
0.020235896477251564 0.9542016231031641 0.0005658667394130162
0.02442053094548651 0.9785242337664264 0.0005567054143558987
0.029470517025518096 0.9895377182120403 0.0006047747946567032
0.03556480306223128 0.9953429648408162 0.0005081728113257399
0.04291934260128776 0.9977980297840224 0.0004113486823252446
0.0517947467923121 0.9966143775820395 0.0005724284516606448
0.0625055192527397 0.9971964366192204 0.0005268027466073478
0.07543120063354615 0.9968151043496976 0.0005619119125772444
0.09102981779915217 0.9981159553557527 0.00043180364996819897
0.10985411419875583 0.9962526281727246 0.0006067475234055073
0.13257113655901082 0.9969695953404766 0.000543432453878883
0.15998587196060574 0.9964325518443587 0.0005853988615257389
0.19306977288832497 0.9973571482811094 0.0004987523055964043
0.2329951810515372 0.9971667674717098 0.0005080742331788029
0.2811768697974228 0.9970375491816486 0.0005071916930991029
0.3393221771895326 0.9979675300902492 0.000405985546501695
0.4094915062380423 0.9978628831225035 0.00039627678716336117
0.49417133613238334 0.9980061978595879 0.00035754195375255904
0.5963623316594643 0.9989838432293503 0.00023290077973590006
0.7196856730011514 0.9988276017916669 0.00022125203063941778
0.868511373751352 0.9990253814643962 0.00017201395926409838
1.0481131341546852 0.9994320463432858 0.00010718278052965757
1.2648552168552958 0.9997079092578757 5.955118275863217e-05
1.5264179671752318 0.9998255777722599 3.3522226525585855e-05
1.8420699693267144 0.9999227777621577 1.5124826133718983e-05
2.2229964825261934 0.9999688670355256 5.983447758045453e-06
2.6826957952797246 0.9999882769616429 2.0690415467598463e-06
3.2374575428176433 0.9999971599537651 5.09296112678888e-07
3.906939937054613 0.9999993469088029 1.0574389430204467e-07
4.714866363457389 0.9999999293066543 1.267720423189432e-08
5.689866029018293 0.9999999952176797 9.750149154812229e-10
6.866488450042998 0.999999999631876 6.211533089837048e-11
8.286427728546842 0.9999999999906329 1.6797835746499986e-12
10.0 0.999999999999829 2.6623021577862496e-14
