0.001 0.07565743879810193 0.0006035956321878188
0.0012067926406393288 0.10118175175347215 0.0007716140760755213
0.0014563484775012444 0.1327007011492575 0.0009732389130724377
0.0017575106248547913 0.17592540561338216 0.0012436638761290806
0.0021209508879201904 0.2276487129067922 0.0014938378943894367
0.002559547922699536 0.2875073891869863 0.001792731293313204
0.0030888435964774815 0.35305234181757866 0.0020495480411387482
0.003727593720314938 0.42512200624338836 0.0023159345989576642
0.004498432668969444 0.5103671428384702 0.002449537193523423
0.005428675439323859 0.5822472734855129 0.002612955450952754
0.006551285568595509 0.6605754541827792 0.0026235800061756892
0.0079060432109077 0.7276723224185017 0.002572054162121186
0.009540954763499945 0.7847240530654691 0.002446625399939917
0.01151395399326447 0.831794976836647 0.0022803634022535942
0.013894954943731374 0.8741405185540396 0.0020637190033649657
0.016768329368110076 0.9057818574206733 0.001833173979952643
0.020235896477251564 0.9276191998036389 0.0016742509501078587
0.02442053094548651 0.9478652887230928 0.0014354186640922713
0.029470517025518096 0.9599233714607559 0.0012645720423398032
0.03556480306223128 0.9698516066751578 0.0011237288348882144
0.04291934260128776 0.9765472430123793 0.0010151402185195903
0.0517947467923121 0.9844651588242781 0.0008290048443423581
0.0625055192527397 0.9867792550567361 0.0007688420065795641
0.07543120063354615 0.9908861171464721 0.0006253662686115743
0.09102981779915217 0.9941581875338721 0.0004867514268535414
0.10985411419875583 0.9945380435774196 0.0005053483900792461
0.13257113655901082 0.9967963927800724 0.00037016347964468233
0.15998587196060574 0.9970539179315406 0.0003567452477183321
0.19306977288832497 0.9985139542459981 0.00023708506676092242
0.2329951810515372 0.9986692600963939 0.00023369991472993928
0.2811768697974228 0.9992602498056713 0.0001643453028417543
0.3393221771895326 0.9994744513346113 0.00012985484649964235
0.4094915062380423 0.9994447726560843 0.00015438825805331568
0.49417133613238334 0.9995301764366507 0.00015451657429820922
0.5963623316594643 0.9996535070503876 0.00011890392989209072
0.7196856730011514 0.9997245423444389 0.00011817536473618934
0.868511373751352 0.9999103711538518 3.7432830105880576e-05
1.0481131341546852 0.9999161369212761 6.132514352572082e-05
1.2648552168552958 0.9999501740340555 2.1708113490372122e-05
1.5264179671752318 0.9999868498917276 7.312187969822748e-06
1.8420699693267144 0.9999952189840277 3.286070183873053e-06
2.2229964825261934 0.9999362280262292 3.577243708558379e-05
2.6826957952797246 0.9999599074289778 2.2671280693660454e-05
3.2374575428176433 0.9999924518370467 7.418222486436093e-06
3.906939937054613 0.9999999999428859 3.294209129515244e-11
4.714866363457389 0.999998448080554 1.5476810582548827e-06
5.689866029018293 0.9999994620775824 5.375669255802008e-07
6.866488450042998 0.9999995550806039 2.5683284807150754e-07
8.286427728546842 0.9999999999998735 1.264571607484385e-13
10.0 0.9999999953134567 4.686304594603898e-09
