0.001 0.006373435928871578 9.237659924652324e-05
0.0012067926406393288 0.01015769682513778 0.00013375558199587992
0.0014563484775012444 0.01588167296383558 0.00020422271099497676
0.0017575106248547913 0.02563185001331364 0.0003069991726547747
0.0021209508879201904 0.03935394287310845 0.0004147354998936122
0.002559547922699536 0.059914804216693776 0.000619483458097667
0.0030888435964774815 0.0869427486231531 0.0008395756521030404
0.003727593720314938 0.12456301773008033 0.0011309457815059166
0.004498432668969444 0.1758096485044381 0.0014274424150558357
0.005428675439323859 0.2354483197101265 0.0018069509936770552
0.006551285568595509 0.31032577197478445 0.0021514866940345466
0.0079060432109077 0.3915373445952637 0.0024704063561405447
0.009540954763499945 0.4735878426831671 0.002685426906145039
0.01151395399326447 0.5550318084527947 0.0028258851386350693
0.013894954943731374 0.6409696679765648 0.0028639871909732573
0.016768329368110076 0.7136497381407507 0.002793764333327857
0.020235896477251564 0.775476201536234 0.0026798496202946
0.02442053094548651 0.8281620633926148 0.002444199286324697
0.029470517025518096 0.8675543487479965 0.0022652178597259696
0.03556480306223128 0.9000351081399667 0.0020349843733750797
0.04291934260128776 0.9248269178059363 0.0018391116653295242
0.0517947467923121 0.9476037852347327 0.0015376564936053177
0.0625055192527397 0.9565988804931997 0.0014310120505855817
0.07543120063354615 0.9688057252956529 0.0012155031908287046
0.09102981779915217 0.979273969188373 0.0009911746623699463
0.10985411419875583 0.9824960559579086 0.0009406489626836757
0.13257113655901082 0.9883304046740683 0.0007386048659377518
0.15998587196060574 0.9904692655741002 0.0007042753362387289
0.19306977288832497 0.9943458139846807 0.0005138767149251819
0.2329951810515372 0.9953978724637041 0.00048086114064517624
0.2811768697974228 0.9969046864961645 0.0003676993134811762
0.3393221771895326 0.997789364620125 0.0003138765870288994
0.4094915062380423 0.9983791791899653 0.0003057918687595994
0.49417133613238334 0.9986325062323281 0.00027541102258609004
0.5963623316594643 0.9987918392122901 0.0002462839377931076
0.7196856730011514 0.9991615313210565 0.00021084709175718142
0.868511373751352 0.9994406732309257 0.00014051080578792894
1.0481131341546852 0.9997156587595486 0.0001187992880890974
1.2648552168552958 0.9997361302171723 0.00010759966809251669
1.5264179671752318 0.9998325469278123 5.8167604014593456e-05
1.8420699693267144 0.9999388916450531 3.568039908350955e-05
2.2229964825261934 0.9997643908867243 0.00011407890971418564
2.6826957952797246 0.9998076455541214 9.436440531874168e-05
3.2374575428176433 0.9999480899258988 4.26046558362549e-05
3.906939937054613 0.9999997675909276 1.3085512988657928e-07
4.714866363457389 0.9999775435999584 2.053902543848461e-05
5.689866029018293 0.9999871096604118 1.2343153495093643e-05
6.866488450042998 0.9999802465941858 1.1379890563791237e-05
8.286427728546842 0.9999999938196321 6.159085497163532e-09
10.0 0.9999988154097135 1.1825483820292028e-06
