0.001 0.00613883018460265 8.503727262927187e-05
0.0012067926406393288 0.009868580489188867 0.00013636219075001407
0.0014563484775012444 0.015870471305852785 0.00019506407954065003
0.0017575106248547913 0.025097304398000037 0.00030571782252322526
0.0021209508879201904 0.038659585402174436 0.00043571025645434107
0.002559547922699536 0.05776221406573095 0.0005900692029863975
0.0030888435964774815 0.08588717180386729 0.0008417316127639981
0.003727593720314938 0.12363439225249956 0.0011197985432281222
0.004498432668969444 0.17129469632527347 0.001432979792403262
0.005428675439323859 0.23576307988546097 0.0017929734509833264
0.006551285568595509 0.30372573677677167 0.0021475095660885356
0.0079060432109077 0.38289574088546946 0.0024293993694287754
0.009540954763499945 0.4698739856595067 0.0026722340946106656
0.01151395399326447 0.5575665395413726 0.0028238902240552482
0.013894954943731374 0.6377012753230797 0.0028787130718438813
0.016768329368110076 0.7084022124095091 0.0028079244631352652
0.020235896477251564 0.7732610739428742 0.0026751888277704874
0.02442053094548651 0.8288201947700314 0.0024517848507180635
0.029470517025518096 0.868728976589776 0.0022616564556200646
0.03556480306223128 0.8971990401451447 0.002072474115724288
0.04291934260128776 0.9285607956313155 0.0017639313695490114
0.0517947467923121 0.9446069690246426 0.0015830071799452757
0.0625055192527397 0.9596196710414322 0.0013599902158575416
0.07543120063354615 0.9712273383383634 0.0011514901269410558
0.09102981779915217 0.9776905941709747 0.0010471832467580883
0.10985411419875583 0.9852369355986973 0.0008420206249616582
0.13257113655901082 0.9861595192665021 0.0008551512600663024
0.15998587196060574 0.9901081299890342 0.0007128073411055495
0.19306977288832497 0.9932914899773605 0.0005810552719835445
0.2329951810515372 0.9952721744581584 0.0004761696151307311
0.2811768697974228 0.9957106840130873 0.0004916504048801841
0.3393221771895326 0.9973495161504418 0.0003522947736289236
0.4094915062380423 0.9982372097210779 0.00029938907176575637
0.49417133613238334 0.9977880731093215 0.000368042042370115
0.5963623316594643 0.9987497109568528 0.0002508440661896664
0.7196856730011514 0.9992568662074078 0.00018625541154496797
0.868511373751352 0.9996413489253053 0.00010253677092165443
1.0481131341546852 0.9995028412875064 0.00015292439968721329
1.2648552168552958 0.999748530953945 0.00010114701904745078
1.5264179671752318 0.9999127981924018 4.8090524323772234e-05
1.8420699693267144 0.999856142323195 8.672969521054183e-05
2.2229964825261934 0.9998815253075685 7.556062713276014e-05
2.6826957952797246 0.9998675042345673 6.841934050034947e-05
3.2374575428176433 0.9999260005300037 5.249665832605614e-05
3.906939937054613 0.9999933728909471 4.4592078296164265e-06
4.714866363457389 0.9999691240849823 2.8312028521619534e-05
5.689866029018293 0.9999803302408387 1.846317510620968e-05
6.866488450042998 0.9999997950779295 1.4376459846087781e-07
8.286427728546842 0.9999832026384636 9.67390190947092e-06
10.0 0.9999999973448969 2.653720995368892e-09
