0.001 0.047393350184545276 1.614257339216536e-06
0.0012067926406393288 0.06586007847995161 2.2048133931942817e-06
0.0014563484775012444 0.09068420542364021 2.9873828545790646e-06
0.0017575106248547913 0.12350653056267452 3.8140210856174425e-06
0.0021209508879201904 0.16607117717008846 4.927356400423302e-06
0.002559547922699536 0.21994489570688253 6.1748675299371016e-06
0.0030888435964774815 0.28620877743062273 7.33553505271511e-06
0.003727593720314938 0.36500889596958125 8.637239470985192e-06
0.004498432668969444 0.4549086122951485 9.650345835087373e-06
0.005428675439323859 0.5525790742871385 1.0273194843718213e-05
0.006551285568595509 0.6526198085268357 1.0122543573276106e-05
0.0079060432109077 0.7481529486480325 9.238572204279107e-06
0.009540954763499945 0.8320822748546594 7.824113993150131e-06
0.01151395399326447 0.8988499174721536 5.903345774892774e-06
0.013894954943731374 0.9461266098272546 3.90163459429374e-06
0.016768329368110076 0.9752218397218254 2.190639402295372e-06
0.020235896477251564 0.9904456478258166 1.0394705807319764e-06
0.02442053094548651 0.9970143758685163 3.867702312686783e-07
0.029470517025518096 0.9992740345915998 1.1732191910044939e-07
0.03556480306223128 0.9998691725667023 2.4879000858261217e-08
0.04291934260128776 0.9999835323407544 3.8261685752031475e-09
0.0517947467923121 0.9999986530197271 3.7834967504186696e-10
0.0625055192527397 0.9999999343671716 2.192556942939966e-11
0.07543120063354615 0.9999999982900006 6.872566581861573e-13
0.09102981779915217 0.9999999999790355 1.0283399990065472e-14
0.10985411419875583 0.9999999999998971 6.066311435382291e-17
0.13257113655901082 1.0 9.111948763821683e-19
0.15998587196060574 1.0 2.1865475352036357e-18
0.19306977288832497 1.0 1.9641850382783468e-18
0.2329951810515372 1.0 2.7910574051884873e-19
0.2811768697974228 1.0 0.0
0.3393221771895326 1.0 0.0
0.4094915062380423 1.0 0.0
0.49417133613238334 1.0 0.0
0.5963623316594643 1.0 0.0
0.7196856730011514 1.0 0.0
0.868511373751352 1.0 0.0
1.0481131341546852 1.0 0.0
1.2648552168552958 1.0 0.0
1.5264179671752318 1.0 0.0
1.8420699693267144 1.0 0.0
2.2229964825261934 1.0 0.0
2.6826957952797246 1.0 0.0
3.2374575428176433 1.0 0.0
3.906939937054613 1.0 0.0
4.714866363457389 1.0 0.0
5.689866029018293 1.0 0.0
6.866488450042998 1.0 0.0
8.286427728546842 1.0 0.0
10.0 1.0 0.0
