0.001 0.047404685427665044 1.6219271973458744e-06
0.0012067926406393288 0.06587966300514285 2.1920796962877254e-06
0.0014563484775012444 0.09071068545166401 2.8885126710700597e-06
0.0017575106248547913 0.12353512692829488 3.819943939015993e-06
0.0021209508879201904 0.16610196864086313 4.9089155745430604e-06
0.002559547922699536 0.2199808739305232 6.187229798948824e-06
0.0030888435964774815 0.2862579516372581 7.469150641067312e-06
0.003727593720314938 0.36507979887920744 8.705283508966185e-06
0.004498432668969444 0.45497935312556564 9.619095653471435e-06
0.005428675439323859 0.5526457434563092 1.0221248306506508e-05
0.006551285568595509 0.6526745175554546 9.997645784118183e-06
0.0079060432109077 0.7482116829953708 9.393645186413457e-06
0.009540954763499945 0.8321409723681139 7.82219527506125e-06
0.01151395399326447 0.898906421846392 5.821443357765598e-06
0.013894954943731374 0.9461365588529912 3.771241035682951e-06
0.016768329368110076 0.9752375300729828 2.164997856699023e-06
0.020235896477251564 0.990451807932352 1.0202084458633176e-06
0.02442053094548651 0.997017268432391 3.9376474014276755e-07
0.029470517025518096 0.9992748834389871 1.1583705089467536e-07
0.03556480306223128 0.9998693407488103 2.5331941229444856e-08
0.04291934260128776 0.9999835600047878 3.81052829762484e-09
0.0517947467923121 0.9999986543705388 3.7593775041139254e-10
0.0625055192527397 0.9999999345695006 2.2263897623439274e-11
0.07543120063354615 0.9999999982943415 6.976121621088231e-13
0.09102981779915217 0.9999999999790845 1.0264000132597207e-14
0.10985411419875583 0.9999999999998971 6.031615986130347e-17
0.13257113655901082 1.0 2.4654951455627854e-18
0.15998587196060574 1.0 8.076443282810968e-19
0.19306977288832497 1.0 2.0974695851917447e-18
0.2329951810515372 1.0 2.7910574051884873e-19
0.2811768697974228 1.0 0.0
0.3393221771895326 1.0 0.0
0.4094915062380423 1.0 0.0
0.49417133613238334 1.0 0.0
0.5963623316594643 1.0 0.0
0.7196856730011514 1.0 0.0
0.868511373751352 1.0 0.0
1.0481131341546852 1.0 0.0
1.2648552168552958 1.0 0.0
1.5264179671752318 1.0 0.0
1.8420699693267144 1.0 0.0
2.2229964825261934 1.0 0.0
2.6826957952797246 1.0 0.0
3.2374575428176433 1.0 0.0
3.906939937054613 1.0 0.0
4.714866363457389 1.0 0.0
5.689866029018293 1.0 0.0
6.866488450042998 1.0 0.0
8.286427728546842 1.0 0.0
10.0 1.0 0.0
