0.001 0.002280355679341169 1.2348946623111543e-07
0.0012067926406393288 0.003840634141955696 2.0264007973183855e-07
0.0014563484775012444 0.006413314091004764 3.309651616573957e-07
0.0017575106248547913 0.010600690662530514 5.392843988640761e-07
0.0021209508879201904 0.017310605522489912 8.613232236084107e-07
0.002559547922699536 0.027867150777403076 1.3273574362767142e-06
0.0030888435964774815 0.044116742528394426 2.0335148721791274e-06
0.003727593720314938 0.06846148982726519 3.0038947978990075e-06
0.004498432668969444 0.10382292559392545 4.212124545325342e-06
0.005428675439323859 0.1533070599659428 5.903692666914465e-06
0.006551285568595509 0.21959971322766622 7.723164990140335e-06
0.0079060432109077 0.3039290838642035 9.569057240531399e-06
0.009540954763499945 0.40499648711936154 1.0885989926151009e-05
0.01151395399326447 0.5179505985132234 1.1778678856267649e-05
0.013894954943731374 0.6344480609546106 1.1765300706420486e-05
0.016768329368110076 0.7441617704969343 1.0361281938916046e-05
0.020235896477251564 0.8372310020669501 8.352369529652116e-06
0.02442053094548651 0.9074424550840194 5.84127246471714e-06
0.029470517025518096 0.9538742318189035 3.600441281761037e-06
0.03556480306223128 0.9803052278554419 1.915290311815448e-06
0.04291934260128776 0.9929921509201837 8.074959136554847e-07
0.0517947467923121 0.9979949045330558 2.80644919244829e-07
0.0625055192527397 0.9995575133100332 7.470611705348647e-08
0.07543120063354615 0.9999285780401482 1.4556758956715075e-08
0.09102981779915217 0.9999920981247289 1.920017904964188e-09
0.10985411419875583 0.9999994454185522 1.6289743847731553e-10
0.13257113655901082 0.9999999775151742 8.101640143241021e-12
0.15998587196060574 0.9999999995305879 1.9777583267407186e-13
0.19306977288832497 0.9999999999955947 2.2908360844714946e-15
0.2329951810515372 0.9999999999999841 9.988793225859101e-18
0.2811768697974228 1.0 0.0
0.3393221771895326 1.0 0.0
0.4094915062380423 1.0 0.0
0.49417133613238334 1.0 0.0
0.5963623316594643 1.0 0.0
0.7196856730011514 1.0 0.0
0.868511373751352 1.0 0.0
1.0481131341546852 1.0 0.0
1.2648552168552958 1.0 0.0
1.5264179671752318 1.0 0.0
1.8420699693267144 1.0 0.0
2.2229964825261934 1.0 0.0
2.6826957952797246 1.0 0.0
3.2374575428176433 1.0 0.0
3.906939937054613 1.0 0.0
4.714866363457389 1.0 0.0
5.689866029018293 1.0 0.0
6.866488450042998 1.0 0.0
8.286427728546842 1.0 0.0
10.0 1.0 0.0
