0.001 0.002278825587374787 1.2237588662701558e-07
0.0012067926406393288 0.0038376427704176863 2.0474169866690338e-07
0.0014563484775012444 0.006408171763161265 3.4091014864289494e-07
0.0017575106248547913 0.010592067743699193 5.369554683012689e-07
0.0021209508879201904 0.017300069786854916 8.599720395934066e-07
0.002559547922699536 0.02785179752799034 1.3437574921372199e-06
0.0030888435964774815 0.04408430947481259 2.0046205477249547e-06
0.003727593720314938 0.06841890419237702 2.99063232309137e-06
0.004498432668969444 0.10375910280986136 4.280071305288926e-06
0.005428675439323859 0.15322603266938484 5.9166278126751885e-06
0.006551285568595509 0.2194892941025284 7.700199052747025e-06
0.0079060432109077 0.3038040328941282 9.48237366820993e-06
0.009540954763499945 0.404842352004566 1.113072086708386e-05
0.01151395399326447 0.5177558127241174 1.2041412605553301e-05
0.013894954943731374 0.6343399167570976 1.1920503953438451e-05
0.016768329368110076 0.7440112906693561 1.0586665093231377e-05
0.020235896477251564 0.8371015488867138 8.523426016542082e-06
0.02442053094548651 0.9073569995200007 5.881012377110496e-06
0.029470517025518096 0.9538182045030237 3.6996022723069875e-06
0.03556480306223128 0.9802770002157369 1.8715067064108397e-06
0.04291934260128776 0.9929827323160425 8.16227041354781e-07
0.0517947467923121 0.997990888437001 2.829838583719645e-07
0.0625055192527397 0.99955637367907 7.43810742638022e-08
0.07543120063354615 0.9999283917268753 1.4458344770943157e-08
0.09102981779915217 0.9999920719536282 1.9548798192107524e-09
0.10985411419875583 0.9999994430566023 1.6297213598266172e-10
0.13257113655901082 0.9999999774082812 7.992260276193232e-12
0.15998587196060574 0.9999999995278583 2.0442180588218956e-13
0.19306977288832497 0.9999999999955611 2.290959271181521e-15
0.2329951810515372 0.999999999999984 9.84109855345526e-18
0.2811768697974228 1.0 0.0
0.3393221771895326 1.0 0.0
0.4094915062380423 1.0 0.0
0.49417133613238334 1.0 0.0
0.5963623316594643 1.0 0.0
0.7196856730011514 1.0 0.0
0.868511373751352 1.0 0.0
1.0481131341546852 1.0 0.0
1.2648552168552958 1.0 0.0
1.5264179671752318 1.0 0.0
1.8420699693267144 1.0 0.0
2.2229964825261934 1.0 0.0
2.6826957952797246 1.0 0.0
3.2374575428176433 1.0 0.0
3.906939937054613 1.0 0.0
4.714866363457389 1.0 0.0
5.689866029018293 1.0 0.0
6.866488450042998 1.0 0.0
8.286427728546842 1.0 0.0
10.0 1.0 0.0
