0.001 0.09016866834122539 0.0007700589710453259
0.0012067926406393288 0.12203270463497784 0.0010056400885730724
0.0014563484775012444 0.15876992724227196 0.0012801846841018463
0.0017575106248547913 0.20723246402755088 0.001576156034730897
0.0021209508879201904 0.2600560064609448 0.001883631609950289
0.002559547922699536 0.3209040323544732 0.002224436559450064
0.0030888435964774815 0.3876224339580123 0.0025218634086798673
0.003727593720314938 0.4591893650922723 0.002762500251147974
0.004498432668969444 0.5345617511461644 0.002927719972571986
0.005428675439323859 0.598495016515017 0.0030649637366451173
0.006551285568595509 0.659846461459831 0.0030963042557235164
0.0079060432109077 0.714534106476387 0.0030769363546749597
0.009540954763499945 0.7653947727619023 0.0029365067711220483
0.01151395399326447 0.8116336650594197 0.0028144098060667424
0.013894954943731374 0.8421073751347307 0.0026616098365067637
0.016768329368110076 0.8712017734812798 0.0024901084804454117
0.020235896477251564 0.8908715467940443 0.0023630434338654045
0.02442053094548651 0.9143427088003875 0.0021402118129074136
0.029470517025518096 0.9274904513416786 0.002004021340926762
0.03556480306223128 0.9380198753366928 0.0018801938353944605
0.04291934260128776 0.9501961175667136 0.0017224373408770554
0.0517947467923121 0.9592425019053679 0.0015662798787536192
0.0625055192527397 0.9633881711732589 0.0015026505572278193
0.07543120063354615 0.9717491193649679 0.0013308218228641345
0.09102981779915217 0.975412266182305 0.0012462794298402262
0.10985411419875583 0.9784204215417105 0.0011820914849575393
0.13257113655901082 0.9805991458779665 0.001143570382418564
0.15998587196060574 0.9846509212693659 0.0010073800406537078
0.19306977288832497 0.9878727804285631 0.0008827336704861481
0.2329951810515372 0.9878444007050053 0.0009127829923479498
0.2811768697974228 0.9900054557955835 0.0008331596749401737
0.3393221771895326 0.9913799341088092 0.0007871068374412822
0.4094915062380423 0.9924749016382031 0.0007230643606142493
0.49417133613238334 0.993367836195691 0.0006979962591820998
0.5963623316594643 0.9931547652322664 0.000737998330016139
0.7196856730011514 0.9945708479924331 0.000645452452633943
0.868511373751352 0.9965352548124587 0.0004985761634021236
1.0481131341546852 0.9954299706763595 0.0005858965202568257
1.2648552168552958 0.9959761061149984 0.000575407709642707
1.5264179671752318 0.9961507671972302 0.0005782674372760955
1.8420699693267144 0.9976066618172157 0.00044466218432655957
2.2229964825261934 0.9972462189564889 0.0005018481961827068
2.6826957952797246 0.9970143198174392 0.0005292843955856632
3.2374575428176433 0.9980427611878471 0.00043562042075536946
3.906939937054613 0.9974716688312992 0.0004993890184567014
4.714866363457389 0.9977916798462863 0.0004685242725955971
5.689866029018293 0.9974978679426296 0.0004993737096295228
6.866488450042998 0.997799435130169 0.0004685250896236343
8.286427728546842 0.9973999608931406 0.0005092386274990402
10.0 0.9967999959366666 0.000564779600729435
