0.001 0.09200852054918032 0.0007688661899130308
0.0012067926406393288 0.12227342075437868 0.001005030549968612
0.0014563484775012444 0.1576963462271011 0.0012586172431688022
0.0017575106248547913 0.2076309530324386 0.001569199196732797
0.0021209508879201904 0.25995715400711555 0.001880582779719908
0.002559547922699536 0.3194619928499683 0.0022206952401676036
0.0030888435964774815 0.3876197297761006 0.0025182726923144083
0.003727593720314938 0.4668539467195765 0.0027548281281108066
0.004498432668969444 0.5322142494677934 0.002946469785555037
0.005428675439323859 0.6015823880231292 0.003057361112905679
0.006551285568595509 0.6567850504716766 0.003115372841511294
0.0079060432109077 0.7168979598313286 0.0030584144221308253
0.009540954763499945 0.7676022146758376 0.0029537347432687755
0.01151395399326447 0.8067128126132981 0.0028368070530453995
0.013894954943731374 0.8432318063366769 0.0026621118606948093
0.016768329368110076 0.86652253002078 0.002536485613376457
0.020235896477251564 0.8935597906633315 0.0023370010048489433
0.02442053094548651 0.9110408751136098 0.0021741975030672004
0.029470517025518096 0.9266637265537176 0.002014008376640224
0.03556480306223128 0.9363788296489641 0.0019184162017986534
0.04291934260128776 0.9465169587474406 0.0017851908563404737
0.0517947467923121 0.9578517628093636 0.0016011493229440136
0.0625055192527397 0.965725127721423 0.001466561548565313
0.07543120063354615 0.9690746458287968 0.0014054893549253255
0.09102981779915217 0.9743930341960327 0.0012989734219009386
0.10985411419875583 0.9791852705482276 0.0011680826339695578
0.13257113655901082 0.9805722767169566 0.0011368528455810286
0.15998587196060574 0.9846511905146317 0.0009928728555190652
0.19306977288832497 0.9871139020746885 0.0009320197930169
0.2329951810515372 0.9877100365070622 0.0009214245656256048
0.2811768697974228 0.9880392453630963 0.0009253415684213763
0.3393221771895326 0.9900988190539729 0.0008465293894568915
0.4094915062380423 0.9930361863364134 0.0007175642683160073
0.49417133613238334 0.994171193048723 0.0006417649684204843
0.5963623316594643 0.9948438331875558 0.0006125471141416977
0.7196856730011514 0.9937571074043128 0.0006951743141213368
0.868511373751352 0.9951279037027847 0.0006180191700126758
1.0481131341546852 0.9961639167124624 0.0005457011854233433
1.2648552168552958 0.9954534431418386 0.0006216591962769909
1.5264179671752318 0.9967563856474077 0.0005154310164216045
1.8420699693267144 0.9972252967480446 0.0004862133201953077
2.2229964825261934 0.9967325887220193 0.0005489503154520722
2.6826957952797246 0.9964713366083091 0.0005825481296989248
3.2374575428176433 0.9965405876012604 0.000582175982083917
3.906939937054613 0.9972834301251856 0.0005189172252519614
4.714866363457389 0.9975945629453276 0.0004893083611697617
5.689866029018293 0.9972984688272442 0.0005189125713090167
6.866488450042998 0.9974997771737797 0.0004993744993997334
8.286427728546842 0.9978999804150585 0.00045777613720638136
10.0 0.9972999982030413 0.0005189132866190542
