0.001 0.167234416495208 0.0009354294742230097
0.0012067926406393288 0.19763463226862985 0.0010802004548228928
0.0014563484775012444 0.23255963893717402 0.0012455895276625327
0.0017575106248547913 0.2680850901219377 0.0014302202758047474
0.0021209508879201904 0.3114724947424257 0.0016068647324902433
0.002559547922699536 0.35656430432812153 0.0017977421327931547
0.0030888435964774815 0.4071716890851667 0.001990355981435462
0.003727593720314938 0.4628798531623381 0.0021538607262273314
0.004498432668969444 0.5157482221405231 0.0023132403143721536
0.005428675439323859 0.5741481529462028 0.0023891476520901803
0.006551285568595509 0.629348875377081 0.002499469267040652
0.0079060432109077 0.6806517572771615 0.0025348562988348755
0.009540954763499945 0.7321495601580431 0.0025045712501375245
0.01151395399326447 0.7724470774761392 0.0024967182948300694
0.013894954943731374 0.8121983964435177 0.0023832666416478557
0.016768329368110076 0.8450158354661685 0.0022766602312494534
0.020235896477251564 0.8711716827183736 0.0021944020885619297
0.02442053094548651 0.8924803717953433 0.002045022210303478
0.029470517025518096 0.9102901585153289 0.0019303061174332154
0.03556480306223128 0.9261947703230012 0.0018050266744696656
0.04291934260128776 0.9400667777064385 0.0016477997417047021
0.0517947467923121 0.951502112964685 0.0014860572426127203
0.0625055192527397 0.9575866006905435 0.0014374873891978626
0.07543120063354615 0.964874383096941 0.0013296929812325105
0.09102981779915217 0.9704588500028171 0.00123434949391988
0.10985411419875583 0.9756131947892116 0.001113355199493686
0.13257113655901082 0.9782396954663962 0.0010925156486547884
0.15998587196060574 0.9798335559144095 0.0011053240599675131
0.19306977288832497 0.9846010295928487 0.0009429082205471749
0.2329951810515372 0.9862510990280516 0.000885697117107859
0.2811768697974228 0.989339390611045 0.0008033489844583315
0.3393221771895326 0.9907258878366451 0.0007692558075346183
0.4094915062380423 0.9928931054837351 0.0006579106356540351
0.49417133613238334 0.993487752942505 0.0006458178807539675
0.5963623316594643 0.9930428275063279 0.0006942421682152218
0.7196856730011514 0.9951448092779912 0.0005637253997106241
0.868511373751352 0.9948091813693203 0.0006087034126674756
1.0481131341546852 0.994546871454275 0.0006395716726162236
1.2648552168552958 0.9955595259250063 0.0006003379709836601
1.5264179671752318 0.9951903292635746 0.0006289168019317335
1.8420699693267144 0.9961839051823079 0.0005682874617210246
2.2229964825261934 0.9965916756407609 0.0005372840413961987
2.6826957952797246 0.9974094700332086 0.0004635995439885292
3.2374575428176433 0.997306005455114 0.0005007025870489822
3.906939937054613 0.9977752018526685 0.0004583244464917189
4.714866363457389 0.9970203337100556 0.0005378673861406421
5.689866029018293 0.9978733504968111 0.0004577959409387101
6.866488450042998 0.9972908364635479 0.0005189123579221941
8.286427728546842 0.996894473161351 0.0005559103824214687
10.0 0.9964991240321124 0.0005905712647217863
