0.001 0.0031910196600433 4.826016705636882e-06
0.0012067926406393288 0.005342400583203845 7.881332569917585e-06
0.0014563484775012444 0.00889466677921613 1.3007618132865352e-05
0.0017575106248547913 0.014565045318023231 2.0626021360370516e-05
0.0021209508879201904 0.023583839353314155 3.239584418442713e-05
0.002559547922699536 0.037540570205992614 4.979993125585316e-05
0.0030888435964774815 0.058559982892302784 7.304447258611426e-05
0.003727593720314938 0.08965756387128632 0.00010603259563731392
0.004498432668969444 0.1335225369059132 0.00014586746719836029
0.005428675439323859 0.19319025909142848 0.00019224718858679767
0.006551285568595509 0.27113383351042664 0.0002432852956133463
0.0079060432109077 0.36575623189184836 0.000284958553878472
0.009540954763499945 0.4749530642140757 0.0003133465966382303
0.01151395399326447 0.5908979422528989 0.00031466202144783245
0.013894954943731374 0.7038332955660263 0.000288309517705377
0.016768329368110076 0.803873994810693 0.00023621009202311527
0.020235896477251564 0.8831459679648759 0.00017370359019666125
0.02442053094548651 0.9383755025038351 0.00011066480374736266
0.029470517025518096 0.9717891210189129 5.959131133298952e-05
0.03556480306223128 0.989050302501777 2.7060623096716e-05
0.04291934260128776 0.9965489694609254 1.0160279081591618e-05
0.0517947467923121 0.9991384722555205 2.935415443676658e-06
0.0625055192527397 0.9998372609972052 6.303947273002747e-07
0.07543120063354615 0.9999782178744524 9.572743963920519e-08
0.09102981779915217 0.9999980598359441 9.600829987111776e-09
0.10985411419875583 0.9999998949590423 6.142259836408557e-10
0.13257113655901082 0.9999999968652404 2.246841587386407e-11
0.15998587196060574 0.9999999999536019 4.581030559798946e-13
0.19306977288832497 0.9999999999997139 2.0161837590780355e-15
0.2329951810515372 0.9999999999999992 5.018944890901293e-18
0.2811768697974228 1.0 6.661338147750939e-20
0.3393221771895326 1.0 0.0
0.4094915062380423 1.0 0.0
0.49417133613238334 1.0 0.0
0.5963623316594643 1.0 0.0
0.7196856730011514 1.0 0.0
0.868511373751352 1.0 0.0
1.0481131341546852 1.0 0.0
1.2648552168552958 1.0 0.0
1.5264179671752318 1.0 0.0
1.8420699693267144 1.0 0.0
2.2229964825261934 1.0 0.0
2.6826957952797246 1.0 0.0
3.2374575428176433 1.0 0.0
3.906939937054613 1.0 0.0
4.714866363457389 1.0 0.0
5.689866029018293 1.0 0.0
6.866488450042998 1.0 0.0
8.286427728546842 1.0 0.0
10.0 1.0 0.0
