0.001 0.0014623007029286106 2.9151263484598594e-06
0.0012067926406393288 0.0024753084393464705 4.864182397843707e-06
0.0014563484775012444 0.004158064409763006 8.015911747456485e-06
0.0017575106248547913 0.006944644594074451 1.3163280799903663e-05
0.0021209508879201904 0.011431751824413519 2.1162511280982895e-05
0.002559547922699536 0.018596343048149437 3.3247340370479016e-05
0.0030888435964774815 0.02989290480108812 5.148101575099849e-05
0.003727593720314938 0.04717823023282556 7.756995065815326e-05
0.004498432668969444 0.0728447000188169 0.00011224642407681507
0.005428675439323859 0.1099631404601218 0.00016098993461650273
0.006551285568595509 0.1618165756947036 0.0002182144405161547
0.0079060432109077 0.22981654527709316 0.00027633357724944114
0.009540954763499945 0.31669940804037816 0.00033926045099946014
0.01151395399326447 0.4197880559504643 0.000388375343370593
0.013894954943731374 0.5328588107726037 0.0004012844323501919
0.016768329368110076 0.6486777508611888 0.0003904240214978224
0.020235896477251564 0.7558280863921624 0.00033783000134597786
0.02442053094548651 0.84590911252959 0.0002582961026638187
0.029470517025518096 0.913158975645955 0.0001773791570299317
0.03556480306223128 0.9570058774905273 0.0001029531482372793
0.04291934260128776 0.9818663741482065 5.165043980786474e-05
0.0517947467923121 0.9935713859026919 2.1251577484435875e-05
0.0625055192527397 0.9981584804356899 6.9482637635159676e-06
0.07543120063354615 0.9995947102683982 1.7597683697800428e-06
0.09102981779915217 0.9999342805094459 3.259132047862003e-07
0.10985411419875583 0.999992597095818 4.024893828532671e-08
0.13257113655901082 0.9999994589449063 3.200897458335419e-09
0.15998587196060574 0.9999999768388256 1.4579906619647134e-10
0.19306977288832497 0.9999999994953273 3.5007578033215184e-12
0.2329951810515372 0.9999999999947672 3.822317842988096e-14
0.2811768697974228 0.9999999999999792 1.6125023681710068e-16
0.3393221771895326 1.0 1.4130832128153976e-19
0.4094915062380423 1.0 0.0
0.49417133613238334 1.0 0.0
0.5963623316594643 1.0 0.0
0.7196856730011514 1.0 0.0
0.868511373751352 1.0 0.0
1.0481131341546852 1.0 0.0
1.2648552168552958 1.0 0.0
1.5264179671752318 1.0 0.0
1.8420699693267144 1.0 0.0
2.2229964825261934 1.0 0.0
2.6826957952797246 1.0 0.0
3.2374575428176433 1.0 0.0
3.906939937054613 1.0 0.0
4.714866363457389 1.0 0.0
5.689866029018293 1.0 0.0
6.866488450042998 1.0 0.0
8.286427728546842 1.0 0.0
10.0 1.0 0.0
