0.001 0.00117178932319652 2.5278567649484387e-06
0.0012067926406393288 0.0019975057972545845 4.2488854886767395e-06
0.0014563484775012444 0.0033672139547513843 7.05157262815072e-06
0.0017575106248547913 0.005632934932225262 1.1510103499672682e-05
0.0021209508879201904 0.009352578134717213 1.8860714384380437e-05
0.002559547922699536 0.015290927248981111 2.9986783408321793e-05
0.0030888435964774815 0.024684092324883066 4.65513562266267e-05
0.003727593720314938 0.039146910876486224 6.996620670924273e-05
0.004498432668969444 0.0611415241114346 0.00010543209687898964
0.005428675439323859 0.0933384483360843 0.0001500014538699233
0.006551285568595509 0.1384481835585113 0.00020572149923630778
0.0079060432109077 0.1996282448345117 0.0002702662818107063
0.009540954763499945 0.2790408271865122 0.0003356621479364911
0.01151395399326447 0.37481137566345096 0.00038910326141531286
0.013894954943731374 0.48488809841711333 0.0004223320862124275
0.016768329368110076 0.6005003696429408 0.0004230096986630711
0.020235896477251564 0.7126925217794167 0.0003827415661227349
0.02442053094548651 0.8107962103661326 0.00031229574068990403
0.029470517025518096 0.8881415720861913 0.00022401799076138192
0.03556480306223128 0.9416237467851782 0.0001406163697650461
0.04291934260128776 0.973351116562017 7.437779028038251e-05
0.0517947467923121 0.9897712772890227 3.316013300998275e-05
0.0625055192527397 0.9968111619697835 1.2131535678743001e-05
0.07543120063354615 0.9992031345640895 3.384343201328565e-06
0.09102981779915217 0.9998496661077062 7.11751227334054e-07
0.10985411419875583 0.9999801255858963 1.0624556922783191e-07
0.13257113655901082 0.999998249991909 1.0353395159174849e-08
0.15998587196060574 0.999999905291542 6.05526288981274e-10
0.19306977288832497 0.9999999972139296 1.946627756283598e-11
0.2329951810515372 0.999999999958807 3.0068063227338337e-13
0.2811768697974228 0.9999999999997468 1.9370713594459277e-15
0.3393221771895326 0.9999999999999992 5.1445751183858e-18
0.4094915062380423 1.0 0.0
0.49417133613238334 1.0 0.0
0.5963623316594643 1.0 0.0
0.7196856730011514 1.0 0.0
0.868511373751352 1.0 0.0
1.0481131341546852 1.0 0.0
1.2648552168552958 1.0 0.0
1.5264179671752318 1.0 0.0
1.8420699693267144 1.0 0.0
2.2229964825261934 1.0 0.0
2.6826957952797246 1.0 0.0
3.2374575428176433 1.0 0.0
3.906939937054613 1.0 0.0
4.714866363457389 1.0 0.0
5.689866029018293 1.0 0.0
6.866488450042998 1.0 0.0
8.286427728546842 1.0 0.0
10.0 1.0 0.0
