0.001 0.07393557108836869 0.0005906690891196828
0.0012067926406393288 0.09901884176061736 0.000766446771670745
0.0014563484775012444 0.13285038932254062 0.0009718596908737705
0.0017575106248547913 0.17330178191021922 0.0012379257509838736
0.0021209508879201904 0.22366419934338488 0.0014999713645016783
0.002559547922699536 0.2823376765340001 0.0017608649568454982
0.0030888435964774815 0.3500656116847743 0.002047436317184624
0.003727593720314938 0.4242159555252889 0.002299181105619518
0.004498432668969444 0.49984671237001665 0.00249645297907121
0.005428675439323859 0.5843242946416931 0.0025880869405938696
0.006551285568595509 0.652343763026506 0.0026510351111215845
0.0079060432109077 0.7216866770527668 0.0025773513185637035
0.009540954763499945 0.782828598892607 0.002446895518663846
0.01151395399326447 0.8328555767378375 0.0022910915519185216
0.013894954943731374 0.8709986137682969 0.002120086256930732
0.016768329368110076 0.9025718509999396 0.0018924458132934313
0.020235896477251564 0.9272360766302079 0.0016765139885480443
0.02442053094548651 0.947542133810703 0.0014469830623846387
0.029470517025518096 0.9596447871684519 0.0012970462416902432
0.03556480306223128 0.9683623858258849 0.0011627858017048576
0.04291934260128776 0.978472607253826 0.0009812549276285317
0.0517947467923121 0.9834580569433455 0.0008521359753870528
0.0625055192527397 0.9882496203137882 0.0007157186835882619
0.07543120063354615 0.9918529783658976 0.0005896872448958907
0.09102981779915217 0.9931835682530713 0.0005579461133541658
0.10985411419875583 0.9955957428027689 0.0004624574076289603
0.13257113655901082 0.9953932172144901 0.00047729504872830246
0.15998587196060574 0.9968207602979529 0.0004027339659006245
0.19306977288832497 0.9979716535802183 0.0003051444055137844
0.2329951810515372 0.9986937116045997 0.0002333122902432449
0.2811768697974228 0.9984816595719107 0.00027889832696431643
0.3393221771895326 0.999334990497085 0.00014955280414934188
0.4094915062380423 0.9994983747554794 0.00013539352464754116
0.49417133613238334 0.9991425924392854 0.00020983990866580644
0.5963623316594643 0.9996404506631974 0.00012228577030066188
0.7196856730011514 0.9998177611100846 7.348914528794808e-05
0.868511373751352 0.9999512857009638 3.0710720716687985e-05
1.0481131341546852 0.9998684412552695 7.267803392199501e-05
1.2648552168552958 0.9999546530098865 2.3384474628037263e-05
1.5264179671752318 0.9999906194948047 7.711984402560993e-06
1.8420699693267144 0.9999583645421058 3.745546323635093e-05
2.2229964825261934 0.9999705226098901 2.7571914253673667e-05
2.6826957952797246 0.9999783547495488 1.8817848313029817e-05
3.2374575428176433 0.9999878957378551 1.1628568991282174e-05
3.906939937054613 0.9999999327604754 4.742088625792005e-08
4.714866363457389 0.9999969251773384 3.064384696363325e-06
5.689866029018293 0.9999987590697478 1.2392707538795326e-06
6.866488450042998 0.9999999999310607 4.874063665987818e-11
8.286427728546842 0.9999996799488207 1.8475245316079651e-07
10.0 0.9999999999999766 2.3475580010608966e-14
