0.001 0.15431027131626543 0.0007380674198512662
0.0012067926406393288 0.1829117754435273 0.0008544645543883811
0.0014563484775012444 0.21300293703021475 0.000994136473971413
0.0017575106248547913 0.2492473012945853 0.0011320617295625588
0.0021209508879201904 0.2925920699267119 0.0012814403365139328
0.002559547922699536 0.3396211462675311 0.0014377129375377654
0.0030888435964774815 0.38877501799872755 0.0015881834598994423
0.003727593720314938 0.4409524806305228 0.001738618137153873
0.004498432668969444 0.49915788882314543 0.0018721361154779405
0.005428675439323859 0.5599229012084442 0.0019383780012357857
0.006551285568595509 0.6179984680388197 0.002045662125722721
0.0079060432109077 0.6746543546542331 0.002055216812617183
0.009540954763499945 0.7300830510400665 0.002072897045903922
0.01151395399326447 0.7822905167178689 0.001985700753889073
0.013894954943731374 0.8249283234318109 0.001865354630125799
0.016768329368110076 0.8652299133309472 0.0017382829027691054
0.020235896477251564 0.8946432500412437 0.0015965308577343207
0.02442053094548651 0.9214525727081676 0.001436672835759793
0.029470517025518096 0.9418468403919351 0.0012438570063698468
0.03556480306223128 0.9562366716637658 0.0011287119815838911
0.04291934260128776 0.9654988531825942 0.0010091518749842086
0.0517947467923121 0.974796257507413 0.0008940543024262733
0.0625055192527397 0.9808971623755366 0.000762815503775034
0.07543120063354615 0.9872323231679031 0.000639635017128565
0.09102981779915217 0.9902995971248693 0.0005342155330411553
0.10985411419875583 0.9931344635634755 0.00045606317094842386
0.13257113655901082 0.9944330344365168 0.00044482590743471524
0.15998587196060574 0.996104413039264 0.00035035817884712173
0.19306977288832497 0.9969237978002943 0.00032344214994604826
0.2329951810515372 0.9976699702748858 0.00028249974781783757
0.2811768697974228 0.9983687028320526 0.00022797156908529347
0.3393221771895326 0.9988866668235414 0.00020157656464379238
0.4094915062380423 0.9990290626784283 0.00017276627521680186
0.49417133613238334 0.9994147111340388 0.00011306114292045688
0.5963623316594643 0.9992996776071225 0.00016693126575978909
0.7196856730011514 0.9994943367292807 0.00013635093497845198
0.868511373751352 0.9996736162112256 0.00010340844370410052
1.0481131341546852 0.9997918720393243 8.571529055088759e-05
1.2648552168552958 0.9998982114425671 3.8210824821321326e-05
1.5264179671752318 0.999949643029485 2.2718482480456502e-05
1.8420699693267144 0.9999679240345322 1.7266955661651722e-05
2.2229964825261934 0.999939092590474 3.351122649140132e-05
2.6826957952797246 0.9999462540467521 3.469854417271975e-05
3.2374575428176433 0.9999396615363763 3.1722765931916746e-05
3.906939937054613 0.999984786935418 1.289074643568086e-05
4.714866363457389 0.9999999745583645 1.2534756579203786e-08
5.689866029018293 0.999994814106394 5.025155914862757e-06
6.866488450042998 0.9999918611988488 4.6875824014866185e-06
8.286427728546842 0.9999999968734219 3.1141004488988344e-09
10.0 0.9999979129124391 1.0424244745172394e-06
