0.001 0.15198742597042914 0.0007354557298185423
0.0012067926406393288 0.17962523289121782 0.0008518405915936728
0.0014563484775012444 0.2125517316249528 0.0009810755834607355
0.0017575106248547913 0.24784825355105158 0.0011354267693656644
0.0021209508879201904 0.2909462810346645 0.0012847951398294755
0.002559547922699536 0.33428867456277395 0.0014356275783918352
0.0030888435964774815 0.38429761914518473 0.0015974255553861197
0.003727593720314938 0.4383288424706463 0.0017332684801058646
0.004498432668969444 0.4954787642981647 0.0018688748036928956
0.005428675439323859 0.554225358595615 0.0019682629125371913
0.006551285568595509 0.6148379823057689 0.0020386103978484666
0.0079060432109077 0.6743807190166695 0.002064385825417384
0.009540954763499945 0.7290578457081596 0.002058416228517438
0.01151395399326447 0.777704688378149 0.002017475393131501
0.013894954943731374 0.8240109875110069 0.0019091633784304627
0.016768329368110076 0.8605518118026148 0.001753203481202688
0.020235896477251564 0.8882458711290255 0.0016840226777886818
0.02442053094548651 0.9153870851223026 0.0015076807832827082
0.029470517025518096 0.9426676860146661 0.0012370466362031287
0.03556480306223128 0.9557595501405176 0.001122824475257754
0.04291934260128776 0.9655515670484952 0.0010221180757943725
0.0517947467923121 0.9738774788198756 0.0008999202276137988
0.0625055192527397 0.979587404039627 0.0008119468161244148
0.07543120063354615 0.9859817144115602 0.0006615204899840663
0.09102981779915217 0.9893181465985128 0.0005694596593703967
0.10985411419875583 0.9920152727614986 0.0005110950246178433
0.13257113655901082 0.9948364162048305 0.00041477872279083096
0.15998587196060574 0.995851909061315 0.0003760226921832118
0.19306977288832497 0.9971927853254589 0.0003022263850164499
0.2329951810515372 0.9979186265436436 0.00025357868680860816
0.2811768697974228 0.9985358536314121 0.00020664713375192028
0.3393221771895326 0.9986361269283097 0.00021145501831612774
0.4094915062380423 0.9992040514847391 0.0001560951962976845
0.49417133613238334 0.9993553212842344 0.00015772390608147186
0.5963623316594643 0.9993698018863278 0.00016249482863973423
0.7196856730011514 0.9994259562032527 0.00013935857987571663
0.868511373751352 0.9998023940460787 8.330003474906637e-05
1.0481131341546852 0.999806772303415 7.901267743245472e-05
1.2648552168552958 0.9998694645541675 6.033680362052153e-05
1.5264179671752318 0.9997900319845998 8.142815384395348e-05
1.8420699693267144 0.9999562119274399 1.9019578877462606e-05
2.2229964825261934 0.9998866528942579 5.376900808794877e-05
2.6826957952797246 0.9999621988384076 2.9708979443400998e-05
3.2374575428176433 0.9999739006706081 2.2854017489103758e-05
3.906939937054613 0.9999781989937997 1.6887062222388916e-05
4.714866363457389 0.9999989868860896 7.059175789054276e-07
5.689866029018293 0.9999848912329129 1.0442498418487852e-05
6.866488450042998 0.9999912969933507 6.090807262713733e-06
8.286427728546842 0.9999977432682204 2.2476121323418234e-06
10.0 0.9999979452691097 1.4499853587476634e-06
