0.001 0.006088396509596699 8.572034699014687e-05
0.0012067926406393288 0.009864488749627616 0.0001347660544076856
0.0014563484775012444 0.015886967179738126 0.00020096210492907
0.0017575106248547913 0.025027449223875474 0.00031424510158529996
0.0021209508879201904 0.039052025922294044 0.00043845129997835636
0.002559547922699536 0.05778226541553925 0.0005978872075257213
0.0030888435964774815 0.08554433706538907 0.0008426599792575293
0.003727593720314938 0.12216159669287414 0.0010982202328419825
0.004498432668969444 0.1707109686823973 0.0014165542754364868
0.005428675439323859 0.23037650767994783 0.0017701815626330248
0.006551285568595509 0.30306280766173377 0.0021291536226153997
0.0079060432109077 0.3847817624725045 0.002437006785274117
0.009540954763499945 0.47025938578049864 0.0026885307646635766
0.01151395399326447 0.553974390295056 0.002848412035261648
0.013894954943731374 0.6378068853022394 0.0028780736675096978
0.016768329368110076 0.7058175170535863 0.002803873857768593
0.020235896477251564 0.7651618147914658 0.002744706567660967
0.02442053094548651 0.8198943236925569 0.002539048247040106
0.029470517025518096 0.8743468067589772 0.0021910794778180697
0.03556480306223128 0.9032607794966827 0.0019707314721308343
0.04291934260128776 0.925335087207807 0.0018038985306468986
0.0517947467923121 0.9433547618346207 0.0016073829731295503
0.0625055192527397 0.95611405487794 0.0014529275260022159
0.07543120063354615 0.9693185041595356 0.0012018495341621523
0.09102981779915217 0.9763676015997522 0.0010568519856279583
0.10985411419875583 0.9827029783255573 0.0009287242381739415
0.13257113655901082 0.9887876740764766 0.000733427571451057
0.15998587196060574 0.9911130498423143 0.0006831717514430218
0.19306977288832497 0.9938547790599623 0.0005458067872709022
0.2329951810515372 0.9953767849251366 0.00047029981002309784
0.2811768697974228 0.9966850927799705 0.000387002137677074
0.3393221771895326 0.9970255726157861 0.0003881305078195985
0.4094915062380423 0.9982193949761012 0.0002892112836775425
0.49417133613238334 0.9986607884580735 0.00026071254043745067
0.5963623316594643 0.9987362334922449 0.0002609262865000089
0.7196856730011514 0.9987710088799395 0.0002637143240619989
0.868511373751352 0.9995781310740814 0.00014680011320399893
1.0481131341546852 0.9995775863259254 0.00014684530052615555
1.2648552168552958 0.999699644250481 0.00011034322550828563
1.5264179671752318 0.9995416420974558 0.00016090719753434696
1.8420699693267144 0.9998790799169467 5.082863631588828e-05
2.2229964825261934 0.9997370769485168 0.00011441505084388319
2.6826957952797246 0.9999105606267312 6.624943234020707e-05
3.2374575428176433 0.9999362016429064 5.436614202517046e-05
3.906939937054613 0.9999426866029513 4.284073231811958e-05
4.714866363457389 0.9999969755860704 2.107204832537219e-06
5.689866029018293 0.9999578652732225 2.9072708880287026e-05
6.866488450042998 0.9999749881653853 1.7496798177716714e-05
8.286427728546842 0.9999933802371647 6.592415074181904e-06
10.0 0.9999938986780933 4.305504343106321e-06
