0.001 0.0015581867960102883 2.0205148681779562e-05
0.0012067926406393288 0.002264152837007728 2.9634237934306106e-05
0.0014563484775012444 0.0031630417516928266 4.120597571507349e-05
0.0017575106248547913 0.00460794695054649 5.969059202899616e-05
0.0021209508879201904 0.0064542610491415174 8.239658585707603e-05
0.002559547922699536 0.009336194055765223 0.00011981979287420164
0.0030888435964774815 0.013097008260403357 0.00016455856218845828
0.003727593720314938 0.018438052260137006 0.00022755167128605467
0.004498432668969444 0.02539430983980281 0.0003097009851743464
0.005428675439323859 0.03594965027894916 0.00042623320974608415
0.006551285568595509 0.04829579198886975 0.0005709201719705944
0.0079060432109077 0.06696428549748511 0.0007619076585026418
0.009540954763499945 0.08880888352702586 0.0009814058883538914
0.01151395399326447 0.11606856226691294 0.0012331463123393645
0.013894954943731374 0.1489906712631939 0.001518239321541447
0.016768329368110076 0.1873740911733182 0.0018421307066238532
0.020235896477251564 0.23577322415602098 0.0021760281908492765
0.02442053094548651 0.2926173168681442 0.002541338630400872
0.029470517025518096 0.3494037631350506 0.002839463511039717
0.03556480306223128 0.4059764229381324 0.003099491779950467
0.04291934260128776 0.46557202466603875 0.0032907395636954185
0.0517947467923121 0.5228624166320275 0.003442042643365771
0.0625055192527397 0.5899483983609314 0.0034797233205494764
0.07543120063354615 0.6338069718177792 0.0035228874408317046
0.09102981779915217 0.6865359487745011 0.0034714127942416673
0.10985411419875583 0.7244236743386085 0.0033951904040115223
0.13257113655901082 0.7576374923746513 0.003310537316360953
0.15998587196060574 0.7937003350730504 0.0031566572358686347
0.19306977288832497 0.8243947003648842 0.0030018638566847743
0.2329951810515372 0.8545240698875346 0.002794237867917972
0.2811768697974228 0.8660517316053467 0.0027479670413164013
0.3393221771895326 0.8836127239128746 0.0026114187659459385
0.4094915062380423 0.9015950408738096 0.0024303577407370713
0.49417133613238334 0.9135008748263636 0.002318225261371082
0.5963623316594643 0.9236990174310542 0.0022010250515253106
0.7196856730011514 0.9386803571044882 0.001961294243839306
0.868511373751352 0.9461079191283075 0.0018709904309524908
1.0481131341546852 0.950617646070555 0.0018247650528100256
1.2648552168552958 0.9602765194403304 0.0016391451776584963
1.5264179671752318 0.9645171826518437 0.0015671858039765583
1.8420699693267144 0.9671512196305695 0.0015243210104562144
2.2229964825261934 0.9732277946038331 0.0013773775711370228
2.6826957952797246 0.9748989206898557 0.0013284636598609881
3.2374575428176433 0.9743687277126059 0.001380329590604108
3.906939937054613 0.9803173703688745 0.0011881929555523647
4.714866363457389 0.9820507205861417 0.001173981621127855
5.689866029018293 0.983902784760945 0.0010945700219495748
6.866488450042998 0.9856335055063291 0.001048470266602998
8.286427728546842 0.9875985785045314 0.0009752189787842848
10.0 0.9878142162499469 0.000981634974049962
