0.001 0.0015766129882045408 2.0714127172287334e-05
0.0012067926406393288 0.0022741997676099736 2.9349479598976e-05
0.0014563484775012444 0.003344329952675099 4.301220038458332e-05
0.0017575106248547913 0.004698365512061417 6.005180128514501e-05
0.0021209508879201904 0.0067097483352189955 8.503585522876717e-05
0.002559547922699536 0.009528300392916262 0.00011965899320365402
0.0030888435964774815 0.013490993149542817 0.00016634114845049647
0.003727593720314938 0.018828351132775985 0.00023047107917628827
0.004498432668969444 0.025964822056340934 0.00031520782475887374
0.005428675439323859 0.035253890486308136 0.00042567809997647634
0.006551285568595509 0.05030271510625863 0.0005850461958549807
0.0079060432109077 0.06652414350724321 0.0007545836938213768
0.009540954763499945 0.0889717057210057 0.0009830445644235155
0.01151395399326447 0.11801662995742586 0.0012463120123863117
0.013894954943731374 0.15269201834426158 0.0015310502983941277
0.016768329368110076 0.19322845637550218 0.0018768628057081295
0.020235896477251564 0.23956978269088466 0.00221155918630334
0.02442053094548651 0.29427254325892827 0.002534130255068117
0.029470517025518096 0.3534016131023688 0.002844530176707032
0.03556480306223128 0.41479510332231245 0.003094690370783074
0.04291934260128776 0.4735772367902344 0.003294112415632927
0.0517947467923121 0.5290863948158224 0.0034373023822219417
0.0625055192527397 0.5919390475792238 0.0034732855783142606
0.07543120063354615 0.6428225113396057 0.003473322622359672
0.09102981779915217 0.6875971005329361 0.0034843175052860133
0.10985411419875583 0.7322322931063296 0.003369063458319567
0.13257113655901082 0.7689612376967995 0.003238761396724584
0.15998587196060574 0.8027189317805421 0.003116366712603977
0.19306977288832497 0.8229252335953295 0.003001732222118433
0.2329951810515372 0.8458314888813089 0.002870643736103174
0.2811768697974228 0.8702447796583493 0.0026944986052620046
0.3393221771895326 0.8892390398566112 0.0025261034857622603
0.4094915062380423 0.9038751370183221 0.002417695758707537
0.49417133613238334 0.9183152171085512 0.002229242848673335
0.5963623316594643 0.9284692525803115 0.0021179316738902682
0.7196856730011514 0.9375783623797548 0.0020076527601912593
0.868511373751352 0.9477772950003386 0.001833979689944574
1.0481131341546852 0.9541684732307656 0.0017201013993418334
1.2648552168552958 0.958349902018722 0.0016720454345089688
1.5264179671752318 0.9628614625357704 0.0016031229295204266
1.8420699693267144 0.9701098563464435 0.0014488409743767575
2.2229964825261934 0.9722867262472826 0.001397826209048294
2.6826957952797246 0.9760456055887727 0.0012939351236155292
3.2374575428176433 0.9754725339346941 0.0013358177762240952
3.906939937054613 0.9802920119627343 0.0011963638021474001
4.714866363457389 0.9813874077464069 0.0011776307128181715
5.689866029018293 0.9839831900402954 0.0011076153364986679
6.866488450042998 0.9858230597109785 0.0010405999525280468
8.286427728546842 0.98806052874922 0.0009735337124481407
10.0 0.9868309661725297 0.001037161384798485
