0.001 0.018102490808522265 0.0001415356220209142
0.0012067926406393288 0.02189577558503467 0.0001704124411314251
0.0014563484775012444 0.0259583108778089 0.00020540452961787726
0.0017575106248547913 0.03153458693869219 0.00024361485000786131
0.0021209508879201904 0.03799403090821825 0.0002957012466368566
0.002559547922699536 0.04627940572132852 0.00035375180360395456
0.0030888435964774815 0.054514514261007514 0.00041611645388232865
0.003727593720314938 0.06511134571433476 0.0004926291422399163
0.004498432668969444 0.07654742569848681 0.0005868616603452866
0.005428675439323859 0.0913037129037114 0.0006877151934487003
0.006551285568595509 0.10958683642791127 0.0008117636036173014
0.0079060432109077 0.1276018523513585 0.0009394283509745939
0.009540954763499945 0.15384418284774265 0.0011185466039715453
0.01151395399326447 0.1815805404078175 0.0012940306426384642
0.013894954943731374 0.20863891682640537 0.0014639473474187866
0.016768329368110076 0.24483634283512265 0.0016912408815088658
0.020235896477251564 0.28534944985040095 0.0019046851606832366
0.02442053094548651 0.3183453042647114 0.002088349899273673
0.029470517025518096 0.3680212329114513 0.0022847525006324566
0.03556480306223128 0.41855838853528765 0.002499923535010075
0.04291934260128776 0.46825188417882707 0.0026907494583890286
0.0517947467923121 0.5133283127421442 0.002806585180744882
0.0625055192527397 0.561595130359132 0.0029183358140692627
0.07543120063354615 0.6127308021957584 0.002975439301695562
0.09102981779915217 0.6579865356284474 0.002997505809355845
0.10985411419875583 0.698549148852648 0.0029949090225056397
0.13257113655901082 0.7337245087995314 0.0029687497534243972
0.15998587196060574 0.7708406583663256 0.002872137813237688
0.19306977288832497 0.7988244410485417 0.0028277567679234174
0.2329951810515372 0.8219038344430377 0.0027199223647211323
0.2811768697974228 0.8464792915435055 0.002585961721419386
0.3393221771895326 0.8707795983591453 0.0024414913838761354
0.4094915062380423 0.8918458034088973 0.002256156397203056
0.49417133613238334 0.901133907038167 0.0022294960477573307
0.5963623316594643 0.9135910669460955 0.002119550183423859
0.7196856730011514 0.9306065930179388 0.0019249273412365328
0.868511373751352 0.9368909689922288 0.0018690995570334046
1.0481131341546852 0.9475697579444059 0.0017132402573022015
1.2648552168552958 0.951421798585555 0.0016860289839626616
1.5264179671752318 0.958588088439062 0.0015797572248503063
1.8420699693267144 0.9623435565714357 0.0015117391982230888
2.2229964825261934 0.9662442342776958 0.0014360153634146615
2.6826957952797246 0.9704129373532012 0.0013545468857309563
3.2374575428176433 0.9729980622845699 0.001305059246663809
3.906939937054613 0.9751053201758924 0.001278772708152293
4.714866363457389 0.9795918943245784 0.001159877733681932
5.689866029018293 0.9823543262330393 0.0011063139159500854
6.866488450042998 0.9824805882602204 0.0011042501248717293
8.286427728546842 0.9851126955885978 0.0010176206699676717
10.0 0.9853739220008066 0.0010497691021990262
