0.001 0.01824369366593063 0.00014115651366451037
0.0012067926406393288 0.02195379919378277 0.0001718423921156332
0.0014563484775012444 0.02610906662181922 0.00020251379742647967
0.0017575106248547913 0.031613342951469496 0.00024558265026185743
0.0021209508879201904 0.03773072940835276 0.00028958342745765987
0.002559547922699536 0.0454436915506718 0.0003527113939315055
0.0030888435964774815 0.05437769730217302 0.00041699913548617245
0.003727593720314938 0.06547086761726471 0.0004917790124822956
0.004498432668969444 0.07730725016764604 0.0005841832347116381
0.005428675439323859 0.09359723264348688 0.0006935702300081678
0.006551285568595509 0.10927836270495273 0.0008202890882572103
0.0079060432109077 0.13162766903413803 0.0009651027296790288
0.009540954763499945 0.15465914561550734 0.0011195383862144881
0.01151395399326447 0.18104525753344033 0.0012864490750277143
0.013894954943731374 0.21034242842910914 0.001469781915791866
0.016768329368110076 0.242836252304954 0.0016650114198963075
0.020235896477251564 0.2822464010598366 0.0018718581217651241
0.02442053094548651 0.3265784677596006 0.0021082183135532014
0.029470517025518096 0.3714606687788618 0.0023025206285580786
0.03556480306223128 0.4160830857761881 0.0025021688483554214
0.04291934260128776 0.46436403765174983 0.002668426189055616
0.0517947467923121 0.5125873428724615 0.002819351786964321
0.0625055192527397 0.5713969307534184 0.002890376144516007
0.07543120063354615 0.6115559814558955 0.002981478094746228
0.09102981779915217 0.6621076088844579 0.0030084456049985654
0.10985411419875583 0.6994910341369777 0.0029855835069033843
0.13257113655901082 0.7340863859349076 0.002956632268545998
0.15998587196060574 0.772148067254534 0.002862405120298348
0.19306977288832497 0.8039530149638645 0.0027608435657269915
0.2329951810515372 0.8360135545089029 0.0025982837106705886
0.2811768697974228 0.8503699605032511 0.0025740010710187462
0.3393221771895326 0.8705775394368805 0.00245316566993076
0.4094915062380423 0.8899799446975306 0.002297103839139692
0.49417133613238334 0.9037680582029889 0.0022004793792828833
0.5963623316594643 0.9151137967661583 0.0020960662351992916
0.7196856730011514 0.9308924036128364 0.0018836560192438973
0.868511373751352 0.9398581434123849 0.0017965485573326649
1.0481131341546852 0.9453492419767896 0.0017552226299767256
1.2648552168552958 0.9555173289517439 0.0015862628826858749
1.5264179671752318 0.9606559202991015 0.001515377494607138
1.8420699693267144 0.9638932291947679 0.0014724353223678677
2.2229964825261934 0.9702742805222051 0.0013417956946061276
2.6826957952797246 0.972185467004194 0.0013011212194543678
3.2374575428176433 0.9723967502824856 0.0013477258429402908
3.906939937054613 0.9783123595027898 0.0011733227496996473
4.714866363457389 0.9803311998731806 0.001165778071892887
5.689866029018293 0.9823164745278936 0.001092548165778245
6.866488450042998 0.9841880726586245 0.0010535438645352991
8.286427728546842 0.9861878303898384 0.0009888976890745306
10.0 0.9865679509022255 0.0009995308714004676
