0.001 0.01781459724590125 0.00014160823812650787
0.0012067926406393288 0.021592141202771014 0.0001668582439807166
0.0014563484775012444 0.025908775237735313 0.00020174129481605941
0.0017575106248547913 0.031109780393497006 0.00024490538056494665
0.0021209508879201904 0.037293109632100044 0.0002896163686414584
0.002559547922699536 0.04481154925026828 0.0003475068519075155
0.0030888435964774815 0.05322196079003853 0.0004101817244584442
0.003727593720314938 0.06340519027178013 0.0004866164252188888
0.004498432668969444 0.07638411771370338 0.0005823031535814145
0.005428675439323859 0.09289611633925993 0.0007009723095504935
0.006551285568595509 0.10749320866730705 0.0008039874115491111
0.0079060432109077 0.12653127763872526 0.0009510847607771262
0.009540954763499945 0.15240080078493223 0.0011130657995984906
0.01151395399326447 0.17980071230927097 0.0012942125047991548
0.013894954943731374 0.20623302329716925 0.0014598938828240743
0.016768329368110076 0.24230827615935396 0.0016669773856482053
0.020235896477251564 0.2817639195556123 0.0018901384181653667
0.02442053094548651 0.32184560637327553 0.0020902340941439156
0.029470517025518096 0.3663231859270785 0.0023127864178847228
0.03556480306223128 0.4157950313755693 0.0025031245460352004
0.04291934260128776 0.45568607162335373 0.0026777658314704215
0.0517947467923121 0.5125238695745885 0.002807463599361984
0.0625055192527397 0.555904084034154 0.002921951849491646
0.07543120063354615 0.6064110230132927 0.003012237004565973
0.09102981779915217 0.6541081233180384 0.002986106502180556
0.10985411419875583 0.6962089863200545 0.002980581152905667
0.13257113655901082 0.7297909472417212 0.002981892316795173
0.15998587196060574 0.768574889259651 0.0028953494866908996
0.19306977288832497 0.7946038788817196 0.002833390918915409
0.2329951810515372 0.8241915059139072 0.0027053107519903314
0.2811768697974228 0.8476386597499485 0.002580264581576686
0.3393221771895326 0.8674137858668808 0.002475196967237189
0.4094915062380423 0.8864710871589027 0.0023475055652404705
0.49417133613238334 0.9021334031275013 0.0022120120875074516
0.5963623316594643 0.9141603855387963 0.0021159367088875937
0.7196856730011514 0.9240259839336837 0.0020104892675348205
0.868511373751352 0.9344766531726596 0.0018886949636662217
1.0481131341546852 0.9415500880599531 0.0018062858134478403
1.2648552168552958 0.9516238190469123 0.0016683587578539291
1.5264179671752318 0.9560803667471073 0.0015861252725528244
1.8420699693267144 0.9597266902028668 0.0015509847860446903
2.2229964825261934 0.9646340762074129 0.0014695847316151523
2.6826957952797246 0.9707326776188873 0.0013375774750144153
3.2374575428176433 0.9749288687713924 0.0012673115671327528
3.906939937054613 0.9744650778174683 0.0013036940817299722
4.714866363457389 0.9781203168529344 0.0012218613897946556
5.689866029018293 0.980916420478779 0.001145616604304054
6.866488450042998 0.981685358664294 0.0011564504509693904
8.286427728546842 0.9835567873191335 0.0010944725472901316
10.0 0.9847738469856627 0.0010630809190329139
