0.001 1.8521551486428333e-05 3.420210078242918e-07
0.0012067926406393288 3.154459638690885e-05 5.762233876442177e-07
0.0014563484775012444 5.500365193718834e-05 9.99608434747059e-07
0.0017575106248547913 9.706917711976628e-05 1.7722459394168214e-06
0.0021209508879201904 0.00016336347136083432 2.980038486098564e-06
0.002559547922699536 0.00028329966056051507 5.164423677622093e-06
0.0030888435964774815 0.00046740970942382037 8.391004065760235e-06
0.003727593720314938 0.0007877010578632598 1.4138752708648516e-05
0.004498432668969444 0.0013491420749706083 2.3242117655810904e-05
0.005428675439323859 0.002392791776123793 4.079015769337333e-05
0.006551285568595509 0.0036568434982269457 6.288088139113314e-05
0.0079060432109077 0.005978865017714476 0.00010055020439214301
0.009540954763499945 0.009938447124887798 0.00016023831789677912
0.01151395399326447 0.015883908122885444 0.00024752571575548864
0.013894954943731374 0.02336742664180582 0.0003574591130307029
0.016768329368110076 0.036195568946080926 0.0005292476722758295
0.020235896477251564 0.05466459036097765 0.000764099585982636
0.02442053094548651 0.0777140144789304 0.0010400487575987986
0.029470517025518096 0.10959009621516096 0.0013784136557994343
0.03556480306223128 0.15004668117702602 0.0017497633137688426
0.04291934260128776 0.19139014692260956 0.0021381292843816175
0.0517947467923121 0.2507329241685095 0.002545166329012175
0.0625055192527397 0.30557922054228004 0.002904192756937644
0.07543120063354615 0.37358201107620853 0.0032275711245380663
0.09102981779915217 0.4365226071472529 0.003442057781888086
0.10985411419875583 0.49964832142787263 0.0035959254861905503
0.13257113655901082 0.555727017545318 0.003706136236747899
0.15998587196060574 0.6167071308759099 0.0037166537223679488
0.19306977288832497 0.6604333099904676 0.003691814794547057
0.2329951810515372 0.7078146190796211 0.003594129347433206
0.2811768697974228 0.7456292922321635 0.0034666173785923016
0.3393221771895326 0.7800428068400999 0.0033599939722977435
0.4094915062380423 0.8124557611591235 0.003203201038015328
0.49417133613238334 0.8380348980200193 0.003035606847878845
0.5963623316594643 0.8594085382407742 0.002894853933776569
0.7196856730011514 0.875667137566069 0.002764168339314643
0.868511373751352 0.8927561587129993 0.00259145576613779
1.0481131341546852 0.9052899148634366 0.002484583974049357
1.2648552168552958 0.9217912352239132 0.0022668920637176015
1.5264179671752318 0.928681766834971 0.00218387949311518
1.8420699693267144 0.9361359808531834 0.0021063755287570192
2.2229964825261934 0.9445336691000259 0.0019892461250952775
2.6826957952797246 0.9536406296860452 0.0018099193904508562
3.2374575428176433 0.9612452974191014 0.0016699569235218714
3.906939937054613 0.9615883678486047 0.0016816606176150734
4.714866363457389 0.9675334386107058 0.0015604644131126655
5.689866029018293 0.97172786494305 0.0014607772289038602
6.866488450042998 0.974096644252865 0.0014160292627227982
8.286427728546842 0.9766082432249994 0.0013487353568974742
10.0 0.9785993207397392 0.0012939940527712322
