0.001 1.89219181958262e-05 3.4685188965624845e-07
0.0012067926406393288 3.320545402068598e-05 6.08857603871294e-07
0.0014563484775012444 5.687129837100486e-05 1.0468921248072267e-06
0.0017575106248547913 9.795524115937825e-05 1.7754729720856539e-06
0.0021209508879201904 0.00017295133020685328 3.0978676558042918e-06
0.002559547922699536 0.0003036371549168387 5.388267656855346e-06
0.0030888435964774815 0.0004941253820163854 8.72105942320215e-06
0.003727593720314938 0.0008297586432316762 1.45578223906749e-05
0.004498432668969444 0.0013820070581474627 2.4561758445470803e-05
0.005428675439323859 0.002271864261791604 3.9479536257396533e-05
0.006551285568595509 0.003811904730781639 6.436545275160434e-05
0.0079060432109077 0.005958205514177258 9.996040215995596e-05
0.009540954763499945 0.0101788902868008 0.00016328812568548463
0.01151395399326447 0.01612668233777786 0.00024884581650046157
0.013894954943731374 0.023911278170709448 0.0003650150753389694
0.016768329368110076 0.0374968079252499 0.0005466284460724825
0.020235896477251564 0.056274002233659824 0.0007768013723288939
0.02442053094548651 0.07618797342294845 0.001025018429392622
0.029470517025518096 0.1090401182264405 0.0013695416122816867
0.03556480306223128 0.15186762251614624 0.00176514316311235
0.04291934260128776 0.20207576478117162 0.0021920093209258674
0.0517947467923121 0.2512133244283671 0.002541682154029756
0.0625055192527397 0.31172227297523947 0.002935664454995457
0.07543120063354615 0.3783569502505157 0.0032276302586226814
0.09102981779915217 0.44304476852468305 0.003456335641842494
0.10985411419875583 0.5052572884369471 0.0036326418372575973
0.13257113655901082 0.5612674379982128 0.0037071557539328837
0.15998587196060574 0.6186457613947687 0.003704415558066592
0.19306977288832497 0.6684533619740783 0.0036921303818831324
0.2329951810515372 0.7047279811125607 0.0036195523537102363
0.2811768697974228 0.744054643002744 0.003494499355766121
0.3393221771895326 0.7849239688549252 0.003340489995144643
0.4094915062380423 0.8171861000849823 0.0031310012786363345
0.49417133613238334 0.837068132431801 0.0030517163897024763
0.5963623316594643 0.8582629582809052 0.0029020509989651716
0.7196856730011514 0.8859417283302119 0.002664818989206151
0.868511373751352 0.8976765600608163 0.0025634825914583287
1.0481131341546852 0.914359701219721 0.002353968046151961
1.2648552168552958 0.9224784503640211 0.002274883165209171
1.5264179671752318 0.9346669289662259 0.0021171530267708964
1.8420699693267144 0.9406164263556215 0.0020371903096406303
2.2229964825261934 0.9467374850968364 0.0019305540216658778
2.6826957952797246 0.9536999954979678 0.0018239557494028188
3.2374575428176433 0.9580955900243154 0.0017481139227168848
3.906939937054613 0.9623273458043251 0.0016712497742396764
4.714866363457389 0.9687711710545662 0.0015088823095229362
5.689866029018293 0.9740170559713359 0.0014066507935143436
6.866488450042998 0.9741533285147445 0.0013955371058096797
8.286427728546842 0.9779780665136832 0.0012974406492888809
10.0 0.9796668095554298 0.0012640580150655065
