0.001 0.21435376796215083 0.00025469015626128886
0.0012067926406393288 0.2525071498623844 0.00029519265789146575
0.0014563484775012444 0.29594922405389773 0.000339321505789856
0.0017575106248547913 0.3457032245993124 0.00037754327726452713
0.0021209508879201904 0.39994700510871734 0.0004308181035992215
0.002559547922699536 0.4594011730764031 0.000481917719355741
0.0030888435964774815 0.524674555928677 0.0005078715339785545
0.003727593720314938 0.5911656593957473 0.0005506914607306034
0.004498432668969444 0.6584521673369258 0.0005855211376115081
0.005428675439323859 0.7267302651805169 0.0005730704260715876
0.006551285568595509 0.7898139412886798 0.0005606965864312073
0.0079060432109077 0.8466245703673925 0.000521608005653597
0.009540954763499945 0.8943149569680944 0.0004658117571719974
0.01151395399326447 0.9330381657725911 0.00037656730315869976
0.013894954943731374 0.9602908530657631 0.0002951915484865114
0.016768329368110076 0.9784138756282633 0.00021129628375271835
0.020235896477251564 0.9895959284849514 0.00013373548358120246
0.02442053094548651 0.9952771473531404 7.812782416767464e-05
0.029470517025518096 0.9981689341021527 3.80651283362172e-05
0.03556480306223128 0.9993726090152415 1.5725090339030398e-05
0.04291934260128776 0.9998038464305058 5.512284377042404e-06
0.0517947467923121 0.9999482665770217 1.541076635394602e-06
0.0625055192527397 0.999988785774426 3.3543533055286396e-07
0.07543120063354615 0.9999984481104615 4.928374947252326e-08
0.09102981779915217 0.999999844442859 5.035812814757764e-09
0.10985411419875583 0.9999999894452971 3.3438400246331514e-10
0.13257113655901082 0.9999999996187467 1.2226860366437382e-11
0.15998587196060574 0.9999999999928403 2.2952718240572497e-13
0.19306977288832497 0.9999999999999402 1.8978261015168204e-15
0.2329951810515372 0.9999999999999998 5.8076126162397035e-18
0.2811768697974228 1.0 0.0
0.3393221771895326 1.0 0.0
0.4094915062380423 1.0 0.0
0.49417133613238334 1.0 0.0
0.5963623316594643 1.0 0.0
0.7196856730011514 1.0 0.0
0.868511373751352 1.0 0.0
1.0481131341546852 1.0 0.0
1.2648552168552958 1.0 0.0
1.5264179671752318 1.0 0.0
1.8420699693267144 1.0 0.0
2.2229964825261934 1.0 0.0
2.6826957952797246 1.0 0.0
3.2374575428176433 1.0 0.0
3.906939937054613 1.0 0.0
4.714866363457389 1.0 0.0
5.689866029018293 1.0 0.0
6.866488450042998 1.0 0.0
8.286427728546842 1.0 0.0
10.0 1.0 0.0
