0.001 0.27235284758369843 0.0017021299129575944
0.0012067926406393288 0.3363744495916381 0.002055477412149937
0.0014563484775012444 0.40596634112900126 0.002440344458256775
0.0017575106248547913 0.48582445032889443 0.0027532559880107206
0.0021209508879201904 0.5560274012337566 0.0030327546095543444
0.002559547922699536 0.6205076777454828 0.003259067474466183
0.0030888435964774815 0.6847820673995432 0.0033442913069854524
0.003727593720314938 0.7273186666967163 0.003385550346241771
0.004498432668969444 0.7683359066312853 0.0032857202180376546
0.005428675439323859 0.800167530866819 0.0030988224344204616
0.006551285568595509 0.8279480258109972 0.0028818289393765795
0.0079060432109077 0.8534870108077357 0.002642673730518199
0.009540954763499945 0.8740473492599956 0.0024163692663465674
0.01151395399326447 0.9020409650749948 0.002071144907032172
0.013894954943731374 0.9163673657416277 0.0018961752326188686
0.016768329368110076 0.9364575037303499 0.0016120441045975023
0.020235896477251564 0.9499662710581515 0.001433072671675993
0.02442053094548651 0.9606073939376162 0.0012499359597174838
0.029470517025518096 0.9725683893851106 0.0010198181774361465
0.03556480306223128 0.9809593177255127 0.0008391255066987771
0.04291934260128776 0.9853754607223031 0.0007297139685127099
0.0517947467923121 0.989732661362854 0.0006237758894037934
0.0625055192527397 0.9939879934991154 0.00043577412060506103
0.07543120063354615 0.9952611448422637 0.0004056048286184543
0.09102981779915217 0.9970769872187246 0.0003117474555339472
0.10985411419875583 0.9975161196390003 0.00028342886246749424
0.13257113655901082 0.9986947726103849 0.00022357398326941228
0.15998587196060574 0.9990504892413934 0.00016720806461249793
0.19306977288832497 0.9992412669108611 0.00017200691427040758
0.2329951810515372 0.9996210941217508 0.00010737607080550653
0.2811768697974228 0.9997855489298825 0.00010371061021544697
0.3393221771895326 0.9999071556079201 4.12051070813288e-05
0.4094915062380423 0.9999592282881417 1.7465126207843306e-05
0.49417133613238334 0.9999301183397119 3.919746482988409e-05
0.5963623316594643 0.9998658838367024 8.785944511977483e-05
0.7196856730011514 0.9999871231605175 7.183940731980138e-06
0.868511373751352 0.9999956159424218 3.120618491772691e-06
1.0481131341546852 0.9999796637435676 1.1172748055979483e-05
1.2648552168552958 0.999998991198691 8.230485992912036e-07
1.5264179671752318 0.9999999562978641 4.364574982272569e-08
1.8420699693267144 0.9999999996709019 2.959359149717796e-10
2.2229964825261934 0.9999908765891027 9.122728175548305e-06
2.6826957952797246 0.9999992921118362 5.00491810974618e-07
3.2374575428176433 0.999999997046341 2.9512928318605133e-09
3.906939937054613 0.9999999999675178 3.248064922787439e-11
4.714866363457389 1.0 4.965068306494546e-20
5.689866029018293 0.9999999999999991 9.245475669810668e-16
6.866488450042998 0.9999999999997093 2.834772679128213e-13
8.286427728546842 0.9999740106505207 2.598804997921568e-05
10.0 1.0 0.0
