0.001 0.05314396520370301 0.0004254558968833068
0.0012067926406393288 0.07952935061100261 0.0006016222221434875
0.0014563484775012444 0.11446994115400266 0.0008709448522617469
0.0017575106248547913 0.16400676709628806 0.0011933811267943917
0.0021209508879201904 0.22651432830888324 0.0015502929750949412
0.002559547922699536 0.29350828695561787 0.0019930992367004972
0.0030888435964774815 0.37183589654401583 0.002449040196480052
0.003727593720314938 0.46054613662761057 0.0028566538626568342
0.004498432668969444 0.5409522133916154 0.003203648360017583
0.005428675439323859 0.6145270549322805 0.0034634382800537798
0.006551285568595509 0.6764450309554445 0.0035771515692380814
0.0079060432109077 0.719165307456218 0.003630357789859328
0.009540954763499945 0.7585179100081774 0.003519385040807459
0.01151395399326447 0.7862982813895599 0.0033804666988810402
0.013894954943731374 0.8112421574743145 0.003140501734238488
0.016768329368110076 0.8405515538893266 0.002869977993278526
0.020235896477251564 0.8654698192915281 0.0025694681497709882
0.02442053094548651 0.8894515388838967 0.002333118783319512
0.029470517025518096 0.9110982046484866 0.0020369269862304832
0.03556480306223128 0.9329064678849347 0.0017569213863917496
0.04291934260128776 0.9490484551610785 0.0015325946379874575
0.0517947467923121 0.9607175408080844 0.0013317157247426175
0.0625055192527397 0.9715948945213726 0.0010830387684154052
0.07543120063354615 0.9794750974326214 0.0009340497947541103
0.09102981779915217 0.9856486570117995 0.000772846434390617
0.10985411419875583 0.9897958424975614 0.0006388699051767908
0.13257113655901082 0.993602378600397 0.0005086493663804965
0.15998587196060574 0.9956650588457882 0.0003774054758826632
0.19306977288832497 0.9963822096304783 0.00038925923570154724
0.2329951810515372 0.9976204637263326 0.000297048222623165
0.2811768697974228 0.998754780685189 0.00018734786741373533
0.3393221771895326 0.9993309213870132 0.00014727296766005887
0.4094915062380423 0.9991852747489786 0.00019000363712970905
0.49417133613238334 0.9995552777814976 0.00011013153384443484
0.5963623316594643 0.9997075253279669 8.291095171353227e-05
0.7196856730011514 0.9998369158299413 7.974496678397205e-05
0.868511373751352 0.9999397958428042 3.627178702609623e-05
1.0481131341546852 0.9999395140624563 3.768023063975781e-05
1.2648552168552958 0.9999423813840971 3.2127647280368945e-05
1.5264179671752318 0.9999619876164012 3.3166173968037574e-05
1.8420699693267144 0.9999991717793908 5.144711600744954e-07
2.2229964825261934 0.9999990676409778 7.949671421843756e-07
2.6826957952797246 0.999996980405815 2.1807370053312026e-06
3.2374575428176433 0.9999999744273351 2.2181675275828638e-08
3.906939937054613 0.9999999889615335 8.955315206837928e-09
4.714866363457389 0.9999999999994127 4.0214427455758235e-13
5.689866029018293 0.9999999984195603 1.5801933167774665e-09
6.866488450042998 0.999999999979329 2.0668289570086777e-11
8.286427728546842 0.9999999999999992 7.897648483753451e-16
10.0 0.9999999960634944 3.936150033297529e-09
