0.001 0.0523198930927725 0.0004179784806796112
0.0012067926406393288 0.07746518313598731 0.0006154277512214057
0.0014563484775012444 0.11505410493106624 0.0008720006401467126
0.0017575106248547913 0.16359401596331954 0.0011847827566063452
0.0021209508879201904 0.22538558874025522 0.00155616884266928
0.002559547922699536 0.2994265372649591 0.001979829125148452
0.0030888435964774815 0.3784828960250863 0.002411788965419251
0.003727593720314938 0.4590204337412669 0.0028445181056726944
0.004498432668969444 0.5415595316147437 0.0032162878135715907
0.005428675439323859 0.612974974824909 0.00346392242886064
0.006551285568595509 0.6671407121537475 0.0036270741353243065
0.0079060432109077 0.7147659845286385 0.0036493922707882946
0.009540954763499945 0.7571161974270015 0.003509823456722052
0.01151395399326447 0.7936685391193375 0.003309261904763415
0.013894954943731374 0.8225550144524817 0.0030526158331479598
0.016768329368110076 0.845216120167274 0.0028436441840777667
0.020235896477251564 0.8699725279111448 0.002540852618228056
0.02442053094548651 0.8949794376702552 0.0022383255318736235
0.029470517025518096 0.9192724320180387 0.0019448367385628401
0.03556480306223128 0.9320010261154288 0.0017557664606495742
0.04291934260128776 0.9519325633631379 0.0014536018871936626
0.0517947467923121 0.9620377449679505 0.0013080965816771786
0.0625055192527397 0.9733799307720232 0.001046630525195557
0.07543120063354615 0.9814862799976727 0.0008684144817909249
0.09102981779915217 0.9869044256577647 0.0007415014388057598
0.10985411419875583 0.9903685710308062 0.0006188554725883783
0.13257113655901082 0.9928626897482543 0.0005277412333404291
0.15998587196060574 0.9956051461883826 0.00040785217578408173
0.19306977288832497 0.9966524915247302 0.00036172668197491007
0.2329951810515372 0.99782187684147 0.00030376991853943766
0.2811768697974228 0.9988427636660461 0.0001925184856600274
0.3393221771895326 0.9991431222653384 0.00018455215350033618
0.4094915062380423 0.9996860603936397 7.257507968343586e-05
0.49417133613238334 0.9996623354547032 9.256741892333719e-05
0.5963623316594643 0.9997098852199737 8.378071223967826e-05
0.7196856730011514 0.9999616693261978 1.1159599108725496e-05
0.868511373751352 0.9998092969637135 0.00010921472360822457
1.0481131341546852 0.9999755869976836 1.08887242563976e-05
1.2648552168552958 0.9999873647487486 9.775508003151945e-06
1.5264179671752318 0.9998977872227871 9.39742026713044e-05
1.8420699693267144 0.9999842211068455 1.1380877998248798e-05
2.2229964825261934 0.9999995152775929 4.0621770654010647e-07
2.6826957952797246 0.999999896355468 1.0243337160127335e-07
3.2374575428176433 0.9999944414870995 3.2033782702002393e-06
3.906939937054613 0.9999999471016782 3.559836462087641e-08
4.714866363457389 0.9999993554944855 6.441651348035807e-07
5.689866029018293 0.9999999999999968 3.0700513263917467e-15
6.866488450042998 0.9999999999999378 5.545010443880835e-14
8.286427728546842 0.9999999993279546 6.720118732940252e-10
10.0 1.0 3.5938058213343075e-17
