0.001 0.047429770310403255 1.6307329208073716e-06
0.0012067926406393288 0.0659127359301488 2.1568704046976945e-06
0.0014563484775012444 0.09074890538673223 2.9101892376074932e-06
0.0017575106248547913 0.12360181230181293 3.68404985953608e-06
0.0021209508879201904 0.16617633529975734 4.824034187497157e-06
0.002559547922699536 0.2200596657409389 6.0566795535829685e-06
0.0030888435964774815 0.2863758801342224 7.425718505945064e-06
0.003727593720314938 0.36518991089235925 8.767622710833496e-06
0.004498432668969444 0.45515165491294773 9.613620525122464e-06
0.005428675439323859 0.5528103918276234 1.0200831545893184e-05
0.006551285568595509 0.6528366370665102 1.0063932934647492e-05
0.0079060432109077 0.7483504477745585 9.287275905465668e-06
0.009540954763499945 0.8322467643688902 7.720719532201334e-06
0.01151395399326447 0.8989803135738763 5.8093421744243825e-06
0.013894954943731374 0.9462014937561213 3.8006509126797326e-06
0.016768329368110076 0.9752706855102781 2.1449911812795834e-06
0.020235896477251564 0.9904698541113807 1.009220406222722e-06
0.02442053094548651 0.9970233274471421 3.880466755324164e-07
0.029470517025518096 0.9992768855631932 1.1240956451614023e-07
0.03556480306223128 0.9998697407542261 2.4645041006926466e-08
0.04291934260128776 0.9999836247130628 3.754196548768514e-09
0.0517947467923121 0.9999986607626288 3.7537192835574023e-10
0.0625055192527397 0.9999999348418287 2.2591146368711236e-11
0.07543120063354615 0.9999999983042024 6.846949965018826e-13
0.09102981779915217 0.999999999979269 1.028663482114657e-14
0.10985411419875583 0.9999999999998976 6.152399235518906e-17
0.13257113655901082 1.0 6.594388326471856e-19
0.15998587196060574 1.0 9.964831480998304e-19
0.19306977288832497 1.0 7.968895963073647e-19
0.2329951810515372 1.0 2.0909953532199583e-18
0.2811768697974228 1.0 0.0
0.3393221771895326 1.0 0.0
0.4094915062380423 1.0 0.0
0.49417133613238334 1.0 0.0
0.5963623316594643 1.0 0.0
0.7196856730011514 1.0 0.0
0.868511373751352 1.0 0.0
1.0481131341546852 1.0 0.0
1.2648552168552958 1.0 0.0
1.5264179671752318 1.0 0.0
1.8420699693267144 1.0 0.0
2.2229964825261934 1.0 0.0
2.6826957952797246 1.0 0.0
3.2374575428176433 1.0 0.0
3.906939937054613 1.0 0.0
4.714866363457389 1.0 0.0
5.689866029018293 1.0 0.0
6.866488450042998 1.0 0.0
8.286427728546842 1.0 0.0
10.0 1.0 0.0
