0.001 0.13164696807904017 2.377679072923802e-06
0.0012067926406393288 0.15662862059856192 2.721487904082855e-06
0.0014563484775012444 0.18581325666339543 3.206277291477216e-06
0.0017575106248547913 0.21970614940507557 3.581742405058868e-06
0.0021209508879201904 0.25872291068353237 4.1924337301318755e-06
0.002559547922699536 0.30321197008842593 4.778182115213829e-06
0.0030888435964774815 0.3533812525638148 5.416407769883155e-06
0.003727593720314938 0.40912587684888985 6.044923438674415e-06
0.004498432668969444 0.47006528823697336 6.432185977860215e-06
0.005428675439323859 0.5352654711003137 6.8345065240801e-06
0.006551285568595509 0.6033637546234614 7.008610705779256e-06
0.0079060432109077 0.6723992594581103 7.0265165204343765e-06
0.009540954763499945 0.7399094071106339 6.685903713498674e-06
0.01151395399326447 0.8031235605841178 6.122533536614914e-06
0.013894954943731374 0.8593287074738272 5.239178497385813e-06
0.016768329368110076 0.9062310812055266 4.206083757976447e-06
0.020235896477251564 0.942526580834117 3.1042409216914728e-06
0.02442053094548651 0.968161351321393 2.097270915389213e-06
0.029470517025518096 0.9843936621973857 1.2190126246061024e-06
0.03556480306223128 0.9933963748575494 6.25723388447054e-07
0.04291934260128776 0.9976620021690719 2.680506682987271e-07
0.0517947467923121 0.9993317755270277 9.356640816610754e-08
0.0625055192527397 0.9998526398356121 2.5510249261949718e-08
0.07543120063354615 0.9999762293174881 4.789718040304133e-09
0.09102981779915217 0.9999973720591073 6.506124605696564e-10
0.10985411419875583 0.9999998155425286 5.468515507940641e-11
0.13257113655901082 0.99999999252929 2.6257403011838157e-12
0.15998587196060574 0.9999999998440265 6.698901945005663e-14
0.19306977288832497 0.9999999999985375 7.693778203623223e-16
0.2329951810515372 0.9999999999999947 3.669518035663118e-18
0.2811768697974228 1.0 0.0
0.3393221771895326 1.0 0.0
0.4094915062380423 1.0 0.0
0.49417133613238334 1.0 0.0
0.5963623316594643 1.0 0.0
0.7196856730011514 1.0 0.0
0.868511373751352 1.0 0.0
1.0481131341546852 1.0 0.0
1.2648552168552958 1.0 0.0
1.5264179671752318 1.0 0.0
1.8420699693267144 1.0 0.0
2.2229964825261934 1.0 0.0
2.6826957952797246 1.0 0.0
3.2374575428176433 1.0 0.0
3.906939937054613 1.0 0.0
4.714866363457389 1.0 0.0
5.689866029018293 1.0 0.0
6.866488450042998 1.0 0.0
8.286427728546842 1.0 0.0
10.0 1.0 0.0
