0.001 0.13161039334582872 2.364631694405102e-06
0.0012067926406393288 0.15658688139892457 2.765681078542022e-06
0.0014563484775012444 0.18577115079485204 3.1819664221808057e-06
0.0017575106248547913 0.21964129633191973 3.713758675584799e-06
0.0021209508879201904 0.25865827096584343 4.265920852248131e-06
0.002559547922699536 0.3031498013092724 4.8807386177012284e-06
0.0030888435964774815 0.35329523030114124 5.447913731633241e-06
0.003727593720314938 0.4090499609755243 6.0016692989923e-06
0.004498432668969444 0.46995000546705495 6.435827884023885e-06
0.005428675439323859 0.5351551587127314 6.848253508607824e-06
0.006551285568595509 0.6032508525257229 6.962669887243609e-06
0.0079060432109077 0.6722942851055757 7.107512311264599e-06
0.009540954763499945 0.7398178107943544 6.774782319834084e-06
0.01151395399326447 0.8030456879878025 6.1368342218985315e-06
0.013894954943731374 0.8592391902153067 5.19931275203742e-06
0.016768329368110076 0.9061660888811126 4.246373042149464e-06
0.020235896477251564 0.9424711003292515 3.1384243442282653e-06
0.02442053094548651 0.9681286275658642 2.1289369042198725e-06
0.029470517025518096 0.9843719857003027 1.2564242969720514e-06
0.03556480306223128 0.9933862368033871 6.434577255115318e-07
0.04291934260128776 0.9976573878561743 2.721743060497209e-07
0.0517947467923121 0.9993301823245835 9.375390426727343e-08
0.0625055192527397 0.9998523315500976 2.518732724562214e-08
0.07543120063354615 0.9999761604770054 4.888178089921685e-09
0.09102981779915217 0.9999973603812803 6.495048503751563e-10
0.10985411419875583 0.9999998147015431 5.407882071765842e-11
0.13257113655901082 0.9999999924897717 2.6876898453888746e-12
0.15998587196060574 0.9999999998429939 6.750023647028543e-14
0.19306977288832497 0.9999999999985272 7.701429585955967e-16
0.2329951810515372 0.9999999999999947 3.279915254380617e-18
0.2811768697974228 1.0 0.0
0.3393221771895326 1.0 0.0
0.4094915062380423 1.0 0.0
0.49417133613238334 1.0 0.0
0.5963623316594643 1.0 0.0
0.7196856730011514 1.0 0.0
0.868511373751352 1.0 0.0
1.0481131341546852 1.0 0.0
1.2648552168552958 1.0 0.0
1.5264179671752318 1.0 0.0
1.8420699693267144 1.0 0.0
2.2229964825261934 1.0 0.0
2.6826957952797246 1.0 0.0
3.2374575428176433 1.0 0.0
3.906939937054613 1.0 0.0
4.714866363457389 1.0 0.0
5.689866029018293 1.0 0.0
6.866488450042998 1.0 0.0
8.286427728546842 1.0 0.0
10.0 1.0 0.0
