0.001 0.13162330226290045 2.3755060805235197e-06
0.0012067926406393288 0.15660284103713645 2.7536021268031254e-06
0.0014563484775012444 0.18579166155534513 3.1952621546492654e-06
0.0017575106248547913 0.21967306291949606 3.7243068153316175e-06
0.0021209508879201904 0.2586839947281948 4.289674717676411e-06
0.002559547922699536 0.30317712340495495 4.812787866514401e-06
0.0030888435964774815 0.35334595255906914 5.427941821934897e-06
0.003727593720314938 0.4090859084537609 5.9821657242651635e-06
0.004498432668969444 0.4699990284291428 6.354873539686321e-06
0.005428675439323859 0.5352048039297217 6.869018214923339e-06
0.006551285568595509 0.6033138928362299 7.071708618758115e-06
0.0079060432109077 0.6723420521944125 7.0552962757908435e-06
0.009540954763499945 0.7398608893287654 6.6282182318424565e-06
0.01151395399326447 0.8030868787534843 6.087092662014476e-06
0.013894954943731374 0.859274371585728 5.3112430013288805e-06
0.016768329368110076 0.9061964536769177 4.205567164474744e-06
0.020235896477251564 0.9425007819037242 3.1340594229370583e-06
0.02442053094548651 0.9681433752156403 2.077289806517231e-06
0.029470517025518096 0.9843820792289419 1.2385148733396284e-06
0.03556480306223128 0.9933914956674482 6.469490063741513e-07
0.04291934260128776 0.9976585715688129 2.704298746542171e-07
0.0517947467923121 0.9993311875462876 9.367349152086626e-08
0.0625055192527397 0.9998524826701815 2.490938398502867e-08
0.07543120063354615 0.9999761921130028 4.852483984292959e-09
0.09102981779915217 0.9999973660346346 6.400093389891425e-10
0.10985411419875583 0.9999998151394831 5.429916625611639e-11
0.13257113655901082 0.9999999925050581 2.700546806964923e-12
0.15998587196060574 0.9999999998435294 6.5925277557505e-14
0.19306977288832497 0.9999999999985317 7.636138621324054e-16
0.2329951810515372 0.9999999999999947 3.4236837229757585e-18
0.2811768697974228 1.0 0.0
0.3393221771895326 1.0 0.0
0.4094915062380423 1.0 0.0
0.49417133613238334 1.0 0.0
0.5963623316594643 1.0 0.0
0.7196856730011514 1.0 0.0
0.868511373751352 1.0 0.0
1.0481131341546852 1.0 0.0
1.2648552168552958 1.0 0.0
1.5264179671752318 1.0 0.0
1.8420699693267144 1.0 0.0
2.2229964825261934 1.0 0.0
2.6826957952797246 1.0 0.0
3.2374575428176433 1.0 0.0
3.906939937054613 1.0 0.0
4.714866363457389 1.0 0.0
5.689866029018293 1.0 0.0
6.866488450042998 1.0 0.0
8.286427728546842 1.0 0.0
10.0 1.0 0.0
