0.001 0.002279684613378868 1.2295113929846678e-07
0.0012067926406393288 0.003839460371667296 2.035642561834373e-07
0.0014563484775012444 0.006411189849288159 3.296427972663078e-07
0.0017575106248547913 0.010596091997454392 5.377748971951355e-07
0.0021209508879201904 0.017305440359338793 8.566966815215706e-07
0.002559547922699536 0.027859623409657207 1.346321051302619e-06
0.0030888435964774815 0.044097749008136 2.0409650376908483e-06
0.003727593720314938 0.06844344672202873 3.0141544015683815e-06
0.004498432668969444 0.10379045619315275 4.266064293432783e-06
0.005428675439323859 0.15326439759576055 5.886320968892086e-06
0.006551285568595509 0.21953085501336927 7.604247273035725e-06
0.0079060432109077 0.3038643249317094 9.640631914646395e-06
0.009540954763499945 0.4049257920339016 1.1127475594112146e-05
0.01151395399326447 0.517870919481523 1.1875652822147576e-05
0.013894954943731374 0.6343701050690843 1.1518017431900757e-05
0.016768329368110076 0.744086976395907 1.0462132400255882e-05
0.020235896477251564 0.8371519062131793 8.363965683066372e-06
0.02442053094548651 0.9074009930382352 5.986577648512658e-06
0.029470517025518096 0.9538448913068729 3.652520307071986e-06
0.03556480306223128 0.9802896590417548 1.904957946901111e-06
0.04291934260128776 0.9929886164247967 8.127081275451324e-07
0.0517947467923121 0.9979918929039053 2.8088567907035484e-07
0.0625055192527397 0.9995570600840163 7.55397187176681e-08
0.07543120063354615 0.9999284831366878 1.4663836764958858e-08
0.09102981779915217 0.9999920811647557 1.9485042901005905e-09
0.10985411419875583 0.9999994441047316 1.6223640220063235e-10
0.13257113655901082 0.9999999774693153 8.063069244769713e-12
0.15998587196060574 0.9999999995289826 2.0250070939308448e-13
0.19306977288832497 0.9999999999955811 2.3104212585764302e-15
0.2329951810515372 0.999999999999984 9.839745763141852e-18
0.2811768697974228 1.0 0.0
0.3393221771895326 1.0 0.0
0.4094915062380423 1.0 0.0
0.49417133613238334 1.0 0.0
0.5963623316594643 1.0 0.0
0.7196856730011514 1.0 0.0
0.868511373751352 1.0 0.0
1.0481131341546852 1.0 0.0
1.2648552168552958 1.0 0.0
1.5264179671752318 1.0 0.0
1.8420699693267144 1.0 0.0
2.2229964825261934 1.0 0.0
2.6826957952797246 1.0 0.0
3.2374575428176433 1.0 0.0
3.906939937054613 1.0 0.0
4.714866363457389 1.0 0.0
5.689866029018293 1.0 0.0
6.866488450042998 1.0 0.0
8.286427728546842 1.0 0.0
10.0 1.0 0.0
