  Energy in keV and normalized spectrum
  .279E+02  .154E-02
  .465E+02  .154E-02
  .651E+02  .154E-02
  .837E+02  .154E-02
  .102E+03  .153E-02
  .121E+03  .153E-02
  .139E+03  .153E-02
  .158E+03  .153E-02
  .177E+03  .153E-02
  .195E+03  .153E-02
  .214E+03  .154E-02
  .232E+03  .154E-02
  .251E+03  .155E-02
  .270E+03  .155E-02
  .288E+03  .156E-02
  .307E+03  .156E-02
  .325E+03  .157E-02
  .344E+03  .158E-02
  .363E+03  .158E-02
  .381E+03  .159E-02
  .400E+03  .160E-02
  .418E+03  .160E-02
  .437E+03  .161E-02
  .455E+03  .162E-02
  .474E+03  .162E-02
  .493E+03  .163E-02
  .511E+03  .163E-02
  .530E+03  .164E-02
  .548E+03  .165E-02
  .567E+03  .165E-02
  .586E+03  .166E-02
  .604E+03  .167E-02
  .623E+03  .167E-02
  .641E+03  .168E-02
  .660E+03  .168E-02
  .679E+03  .169E-02
  .697E+03  .169E-02
  .716E+03  .170E-02
  .734E+03  .170E-02
  .753E+03  .171E-02
  .772E+03  .171E-02
  .790E+03  .172E-02
  .809E+03  .172E-02
  .827E+03  .173E-02
  .846E+03  .173E-02
  .864E+03  .174E-02
  .883E+03  .174E-02
  .902E+03  .175E-02
  .920E+03  .175E-02
  .939E+03  .176E-02
  .957E+03  .176E-02
  .976E+03  .176E-02
  .995E+03  .177E-02
  .101E+04  .177E-02
  .103E+04  .178E-02
  .105E+04  .178E-02
  .107E+04  .178E-02
  .109E+04  .179E-02
  .111E+04  .179E-02
  .112E+04  .179E-02
  .114E+04  .180E-02
  .116E+04  .180E-02
  .118E+04  .180E-02
  .120E+04  .181E-02
  .122E+04  .181E-02
  .124E+04  .181E-02
  .125E+04  .182E-02
  .127E+04  .182E-02
  .129E+04  .182E-02
  .131E+04  .183E-02
  .133E+04  .183E-02
  .135E+04  .183E-02
  .137E+04  .183E-02
  .139E+04  .184E-02
  .140E+04  .184E-02
  .142E+04  .184E-02
  .144E+04  .184E-02
  .146E+04  .185E-02
  .148E+04  .185E-02
  .150E+04  .185E-02
  .152E+04  .185E-02
  .153E+04  .186E-02
  .155E+04  .186E-02
  .157E+04  .186E-02
  .159E+04  .186E-02
  .161E+04  .186E-02
  .163E+04  .187E-02
  .165E+04  .187E-02
  .166E+04  .187E-02
  .168E+04  .187E-02
  .170E+04  .187E-02
  .172E+04  .188E-02
  .174E+04  .188E-02
  .176E+04  .188E-02
  .178E+04  .188E-02
  .179E+04  .188E-02
  .181E+04  .188E-02
  .183E+04  .188E-02
  .185E+04  .189E-02
  .187E+04  .189E-02
  .189E+04  .189E-02
  .191E+04  .189E-02
  .192E+04  .189E-02
  .194E+04  .189E-02
  .196E+04  .189E-02
  .198E+04  .189E-02
  .200E+04  .190E-02
  .202E+04  .190E-02
  .204E+04  .190E-02
  .205E+04  .190E-02
  .207E+04  .190E-02
  .209E+04  .190E-02
  .211E+04  .190E-02
  .213E+04  .190E-02
  .215E+04  .190E-02
  .217E+04  .190E-02
  .218E+04  .190E-02
  .220E+04  .191E-02
  .222E+04  .191E-02
  .224E+04  .191E-02
  .226E+04  .191E-02
  .228E+04  .191E-02
  .230E+04  .191E-02
  .231E+04  .191E-02
  .233E+04  .191E-02
  .235E+04  .191E-02
  .237E+04  .191E-02
  .239E+04  .191E-02
  .241E+04  .191E-02
  .243E+04  .191E-02
  .244E+04  .191E-02
  .246E+04  .191E-02
  .248E+04  .191E-02
  .250E+04  .191E-02
  .252E+04  .191E-02
  .254E+04  .191E-02
  .256E+04  .191E-02
  .257E+04  .191E-02
  .259E+04  .191E-02
  .261E+04  .191E-02
  .263E+04  .191E-02
  .265E+04  .191E-02
  .267E+04  .191E-02
  .269E+04  .191E-02
  .270E+04  .191E-02
  .272E+04  .191E-02
  .274E+04  .191E-02
  .276E+04  .191E-02
  .278E+04  .191E-02
  .280E+04  .191E-02
  .282E+04  .191E-02
  .284E+04  .191E-02
  .285E+04  .191E-02
  .287E+04  .191E-02
  .289E+04  .191E-02
  .291E+04  .191E-02
  .293E+04  .191E-02
  .295E+04  .191E-02
  .297E+04  .191E-02
  .298E+04  .190E-02
  .300E+04  .190E-02
  .302E+04  .190E-02
  .304E+04  .190E-02
  .306E+04  .190E-02
  .308E+04  .190E-02
  .310E+04  .190E-02
  .311E+04  .190E-02
  .313E+04  .190E-02
  .315E+04  .190E-02
  .317E+04  .190E-02
  .319E+04  .190E-02
  .321E+04  .190E-02
  .323E+04  .190E-02
  .324E+04  .189E-02
  .326E+04  .189E-02
  .328E+04  .189E-02
  .330E+04  .189E-02
  .332E+04  .189E-02
  .334E+04  .189E-02
  .336E+04  .189E-02
  .337E+04  .189E-02
  .339E+04  .189E-02
  .341E+04  .189E-02
  .343E+04  .188E-02
  .345E+04  .188E-02
  .347E+04  .188E-02
  .349E+04  .188E-02
  .350E+04  .188E-02
  .352E+04  .188E-02
  .354E+04  .188E-02
  .356E+04  .188E-02
  .358E+04  .188E-02
  .360E+04  .187E-02
  .362E+04  .187E-02
  .363E+04  .187E-02
  .365E+04  .187E-02
  .367E+04  .187E-02
  .369E+04  .187E-02
  .371E+04  .187E-02
  .373E+04  .186E-02
  .375E+04  .186E-02
  .376E+04  .186E-02
  .378E+04  .186E-02
  .380E+04  .186E-02
  .382E+04  .186E-02
  .384E+04  .186E-02
  .386E+04  .185E-02
  .388E+04  .185E-02
  .389E+04  .185E-02
  .391E+04  .185E-02
  .393E+04  .185E-02
  .395E+04  .185E-02
  .397E+04  .185E-02
  .399E+04  .184E-02
  .401E+04  .184E-02
  .402E+04  .184E-02
  .404E+04  .184E-02
  .406E+04  .184E-02
  .408E+04  .184E-02
  .410E+04  .183E-02
  .412E+04  .183E-02
  .414E+04  .183E-02
  .416E+04  .183E-02
  .417E+04  .183E-02
  .419E+04  .182E-02
  .421E+04  .182E-02
  .423E+04  .182E-02
  .425E+04  .182E-02
  .427E+04  .182E-02
  .429E+04  .182E-02
  .430E+04  .181E-02
  .432E+04  .181E-02
  .434E+04  .181E-02
  .436E+04  .181E-02
  .438E+04  .181E-02
  .440E+04  .180E-02
  .442E+04  .180E-02
  .443E+04  .180E-02
  .445E+04  .180E-02
  .447E+04  .180E-02
  .449E+04  .179E-02
  .451E+04  .179E-02
  .453E+04  .179E-02
  .455E+04  .179E-02
  .456E+04  .179E-02
  .458E+04  .178E-02
  .460E+04  .178E-02
  .462E+04  .178E-02
  .464E+04  .178E-02
  .466E+04  .178E-02
  .468E+04  .177E-02
  .469E+04  .177E-02
  .471E+04  .177E-02
  .473E+04  .177E-02
  .475E+04  .176E-02
  .477E+04  .176E-02
  .479E+04  .176E-02
  .481E+04  .176E-02
  .482E+04  .176E-02
  .484E+04  .175E-02
  .486E+04  .175E-02
  .488E+04  .175E-02
  .490E+04  .175E-02
  .492E+04  .174E-02
  .494E+04  .174E-02
  .495E+04  .174E-02
  .497E+04  .174E-02
  .499E+04  .174E-02
  .501E+04  .173E-02
  .503E+04  .173E-02
  .505E+04  .173E-02
  .507E+04  .173E-02
  .508E+04  .172E-02
  .510E+04  .172E-02
  .512E+04  .172E-02
  .514E+04  .172E-02
  .516E+04  .171E-02
  .518E+04  .171E-02
  .520E+04  .171E-02
  .521E+04  .171E-02
  .523E+04  .170E-02
  .525E+04  .170E-02
  .527E+04  .170E-02
  .529E+04  .170E-02
  .531E+04  .169E-02
  .533E+04  .169E-02
  .534E+04  .169E-02
  .536E+04  .169E-02
  .538E+04  .168E-02
  .540E+04  .168E-02
  .542E+04  .168E-02
  .544E+04  .168E-02
  .546E+04  .167E-02
  .548E+04  .167E-02
  .549E+04  .167E-02
  .551E+04  .167E-02
  .553E+04  .166E-02
  .555E+04  .166E-02
  .557E+04  .166E-02
  .559E+04  .166E-02
  .561E+04  .165E-02
  .562E+04  .165E-02
  .564E+04  .165E-02
  .566E+04  .165E-02
  .568E+04  .164E-02
  .570E+04  .164E-02
  .572E+04  .164E-02
  .574E+04  .163E-02
  .575E+04  .163E-02
  .577E+04  .163E-02
  .579E+04  .163E-02
  .581E+04  .162E-02
  .583E+04  .162E-02
  .585E+04  .162E-02
  .587E+04  .162E-02
  .588E+04  .161E-02
  .590E+04  .161E-02
  .592E+04  .161E-02
  .594E+04  .160E-02
  .596E+04  .160E-02
  .598E+04  .160E-02
  .600E+04  .160E-02
  .601E+04  .159E-02
  .603E+04  .159E-02
  .605E+04  .159E-02
  .607E+04  .158E-02
  .609E+04  .158E-02
  .611E+04  .158E-02
  .613E+04  .158E-02
  .614E+04  .157E-02
  .616E+04  .157E-02
  .618E+04  .157E-02
  .620E+04  .156E-02
  .622E+04  .156E-02
  .624E+04  .156E-02
  .626E+04  .156E-02
  .627E+04  .155E-02
  .629E+04  .155E-02
  .631E+04  .155E-02
  .633E+04  .154E-02
  .635E+04  .154E-02
  .637E+04  .154E-02
  .639E+04  .154E-02
  .640E+04  .153E-02
  .642E+04  .153E-02
  .644E+04  .153E-02
  .646E+04  .152E-02
  .648E+04  .152E-02
  .650E+04  .152E-02
  .652E+04  .152E-02
  .653E+04  .151E-02
  .655E+04  .151E-02
  .657E+04  .151E-02
  .659E+04  .150E-02
  .661E+04  .150E-02
  .663E+04  .150E-02
  .665E+04  .149E-02
  .666E+04  .149E-02
  .668E+04  .149E-02
  .670E+04  .149E-02
  .672E+04  .148E-02
  .674E+04  .148E-02
  .676E+04  .148E-02
  .678E+04  .147E-02
  .680E+04  .147E-02
  .681E+04  .147E-02
  .683E+04  .146E-02
  .685E+04  .146E-02
  .687E+04  .146E-02
  .689E+04  .146E-02
  .691E+04  .145E-02
  .693E+04  .145E-02
  .694E+04  .145E-02
  .696E+04  .144E-02
  .698E+04  .144E-02
  .700E+04  .144E-02
  .702E+04  .143E-02
  .704E+04  .143E-02
  .706E+04  .143E-02
  .707E+04  .142E-02
  .709E+04  .142E-02
  .711E+04  .142E-02
  .713E+04  .141E-02
  .715E+04  .141E-02
  .717E+04  .141E-02
  .719E+04  .141E-02
  .720E+04  .140E-02
  .722E+04  .140E-02
  .724E+04  .140E-02
  .726E+04  .139E-02
  .728E+04  .139E-02
  .730E+04  .139E-02
  .732E+04  .138E-02
  .733E+04  .138E-02
  .735E+04  .138E-02
  .737E+04  .137E-02
  .739E+04  .137E-02
  .741E+04  .137E-02
  .743E+04  .136E-02
  .745E+04  .136E-02
  .746E+04  .136E-02
  .748E+04  .136E-02
  .750E+04  .135E-02
  .752E+04  .135E-02
  .754E+04  .135E-02
  .756E+04  .134E-02
  .758E+04  .134E-02
  .759E+04  .134E-02
  .761E+04  .133E-02
  .763E+04  .133E-02
  .765E+04  .133E-02
  .767E+04  .132E-02
  .769E+04  .132E-02
  .771E+04  .132E-02
  .772E+04  .131E-02
  .774E+04  .131E-02
  .776E+04  .131E-02
  .778E+04  .130E-02
  .780E+04  .130E-02
  .782E+04  .130E-02
  .784E+04  .129E-02
  .785E+04  .129E-02
  .787E+04  .129E-02
  .789E+04  .128E-02
  .791E+04  .128E-02
  .793E+04  .128E-02
  .795E+04  .127E-02
  .797E+04  .127E-02
  .798E+04  .127E-02
  .800E+04  .127E-02
  .802E+04  .126E-02
  .804E+04  .126E-02
  .806E+04  .126E-02
  .808E+04  .125E-02
  .810E+04  .125E-02
  .811E+04  .125E-02
  .813E+04  .124E-02
  .815E+04  .124E-02
  .817E+04  .124E-02
  .819E+04  .123E-02
  .821E+04  .123E-02
  .823E+04  .123E-02
  .825E+04  .122E-02
  .826E+04  .122E-02
  .828E+04  .122E-02
  .830E+04  .121E-02
  .832E+04  .121E-02
  .834E+04  .121E-02
  .836E+04  .120E-02
  .838E+04  .120E-02
  .839E+04  .120E-02
  .841E+04  .119E-02
  .843E+04  .119E-02
  .845E+04  .119E-02
  .847E+04  .118E-02
  .849E+04  .118E-02
  .851E+04  .118E-02
  .852E+04  .117E-02
  .854E+04  .117E-02
  .856E+04  .117E-02
  .858E+04  .116E-02
  .860E+04  .116E-02
  .862E+04  .116E-02
  .864E+04  .115E-02
  .865E+04  .115E-02
  .867E+04  .115E-02
  .869E+04  .114E-02
  .871E+04  .114E-02
  .873E+04  .114E-02
  .875E+04  .113E-02
  .877E+04  .113E-02
  .878E+04  .113E-02
  .880E+04  .112E-02
  .882E+04  .112E-02
  .884E+04  .112E-02
  .886E+04  .111E-02
  .888E+04  .111E-02
  .890E+04  .111E-02
  .891E+04  .110E-02
  .893E+04  .110E-02
  .895E+04  .110E-02
  .897E+04  .110E-02
  .899E+04  .109E-02
  .901E+04  .109E-02
  .903E+04  .109E-02
  .904E+04  .108E-02
  .906E+04  .108E-02
  .908E+04  .108E-02
  .910E+04  .107E-02
  .912E+04  .107E-02
  .914E+04  .107E-02
  .916E+04  .106E-02
  .917E+04  .106E-02
  .919E+04  .106E-02
  .921E+04  .105E-02
  .923E+04  .105E-02
  .925E+04  .105E-02
  .927E+04  .104E-02
  .929E+04  .104E-02
  .930E+04  .104E-02
  .932E+04  .103E-02
  .934E+04  .103E-02
  .936E+04  .103E-02
  .938E+04  .102E-02
  .940E+04  .102E-02
  .942E+04  .102E-02
  .943E+04  .101E-02
  .945E+04  .101E-02
  .947E+04  .101E-02
  .949E+04  .100E-02
  .951E+04  .100E-02
  .953E+04  .997E-03
  .955E+04  .994E-03
  .957E+04  .990E-03
  .958E+04  .987E-03
  .960E+04  .984E-03
  .962E+04  .980E-03
  .964E+04  .977E-03
  .966E+04  .974E-03
  .968E+04  .971E-03
  .970E+04  .967E-03
  .971E+04  .964E-03
  .973E+04  .961E-03
  .975E+04  .958E-03
  .977E+04  .954E-03
  .979E+04  .951E-03
  .981E+04  .948E-03
  .983E+04  .945E-03
  .984E+04  .941E-03
  .986E+04  .938E-03
  .988E+04  .935E-03
  .990E+04  .932E-03
  .992E+04  .928E-03
  .994E+04  .925E-03
  .996E+04  .922E-03
  .997E+04  .919E-03
  .999E+04  .915E-03
  .100E+05  .912E-03
  .100E+05  .909E-03
  .100E+05  .906E-03
  .101E+05  .903E-03
  .101E+05  .899E-03
  .101E+05  .896E-03
  .101E+05  .893E-03
  .101E+05  .890E-03
  .102E+05  .886E-03
  .102E+05  .883E-03
  .102E+05  .880E-03
  .102E+05  .877E-03
  .102E+05  .874E-03
  .103E+05  .870E-03
  .103E+05  .867E-03
  .103E+05  .864E-03
  .103E+05  .861E-03
  .103E+05  .858E-03
  .103E+05  .854E-03
  .104E+05  .851E-03
  .104E+05  .848E-03
  .104E+05  .845E-03
  .104E+05  .842E-03
  .104E+05  .839E-03
  .105E+05  .835E-03
  .105E+05  .832E-03
  .105E+05  .829E-03
  .105E+05  .826E-03
  .105E+05  .823E-03
  .106E+05  .819E-03
  .106E+05  .816E-03
  .106E+05  .813E-03
  .106E+05  .810E-03
  .106E+05  .807E-03
  .106E+05  .804E-03
  .107E+05  .801E-03
  .107E+05  .797E-03
  .107E+05  .794E-03
  .107E+05  .791E-03
  .107E+05  .788E-03
  .108E+05  .785E-03
  .108E+05  .782E-03
  .108E+05  .779E-03
  .108E+05  .775E-03
  .108E+05  .772E-03
  .108E+05  .769E-03
  .109E+05  .766E-03
  .109E+05  .763E-03
  .109E+05  .760E-03
  .109E+05  .757E-03
  .109E+05  .754E-03
  .110E+05  .751E-03
  .110E+05  .747E-03
  .110E+05  .744E-03
  .110E+05  .741E-03
  .110E+05  .738E-03
  .111E+05  .735E-03
  .111E+05  .732E-03
  .111E+05  .729E-03
  .111E+05  .726E-03
  .111E+05  .723E-03
  .111E+05  .720E-03
  .112E+05  .717E-03
  .112E+05  .714E-03
  .112E+05  .710E-03
  .112E+05  .707E-03
  .112E+05  .704E-03
  .113E+05  .701E-03
  .113E+05  .698E-03
  .113E+05  .695E-03
  .113E+05  .692E-03
  .113E+05  .689E-03
  .113E+05  .686E-03
  .114E+05  .683E-03
  .114E+05  .680E-03
  .114E+05  .677E-03
  .114E+05  .674E-03
  .114E+05  .671E-03
  .115E+05  .668E-03
  .115E+05  .665E-03
  .115E+05  .662E-03
  .115E+05  .659E-03
  .115E+05  .656E-03
  .116E+05  .653E-03
  .116E+05  .650E-03
  .116E+05  .647E-03
  .116E+05  .644E-03
  .116E+05  .641E-03
  .116E+05  .638E-03
  .117E+05  .635E-03
  .117E+05  .632E-03
  .117E+05  .629E-03
  .117E+05  .626E-03
  .117E+05  .623E-03
  .118E+05  .620E-03
  .118E+05  .617E-03
  .118E+05  .615E-03
  .118E+05  .612E-03
  .118E+05  .609E-03
  .119E+05  .606E-03
  .119E+05  .603E-03
  .119E+05  .600E-03
  .119E+05  .597E-03
  .119E+05  .594E-03
  .119E+05  .591E-03
  .120E+05  .588E-03
  .120E+05  .585E-03
  .120E+05  .583E-03
  .120E+05  .580E-03
  .120E+05  .577E-03
  .121E+05  .574E-03
  .121E+05  .571E-03
  .121E+05  .568E-03
  .121E+05  .565E-03
  .121E+05  .562E-03
  .121E+05  .560E-03
  .122E+05  .557E-03
  .122E+05  .554E-03
  .122E+05  .551E-03
  .122E+05  .548E-03
  .122E+05  .545E-03
  .123E+05  .543E-03
  .123E+05  .540E-03
  .123E+05  .537E-03
  .123E+05  .534E-03
  .123E+05  .531E-03
  .124E+05  .529E-03
  .124E+05  .526E-03
  .124E+05  .523E-03
  .124E+05  .520E-03
  .124E+05  .517E-03
  .124E+05  .515E-03
  .125E+05  .512E-03
  .125E+05  .509E-03
  .125E+05  .506E-03
  .125E+05  .504E-03
  .125E+05  .501E-03
  .126E+05  .498E-03
  .126E+05  .495E-03
  .126E+05  .493E-03
  .126E+05  .490E-03
  .126E+05  .487E-03
  .127E+05  .485E-03
  .127E+05  .482E-03
  .127E+05  .479E-03
  .127E+05  .476E-03
  .127E+05  .474E-03
  .127E+05  .471E-03
  .128E+05  .468E-03
  .128E+05  .466E-03
  .128E+05  .463E-03
  .128E+05  .460E-03
  .128E+05  .458E-03
  .129E+05  .455E-03
  .129E+05  .452E-03
  .129E+05  .450E-03
  .129E+05  .447E-03
  .129E+05  .444E-03
  .129E+05  .442E-03
  .130E+05  .439E-03
  .130E+05  .437E-03
  .130E+05  .434E-03
  .130E+05  .431E-03
  .130E+05  .429E-03
  .131E+05  .426E-03
  .131E+05  .424E-03
  .131E+05  .421E-03
  .131E+05  .418E-03
  .131E+05  .416E-03
  .132E+05  .413E-03
  .132E+05  .411E-03
  .132E+05  .408E-03
  .132E+05  .406E-03
  .132E+05  .403E-03
  .132E+05  .401E-03
  .133E+05  .398E-03
  .133E+05  .396E-03
  .133E+05  .393E-03
  .133E+05  .391E-03
  .133E+05  .388E-03
  .134E+05  .386E-03
  .134E+05  .383E-03
  .134E+05  .381E-03
  .134E+05  .378E-03
  .134E+05  .376E-03
  .135E+05  .373E-03
  .135E+05  .371E-03
  .135E+05  .368E-03
  .135E+05  .366E-03
  .135E+05  .363E-03
  .135E+05  .361E-03
  .136E+05  .359E-03
  .136E+05  .356E-03
  .136E+05  .354E-03
  .136E+05  .351E-03
  .136E+05  .349E-03
  .137E+05  .346E-03
  .137E+05  .344E-03
  .137E+05  .342E-03
  .137E+05  .339E-03
  .137E+05  .337E-03
  .137E+05  .335E-03
  .138E+05  .332E-03
  .138E+05  .330E-03
  .138E+05  .328E-03
  .138E+05  .325E-03
  .138E+05  .323E-03
  .139E+05  .321E-03
  .139E+05  .318E-03
  .139E+05  .316E-03
  .139E+05  .314E-03
  .139E+05  .311E-03
  .140E+05  .309E-03
  .140E+05  .307E-03
  .140E+05  .305E-03
  .140E+05  .302E-03
  .140E+05  .300E-03
  .140E+05  .298E-03
  .141E+05  .296E-03
  .141E+05  .293E-03
  .141E+05  .291E-03
  .141E+05  .289E-03
  .141E+05  .287E-03
  .142E+05  .284E-03
  .142E+05  .282E-03
  .142E+05  .280E-03
  .142E+05  .278E-03
  .142E+05  .276E-03
  .143E+05  .273E-03
  .143E+05  .271E-03
  .143E+05  .269E-03
  .143E+05  .267E-03
  .143E+05  .265E-03
  .143E+05  .263E-03
  .144E+05  .261E-03
  .144E+05  .258E-03
  .144E+05  .256E-03
  .144E+05  .254E-03
  .144E+05  .252E-03
  .145E+05  .250E-03
  .145E+05  .248E-03
  .145E+05  .246E-03
  .145E+05  .244E-03
  .145E+05  .242E-03
  .145E+05  .240E-03
  .146E+05  .238E-03
  .146E+05  .235E-03
  .146E+05  .233E-03
  .146E+05  .231E-03
  .146E+05  .229E-03
  .147E+05  .227E-03
  .147E+05  .225E-03
  .147E+05  .223E-03
  .147E+05  .221E-03
  .147E+05  .219E-03
  .148E+05  .217E-03
  .148E+05  .215E-03
  .148E+05  .214E-03
  .148E+05  .212E-03
  .148E+05  .210E-03
  .148E+05  .208E-03
  .149E+05  .206E-03
  .149E+05  .204E-03
  .149E+05  .202E-03
  .149E+05  .200E-03
  .149E+05  .198E-03
  .150E+05  .196E-03
  .150E+05  .194E-03
  .150E+05  .192E-03
  .150E+05  .191E-03
  .150E+05  .189E-03
  .150E+05  .187E-03
  .151E+05  .185E-03
  .151E+05  .183E-03
  .151E+05  .181E-03
  .151E+05  .180E-03
  .151E+05  .178E-03
  .152E+05  .176E-03
  .152E+05  .174E-03
  .152E+05  .172E-03
  .152E+05  .171E-03
  .152E+05  .169E-03
  .153E+05  .167E-03
  .153E+05  .165E-03
  .153E+05  .164E-03
  .153E+05  .162E-03
  .153E+05  .160E-03
  .153E+05  .158E-03
  .154E+05  .157E-03
  .154E+05  .155E-03
  .154E+05  .153E-03
  .154E+05  .152E-03
  .154E+05  .150E-03
  .155E+05  .148E-03
  .155E+05  .147E-03
  .155E+05  .145E-03
  .155E+05  .143E-03
  .155E+05  .142E-03
  .156E+05  .140E-03
  .156E+05  .138E-03
  .156E+05  .137E-03
  .156E+05  .135E-03
  .156E+05  .134E-03
  .156E+05  .132E-03
  .157E+05  .130E-03
  .157E+05  .129E-03
  .157E+05  .127E-03
  .157E+05  .126E-03
  .157E+05  .124E-03
  .158E+05  .123E-03
  .158E+05  .121E-03
  .158E+05  .120E-03
  .158E+05  .118E-03
  .158E+05  .117E-03
  .158E+05  .115E-03
  .159E+05  .114E-03
  .159E+05  .112E-03
  .159E+05  .111E-03
  .159E+05  .109E-03
  .159E+05  .108E-03
  .160E+05  .106E-03
  .160E+05  .105E-03
  .160E+05  .103E-03
  .160E+05  .102E-03
  .160E+05  .101E-03
  .161E+05  .992E-04
  .161E+05  .978E-04
  .161E+05  .964E-04
  .161E+05  .951E-04
  .161E+05  .937E-04
  .161E+05  .924E-04
  .162E+05  .910E-04
  .162E+05  .897E-04
  .162E+05  .884E-04
  .162E+05  .871E-04
  .162E+05  .858E-04
  .163E+05  .845E-04
  .163E+05  .832E-04
  .163E+05  .819E-04
  .163E+05  .806E-04
  .163E+05  .794E-04
  .164E+05  .781E-04
  .164E+05  .769E-04
  .164E+05  .756E-04
  .164E+05  .744E-04
  .164E+05  .732E-04
  .164E+05  .720E-04
  .165E+05  .708E-04
  .165E+05  .696E-04
  .165E+05  .685E-04
  .165E+05  .673E-04
  .165E+05  .661E-04
  .166E+05  .650E-04
  .166E+05  .638E-04
  .166E+05  .627E-04
  .166E+05  .616E-04
  .166E+05  .605E-04
  .166E+05  .594E-04
  .167E+05  .583E-04
  .167E+05  .572E-04
  .167E+05  .561E-04
  .167E+05  .551E-04
  .167E+05  .540E-04
  .168E+05  .530E-04
  .168E+05  .520E-04
  .168E+05  .509E-04
  .168E+05  .499E-04
  .168E+05  .489E-04
  .169E+05  .479E-04
  .169E+05  .469E-04
  .169E+05  .460E-04
  .169E+05  .450E-04
  .169E+05  .440E-04
  .169E+05  .431E-04
  .170E+05  .422E-04
  .170E+05  .412E-04
  .170E+05  .403E-04
  .170E+05  .394E-04
  .170E+05  .385E-04
  .171E+05  .376E-04
  .171E+05  .367E-04
  .171E+05  .359E-04
  .171E+05  .350E-04
  .171E+05  .342E-04
  .172E+05  .333E-04
  .172E+05  .325E-04
  .172E+05  .317E-04
  .172E+05  .309E-04
  .172E+05  .301E-04
  .172E+05  .293E-04
  .173E+05  .285E-04
  .173E+05  .277E-04
  .173E+05  .270E-04
  .173E+05  .262E-04
  .173E+05  .255E-04
  .174E+05  .248E-04
  .174E+05  .241E-04
  .174E+05  .234E-04
  .174E+05  .227E-04
  .174E+05  .220E-04
  .174E+05  .213E-04
  .175E+05  .206E-04
  .175E+05  .200E-04
  .175E+05  .193E-04
  .175E+05  .187E-04
  .175E+05  .181E-04
  .176E+05  .175E-04
  .176E+05  .169E-04
  .176E+05  .163E-04
  .176E+05  .157E-04
  .176E+05  .151E-04
  .177E+05  .145E-04
  .177E+05  .140E-04
  .177E+05  .134E-04
  .177E+05  .129E-04
  .177E+05  .124E-04
  .177E+05  .119E-04
  .178E+05  .114E-04
  .178E+05  .109E-04
  .178E+05  .104E-04
  .178E+05  .994E-05
  .178E+05  .949E-05
  .179E+05  .904E-05
  .179E+05  .860E-05
  .179E+05  .818E-05
  .179E+05  .776E-05
  .179E+05  .736E-05
  .179E+05  .696E-05
  .180E+05  .658E-05
  .180E+05  .621E-05
  .180E+05  .584E-05
  .180E+05  .549E-05
  .180E+05  .515E-05
  .181E+05  .482E-05
  .181E+05  .450E-05
  .181E+05  .419E-05
  .181E+05  .390E-05
  .181E+05  .361E-05
  .182E+05  .333E-05
  .182E+05  .307E-05
  .182E+05  .281E-05
  .182E+05  .257E-05
  .182E+05  .234E-05
  .182E+05  .212E-05
  .183E+05  .191E-05
  .183E+05  .171E-05
  .183E+05  .152E-05
  .183E+05  .134E-05
  .183E+05  .117E-05
  .184E+05  .102E-05
  .184E+05  .873E-06
  .184E+05  .739E-06
  .184E+05  .616E-06
  .184E+05  .505E-06
  .185E+05  .404E-06
  .185E+05  .315E-06
  .185E+05  .237E-06
  .185E+05  .170E-06
  .185E+05  .114E-06
  .185E+05  .687E-07
  .186E+05  .351E-07
  .186E+05  .126E-07
  .186E+05  .140E-08
