0.001 0.002307606528657552 2.823240561630528e-05
0.0012067926406393288 0.0032744919596251663 3.9837704197006945e-05
0.0014563484775012444 0.004645676816324101 5.652814279683996e-05
0.0017575106248547913 0.0068367233568942766 8.1212352587756e-05
0.0021209508879201904 0.009524620108441687 0.00011305947605246994
0.002559547922699536 0.014167386850609543 0.00016239263032337683
0.0030888435964774815 0.019297218084634978 0.00022337368604488398
0.003727593720314938 0.02674618224133758 0.00030503435920620876
0.004498432668969444 0.03697011928557698 0.00041592063091841583
0.005428675439323859 0.049938943059286985 0.0005573061372714918
0.006551285568595509 0.06913289593994401 0.0007320876610269484
0.0079060432109077 0.09233341618395621 0.0009511583039978393
0.009540954763499945 0.12235491758233749 0.0012203096888232974
0.01151395399326447 0.15567974619992297 0.001505658108199733
0.013894954943731374 0.20138329487797588 0.0018478784034047574
0.016768329368110076 0.2460464356997417 0.0021763675658503213
0.020235896477251564 0.3078145829247691 0.0025039854045722093
0.02442053094548651 0.36391287756340535 0.0028176797540652543
0.029470517025518096 0.4352263848747152 0.003081758038109098
0.03556480306223128 0.49099855777016627 0.003264224133879039
0.04291934260128776 0.5536717133604663 0.0033833747300285634
0.0517947467923121 0.6095295366715926 0.003439941954750667
0.0625055192527397 0.6599593077224412 0.0034216746854059147
0.07543120063354615 0.7066781518251434 0.0033844716770125276
0.09102981779915217 0.7488945587189326 0.0032794044505643923
0.10985411419875583 0.784830381849583 0.0031615914205204497
0.13257113655901082 0.8134173581768255 0.003041245098383664
0.15998587196060574 0.8420040160534324 0.0028672153319142537
0.19306977288832497 0.8616771895871239 0.0027512893397070746
0.2329951810515372 0.8832328846277349 0.002583943563793007
0.2811768697974228 0.9013272988749798 0.002415187562272072
0.3393221771895326 0.9137891823629009 0.0022874861102767847
0.4094915062380423 0.9264659554481172 0.0021367802033292376
0.49417133613238334 0.9323330751806086 0.0020813380236531266
0.5963623316594643 0.9432252077929448 0.0019155512525782681
0.7196856730011514 0.9521930163602214 0.0017848825354754038
0.868511373751352 0.9571375455283467 0.001706641371406783
1.0481131341546852 0.9622583993249858 0.0015999986129074581
1.2648552168552958 0.9655443154265174 0.0015605542914899856
1.5264179671752318 0.9689238393268739 0.0014992921217438914
1.8420699693267144 0.9732834690995856 0.001374473579219262
2.2229964825261934 0.9802449673919553 0.001169101038210304
2.6826957952797246 0.980175875572133 0.0011915300101338268
3.2374575428176433 0.9804361219867158 0.0011979448333571785
3.906939937054613 0.9834616090921383 0.0010876501018357509
4.714866363457389 0.9862748719736932 0.0009787215351562332
5.689866029018293 0.987369178160253 0.0009726802160383023
6.866488450042998 0.9886972707210625 0.0009333679545767068
8.286427728546842 0.9897204642270444 0.0009009672102827822
10.0 0.9906409731112262 0.0008582835766778446
