0.001 0.0023780143817954545 2.892851163748166e-05
0.0012067926406393288 0.00345198258709585 4.1029661453192074e-05
0.0014563484775012444 0.004824435193765939 5.752178316650172e-05
0.0017575106248547913 0.007287989247652969 8.434886763701113e-05
0.0021209508879201904 0.010082792587961412 0.00011656292419416506
0.002559547922699536 0.013963092975592182 0.00016344281317040598
0.0030888435964774815 0.019382925502146618 0.0002244223671742752
0.003727593720314938 0.027693618700233572 0.0003128365668899586
0.004498432668969444 0.038001718718723286 0.0004192451325218616
0.005428675439323859 0.052772051370125084 0.000572435912114277
0.006551285568595509 0.07015945262900926 0.0007426442471904097
0.0079060432109077 0.09326311344034423 0.0009624047497006519
0.009540954763499945 0.12346340860107519 0.0012371931549947385
0.01151395399326447 0.15902425913342638 0.0015196693041649508
0.013894954943731374 0.2043334133882083 0.0018667328381289123
0.016768329368110076 0.25413424336989754 0.0021985709707178303
0.020235896477251564 0.3096163235357974 0.0025401028996419883
0.02442053094548651 0.3728882083749902 0.002817217287450903
0.029470517025518096 0.4363019241507619 0.0030577700317126356
0.03556480306223128 0.4965218395854108 0.0032586145965517984
0.04291934260128776 0.55463083075514 0.003363615368367605
0.0517947467923121 0.6095084111743895 0.0034302015530045527
0.0625055192527397 0.6674896217244952 0.0034036253619121252
0.07543120063354615 0.7118465549665589 0.003373683515858447
0.09102981779915217 0.7595679522253911 0.0032345804663836543
0.10985411419875583 0.7819926777458253 0.0031867880272925865
0.13257113655901082 0.821264733857989 0.002954532084363114
0.15998587196060574 0.846699335524354 0.0028366829624210227
0.19306977288832497 0.8662093727538144 0.0027197973668969797
0.2329951810515372 0.8876609309272783 0.0025460426237892673
0.2811768697974228 0.898666691145851 0.0024720810325874034
0.3393221771895326 0.9144480624525583 0.002286468755712499
0.4094915062380423 0.9301380509903844 0.0020816142600405003
0.49417133613238334 0.9374481954977011 0.0020063100631121868
0.5963623316594643 0.9479194793552406 0.0018608297396596526
0.7196856730011514 0.9534173101695036 0.0017645429468609527
0.868511373751352 0.9595824949398591 0.0016445486578026743
1.0481131341546852 0.9653492218048985 0.001526170021232329
1.2648552168552958 0.9673808513573993 0.0014999291411435947
1.5264179671752318 0.9739539041431396 0.0013529803315681821
1.8420699693267144 0.9758965168251507 0.0013259051511980535
2.2229964825261934 0.9778331992917145 0.0012627970605281205
2.6826957952797246 0.9807332332497606 0.0012002636249941203
3.2374575428176433 0.9828954723714706 0.001114968355777545
3.906939937054613 0.9842912722541239 0.0010653726005272035
4.714866363457389 0.9860143591332468 0.0010267889040288473
5.689866029018293 0.9881641695428889 0.0009386712490970426
6.866488450042998 0.989037819704182 0.0009179555481780585
8.286427728546842 0.9891213790381115 0.0009413454029382414
10.0 0.9930828987297234 0.0007450212319940397
