0.001 0.0023670026614678527 2.85817889387992e-05
0.0012067926406393288 0.0033835443338336487 4.087616828356781e-05
0.0014563484775012444 0.004908234988577742 5.7966990011076916e-05
0.0017575106248547913 0.006767747051159715 8.159958842339893e-05
0.0021209508879201904 0.009722010235183634 0.00011477963345271097
0.002559547922699536 0.013798716794779443 0.00016383185265124306
0.0030888435964774815 0.01921242694191278 0.0002252893087604382
0.003727593720314938 0.02718045588674206 0.00030856856957929487
0.004498432668969444 0.037675223832477935 0.0004179900340480694
0.005428675439323859 0.05208824747095174 0.0005666866778566987
0.006551285568595509 0.06899189785576604 0.000738807727132572
0.0079060432109077 0.0915730313556856 0.0009518301640248446
0.009540954763499945 0.12356241279197491 0.0012348345638998014
0.01151395399326447 0.1579378831015795 0.0015095714831305236
0.013894954943731374 0.2032293485509792 0.001847849764724035
0.016768329368110076 0.2510569006256761 0.0021770887005994567
0.020235896477251564 0.30994155274852464 0.0025260565632477857
0.02442053094548651 0.3732531294271302 0.0028241145095126725
0.029470517025518096 0.4330974512096235 0.003086587606444381
0.03556480306223128 0.49493802935494824 0.0032604759227662433
0.04291934260128776 0.5594140698716494 0.0033677395100891617
0.0517947467923121 0.6122041717069133 0.0034359623886049385
0.0625055192527397 0.6611049952886269 0.0034543371145767444
0.07543120063354615 0.7084981051921182 0.003392335301753148
0.09102981779915217 0.7547503516499927 0.0032485539844294754
0.10985411419875583 0.7843701961041221 0.003156331582395854
0.13257113655901082 0.8132520889925218 0.0030522345950784206
0.15998587196060574 0.8370489693089205 0.002924166194326676
0.19306977288832497 0.867049443943127 0.0026981363547211538
0.2329951810515372 0.8813213476178359 0.002592548920140932
0.2811768697974228 0.9011501791383367 0.002414645063978776
0.3393221771895326 0.9127254605848543 0.0023043922585661105
0.4094915062380423 0.9221497754643994 0.0022165462969859244
0.49417133613238334 0.9369597120600281 0.002005689016324576
0.5963623316594643 0.9437822345485062 0.001927456709862488
0.7196856730011514 0.952157943648716 0.00177758453252386
0.868511373751352 0.9588453314770164 0.0016732025615858919
1.0481131341546852 0.9621486578790109 0.0015965792996536076
1.2648552168552958 0.9683261966274338 0.0014865547556269212
1.5264179671752318 0.9717210976964618 0.0014058564104979727
1.8420699693267144 0.9737877704160992 0.0013796636395792745
2.2229964825261934 0.977861697972416 0.0012545376267092281
2.6826957952797246 0.9815108485433739 0.0011417444011667924
3.2374575428176433 0.9831145991583154 0.001109835123211132
3.906939937054613 0.9845785564746607 0.0010737241783593358
4.714866363457389 0.9859912036178661 0.0010295785224415295
5.689866029018293 0.9882155784211116 0.0009392257506368716
6.866488450042998 0.9882408074993068 0.0009559814421788205
8.286427728546842 0.9907517489449279 0.0008520879087771997
10.0 0.9908606942751714 0.0008804843931522054
