0.001 0.0231592948507512 0.0001688891860038504
0.0012067926406393288 0.027750078094444366 0.00020343511540796614
0.0014563484775012444 0.03373124175483018 0.0002453862077586487
0.0017575106248547913 0.04089475684313042 0.0002897555789616717
0.0021209508879201904 0.04809031803055585 0.0003458639362232845
0.002559547922699536 0.05848392855403814 0.00041908735273187816
0.0030888435964774815 0.06887322349367264 0.00048191487641766707
0.003727593720314938 0.08307122443570975 0.0005859983578056744
0.004498432668969444 0.09870044702204711 0.0006928849605995034
0.005428675439323859 0.11600016088691652 0.0008110752885490014
0.006551285568595509 0.13701114026366096 0.0009420859716199929
0.0079060432109077 0.16354499169119704 0.0011037792521796626
0.009540954763499945 0.1928725412292823 0.0012733181816658315
0.01151395399326447 0.2253987578087648 0.0014538920210202901
0.013894954943731374 0.26178107736491296 0.0016682332393022315
0.016768329368110076 0.2995048882742723 0.001852575903799965
0.020235896477251564 0.34380887001280896 0.002061712376674495
0.02442053094548651 0.3930626293008555 0.0022603727503010397
0.029470517025518096 0.44521404014125565 0.0024586980735455716
0.03556480306223128 0.492449828161197 0.002613822274764976
0.04291934260128776 0.5421284414568858 0.00274859468898471
0.0517947467923121 0.5979627555376038 0.0028092856701787366
0.0625055192527397 0.6410515410727674 0.002904305618494565
0.07543120063354615 0.6856496510749006 0.0028994353424977104
0.09102981779915217 0.7309399295478762 0.002844125997893184
0.10985411419875583 0.7633274708847454 0.002811649208242118
0.13257113655901082 0.7978531350220708 0.0027402649851635177
0.15998587196060574 0.8314101060758707 0.0025917010459053104
0.19306977288832497 0.8476922558901154 0.002536668456226971
0.2329951810515372 0.871203195128185 0.0023965421903152408
0.2811768697974228 0.8904562710739751 0.0022635135427813437
0.3393221771895326 0.9053555023236864 0.0021393446164455336
0.4094915062380423 0.9194091239978588 0.0020052970289621266
0.49417133613238334 0.9281276071466346 0.00194573490887907
0.5963623316594643 0.9375934831570361 0.0018148404113811647
0.7196856730011514 0.9470025649502429 0.0017056535830984104
0.868511373751352 0.9537555381364246 0.0016270493029298852
1.0481131341546852 0.9633929397790741 0.0014491089495451632
1.2648552168552958 0.9634096064574472 0.0014532724881491856
1.5264179671752318 0.971633116716469 0.0012980328942510837
1.8420699693267144 0.9751769131985198 0.0012038265853546277
2.2229964825261934 0.9777516214577449 0.0011739386604530662
2.6826957952797246 0.9791182977666116 0.0011682317123895968
3.2374575428176433 0.9823371010595354 0.0010668797341975653
3.906939937054613 0.9831082505865401 0.0010635909419664672
4.714866363457389 0.9863355323632048 0.0009637031282490377
5.689866029018293 0.9880200816161149 0.000913007260686238
6.866488450042998 0.9889328452876294 0.0008883167393876702
8.286427728546842 0.9894444332404141 0.0008656983922157119
10.0 0.9896780774188799 0.0009043991658537924
