0.001 0.022647823907601516 0.00016690499597917235
0.0012067926406393288 0.02712894898311656 0.00019835227168530416
0.0014563484775012444 0.032327247321379454 0.00023841131482789623
0.0017575106248547913 0.039545369668201553 0.0002882950762813916
0.0021209508879201904 0.04686555691805077 0.00034240812965233026
0.002559547922699536 0.057970925978118065 0.0004141074150564941
0.0030888435964774815 0.0679902112193823 0.0004885538604198807
0.003727593720314938 0.08092025989850309 0.000576898948283951
0.004498432668969444 0.0961115917571846 0.0006848752839731129
0.005428675439323859 0.11293352119494485 0.0008063394882720752
0.006551285568595509 0.13627198752993153 0.0009381111224802283
0.0079060432109077 0.1606080755795169 0.0010921628603570098
0.009540954763499945 0.18910678620016194 0.0012699948572195926
0.01151395399326447 0.218413625647723 0.0014482186241662636
0.013894954943731374 0.25619425650068395 0.0016617086914034723
0.016768329368110076 0.2915070593900942 0.0018624693592022312
0.020235896477251564 0.3407245823526027 0.002057235150431116
0.02442053094548651 0.3834815070363898 0.0022740351605235916
0.029470517025518096 0.4392893007126261 0.002467793028846434
0.03556480306223128 0.4839022301580863 0.002633958959209878
0.04291934260128776 0.5373622752963465 0.002759829469000336
0.0517947467923121 0.5865503812557622 0.0028574612096505725
0.0625055192527397 0.6327059812788801 0.002900636157616918
0.07543120063354615 0.6786898686894552 0.002921539115738653
0.09102981779915217 0.7214177699693984 0.002894507069447555
0.10985411419875583 0.759766596526887 0.0028330128727442868
0.13257113655901082 0.7905526475026315 0.002768411403184365
0.15998587196060574 0.8216127533018778 0.002640161619454732
0.19306977288832497 0.8446944735538539 0.0025590194678640284
0.2329951810515372 0.8677455520310219 0.002424093799001901
0.2811768697974228 0.8889495718198356 0.0022821252211945938
0.3393221771895326 0.9027190084641891 0.0021700777739494287
0.4094915062380423 0.9168700015924088 0.002037667421090825
0.49417133613238334 0.9246823448169987 0.0019882433142975513
0.5963623316594643 0.9365783753727747 0.0018346475541768804
0.7196856730011514 0.9471344512313861 0.0017097441036215948
0.868511373751352 0.9520781070932613 0.0016475230612218556
1.0481131341546852 0.9581263527815288 0.001551668657080718
1.2648552168552958 0.962223053495987 0.0015098449127601988
1.5264179671752318 0.9661715662120088 0.001447237814024028
1.8420699693267144 0.9708169314495863 0.0013356868121651405
2.2229964825261934 0.9778725047208009 0.0011418952507755058
2.6826957952797246 0.9781338409003194 0.0011660573885250577
3.2374575428176433 0.9788512785741895 0.001170990273758842
3.906939937054613 0.9819070892928534 0.0010707076581076345
4.714866363457389 0.9848013654563871 0.0009719968450592619
5.689866029018293 0.9860081747491993 0.0009731346743196129
6.866488450042998 0.9875036014590811 0.0009404210365801107
8.286427728546842 0.9887693694280768 0.000911955417920078
10.0 0.9896413336268788 0.0008761531888009987
