0.001 0.02298560132769269 0.00016959472250083543
0.0012067926406393288 0.027965160486506237 0.00020229338925980815
0.0014563484775012444 0.03316281411764706 0.00024006642836350557
0.0017575106248547913 0.041327955688768986 0.0002911025113854639
0.0021209508879201904 0.04869161207392574 0.0003462084253075743
0.002559547922699536 0.05739771935762775 0.00041339920774221243
0.0030888435964774815 0.06825966976538508 0.00048812404293781177
0.003727593720314938 0.08264467030424315 0.0005840291222182621
0.004498432668969444 0.09833544139230775 0.000682114595390465
0.005428675439323859 0.11738182400960306 0.0008133367367303604
0.006551285568595509 0.13743020797196365 0.0009451355059991207
0.0079060432109077 0.1616488487441808 0.001096907377884106
0.009540954763499945 0.19015196335553716 0.0012776846031582734
0.01151395399326447 0.22207279129827406 0.0014488163258932723
0.013894954943731374 0.25879925829901124 0.0016701080113235038
0.016768329368110076 0.2984395697694947 0.0018719037069954239
0.020235896477251564 0.3420765213151271 0.002078465574318823
0.02442053094548651 0.3909460333821561 0.0022656980645832502
0.029470517025518096 0.4407827096242187 0.002445930875051533
0.03556480306223128 0.48937716084761024 0.0026190417804823223
0.04291934260128776 0.5380029429745277 0.002742594903331738
0.0517947467923121 0.5867850670687851 0.0028468684572791653
0.0625055192527397 0.6397242763463369 0.0028838802024413767
0.07543120063354615 0.6843131112009747 0.0029232453134802948
0.09102981779915217 0.7314687975738234 0.0028539099652433726
0.10985411419875583 0.7576300252596473 0.00285647950217763
0.13257113655901082 0.797085215278577 0.0026958470868780234
0.15998587196060574 0.8265118762895909 0.0026071000231259246
0.19306977288832497 0.8493130451238267 0.0025351273133184526
0.2329951810515372 0.8731671788405428 0.002386033851678583
0.2811768697974228 0.8862630767060625 0.002333589417011335
0.3393221771895326 0.9038146426275322 0.002173894418951122
0.4094915062380423 0.9206912391707017 0.001987521525240645
0.49417133613238334 0.9293090507542034 0.0019177314186849617
0.5963623316594643 0.9417492009486268 0.0017888195422499636
0.7196856730011514 0.948310590839685 0.0016918980939021205
0.868511373751352 0.9543574971474754 0.0015981375829634253
1.0481131341546852 0.9609244883973823 0.0014834753519581032
1.2648552168552958 0.9641935636357565 0.001447336242181771
1.5264179671752318 0.9712386271140651 0.0013080015617789689
1.8420699693267144 0.9735226123734149 0.0012906364929526652
2.2229964825261934 0.9756064576951132 0.0012349789301453987
2.6826957952797246 0.9789071786558674 0.0011766712119882304
3.2374575428176433 0.9810090505160589 0.00110043881042432
3.906939937054613 0.9826895557597032 0.0010528755488320321
4.714866363457389 0.9848419923136303 0.001020449546130359
5.689866029018293 0.9868509557726153 0.0009425857195199777
6.866488450042998 0.9879401642050536 0.0009274437495345095
8.286427728546842 0.9881741754270579 0.0009551435225103521
10.0 0.9921553900248055 0.0007631087555597943
