0.001 3.4952600575355804e-05 5.869693354916967e-07
0.0012067926406393288 6.036251911976911e-05 1.014653391442637e-06
0.0014563484775012444 0.00010286174879089754 1.7371340167763495e-06
0.0017575106248547913 0.00017941521941959666 3.0126696501651793e-06
0.0021209508879201904 0.00029930690138337907 4.942214491636562e-06
0.002559547922699536 0.0005076575556927577 8.295400623120496e-06
0.0030888435964774815 0.0008828714342313871 1.435485785400535e-05
0.003727593720314938 0.0014706592715481844 2.3795770021647172e-05
0.004498432668969444 0.0023795695311574455 3.6796829327686316e-05
0.005428675439323859 0.003935337324506022 6.0940910885914353e-05
0.006551285568595509 0.006588117991394826 0.0001006797170171779
0.0079060432109077 0.010407236600334057 0.00015682084179122077
0.009540954763499945 0.016481741050012776 0.00024032846121883444
0.01151395399326447 0.025528072281449182 0.00035657640292036075
0.013894954943731374 0.0387912727749984 0.0005322952657319887
0.016768329368110076 0.05674058978093085 0.0007395782469056579
0.020235896477251564 0.08388967039718159 0.0010354153794557874
0.02442053094548651 0.11784990400340309 0.0013705884100802066
0.029470517025518096 0.16230192805621946 0.0017607416187944605
0.03556480306223128 0.2123431911790319 0.0021605456174059222
0.04291934260128776 0.2733111127041456 0.0025760147943506223
0.0517947467923121 0.33671094988600564 0.0029392329969827953
0.0625055192527397 0.3999896747335038 0.0032205627682487968
0.07543120063354615 0.47247950054820775 0.0034277348499594097
0.09102981779915217 0.535767257731746 0.003575109997831693
0.10985411419875583 0.5928559831432958 0.003620215155700044
0.13257113655901082 0.6526145503662006 0.0036114205891706057
0.15998587196060574 0.6985852287110923 0.0035416112883126355
0.19306977288832497 0.7404537688925864 0.0034507129317799244
0.2329951810515372 0.7685243117348082 0.003362458369605914
0.2811768697974228 0.8193851731170735 0.003112250260020139
0.3393221771895326 0.8384309766879342 0.0030258219743186845
0.4094915062380423 0.8615657861116263 0.002858738328345772
0.49417133613238334 0.877176218071667 0.0027226469276281306
0.5963623316594643 0.8933508919140899 0.0025886334991753464
0.7196856730011514 0.9117664663516111 0.002384506297066286
0.868511373751352 0.9195588412790948 0.0022908613217178992
1.0481131341546852 0.9394178937483919 0.0020061740166894275
1.2648552168552958 0.9433059403616589 0.0019650317235971842
1.5264179671752318 0.9488325418325909 0.0019070639902739298
1.8420699693267144 0.9586634595682247 0.0016745377424910131
2.2229964825261934 0.9626891255831761 0.0016395186374557587
2.6826957952797246 0.9658467773954873 0.0015786872527848667
3.2374575428176433 0.9720878204085951 0.001441124641368651
3.906939937054613 0.9737979779967983 0.0013984273574551
4.714866363457389 0.9778117532387145 0.0013098312426951509
5.689866029018293 0.9813169338260254 0.0011765387311615074
6.866488450042998 0.9831377720847988 0.001115505328879017
8.286427728546842 0.9859748424783679 0.001036105482041742
10.0 0.9864601063104569 0.0010395803856696327
