0.001 3.366707604523769e-05 5.748697140226474e-07
0.0012067926406393288 6.0863931552657824e-05 1.0061401023300788e-06
0.0014563484775012444 9.939439358894128e-05 1.6832316228132177e-06
0.0017575106248547913 0.00016807960595474752 2.828215696714348e-06
0.0021209508879201904 0.00029374634636282655 4.898103901700626e-06
0.002559547922699536 0.0004974208030891996 8.401061230982552e-06
0.0030888435964774815 0.0008541247650827524 1.378591380701911e-05
0.003727593720314938 0.001412440785718141 2.286938248456697e-05
0.004498432668969444 0.002394820490683607 3.805008761999211e-05
0.005428675439323859 0.003928129905995938 6.153669698363854e-05
0.006551285568595509 0.006488186494934174 0.00010004326560685742
0.0079060432109077 0.010443752109466862 0.0001561466485150813
0.009540954763499945 0.016245315500283544 0.00023775979926028945
0.01151395399326447 0.025327708306014177 0.00035758218400552474
0.013894954943731374 0.038907691241329936 0.0005310087636956468
0.016768329368110076 0.057191748439889216 0.0007445807893701711
0.020235896477251564 0.08191023935656647 0.0010157628854343772
0.02442053094548651 0.11933184355129944 0.001382869997710398
0.029470517025518096 0.1601324601724526 0.0017579140078842063
0.03556480306223128 0.21153629390067955 0.002161053851909737
0.04291934260128776 0.26722232413928276 0.0025331144287649076
0.0517947467923121 0.32785193241323835 0.0028962152081871096
0.0625055192527397 0.39763575606570317 0.0032274560936557833
0.07543120063354615 0.4746625897855447 0.003438058859642355
0.09102981779915217 0.5288403796462224 0.0035811540197390962
0.10985411419875583 0.5954376090700023 0.0036441611600900674
0.13257113655901082 0.6450945028705595 0.0036327186268742427
0.15998587196060574 0.6973743072996653 0.0035392585810359654
0.19306977288832497 0.7388320367712926 0.0034611871310556304
0.2329951810515372 0.7773647566480613 0.00331887743643906
0.2811768697974228 0.8063709354922382 0.0031956389451865404
0.3393221771895326 0.8359070799381528 0.0030441201374249768
0.4094915062380423 0.861793631084675 0.0028166513979632833
0.49417133613238334 0.8739370202691993 0.0027548700961232786
0.5963623316594643 0.8920302070659676 0.0025916866323806753
0.7196856730011514 0.9129429975785742 0.0023765610950505426
0.868511373751352 0.9232715229529455 0.002257732316369313
1.0481131341546852 0.9357063333951287 0.002068644801652866
1.2648552168552958 0.9384750040218536 0.0020616362016255053
1.5264179671752318 0.9512884510439699 0.0018326383499856782
1.8420699693267144 0.955185618004852 0.0017941099661060813
2.2229964825261934 0.9616538758913613 0.0016446955184290907
2.6826957952797246 0.9668775749766432 0.001551635310350534
3.2374575428176433 0.9683407127537855 0.0015148015235668917
3.906939937054613 0.9721858179270539 0.0014260480453963781
4.714866363457389 0.9781650286086666 0.0012754122859876032
5.689866029018293 0.9776196849952521 0.0013108055135287045
6.866488450042998 0.9805189865339642 0.0012108893993932242
8.286427728546842 0.9836157104113883 0.0011184260392922624
10.0 0.9865938184103443 0.0010219617872140362
