0.001 3.2409728326445894e-05 5.520008559472488e-07
0.0012067926406393288 5.6987136273486997e-05 9.567003463995853e-07
0.0014563484775012444 0.00010086298907199955 1.7045460335619083e-06
0.0017575106248547913 0.00017566055156956463 2.914190429308505e-06
0.0021209508879201904 0.0002976578003932275 4.899701764913975e-06
0.002559547922699536 0.0005071560453217399 8.356983935239186e-06
0.0030888435964774815 0.0008389493788278017 1.371621419938368e-05
0.003727593720314938 0.001426824094399331 2.3270808279444497e-05
0.004498432668969444 0.002353172232419568 3.771658062883861e-05
0.005428675439323859 0.003980875729084289 6.223062989777494e-05
0.006551285568595509 0.006384829287896045 9.896640392474963e-05
0.0079060432109077 0.010276562147506258 0.00015619239573966135
0.009540954763499945 0.015875558499225895 0.00023353126294556342
0.01151395399326447 0.025179363676394187 0.0003593519481236033
0.013894954943731374 0.03783086563465573 0.0005124282758345175
0.016768329368110076 0.056682565142495756 0.0007391257494204753
0.020235896477251564 0.0815273895191921 0.0010171415801988979
0.02442053094548651 0.11236447840161509 0.0013401948955620976
0.029470517025518096 0.15792911750305652 0.0017204468186168462
0.03556480306223128 0.2086158671134588 0.0021246125080334965
0.04291934260128776 0.2639663928380391 0.002541146881701168
0.0517947467923121 0.33447150550740956 0.00290391930614753
0.0625055192527397 0.39224834021334815 0.0031902900099595767
0.07543120063354615 0.4658950206823056 0.003431275896839348
0.09102981779915217 0.5253236474364268 0.0035608588031528854
0.10985411419875583 0.5919392922339098 0.0036443603952828175
0.13257113655901082 0.6438442920702563 0.003625563435886063
0.15998587196060574 0.6844935002878828 0.0036114204972342236
0.19306977288832497 0.7397861296244908 0.0034534661541712626
0.2329951810515372 0.7702520408880419 0.003360515805894209
0.2811768697974228 0.8028814788263401 0.003221506698719499
0.3393221771895326 0.8336825557226297 0.0030328182819028392
0.4094915062380423 0.8565659404749724 0.002887330053415048
0.49417133613238334 0.8780831084504552 0.002709124571364584
0.5963623316594643 0.8883855263112624 0.002635285270960386
0.7196856730011514 0.9084531745675551 0.00241337140423276
0.868511373751352 0.9169394665345226 0.0023312548788450636
1.0481131341546852 0.9282412358520703 0.0021799448239564426
1.2648552168552958 0.9374688911322486 0.0020777772807016003
1.5264179671752318 0.9464606186183795 0.0019212823350450436
1.8420699693267144 0.9556844174480349 0.0017552474230357563
2.2229964825261934 0.9606240109870731 0.0016801957206279113
2.6826957952797246 0.9635152386360927 0.0016241943452157165
3.2374575428176433 0.96777350478922 0.0015515549997520688
3.906939937054613 0.9714192202795482 0.0014698618235126954
4.714866363457389 0.9757620816212359 0.0013509616685370596
5.689866029018293 0.9790087522232607 0.0012583150671962558
6.866488450042998 0.9802576891889894 0.0012173370933372908
8.286427728546842 0.9837462267371764 0.001126520113488115
10.0 0.9849687549921311 0.001065439688094111
