0.001 3.493516019774554e-05 5.881243010698481e-07
0.0012067926406393288 6.092323807945379e-05 1.0019098605173307e-06
0.0014563484775012444 0.00010191911382759951 1.6956325035966902e-06
0.0017575106248547913 0.0001891153403166569 3.06653739538664e-06
0.0021209508879201904 0.00031281744186505443 5.051935938222875e-06
0.002559547922699536 0.0005236843678177374 8.64241370734273e-06
0.0030888435964774815 0.0008715872430551535 1.4285283085897845e-05
0.003727593720314938 0.0015147531784142948 2.4144226626227385e-05
0.004498432668969444 0.002483134010038814 3.907099982508677e-05
0.005428675439323859 0.0042044629363974725 6.520976520099052e-05
0.006551285568595509 0.006650083650824347 0.00010044458427711905
0.0079060432109077 0.010612055665155225 0.00015866894944873002
0.009540954763499945 0.016992118628626467 0.00024890341740361826
0.01151395399326447 0.0259483885784202 0.0003693973393455117
0.013894954943731374 0.04013778899237756 0.0005414743159061985
0.016768329368110076 0.059092495845301005 0.0007634734312529517
0.020235896477251564 0.08551664503911637 0.0010643497105424869
0.02442053094548651 0.11981491313621205 0.0013813814201924402
0.029470517025518096 0.16302180126307697 0.001768958343570007
0.03556480306223128 0.21386478626487643 0.002175238561755714
0.04291934260128776 0.26968273665302783 0.0025505345914868475
0.0517947467923121 0.333290767010949 0.002920926606970367
0.0625055192527397 0.4048773890885187 0.0032057607133060394
0.07543120063354615 0.47468382120082453 0.0034594325464134983
0.09102981779915217 0.5449579579691783 0.003550712894566865
0.10985411419875583 0.5924006710849026 0.003653411617652439
0.13257113655901082 0.6513987664319797 0.0035804703741410563
0.15998587196060574 0.7032877126681809 0.0035227249463913577
0.19306977288832497 0.7452973439703521 0.0034463926561574777
0.2329951810515372 0.7851982809632316 0.003282602809978483
0.2811768697974228 0.8105446096336285 0.0031803083809234995
0.3393221771895326 0.8389845852868241 0.0030085270058775784
0.4094915062380423 0.8656931385327549 0.0027879086845946643
0.49417133613238334 0.8818642768848389 0.002657383372501257
0.5963623316594643 0.9043757268744758 0.002458989935321773
0.7196856730011514 0.9151685973655612 0.002348173254172938
0.868511373751352 0.9247167570836633 0.0022090089920703353
1.0481131341546852 0.9353996844982153 0.00206434171928485
1.2648552168552958 0.9422351495252224 0.0019988800743700645
1.5264179671752318 0.9536427754102946 0.0017948587555679867
1.8420699693267144 0.9586572951450792 0.0017161632325878356
2.2229964825261934 0.961672935167299 0.0016573891172971095
2.6826957952797246 0.9677906071279329 0.0015339786497021951
3.2374575428176433 0.9702848832382153 0.0014638979109407146
3.906939937054613 0.9730007121916675 0.0014077573453724654
4.714866363457389 0.9774832043127623 0.0013137327568849336
5.689866029018293 0.9800571461721873 0.0012185655298292703
6.866488450042998 0.982422020850431 0.0011614121311471729
8.286427728546842 0.9838560991812654 0.0011350403476266737
10.0 0.9887520521602291 0.0009189931054255792
