0.001 0.23792354815560737 1.4647577640183307e-06
0.0012067926406393288 0.27956225891837067 1.6301218410954087e-06
0.0014563484775012444 0.3267931917143761 1.8493675372510666e-06
0.0017575106248547913 0.3796871448197211 2.096293723151111e-06
0.0021209508879201904 0.4380163832778224 2.2506174371446945e-06
0.002559547922699536 0.5011490401478751 2.405901561606062e-06
0.0030888435964774815 0.567978497431123 2.538706986557532e-06
0.003727593720314938 0.6368096612779897 2.62643823166909e-06
0.004498432668969444 0.705439121578497 2.5190942177505367e-06
0.005428675439323859 0.7712209093477479 2.3221300829026447e-06
0.006551285568595509 0.831375371259687 2.1305480580527653e-06
0.0079060432109077 0.8833019030813221 1.7754815315902653e-06
0.009540954763499945 0.925155406720951 1.320656523365042e-06
0.01151395399326447 0.956214344141842 9.598486304176371e-07
0.013894954943731374 0.9770721679395008 6.150636797275381e-07
0.016768329368110076 0.989497549780993 3.3764210257548647e-07
0.020235896477251564 0.9959059850435813 1.5671324817515777e-07
0.02442053094548651 0.9986868673481282 6.143655829059778e-08
0.029470517025518096 0.9996670108430213 1.8468982757085707e-08
0.03556480306223128 0.9999364228839133 4.259302988465614e-09
0.04291934260128776 0.999991381225206 7.014390906026654e-10
0.0517947467923121 0.9999992270055649 7.588956876869882e-11
0.0625055192527397 0.9999999579017341 4.846155838262814e-12
0.07543120063354615 0.9999999987440983 1.8293489184798205e-13
0.09102981779915217 0.9999999999818776 3.0907098855995837e-15
0.10985411419875583 0.9999999999998912 2.244886055213678e-17
0.13257113655901082 0.9999999999999998 0.0
0.15998587196060574 1.0 0.0
0.19306977288832497 1.0 0.0
0.2329951810515372 1.0 0.0
0.2811768697974228 1.0 0.0
0.3393221771895326 1.0 0.0
0.4094915062380423 1.0 0.0
0.49417133613238334 1.0 0.0
0.5963623316594643 1.0 0.0
0.7196856730011514 1.0 0.0
0.868511373751352 1.0 0.0
1.0481131341546852 1.0 0.0
1.2648552168552958 1.0 0.0
1.5264179671752318 1.0 0.0
1.8420699693267144 1.0 0.0
2.2229964825261934 1.0 0.0
2.6826957952797246 1.0 0.0
3.2374575428176433 1.0 0.0
3.906939937054613 1.0 0.0
4.714866363457389 1.0 0.0
5.689866029018293 1.0 0.0
6.866488450042998 1.0 0.0
8.286427728546842 1.0 0.0
10.0 1.0 0.0
