0.001 0.0021470280967004303 2.603154508492162e-05
0.0012067926406393288 0.0031838832469491497 3.788775601211877e-05
0.0014563484775012444 0.00461914985676552 5.443195970450117e-05
0.0017575106248547913 0.006608406802829532 7.686304956090193e-05
0.0021209508879201904 0.009122307585202244 0.00010665134959472936
0.002559547922699536 0.012880221430382803 0.0001482223981747921
0.0030888435964774815 0.018060417243923727 0.00020381907663007953
0.003727593720314938 0.025670161884333804 0.000288139171678802
0.004498432668969444 0.034514987222338166 0.0003857915222958755
0.005428675439323859 0.047795230059468244 0.0005170473873960548
0.006551285568595509 0.06515434926406304 0.0006972210275435701
0.0079060432109077 0.08871259532349154 0.0009046057677381085
0.009540954763499945 0.11731941379464222 0.001161201360843491
0.01151395399326447 0.1528025673767386 0.0014475466445538218
0.013894954943731374 0.19149794104385437 0.0017530751785843376
0.016768329368110076 0.24010969173281183 0.0020940893029079656
0.020235896477251564 0.29944844250217073 0.002430283257249764
0.02442053094548651 0.35850536574470565 0.002739441591363687
0.029470517025518096 0.41990199411160967 0.0029981297363715514
0.03556480306223128 0.48359823404000646 0.0032334288061108335
0.04291934260128776 0.5514628805392373 0.0033237879560365892
0.0517947467923121 0.6037641330836482 0.0034107636673547954
0.0625055192527397 0.6535903401897291 0.003428675916347488
0.07543120063354615 0.7097706038926647 0.0033325898624876242
0.09102981779915217 0.7428090309582216 0.0032805000414482637
0.10985411419875583 0.7865179869458708 0.0031404641829756086
0.13257113655901082 0.8177586045784144 0.0030052461230008825
0.15998587196060574 0.8402263403080747 0.0028869472288603425
0.19306977288832497 0.8601810640822194 0.0027868570442367404
0.2329951810515372 0.8850253239685171 0.002550965242851765
0.2811768697974228 0.9009691706399848 0.0024122985290444894
0.3393221771895326 0.9119339945124768 0.0023189118828287805
0.4094915062380423 0.9214671463068449 0.0022160921112359846
0.49417133613238334 0.9386291474441038 0.0019594898608680466
0.5963623316594643 0.9406685303137227 0.0019894931440341264
0.7196856730011514 0.9515342602238975 0.0017815573578260503
0.868511373751352 0.9577467156822975 0.0016803193894109334
1.0481131341546852 0.9593334544915819 0.0016736847969195433
1.2648552168552958 0.9668826225073605 0.001528136748279675
1.5264179671752318 0.9733329268716058 0.0013666504407045979
1.8420699693267144 0.9745108099025472 0.0013350574487698236
2.2229964825261934 0.9757373389985098 0.001328537365639069
2.6826957952797246 0.9796620258120704 0.0012111685153875131
3.2374575428176433 0.9819607459478584 0.0011375443769331315
3.906939937054613 0.9839539549227049 0.0011020911936167016
4.714866363457389 0.9874617354415143 0.0009489608665229269
5.689866029018293 0.9877610715211939 0.0009541542563931506
6.866488450042998 0.9882066577050896 0.0009438497504090495
8.286427728546842 0.9906660501689123 0.000853111899286452
10.0 0.9909208989073474 0.0008530380146495761
