0.001 0.0022858965966307664 2.6856394775671427e-05
0.0012067926406393288 0.0032741352252511837 3.8534480570538835e-05
0.0014563484775012444 0.004767528825748874 5.53718702837508e-05
0.0017575106248547913 0.00667374243494622 7.85153258318442e-05
0.0021209508879201904 0.009527174352230704 0.00011054489346803815
0.002559547922699536 0.013335657442822463 0.0001523550638122533
0.0030888435964774815 0.018572742658659446 0.00021160115139696407
0.003727593720314938 0.02643275448984947 0.00029526344210396393
0.004498432668969444 0.03631610681873817 0.0003950211217500633
0.005428675439323859 0.05107744896830027 0.0005377376223196533
0.006551285568595509 0.06800406516329247 0.0007084490989118063
0.0079060432109077 0.09216926496952402 0.0009239713465865414
0.009540954763499945 0.12187380945976535 0.0011811144928305524
0.01151395399326447 0.15858323052236445 0.001463867660420387
0.013894954943731374 0.2016223457689287 0.0018029756916440062
0.016768329368110076 0.2506095178199995 0.0021189324774843273
0.020235896477251564 0.30647105340817277 0.002459764505709411
0.02442053094548651 0.3669512602766003 0.002766927703989711
0.029470517025518096 0.43268274520636524 0.00304512461216851
0.03556480306223128 0.4971880667239544 0.0031969050824563884
0.04291934260128776 0.5636457882134721 0.0033334936514384642
0.0517947467923121 0.6176075590626011 0.003385822101130637
0.0625055192527397 0.6683240680858124 0.0033752569283151414
0.07543120063354615 0.7145165894726322 0.0033274310841510685
0.09102981779915217 0.7629132668558439 0.003181819534245315
0.10985411419875583 0.7931032642506705 0.0031139137433761448
0.13257113655901082 0.8242199050702289 0.0029465902060946455
0.15998587196060574 0.8505832823835527 0.0027808899715375157
0.19306977288832497 0.8680558982135095 0.0026964958740592648
0.2329951810515372 0.889902803621312 0.0025025676907457816
0.2811768697974228 0.9033024304236398 0.0023790761156673814
0.3393221771895326 0.9169762363401333 0.002253369979096875
0.4094915062380423 0.9275882245047072 0.002138366476976841
0.49417133613238334 0.9420176033462074 0.0019153306409215093
0.5963623316594643 0.948781972416884 0.0018265061569444838
0.7196856730011514 0.9579017327654212 0.0016681137664753712
0.868511373751352 0.9614106339339119 0.0016020968575746898
1.0481131341546852 0.9677662818909286 0.001486192032475243
1.2648552168552958 0.9705842039732335 0.0014201061810196988
1.5264179671752318 0.974284131209426 0.0013532084556043605
1.8420699693267144 0.9774422795789515 0.0012587591678759184
2.2229964825261934 0.9825042073007524 0.0011175700713888254
2.6826957952797246 0.9812357737014435 0.001165237335608717
3.2374575428176433 0.9818047816575981 0.0011546562787538893
3.906939937054613 0.9863224822185938 0.0010147679768771503
4.714866363457389 0.9877999193885393 0.0009512855010785013
5.689866029018293 0.9882646146158273 0.0009414159863666437
6.866488450042998 0.9892071984509512 0.0009239150225589223
8.286427728546842 0.9913383211183322 0.0008348864401513394
10.0 0.9916851440921153 0.000836779885413056
