0.001 0.022246177533862686 0.00016208365435734586
0.0012067926406393288 0.026678646517927097 0.0001923486326007905
0.0014563484775012444 0.03248252571604128 0.0002311161172319017
0.0017575106248547913 0.03918489091595897 0.0002783707901034695
0.0021209508879201904 0.04657212032040501 0.00033207868243605984
0.002559547922699536 0.05552008111675345 0.000393370794817821
0.0030888435964774815 0.06696098401999738 0.00047187157980814893
0.003727593720314938 0.07937888300466674 0.0005597179381016319
0.004498432668969444 0.09453098406286288 0.0006539342980792069
0.005428675439323859 0.11164121070118115 0.0007748933961752699
0.006551285568595509 0.1330272043539806 0.0009036922687698343
0.0079060432109077 0.159391910425601 0.0010639328331454318
0.009540954763499945 0.1864536666391803 0.0012260006573813007
0.01151395399326447 0.21572481014031045 0.0014150718682350513
0.013894954943731374 0.25230246763281255 0.0016183187565169666
0.016768329368110076 0.2933782866483558 0.0018128308722781818
0.020235896477251564 0.3364255710581797 0.002035143465907482
0.02442053094548651 0.3818834139527326 0.0022300190314446583
0.029470517025518096 0.43219615455108323 0.0024203780937613138
0.03556480306223128 0.47882118713119964 0.002580209296347865
0.04291934260128776 0.5329953686261256 0.002729419787596285
0.0517947467923121 0.5836713774065087 0.0028264706376118134
0.0625055192527397 0.6404383318385433 0.002843843581697369
0.07543120063354615 0.6820360317896742 0.0028831635301567954
0.09102981779915217 0.7129324904985634 0.0029037223630851367
0.10985411419875583 0.7570351753722836 0.002847006380035247
0.13257113655901082 0.7988727383991356 0.0026909801880417947
0.15998587196060574 0.8248220488004452 0.0026205807963899036
0.19306977288832497 0.845143535718758 0.002557011564517338
0.2329951810515372 0.8733617796220317 0.0023577482383791036
0.2811768697974228 0.8890612465517456 0.002260207220658449
0.3393221771895326 0.9043533963481124 0.0021384971848820455
0.4094915062380423 0.9167273099756033 0.0020444589344125997
0.49417133613238334 0.928859237508727 0.0019352909304891721
0.5963623316594643 0.9373425779000673 0.0018442460842299677
0.7196856730011514 0.9456552729676528 0.0017119106437463222
0.868511373751352 0.9529589739312371 0.0016235306245451712
1.0481131341546852 0.961875754983753 0.001482683317612177
1.2648552168552958 0.9653724776256477 0.0014262084829996234
1.5264179671752318 0.9685307070884844 0.001380090089597171
1.8420699693267144 0.9746606394913204 0.0012213180337149374
2.2229964825261934 0.974753595278813 0.0012607713214195047
2.6826957952797246 0.9786166276054266 0.001163656474795771
3.2374575428176433 0.9826642078380371 0.0010442526533567529
3.906939937054613 0.9827565296513571 0.0010493710154398622
4.714866363457389 0.9871043316435804 0.0009009930292684377
5.689866029018293 0.9863832240721815 0.0009675489410896987
6.866488450042998 0.9886660600050383 0.0008920199764420933
8.286427728546842 0.9899772434146398 0.0008456145510050674
10.0 0.9910768379894109 0.0008028731113859265
