0.001 3.3318151710270725e-05 5.513417138510205e-07
0.0012067926406393288 5.719449138121182e-05 9.357157810506693e-07
0.0014563484775012444 9.985616917221134e-05 1.6460579297241778e-06
0.0017575106248547913 0.0001699597806489675 2.708609872830016e-06
0.0021209508879201904 0.0002922324349393835 4.725667812312098e-06
0.002559547922699536 0.0005079443926251022 8.063344566468317e-06
0.0030888435964774815 0.000841716591846589 1.330603091317513e-05
0.003727593720314938 0.001393621729785455 2.1744798306186903e-05
0.004498432668969444 0.0023803911940072312 3.663706542236889e-05
0.005428675439323859 0.0039430093144481706 5.975422958503528e-05
0.006551285568595509 0.006484727272951678 9.590904754403827e-05
0.0079060432109077 0.010181122912747165 0.00014648582135415935
0.009540954763499945 0.016527547194844634 0.00023512266728791152
0.01151395399326447 0.02505138976314375 0.000342989785704176
0.013894954943731374 0.03858321920568276 0.0005114938204041047
0.016768329368110076 0.0556837504342185 0.0007164608743548981
0.020235896477251564 0.08310071231608082 0.000989163669084384
0.02442053094548651 0.11583387312444052 0.00133581432409782
0.029470517025518096 0.16283216376551096 0.0017374571686584214
0.03556480306223128 0.21412254352542795 0.002124674210161368
0.04291934260128776 0.2754608741266647 0.0025268228240293115
0.0517947467923121 0.33589566712653957 0.0028728304850723784
0.0625055192527397 0.40472650708897917 0.0031885534679208707
0.07543120063354615 0.47597361501288105 0.0033875368808786144
0.09102981779915217 0.5461692752653597 0.0035239577979370375
0.10985411419875583 0.6015885511949004 0.003580186169312206
0.13257113655901082 0.6566255396675774 0.0035615910532354176
0.15998587196060574 0.7114911157207112 0.0034775481823246025
0.19306977288832497 0.7496707192490337 0.0033834865561840595
0.2329951810515372 0.7900385581593812 0.0032192276000069316
0.2811768697974228 0.8228121763626143 0.0030531856095844952
0.3393221771895326 0.8477048610886204 0.0029079593986795016
0.4094915062380423 0.872484914450424 0.0027134920441610672
0.49417133613238334 0.891508165961368 0.0025481882637457764
0.5963623316594643 0.9079807947812384 0.0023934163727013396
0.7196856730011514 0.9195310042058783 0.0022815813284608054
0.868511373751352 0.9291395634894523 0.002137001324675096
1.0481131341546852 0.9402805106427863 0.002015235603242863
1.2648552168552958 0.946841424725232 0.001923911729584997
1.5264179671752318 0.9543382898874486 0.0017794918949414187
1.8420699693267144 0.961301250704566 0.0016557509552912225
2.2229964825261934 0.9676284968338102 0.0015136239313330152
2.6826957952797246 0.972567268102118 0.0014244771021493486
3.2374575428176433 0.9739997043677473 0.0013921095322362634
3.906939937054613 0.9770998685512202 0.0012993103983720757
4.714866363457389 0.9815939340895585 0.0011419307246669328
5.689866029018293 0.9818390652047152 0.0011656890427918696
6.866488450042998 0.9838728007842834 0.0011113926234383132
8.286427728546842 0.9863155127368345 0.001024597372525628
10.0 0.9881775650790278 0.00094380146034046
