0.001 0.0006385548925048504 3.957743700403543e-05
0.0012067926406393288 0.0008814642838264705 5.344998529042417e-05
0.0014563484775012444 0.0012538436036235777 7.257246120891747e-05
0.0017575106248547913 0.0017841961606830147 9.868598166323427e-05
0.0021209508879201904 0.002524544355493941 0.00013219811282216324
0.002559547922699536 0.0037774484366382786 0.00018723700596060257
0.0030888435964774815 0.004772235216613535 0.00020428518191948413
0.003727593720314938 0.006419851464425758 0.00024623026856121445
0.004498432668969444 0.008658053269789042 0.0002751951061621032
0.005428675439323859 0.013236874317306685 0.00040999552560409716
0.006551285568595509 0.018643822172147186 0.0005209321826207729
0.0079060432109077 0.024650261742019015 0.0005295677524547793
0.009540954763499945 0.033463229558095484 0.000568819076415207
0.01151395399326447 0.0443228064294235 0.0004989400219675788
0.013894954943731374 0.06250610119196506 0.0006496429669088057
0.016768329368110076 0.08435640168426134 0.0006505301681669797
0.020235896477251564 0.11178229187372334 0.0005887644212362631
0.02442053094548651 0.1511137035124037 0.0007012221227257664
0.029470517025518096 0.19815966565136403 0.0007119385770888609
0.03556480306223128 0.2575481189300062 0.0007744496744379423
0.04291934260128776 0.3309330948848572 0.0008860849930196703
0.0517947467923121 0.4129845609105266 0.0009622164746614747
0.0625055192527397 0.5056709749469471 0.0010337005432192892
0.07543120063354615 0.5998418123187593 0.0010910095667961382
0.09102981779915217 0.6950400337069188 0.0010831575350571873
0.10985411419875583 0.7815701746750314 0.0010076181161992508
0.13257113655901082 0.8557891922416664 0.0008634797108141554
0.15998587196060574 0.9128326056475821 0.0006874810847252128
0.19306977288832497 0.9506653170301932 0.0004981615221529717
0.2329951810515372 0.9747837207932906 0.000321906954807672
0.2811768697974228 0.9884546486457624 0.00020518857695853276
0.3393221771895326 0.9953005366534733 8.71600376373181e-05
0.4094915062380423 0.9984110550917651 3.421317240911488e-05
0.49417133613238334 0.999544267474956 1.0985103798893303e-05
0.5963623316594643 0.9998925318109028 2.817990968260057e-06
0.7196856730011514 0.9999798494464142 5.484374227247018e-07
0.868511373751352 0.9999974313607488 7.395974127863698e-08
1.0481131341546852 0.9999997793086073 6.596331334043847e-09
1.2648552168552958 0.9999999888164995 3.528061680482597e-10
1.5264179671752318 0.9999999996550843 1.0853030917742874e-11
1.8420699693267144 0.9999999999952325 1.5210528630727523e-13
2.2229964825261934 0.9999999999999695 9.851156354733551e-16
2.6826957952797246 1.0 3.249370735745228e-18
3.2374575428176433 1.0 9.910256439669762e-19
3.906939937054613 1.0 8.851200407275938e-19
4.714866363457389 1.0 1.0648885158809839e-19
5.689866029018293 1.0 9.930136612989092e-20
6.866488450042998 1.0 0.0
8.286427728546842 1.0 0.0
10.0 1.0 0.0
