0.001 0.011657861378881857 9.118924711890917e-05
0.0012067926406393288 0.01422627677957894 0.0001235854506821022
0.0014563484775012444 0.01691104913145471 0.0001317097375566744
0.0017575106248547913 0.020360017491360377 0.0001561422226314255
0.0021209508879201904 0.024335487001648073 0.0001688776341335783
0.002559547922699536 0.029068636012317624 0.00019809067200621895
0.0030888435964774815 0.03500919660893246 0.00022406574994672648
0.003727593720314938 0.042319058354875747 0.000264093854410749
0.004498432668969444 0.051240269901654735 0.00035850411495389845
0.005428675439323859 0.0607539859824253 0.0003500550919779839
0.006551285568595509 0.07307854888113413 0.0004248117956249333
0.0079060432109077 0.08623080725507432 0.00040153868157334274
0.009540954763499945 0.1033094748521165 0.0004824793242331489
0.01151395399326447 0.12348435210843334 0.0005362433817129726
0.013894954943731374 0.1461049655546426 0.0005588528303615457
0.016768329368110076 0.17306464182808123 0.0005797138301619448
0.020235896477251564 0.20506276622129543 0.0006655092921757351
0.02442053094548651 0.23947999862525818 0.0006260801978591488
0.029470517025518096 0.28042393852304875 0.0006411611629259523
0.03556480306223128 0.3279902156674677 0.0007114313817465305
0.04291934260128776 0.3793468757387224 0.0007056786530037859
0.0517947467923121 0.4356008267289132 0.0007081839560984524
0.0625055192527397 0.4981708408329603 0.00075176156886176
0.07543120063354615 0.5641037657093847 0.0007738350659826766
0.09102981779915217 0.6303091586876762 0.0008038808318109883
0.10985411419875583 0.6981957379290945 0.0007774318508787972
0.13257113655901082 0.7621777538644621 0.0007457695604892507
0.15998587196060574 0.8197501366786837 0.0007047061219638399
0.19306977288832497 0.8719640939189034 0.000621688682148772
0.2329951810515372 0.9140283077262342 0.0005117435835913753
0.2811768697974228 0.9469204260471288 0.0003961230853898208
0.3393221771895326 0.9697175338659622 0.00028158125501498443
0.4094915062380423 0.9839287255795373 0.00018558961706735793
0.49417133613238334 0.9922688938540499 0.00010902618630299217
0.5963623316594643 0.9966954606800001 5.591034176174138e-05
0.7196856730011514 0.9987802239711385 2.4457027242129915e-05
0.868511373751352 0.9995683963994463 9.560743017608411e-06
1.0481131341546852 0.9998879678678091 2.7984956877092373e-06
1.2648552168552958 0.9999745112172858 6.786517344909279e-07
1.5264179671752318 0.9999955601704607 1.2246723071261342e-07
1.8420699693267144 0.9999994947968253 1.4888181367342419e-08
2.2229964825261934 0.9999999604802784 1.201520263806475e-09
2.6826957952797246 0.9999999980272251 5.927294044534065e-11
3.2374575428176433 0.9999999999499961 1.5396757348972202e-12
3.906939937054613 0.9999999999993812 1.9234364265117398e-14
4.714866363457389 0.9999999999999971 9.253594224234156e-17
5.689866029018293 1.0 7.529898907871222e-20
6.866488450042998 1.0 0.0
8.286427728546842 1.0 0.0
10.0 1.0 0.0
