0.001 0.012183649215598188 0.00011238554941936804
0.0012067926406393288 0.01444796739944803 0.00011803833075525658
0.0014563484775012444 0.017299482351496812 0.00013262239975917175
0.0017575106248547913 0.02121346597467777 0.00018158658316955108
0.0021209508879201904 0.02514839553769757 0.0001882500205195782
0.002559547922699536 0.030447357757760824 0.00023058356360591023
0.0030888435964774815 0.036518159725402344 0.0002668973407478994
0.003727593720314938 0.04405926182950975 0.0003241973353609411
0.004498432668969444 0.052661861639866664 0.000347914668170685
0.005428675439323859 0.06289128556720859 0.0003936670120717762
0.006551285568595509 0.07479595314817883 0.0004246153841753398
0.0079060432109077 0.08977827598362174 0.0004941669636663765
0.009540954763499945 0.10690281339458908 0.0005241044777473243
0.01151395399326447 0.12585719943375512 0.0005046979458774763
0.013894954943731374 0.15122951690707223 0.0006550421517398631
0.016768329368110076 0.1790699281455455 0.0006902963211537256
0.020235896477251564 0.2093260112976797 0.0005885009546052664
0.02442053094548651 0.2462302433014876 0.0006426324193636213
0.029470517025518096 0.28810215096124314 0.0006333261218147465
0.03556480306223128 0.33471700847182 0.0006383000833097038
0.04291934260128776 0.3864615452783036 0.0006733668479603686
0.0517947467923121 0.4462955223295337 0.000717832747279694
0.0625055192527397 0.5087856343343313 0.0007551777922655424
0.07543120063354615 0.5748699472793163 0.0007658062643764812
0.09102981779915217 0.6433995438777019 0.0007790200694494026
0.10985411419875583 0.7081379645873185 0.0007710749924473738
0.13257113655901082 0.7716937398688988 0.0007307395687167023
0.15998587196060574 0.830467703555931 0.0006650785648432237
0.19306977288832497 0.8811409290262197 0.0005796537518353577
0.2329951810515372 0.921199506511457 0.0004768557560990678
0.2811768697974228 0.9511827827722482 0.0003732470683730611
0.3393221771895326 0.9727688020258818 0.0002613447241803986
0.4094915062380423 0.9857929574993712 0.0001682924869371557
0.49417133613238334 0.9932511486569437 9.742391925455178e-05
0.5963623316594643 0.9971520203391634 4.907794331505979e-05
0.7196856730011514 0.9989127679325662 2.161382594968989e-05
0.868511373751352 0.9996656920393502 7.621262093708797e-06
1.0481131341546852 0.9999071378841263 2.2777079267150178e-06
1.2648552168552958 0.999981356698851 5.013328514025976e-07
1.5264179671752318 0.9999967708666437 8.79942264654135e-08
1.8420699693267144 0.9999996623043964 9.853181024138959e-09
2.2229964825261934 0.9999999757522846 7.291381101727552e-10
2.6826957952797246 0.9999999988968767 3.2319858700046966e-11
3.2374575428176433 0.9999999999769931 7.25976098804633e-13
3.906939937054613 0.9999999999997495 7.746967985929317e-15
4.714866363457389 0.9999999999999991 3.08414840699987e-17
5.689866029018293 1.0 4.2998752849492584e-20
6.866488450042998 1.0 0.0
8.286427728546842 1.0 0.0
10.0 1.0 0.0
