0.001 0.011776104933343808 9.20612773741236e-05
0.0012067926406393288 0.014104077323977572 0.00010573803585796416
0.0014563484775012444 0.01701020160589497 0.00012518368281044172
0.0017575106248547913 0.02045044412111286 0.00014963331560992967
0.0021209508879201904 0.024655412063058962 0.00017666838075635063
0.002559547922699536 0.02992154243308428 0.0002261329237615098
0.0030888435964774815 0.035541980709636725 0.0002246171469568755
0.003727593720314938 0.04229422567204099 0.0002467899438701512
0.004498432668969444 0.05044800461638122 0.0002620995958628592
0.005428675439323859 0.06167333750954317 0.00036768486421787
0.006551285568595509 0.07410203579531316 0.0004462222364348804
0.0079060432109077 0.08798968365434771 0.00045013891186245945
0.009540954763499945 0.10479521658031567 0.0004845655539830114
0.01151395399326447 0.1235930622968225 0.00044088259060551265
0.013894954943731374 0.14836591031771923 0.0005699787788110052
0.016768329368110076 0.1754885149445346 0.0005853721804701273
0.020235896477251564 0.20534427513716746 0.0005457178585632838
0.02442053094548651 0.24300405623411153 0.0006362281727544269
0.029470517025518096 0.28354501129223864 0.0006280638088985674
0.03556480306223128 0.3302468997979765 0.0006481897536179292
0.04291934260128776 0.3841204193103657 0.0007062065563245836
0.0517947467923121 0.4410095439580824 0.0007182923537332137
0.0625055192527397 0.5041171203632954 0.00074844238411859
0.07543120063354615 0.5682803830729273 0.0007662710836770241
0.09102981779915217 0.6362458221579171 0.0007819272360003083
0.10985411419875583 0.703009079453923 0.0007681619713012014
0.13257113655901082 0.7679290273913397 0.0007317140882850612
0.15998587196060574 0.8274377658939563 0.0006764968677719522
0.19306977288832497 0.8765959226499174 0.000597288677542879
0.2329951810515372 0.917342440728727 0.0004997814112076889
0.2811768697974228 0.9485862384306954 0.00039769756442026923
0.3393221771895326 0.9703453967194362 0.0002786812857539689
0.4094915062380423 0.9847142777906954 0.00017758893407075104
0.49417133613238334 0.9928394935406374 0.00010191463951661676
0.5963623316594643 0.9969898892287908 5.211276194445173e-05
0.7196856730011514 0.9988326025020093 2.3210172564369532e-05
0.868511373751352 0.9996274778164519 8.479532778196328e-06
1.0481131341546852 0.9998988922487293 2.517585338721785e-06
1.2648552168552958 0.9999789213568125 5.730637252832668e-07
1.5264179671752318 0.9999963977832739 1.0099434872693805e-07
1.8420699693267144 0.9999995939303188 1.193421074449557e-08
2.2229964825261934 0.9999999677271704 9.575901761892256e-10
2.6826957952797246 0.9999999985078736 4.450935892785518e-11
3.2374575428176433 0.9999999999671354 1.0527107205321777e-12
3.906939937054613 0.9999999999996259 1.2096135723012748e-14
4.714866363457389 0.9999999999999982 5.639987929609596e-17
5.689866029018293 1.0 4.965068306494546e-20
6.866488450042998 1.0 0.0
8.286427728546842 1.0 0.0
10.0 1.0 0.0
