0.001 0.012548966634345465 0.00012042686991893524
0.0012067926406393288 0.015174371010668366 0.0001411411177345956
0.0014563484775012444 0.018088780436459645 0.00016054629409163656
0.0017575106248547913 0.02147246945204485 0.00017183172889628795
0.0021209508879201904 0.026166624017120353 0.00021914573819122932
0.002559547922699536 0.031214428132800412 0.0002453027112609971
0.0030888435964774815 0.038031268391407455 0.0003184875948048635
0.003727593720314938 0.046104230055685376 0.0003869233728376525
0.004498432668969444 0.05448585020728298 0.0003966851703964933
0.005428675439323859 0.06443523741923801 0.00038995285752688907
0.006551285568595509 0.07752771786055614 0.00048473679845063047
0.0079060432109077 0.09198507851890757 0.0004952584199702377
0.009540954763499945 0.10996664651472327 0.0005370063779651906
0.01151395399326447 0.13127586750312595 0.0006267146589081986
0.013894954943731374 0.1545011919377465 0.0005855421726267121
0.016768329368110076 0.18238911047713682 0.0005881142821344461
0.020235896477251564 0.21601019109882408 0.0006466818231643809
0.02442053094548651 0.2531017006847671 0.0006432345260600373
0.029470517025518096 0.2959178411644685 0.0006481001116382142
0.03556480306223128 0.3445276577125146 0.000712825127643322
0.04291934260128776 0.3976171807853347 0.000690497134941168
0.0517947467923121 0.45560365149664406 0.0007223080092092106
0.0625055192527397 0.5184692070968511 0.0007421494252300277
0.07543120063354615 0.5856715889485768 0.0007518452953169394
0.09102981779915217 0.6540412069636777 0.0007534267272672894
0.10985411419875583 0.7184569227608214 0.0007589713991977778
0.13257113655901082 0.7820021517486775 0.000719873110050694
0.15998587196060574 0.8399238015092214 0.0006464351624585565
0.19306977288832497 0.8883000243375636 0.0005569510944985063
0.2329951810515372 0.9269703166726023 0.0004570268198629674
0.2811768697974228 0.9556819871567003 0.00034890441008970235
0.3393221771895326 0.9750541019536942 0.0002443408668249647
0.4094915062380423 0.9873478143919203 0.0001540640327189576
0.49417133613238334 0.9941676872803439 8.596919560272631e-05
0.5963623316594643 0.9976139602334948 4.227961671744553e-05
0.7196856730011514 0.99915661410292 1.752381997437428e-05
0.868511373751352 0.999733849668489 6.124636184095939e-06
1.0481131341546852 0.9999264805626381 1.78208547363023e-06
1.2648552168552958 0.9999857561332716 3.738191105702541e-07
1.5264179671752318 0.9999979761982933 5.713363274826069e-08
1.8420699693267144 0.9999997897559555 6.154559333106453e-09
2.2229964825261934 0.9999999859082118 4.143157931983609e-10
2.6826957952797246 0.9999999994907501 1.5694903546403617e-11
3.2374575428176433 0.9999999999903179 3.057334014441025e-13
3.906939937054613 0.999999999999912 2.7840893805621793e-15
4.714866363457389 0.9999999999999998 9.240531030020422e-18
5.689866029018293 1.0 0.0
6.866488450042998 1.0 0.0
8.286427728546842 1.0 0.0
10.0 1.0 0.0
