0.001 1.4631792143002591e-05 1.968347718870683e-06
0.0012067926406393288 3.291076619300788e-05 4.212348150273465e-06
0.0014563484775012444 4.478940588854004e-05 6.191830873484567e-06
0.0017575106248547913 7.418946206624166e-05 9.983237636157043e-06
0.0021209508879201904 0.0001049793681998517 1.503804274098028e-05
0.002559547922699536 0.00017118942638277843 2.458579078560234e-05
0.0030888435964774815 0.00025862829346456147 3.621501201059737e-05
0.003727593720314938 0.00041207680573606244 5.3366279180761324e-05
0.004498432668969444 0.0008839425462944167 0.00010241396474365955
0.005428675439323859 0.0010082613224607043 0.00012217823455945378
0.006551285568595509 0.0017226020405962845 0.00019103379123690787
0.0079060432109077 0.0019123950800183742 0.00021251220100633738
0.009540954763499945 0.0031478770886690013 0.00030469411955674135
0.01151395399326447 0.004662211805755128 0.00039940315397970854
0.013894954943731374 0.006318761617816047 0.00046708654855868027
0.016768329368110076 0.008795360207249135 0.0005198520186467195
0.020235896477251564 0.013777529642862319 0.0006583773044788836
0.02442053094548651 0.018240352682403198 0.0006088352667751223
0.029470517025518096 0.02690805978116973 0.0006174340387551218
0.03556480306223128 0.04177179335477771 0.0007255408829197376
0.04291934260128776 0.06114854575638543 0.0006777157187005531
0.0517947467923121 0.08951101922297706 0.0006165132563133297
0.0625055192527397 0.13221665022867504 0.0007168979332144548
0.07543120063354615 0.18948555020006239 0.0007942426592392967
0.09102981779915217 0.26226457034097267 0.0009326537693512267
0.10985411419875583 0.35256171422330085 0.0010583554521425874
0.13257113655901082 0.45497890490679255 0.001175194627425493
0.15998587196060574 0.5625928978810418 0.0012703052098870012
0.19306977288832497 0.6727257460958624 0.0012804723256501535
0.2329951810515372 0.7705901017726101 0.0011753386803660742
0.2811768697974228 0.8534137632528711 0.0009918330029135129
0.3393221771895326 0.9141402378147679 0.00075206510114311
0.4094915062380423 0.9535608737769878 0.0005192202801375277
0.49417133613238334 0.9773366703753021 0.0003147481058581185
0.5963623316594643 0.99021218579474 0.0001645558276943317
0.7196856730011514 0.996363020608841 7.275790191294599e-05
0.868511373751352 0.9987084869135003 2.8591674482621547e-05
1.0481131341546852 0.9996641761184047 8.38736591578333e-06
1.2648552168552958 0.9999235494167253 2.0354788699123575e-06
1.5264179671752318 0.9999866810204582 3.673862142602432e-07
1.8420699693267144 0.9999984843978915 4.466430885925082e-08
2.2229964825261934 0.9999998814408831 3.604559242064718e-09
2.6826957952797246 0.9999999940816752 1.778188175994807e-10
3.2374575428176433 0.9999999998499884 4.619027204691525e-12
3.906939937054613 0.9999999999981437 5.770309273692562e-14
4.714866363457389 0.9999999999999917 2.7759656961688323e-16
5.689866029018293 1.0 2.2589696723613666e-19
6.866488450042998 1.0 0.0
8.286427728546842 1.0 0.0
10.0 1.0 0.0
