0.001 1.5866706725591162e-05 2.302669936435461e-06
0.0012067926406393288 2.5363337234374023e-05 3.874860647660068e-06
0.0014563484775012444 4.2162952827777996e-05 6.359925952467611e-06
0.0017575106248547913 7.108485389094429e-05 1.030488794084197e-05
0.0021209508879201904 0.00011773758963794299 1.7049128634509442e-05
0.002559547922699536 0.00022126532217708696 2.821871478933968e-05
0.0030888435964774815 0.000265523921445216 3.78008600130747e-05
0.003727593720314938 0.00038685570151490397 5.69158549967448e-05
0.004498432668969444 0.0005189180920392222 7.55081256240941e-05
0.005428675439323859 0.0011148460713193966 0.00013164156637954143
0.006551285568595509 0.001901470741775406 0.00020684171151142978
0.0079060432109077 0.002327521372969556 0.000244993901539415
0.009540954763499945 0.0032634979897280944 0.00032139783889140584
0.01151395399326447 0.003667126237633041 0.00031558536384635757
0.013894954943731374 0.006638751545048987 0.00048422348493008956
0.016768329368110076 0.009156036319051816 0.0005440106948110781
0.020235896477251564 0.011825380777874862 0.0004950108544757084
0.02442053094548651 0.01909139958024154 0.0006348402279251005
0.029470517025518096 0.02743378953811419 0.0006015987848003941
0.03556480306223128 0.041122712124688154 0.0005982854361244739
0.04291934260128776 0.06333711285726554 0.0006909886161248387
0.0517947467923121 0.09298100491938432 0.000656885537184453
0.0625055192527397 0.13676810912677503 0.0007413879768939071
0.07543120063354615 0.19330055512408306 0.0007660909923445345
0.09102981779915217 0.26886425550263277 0.0009190098632348999
0.10985411419875583 0.35939865356676265 0.0010426178922324852
0.13257113655901082 0.4647089731494027 0.0011688837324989598
0.15998587196060574 0.5774283019991605 0.0012473923499577964
0.19306977288832497 0.682649265359407 0.0012451421419734693
0.2329951810515372 0.7786305918313933 0.001156913027885072
0.2811768697974228 0.8578689035784502 0.0009761318147223449
0.3393221771895326 0.9158699639606055 0.0007475630424616308
0.4094915062380423 0.9557608532239594 0.0004985970620179118
0.49417133613238334 0.9789790550697831 0.0002948985519314154
0.5963623316594643 0.9910777290305656 0.00015356886304579293
0.7196856730011514 0.9965180076898555 6.909237242376916e-05
0.868511373751352 0.9988850044652885 2.5365892390715863e-05
1.0481131341546852 0.9996968974995887 7.546255713141128e-06
1.2648552168552958 0.9999367752546814 1.7188428174696573e-06
1.5264179671752318 0.9999891936947408 3.029723165551519e-07
1.8420699693267144 0.9999987817957239 3.5802481312066396e-08
2.2229964825261934 0.9999999031815412 2.8727695609407007e-09
2.6826957952797246 0.9999999955236206 1.3352807464399716e-10
3.2374575428176433 0.9999999999014061 3.1581321615962374e-12
3.906939937054613 0.9999999999988775 3.6288407174068696e-14
4.714866363457389 0.9999999999999947 1.6919963788828792e-16
5.689866029018293 1.0 1.489520491948364e-19
6.866488450042998 1.0 0.0
8.286427728546842 1.0 0.0
10.0 1.0 0.0
