0.001 0.035222372428832006 0.0004224029505626728
0.0012067926406393288 0.04851410391850714 0.0005631814003792177
0.0014563484775012444 0.06522704189502677 0.0007235358801109313
0.0017575106248547913 0.08701965169513652 0.0009150657461836402
0.0021209508879201904 0.11605068401945937 0.0011325426804775398
0.002559547922699536 0.15189506415259885 0.0013712484909418005
0.0030888435964774815 0.1937828869197863 0.00160516387927955
0.003727593720314938 0.24882862639161435 0.001840681071412597
0.004498432668969444 0.3049332779661524 0.001995956906496665
0.005428675439323859 0.3739271084431141 0.002132251009871424
0.006551285568595509 0.4459579636281886 0.00223935432844925
0.0079060432109077 0.5298310567648021 0.0022914334437637335
0.009540954763499945 0.6097876272942973 0.0022253007579202573
0.01151395399326447 0.6888022187760268 0.002125302378369788
0.013894954943731374 0.7596985899701932 0.0019666842015554514
0.016768329368110076 0.8236390132436385 0.0017570247261199663
0.020235896477251564 0.876697476403876 0.0014795154631252845
0.02442053094548651 0.9154707922339821 0.0012022478690504911
0.029470517025518096 0.9457751490691476 0.0009574229400109903
0.03556480306223128 0.9680491505054386 0.0007183188931480167
0.04291934260128776 0.981574836772747 0.0005292213274413516
0.0517947467923121 0.9904314367642871 0.0003805812961807561
0.0625055192527397 0.9948827163114056 0.00029836125841802306
0.07543120063354615 0.997409805945596 0.00022120083941981798
0.09102981779915217 0.9981697600132206 0.00022142498980233055
0.10985411419875583 0.9990509820302724 0.00014315803751694913
0.13257113655901082 0.9994798014229586 0.00010379109956740094
0.15998587196060574 0.9995089793738382 0.00010350109324122224
0.19306977288832497 0.9998064231984816 4.624561033641129e-05
0.2329951810515372 0.9998703771910786 3.450869577817425e-05
0.2811768697974228 0.9999580509972517 1.8630719716956984e-05
0.3393221771895326 0.9999691318294898 1.1720134490205898e-05
0.4094915062380423 0.9999914873480021 3.6425739188528573e-06
0.49417133613238334 0.9999974191108578 1.388934366348366e-06
0.5963623316594643 0.9999992584195303 2.779168475484752e-07
0.7196856730011514 0.9999998301631063 1.057625313779818e-07
0.868511373751352 0.9999998951740723 7.458447487346685e-08
1.0481131341546852 0.9999999901467952 9.53740362729984e-09
1.2648552168552958 0.9999999988579479 1.1237810248656408e-09
1.5264179671752318 0.9999999999956058 2.473079440562506e-12
1.8420699693267144 0.9999999999995441 4.502172034062139e-13
2.2229964825261934 0.9999999999999826 1.755869800048567e-14
2.6826957952797246 1.0 7.364386412590296e-20
3.2374575428176433 1.0 8.326879923740994e-18
3.906939937054613 1.0 5.874748045952206e-20
4.714866363457389 1.0 3.845925372767128e-20
5.689866029018293 1.0 2.2204460492503132e-20
6.866488450042998 1.0 0.0
8.286427728546842 1.0 0.0
10.0 1.0 0.0
