0.001 0.03661638335960075 0.0004388965314695997
0.0012067926406393288 0.048951048163267875 0.0005598337348840348
0.0014563484775012444 0.06745688116754604 0.0007360248790918788
0.0017575106248547913 0.09102805527647774 0.0009400125768507764
0.0021209508879201904 0.11724906243941055 0.001128194944512792
0.002559547922699536 0.15573425435109203 0.0013661819344925749
0.0030888435964774815 0.19987308827458336 0.001593499274488204
0.003727593720314938 0.2517088036606804 0.0018344328880281766
0.004498432668969444 0.3120121021170213 0.001989768345704947
0.005428675439323859 0.3835935497806504 0.0021747038289366754
0.006551285568595509 0.45771763471839305 0.0022343804166627883
0.0079060432109077 0.5364720879360894 0.0022723426857362275
0.009540954763499945 0.6154169847530231 0.0022139858091138813
0.01151395399326447 0.6955457692397118 0.002118380702291663
0.013894954943731374 0.7678213540277599 0.001950140010497419
0.016768329368110076 0.8302528598915997 0.001717443627241595
0.020235896477251564 0.8808295396664496 0.001438647663773224
0.02442053094548651 0.9202997845703518 0.0011742481211359616
0.029470517025518096 0.9500474958400613 0.0008912539520818074
0.03556480306223128 0.9694745258324005 0.000707181194000528
0.04291934260128776 0.9836964392067266 0.0004864546522243602
0.0517947467923121 0.9901010172283734 0.00044308012344050976
0.0625055192527397 0.9953767962919167 0.00027935415871694654
0.07543120063354615 0.9976820237859789 0.0002166756806997187
0.09102981779915217 0.998052741319139 0.00022523240199354952
0.10985411419875583 0.9991714771843117 0.00013956032128352406
0.13257113655901082 0.9993783893765591 0.00010537027653041874
0.15998587196060574 0.9997031394875714 6.642108819760567e-05
0.19306977288832497 0.9998873039459788 3.424444111106426e-05
0.2329951810515372 0.9999299611680835 2.697815826789852e-05
0.2811768697974228 0.9999669432704826 1.5850416601825498e-05
0.3393221771895326 0.99999074320164 3.0553587938327976e-06
0.4094915062380423 0.9999973794547408 1.264682399695062e-06
0.49417133613238334 0.9999950971583627 2.759925605288241e-06
0.5963623316594643 0.9999989496232682 5.398126160325965e-07
0.7196856730011514 0.9999998123248625 1.2972575721373365e-07
0.868511373751352 0.9999999990692808 7.283917204105743e-10
1.0481131341546852 0.9999999979650144 1.1344041367831107e-09
1.2648552168552958 0.9999969115052231 3.087689379646621e-06
1.5264179671752318 0.999999999999391 5.543997543816511e-13
1.8420699693267144 0.9999999999999998 1.489939468237821e-16
2.2229964825261934 0.9999999999999658 3.2346605236555065e-14
2.6826957952797246 1.0 1.0175362097255203e-19
3.2374575428176433 1.0 9.128167018299423e-19
3.906939937054613 1.0 2.2204460492503132e-20
4.714866363457389 1.0 3.14018491736755e-20
5.689866029018293 1.0 3.14018491736755e-20
6.866488450042998 1.0 2.2204460492503132e-20
8.286427728546842 1.0 0.0
10.0 1.0 0.0
