0.001 0.09997345624897273 0.0005618372294113559
0.0012067926406393288 0.11960858639112935 0.0006548633229233276
0.0014563484775012444 0.14294039521033375 0.0007629782852250741
0.0017575106248547913 0.16757387136492055 0.0008845705521574121
0.0021209508879201904 0.19766163422717092 0.0009937837842093056
0.002559547922699536 0.23090236217616347 0.001133716352429277
0.0030888435964774815 0.2706956003231723 0.0012861753055852811
0.003727593720314938 0.3111099820309162 0.00137169050066274
0.004498432668969444 0.3591290750933219 0.0015035490162339348
0.005428675439323859 0.41151913328115786 0.0016008425640788645
0.006551285568595509 0.4680090373332775 0.0016694983709439329
0.0079060432109077 0.5277736602757052 0.0017322439103099232
0.009540954763499945 0.590886740423879 0.0017235467169924162
0.01151395399326447 0.64974060564515 0.001707826596225927
0.013894954943731374 0.7141542026736052 0.0016342959140870856
0.016768329368110076 0.7641869510348842 0.0015380825198608539
0.020235896477251564 0.8151085596942488 0.001403550623453549
0.02442053094548651 0.8605730471738542 0.0012393439898945391
0.029470517025518096 0.8982387753997438 0.001078212341495987
0.03556480306223128 0.9308812444523988 0.0008651048238549613
0.04291934260128776 0.9532558839533176 0.0006991146558855049
0.0517947467923121 0.9709263963931484 0.0005303833131399195
0.0625055192527397 0.9819584070907414 0.00042138880509199743
0.07543120063354615 0.9894361444842611 0.0003323893968973597
0.09102981779915217 0.9937723730936512 0.0002536513546857183
0.10985411419875583 0.996822659585896 0.00019544805642360237
0.13257113655901082 0.998040010000837 0.00016027474812777053
0.15998587196060574 0.9987591114163773 0.000140859945156176
0.19306977288832497 0.9993149658968816 9.303478356152226e-05
0.2329951810515372 0.9996888553349872 5.53934322966003e-05
0.2811768697974228 0.9998110747682069 4.220095011208857e-05
0.3393221771895326 0.9998467024899735 3.7530297179731346e-05
0.4094915062380423 0.999925899691279 2.0547460942870202e-05
0.49417133613238334 0.9999828196223316 5.123713652395726e-06
0.5963623316594643 0.9999821397278672 7.684549478437353e-06
0.7196856730011514 0.9999963505409775 1.6281071725925863e-06
0.868511373751352 0.9999990346555045 4.610329531315371e-07
1.0481131341546852 0.9999996282880363 1.4515631239705133e-07
1.2648552168552958 0.9999999490439812 2.6059925744211527e-08
1.5264179671752318 0.9999999971372121 2.135411530418653e-09
1.8420699693267144 0.9999999994496764 2.3655179936528077e-10
2.2229964825261934 0.999999998114673 1.1376607471724626e-09
2.6826957952797246 0.9999999999996069 2.631320626973474e-13
3.2374575428176433 0.9999999999933813 4.75146637954653e-12
3.906939937054613 0.9999999999999952 4.030699274590382e-15
4.714866363457389 1.0 1.2287917140018454e-18
5.689866029018293 1.0 0.0
6.866488450042998 1.0 0.0
8.286427728546842 1.0 0.0
10.0 1.0 0.0
