0.001 0.10225166577106257 0.0005797062092063761
0.0012067926406393288 0.12025609225097916 0.000661362421519545
0.0014563484775012444 0.14371202565310398 0.0007758168575885731
0.0017575106248547913 0.17054058083615567 0.0008955737542569765
0.0021209508879201904 0.19782770088782625 0.001001709106639108
0.002559547922699536 0.23441905774413554 0.0011336472551353493
0.0030888435964774815 0.2733034728187752 0.0012571038502955994
0.003727593720314938 0.31570871053405414 0.0014020835496521627
0.004498432668969444 0.36322663193303084 0.0014929589044947998
0.005428675439323859 0.41743324601519005 0.0016207746484668973
0.006551285568595509 0.4724017501383388 0.0016742833383486392
0.0079060432109077 0.5304441531803447 0.001728281445716075
0.009540954763499945 0.5889046973285443 0.0017143498877459104
0.01151395399326447 0.6512979719604327 0.0016989787006279006
0.013894954943731374 0.7114853169390775 0.0016417959870462964
0.016768329368110076 0.7675609313066852 0.0015358424929282854
0.020235896477251564 0.8177361842149498 0.0013909586203244189
0.02442053094548651 0.8617610405731615 0.0012291724493035615
0.029470517025518096 0.9004832483699549 0.0010418055869083555
0.03556480306223128 0.9306910305218975 0.0008829945428461373
0.04291934260128776 0.9551053508010087 0.0006731293775514837
0.0517947467923121 0.9701341316991938 0.0005687590064861717
0.0625055192527397 0.9826586816889766 0.00039488531894119695
0.07543120063354615 0.9900720797612519 0.00029199064521612803
0.09102981779915217 0.9935982469852588 0.0002818137312497823
0.10985411419875583 0.9968948469509885 0.00018401819423719137
0.13257113655901082 0.9980989626371131 0.00015742379429302638
0.15998587196060574 0.9990432921893792 0.00010787467880727286
0.19306977288832497 0.9995762383287582 6.540642169411187e-05
0.2329951810515372 0.9997501542061358 5.161694219869381e-05
0.2811768697974228 0.9998537395649919 3.504395690874918e-05
0.3393221771895326 0.9999220974544182 1.788766950824442e-05
0.4094915062380423 0.9999667495296071 9.474296097124839e-06
0.49417133613238334 0.9999634109523559 1.3090022331214784e-05
0.5963623316594643 0.999980763207424 5.970010824363374e-06
0.7196856730011514 0.999993690614923 2.513818466584623e-06
0.868511373751352 0.999999616544984 1.7617080065351915e-07
1.0481131341546852 0.9999993654210076 2.604898824005528e-07
1.2648552168552958 0.9999891495437174 1.0521503232660981e-05
1.5264179671752318 0.9999999936968299 4.50523806420047e-09
1.8420699693267144 0.9999999998382633 8.348889021908954e-11
2.2229964825261934 0.9999999986686106 1.0694614639776403e-09
2.6826957952797246 0.9999999999994117 3.430407683358084e-13
3.2374575428176433 0.9999999999943199 5.514818177139438e-12
3.906939937054613 1.0 1.3641713789171769e-17
4.714866363457389 1.0 5.652354658059229e-18
5.689866029018293 1.0 1.2262814116578436e-19
6.866488450042998 1.0 9.992007221626409e-20
8.286427728546842 1.0 0.0
10.0 1.0 0.0
