0.001 0.10030019528317641 0.0005649403497326344
0.0012067926406393288 0.11942126616929988 0.0006646368914348363
0.0014563484775012444 0.1409292546909683 0.0007669276808440585
0.0017575106248547913 0.166087519708758 0.0008808563105498283
0.0021209508879201904 0.19634792917968585 0.0010069931942948307
0.002559547922699536 0.230397468527071 0.0011417190962719195
0.0030888435964774815 0.2674230217115338 0.0012735432603765172
0.003727593720314938 0.31309614998086455 0.0014107393425985151
0.004498432668969444 0.35778469600072405 0.0015018704227650196
0.005428675439323859 0.41008752293325085 0.0015921666213209364
0.006551285568595509 0.4636906501087151 0.0016787158876267964
0.0079060432109077 0.5259146136135605 0.0017489942999660806
0.009540954763499945 0.5850824771898285 0.0017244570739658107
0.01151395399326447 0.6460465174795446 0.001701234946512387
0.013894954943731374 0.7042838807384009 0.0016424110016629637
0.016768329368110076 0.7615529444605209 0.0015584891313609162
0.020235896477251564 0.8135994809738392 0.0014127971012494241
0.02442053094548651 0.8560379166374951 0.0012505535741666376
0.029470517025518096 0.8953982220396831 0.0010902058398213515
0.03556480306223128 0.9281221526356532 0.0008943376807850022
0.04291934260128776 0.9515955656905039 0.0007143206257819975
0.0517947467923121 0.9698554412315525 0.0005407185001016442
0.0625055192527397 0.9813430944593052 0.00041471845101027097
0.07543120063354615 0.9893861588639559 0.00030629323695924743
0.09102981779915217 0.993535295330798 0.00027347948140788385
0.10985411419875583 0.996550659564809 0.0001953041615628063
0.13257113655901082 0.9981776692139616 0.00014536074707510258
0.15998587196060574 0.9987515928841136 0.00014235603839355228
0.19306977288832497 0.9993809299450975 8.596464658137924e-05
0.2329951810515372 0.9996234479648334 7.001798771968855e-05
0.2811768697974228 0.9998271302093966 3.961622685226794e-05
0.3393221771895326 0.9998524017643416 3.33758514059585e-05
0.4094915062380423 0.9999369425882535 1.724084058794686e-05
0.49417133613238334 0.9999721996425386 9.420392876321995e-06
0.5963623316594643 0.999981601868309 4.998324774016884e-06
0.7196856730011514 0.999994799427496 2.390235311207796e-06
0.868511373751352 0.9999967154489786 1.8772960884084196e-06
1.0481131341546852 0.9999992200324985 5.740950654356379e-07
1.2648552168552958 0.9999997485493702 1.9521929032789613e-07
1.5264179671752318 0.9999999735345187 1.2100011386951516e-08
1.8420699693267144 0.9999999955081245 3.898045195126519e-09
2.2229964825261934 0.9999999992276315 7.650417769333358e-10
2.6826957952797246 0.9999999999995604 2.879768491303661e-13
3.2374575428176433 0.9999999999824218 1.667580848380015e-11
3.906939937054613 0.9999999999997726 2.188187880123371e-13
4.714866363457389 1.0 1.7987870995994096e-17
5.689866029018293 0.9999999999999997 1.7610656867531705e-16
6.866488450042998 1.0 0.0
8.286427728546842 1.0 0.0
10.0 1.0 0.0
