0.001 0.002415802384521657 5.0927201813512396e-05
0.0012067926406393288 0.003777771292553024 7.750640250108472e-05
0.0014563484775012444 0.006279655839983718 0.00012489188567543273
0.0017575106248547913 0.010142892169370166 0.0001958075128755812
0.0021209508879201904 0.015130484652995406 0.00028086657856170793
0.002559547922699536 0.02383865626106519 0.0004161623750461706
0.0030888435964774815 0.03581028960133317 0.0005854002637929648
0.003727593720314938 0.0531411572333507 0.0008147427881278276
0.004498432668969444 0.0753282225172642 0.0010380830783375602
0.005428675439323859 0.108982654344537 0.0013598354580502698
0.006551285568595509 0.1479346733975296 0.0016272638661515174
0.0079060432109077 0.1986248068308714 0.0019058887811413616
0.009540954763499945 0.25658955449114124 0.00209095185619981
0.01151395399326447 0.3318086171776122 0.0023097723151825353
0.013894954943731374 0.4158387682621892 0.002472023976431925
0.016768329368110076 0.5039804274030417 0.002524063622437497
0.020235896477251564 0.5916454188802367 0.0024882663585020113
0.02442053094548651 0.6764612179413351 0.0023464205409420027
0.029470517025518096 0.75756175618603 0.002146253773737841
0.03556480306223128 0.8262366189651082 0.0018871042782609634
0.04291934260128776 0.8832876744735563 0.0015214003865475947
0.0517947467923121 0.9215421437293236 0.00125276247069152
0.0625055192527397 0.9530777451288471 0.0009152100950445309
0.07543120063354615 0.9728019508445728 0.0006651130955321907
0.09102981779915217 0.9830211286455135 0.0006062348101391336
0.10985411419875583 0.9916212056611512 0.0004057475956931642
0.13257113655901082 0.9949848479027867 0.00036204456811391486
0.15998587196060574 0.9974542339540207 0.0002563135763444374
0.19306977288832497 0.9988495023741986 0.00016302560183173022
0.2329951810515372 0.9993255402995761 0.00012851840034286936
0.2811768697974228 0.9995962003316438 9.009501064484907e-05
0.3393221771895326 0.9997757293964507 5.0718223516933835e-05
0.4094915062380423 0.9999029069541392 2.7251613756123345e-05
0.49417133613238334 0.9998952565162937 3.658565385053469e-05
0.5963623316594643 0.9999433499811584 1.7416001716336434e-05
0.7196856730011514 0.9999812605312997 7.421748068591566e-06
0.868511373751352 0.9999988505660745 5.27826430477505e-07
1.0481131341546852 0.9999980982989449 7.803929507431388e-07
1.2648552168552958 0.9999706535855932 2.836071082634945e-05
1.5264179671752318 0.9999999810910988 1.3515173074120187e-08
1.8420699693267144 0.9999999995147899 2.504665282221906e-10
2.2229964825261934 0.999999996005866 3.2083525886144288e-09
2.6826957952797246 0.9999999999982351 1.0291223050074252e-12
3.2374575428176433 0.9999999999829597 1.6544453621242787e-11
3.906939937054613 1.0 4.0925141367515315e-17
4.714866363457389 1.0 1.6957063974177686e-17
5.689866029018293 1.0 3.6788442349735308e-19
6.866488450042998 1.0 2.997602166487923e-19
8.286427728546842 1.0 0.0
10.0 1.0 0.0
