0.001 0.0023838143488335932 5.036713230289627e-05
0.0012067926406393288 0.0038223545568902223 7.901025358600844e-05
0.0014563484775012444 0.00607320134352624 0.00012125792039720441
0.0017575106248547913 0.009988995200285539 0.00019492481660100152
0.0021209508879201904 0.01520956620327841 0.00027898562416144186
0.002559547922699536 0.02383740662436118 0.00041915465550446313
0.0030888435964774815 0.03584001712826557 0.0005934066171471482
0.003727593720314938 0.05292810754133696 0.0007979161828145365
0.004498432668969444 0.07695070924877166 0.0010552667578295628
0.005428675439323859 0.1094594098393201 0.0013478127905536686
0.006551285568595509 0.15183690061278657 0.0016505824370868782
0.0079060432109077 0.20336208271481238 0.001916642711381811
0.009540954763499945 0.26622826628371055 0.002149374325652088
0.01151395399326447 0.33605933886635714 0.0023297829553707025
0.013894954943731374 0.4145161294983149 0.002447982311151293
0.016768329368110076 0.5060492279443559 0.0025406768330934726
0.020235896477251564 0.5994172752922363 0.002477556401149082
0.02442053094548651 0.6822144275307533 0.002339856685848461
0.029470517025518096 0.7630742458650575 0.0021247834778976814
0.03556480306223128 0.8339837903439238 0.001831619659551042
0.04291934260128776 0.8823240003105417 0.0015633091267576423
0.0517947467923121 0.9243031431761703 0.0012231498895501245
0.0625055192527397 0.9545461203266088 0.0009376664399595065
0.07543120063354615 0.9727887427933659 0.000708815578666564
0.09102981779915217 0.9850747139989984 0.0004936396852983096
0.10985411419875583 0.9924125669258167 0.0003815191222153192
0.13257113655901082 0.99563127164361 0.0003321760882644025
0.15998587196060574 0.9976867629354127 0.0002454138736443308
0.19306977288832497 0.9989209239008958 0.00015560975445530673
0.2329951810515372 0.9991262921973024 0.00014386142274801323
0.2811768697974228 0.9993923389258178 0.00012242024188762948
0.3393221771895326 0.9997373654067682 7.177042456288956e-05
0.4094915062380423 0.9998244103500445 7.1562796349254e-05
0.49417133613238334 0.9999265545130589 2.1595107148987165e-05
0.5963623316594643 0.9999742696900931 1.223801086464999e-05
0.7196856730011514 0.9999885872716643 7.395377991166653e-06
0.868511373751352 0.9999952775314656 2.7633147679873767e-06
1.0481131341546852 0.9999987952012476 1.0263857220369985e-06
1.2648552168552958 0.9999999186663389 3.648313392368493e-08
1.5264179671752318 0.999999975705896 1.6327423888267398e-08
1.8420699693267144 0.9999999777405408 1.808299695207641e-08
2.2229964825261934 0.9999999984801358 1.1008227058388578e-09
2.6826957952797246 0.9999999999578713 3.677163814787917e-11
3.2374575428176433 0.9999999999999952 2.856451301152053e-15
3.906939937054613 0.9999999999994583 4.695652503717756e-13
4.714866363457389 1.0 6.481543633135115e-17
5.689866029018293 1.0 1.6983146601011029e-19
6.866488450042998 1.0 0.0
8.286427728546842 1.0 0.0
10.0 1.0 0.0
