0.001 0.04974558690571887 0.0005549938006396414
0.0012067926406393288 0.058686449633712175 0.0006390576944917757
0.0014563484775012444 0.07061024576527092 0.0007647829505939434
0.0017575106248547913 0.08269518071613928 0.0008767978928019925
0.0021209508879201904 0.0977049613488913 0.0010166648371553156
0.002559547922699536 0.11760010532227477 0.0011751399016941592
0.0030888435964774815 0.13627691743208406 0.0013136465498253416
0.003727593720314938 0.15893036758030912 0.0014889333672545835
0.004498432668969444 0.1891274033292327 0.0017088759520943713
0.005428675439323859 0.21704027248345864 0.001850104085756316
0.006551285568595509 0.24939793145710942 0.001994787780129057
0.0079060432109077 0.28249264594855533 0.0021732786647579248
0.009540954763499945 0.31991503667727555 0.002272789773261073
0.01151395399326447 0.3643095626731686 0.0024541649800721497
0.013894954943731374 0.4085402792735661 0.0025488115186325573
0.016768329368110076 0.4530612777815957 0.0026880223818634154
0.020235896477251564 0.500484255161294 0.002777111583363539
0.02442053094548651 0.5485030614419526 0.002827609513492414
0.029470517025518096 0.5996235835490655 0.0028574388228326166
0.03556480306223128 0.6447205659743563 0.002887467110143623
0.04291934260128776 0.6915665339218523 0.0028720884809824688
0.0517947467923121 0.7342396532513159 0.0027932242419804426
0.0625055192527397 0.7680516387863797 0.0027441728293924167
0.07543120063354615 0.7979712208314699 0.0026747021297513305
0.09102981779915217 0.8302677874239318 0.002542210709018719
0.10985411419875583 0.8551894816534612 0.002438652005698857
0.13257113655901082 0.8766855107158673 0.0023213036393845265
0.15998587196060574 0.9003372641816737 0.0021068788445355643
0.19306977288832497 0.911146935430782 0.0020674028238186746
0.2329951810515372 0.9249908724034929 0.0019159612236321038
0.2811768697974228 0.9342994344942072 0.0018199322162911397
0.3393221771895326 0.9438622066944714 0.0016936722040560245
0.4094915062380423 0.9525589774962077 0.0016192961607158286
0.49417133613238334 0.9596911938634961 0.0014893828174028798
0.5963623316594643 0.9651347908920274 0.0013847507535942327
0.7196856730011514 0.96920423166437 0.001333003437096723
0.868511373751352 0.9744953909291344 0.0012138269793606441
1.0481131341546852 0.9761939870952204 0.0011601934418893408
1.2648552168552958 0.9778950272936571 0.0011710396693025776
1.5264179671752318 0.9816796342158434 0.0010718774089222823
1.8420699693267144 0.9838179366923127 0.0010156781734454079
2.2229964825261934 0.9870517329217259 0.0009021392731960339
2.6826957952797246 0.9878378193270116 0.0008976929399049187
3.2374575428176433 0.9886348672082257 0.0008802890149533099
3.906939937054613 0.9901012052410002 0.0008118708474569537
4.714866363457389 0.9907861718719329 0.0008121241379079511
5.689866029018293 0.9918415463697442 0.0007540903341822596
6.866488450042998 0.9919584505315273 0.0007785169821283276
8.286427728546842 0.9945537805777586 0.0006230019879345324
10.0 0.9940519011215465 0.0006836073915871102
