0.001 0.0010015435804848322 3.759350819134498e-05
0.0012067926406393288 0.0015481519405743422 5.689363480891857e-05
0.0014563484775012444 0.002670111654024904 9.98954556421624e-05
0.0017575106248547913 0.004022346196807438 0.0001418620224870245
0.0021209508879201904 0.006381175469689474 0.0002281518779099466
0.002559547922699536 0.009949104187471972 0.0003288678877641705
0.0030888435964774815 0.014130960670893339 0.0004494679988939944
0.003727593720314938 0.020811013428299698 0.000628899745865854
0.004498432668969444 0.03180037298882585 0.0008722225317277025
0.005428675439323859 0.04223941947195193 0.0010982889700784368
0.006551285568595509 0.05602647278597359 0.0013424770324932153
0.0079060432109077 0.07444059573743554 0.0016294005552518003
0.009540954763499945 0.09337913217814565 0.0018336677729571065
0.01151395399326447 0.12430397037214662 0.002138521506374447
0.013894954943731374 0.15494534917466238 0.0023219820566407505
0.016768329368110076 0.19542558441792585 0.0025901265867034427
0.020235896477251564 0.2406426959309594 0.0027730355227450145
0.02442053094548651 0.29177203777058125 0.0029943283278110783
0.029470517025518096 0.35209340301695524 0.0031719131086803652
0.03556480306223128 0.4138363386532945 0.0033515958296328804
0.04291934260128776 0.48159483443585777 0.0034939565131460143
0.0517947467923121 0.5442545873288588 0.003541231842600373
0.0625055192527397 0.6003174170323949 0.0035830209793345303
0.07543120063354615 0.6512140704003404 0.0035666622581186423
0.09102981779915217 0.704989143341167 0.0034822382760831567
0.10985411419875583 0.7490739621727834 0.003359719411315392
0.13257113655901082 0.7875384718308566 0.003228099436133318
0.15998587196060574 0.8256216900685472 0.0030150579429953856
0.19306977288832497 0.8481551106797529 0.002893200909566189
0.2329951810515372 0.8711828168708997 0.0027207418670702425
0.2811768697974228 0.8877393120396863 0.002583571010202635
0.3393221771895326 0.9039294548952322 0.0024235588725258607
0.4094915062380423 0.9215435617988691 0.0022469787429156675
0.49417133613238334 0.9325827654861986 0.0020947631661221637
0.5963623316594643 0.9415127237018823 0.001973938794387792
0.7196856730011514 0.9494959102208753 0.0018541519515347087
0.868511373751352 0.9578253397517327 0.0016892913804116038
1.0481131341546852 0.9600217497013136 0.0016471067206195171
1.2648552168552958 0.9649888281771711 0.0015839238537595334
1.5264179671752318 0.971115499774219 0.0014443210801801801
1.8420699693267144 0.9746348338787084 0.001355845832671898
2.2229964825261934 0.9793964823275324 0.0012197756292267826
2.6826957952797246 0.9813815915585637 0.0011833229100445648
3.2374575428176433 0.9829386054764595 0.0011385341810763764
3.906939937054613 0.9848326654656481 0.001067213479851509
4.714866363457389 0.9866093441812375 0.0010206451537473273
5.689866029018293 0.9878742251288284 0.0009717898799421574
6.866488450042998 0.9886869526990862 0.0009353909374805332
8.286427728546842 0.9918876116989641 0.0007718793786099417
10.0 0.9918665391164343 0.0007926497337158278
