0.001 0.009301296268166899 0.00016201440481756663
0.0012067926406393288 0.012581514790812806 0.00021955187998202132
0.0014563484775012444 0.0177083945822545 0.0003017487540337334
0.0017575106248547913 0.02495618148688391 0.00041639062630915535
0.0021209508879201904 0.03174931181988324 0.000525624996307535
0.002559547922699536 0.04450119878580342 0.0007024972055181391
0.0030888435964774815 0.058158423979846045 0.0009097181275197755
0.003727593720314938 0.07739151981798155 0.0011516810922201333
0.004498432668969444 0.10251860328166781 0.0014386137413745239
0.005428675439323859 0.12853139718274145 0.0017427467783761835
0.006551285568595509 0.15772465410045616 0.0020275880688872534
0.0079060432109077 0.19885089856076943 0.0023895462761840507
0.009540954763499945 0.24073104238023735 0.0026896127043693585
0.01151395399326447 0.2838092294258449 0.002960729657970069
0.013894954943731374 0.3367771320404849 0.003208698093705609
0.016768329368110076 0.38386291530646505 0.0033931395117092356
0.020235896477251564 0.4328635184216824 0.0035004190994776634
0.02442053094548651 0.48643625185345735 0.0035926599504792107
0.029470517025518096 0.5360268558829053 0.003623499713954531
0.03556480306223128 0.5855985494766317 0.0036169430131285734
0.04291934260128776 0.6292712351335198 0.0035418940324198124
0.0517947467923121 0.6796282860176541 0.0034386094156956958
0.0625055192527397 0.7194531463645388 0.003317391055912329
0.07543120063354615 0.7572341778892835 0.003172552892589468
0.09102981779915217 0.794699913732697 0.00297681095777595
0.10985411419875583 0.8269793141358397 0.0028223603227652333
0.13257113655901082 0.8542169051319055 0.002648885558107296
0.15998587196060574 0.8801457403128002 0.002426568491079057
0.19306977288832497 0.9039539334526667 0.002220904101910269
0.2329951810515372 0.9177054979806447 0.0020354754200288274
0.2811768697974228 0.9353146268054019 0.001820909239610268
0.3393221771895326 0.9416494401515434 0.0017294872403168667
0.4094915062380423 0.9563249414245342 0.0014720078209997307
0.49417133613238334 0.9639596869182342 0.0013223898239946863
0.5963623316594643 0.9744808935498426 0.0011111822345359508
0.7196856730011514 0.9794235233171232 0.0009683017693290755
0.868511373751352 0.9834171327987208 0.0009304374274697593
1.0481131341546852 0.987951567672176 0.0007900049534217315
1.2648552168552958 0.9906967437420336 0.0007040528183919388
1.5264179671752318 0.991914721300386 0.0007173630718315025
1.8420699693267144 0.9940986754697718 0.0006119437083968673
2.2229964825261934 0.9939608787425377 0.0006366859484540784
2.6826957952797246 0.9964938284316956 0.00047311879103312027
3.2374575428176433 0.9969998441816037 0.0004597920504751284
3.906939937054613 0.9950728063003691 0.0006396929897138914
4.714866363457389 0.9971933424545681 0.0004476734462655925
5.689866029018293 0.9975480632711661 0.0004201777368513266
6.866488450042998 0.997736323927996 0.00044052614199791695
8.286427728546842 0.9983698291976072 0.0003695695470823563
10.0 0.998433820066798 0.00033588692471907115
