0.001 0.0003547344988184083 8.914837910175827e-06
0.0012067926406393288 0.0006435398143583988 1.5860383278971038e-05
0.0014563484775012444 0.0010327925432506448 2.49736667997786e-05
0.0017575106248547913 0.0016228014874962978 4.0128419442929085e-05
0.0021209508879201904 0.002783427286506995 6.678718793735667e-05
0.002559547922699536 0.004441295837256856 0.00010539249024920592
0.0030888435964774815 0.007300104826602563 0.00016844072675251283
0.003727593720314938 0.010762765677937833 0.00024268132464042206
0.004498432668969444 0.017338707190005916 0.00037311505648400935
0.005428675439323859 0.026408634814881787 0.0005414228457758216
0.006551285568595509 0.037324996127487284 0.0007455360900782386
0.0079060432109077 0.05423591650248242 0.001016453253029076
0.009540954763499945 0.07838818517298297 0.0013477815860607574
0.01151395399326447 0.10108028642314752 0.0016510891384454488
0.013894954943731374 0.13294278552250535 0.002010096870561339
0.016768329368110076 0.17290546813631047 0.0024145641900842232
0.020235896477251564 0.2179699552922787 0.002770325262615025
0.02442053094548651 0.258496730944658 0.00304499448498867
0.029470517025518096 0.30710078745453057 0.0032954997042352104
0.03556480306223128 0.3561552032668959 0.0034939380777443334
0.04291934260128776 0.41077056443113186 0.0036948393092699223
0.0517947467923121 0.46701349441412715 0.0037676701152015947
0.0625055192527397 0.5203420217866953 0.003806982159771231
0.07543120063354615 0.5765073555974611 0.003783269786563791
0.09102981779915217 0.6187779056109511 0.0037202422359454766
0.10985411419875583 0.6744225507933866 0.0035589650913543168
0.13257113655901082 0.7193525217255018 0.0034265716633013156
0.15998587196060574 0.7611972134460046 0.0032611020161735322
0.19306977288832497 0.7993239115141448 0.003083997741023857
0.2329951810515372 0.8286482207809275 0.002913775416300359
0.2811768697974228 0.8597084187784519 0.002687935194563195
0.3393221771895326 0.8881443982282726 0.0024668180166059926
0.4094915062380423 0.9039173319447064 0.0022983268419066827
0.49417133613238334 0.9222995376074019 0.0020570628233158644
0.5963623316594643 0.9365820930473019 0.0018351508527584322
0.7196856730011514 0.9510789228364993 0.0016099249178378404
0.868511373751352 0.9597746156280864 0.0014589503759062361
1.0481131341546852 0.9673224125116063 0.0013086491359379513
1.2648552168552958 0.9761569076398635 0.0011010461589084774
1.5264179671752318 0.9807346764820226 0.0009899347880530437
1.8420699693267144 0.9865820597894759 0.000850234341436654
2.2229964825261934 0.9894537478979797 0.0007964481177817437
2.6826957952797246 0.9907710850718319 0.0007727534448545972
3.2374575428176433 0.9919051037855406 0.0007387661188104939
3.906939937054613 0.9950785087474407 0.0005748978016860193
4.714866363457389 0.9956076896251869 0.0005693721927766933
5.689866029018293 0.9957573091090668 0.0005644354034965297
6.866488450042998 0.9962962384023817 0.0005349578061127952
8.286427728546842 0.9962383836298421 0.0005416565403966651
10.0 0.9977823808922989 0.00039927310514370804
