0.001 0.00036437121935868806 9.414211654928852e-06
0.0012067926406393288 0.0006059352572649199 1.536946140308909e-05
0.0014563484775012444 0.0010197517428597556 2.5027182010558957e-05
0.0017575106248547913 0.0016103397506374228 4.000532488418138e-05
0.0021209508879201904 0.0027846561353424035 6.667948441608735e-05
0.002559547922699536 0.004377301337674851 0.0001036374266384954
0.0030888435964774815 0.007065656460876258 0.00016103255628313511
0.003727593720314938 0.010655735535740615 0.00023968289841975825
0.004498432668969444 0.01709279767484964 0.0003634920969735173
0.005428675439323859 0.024815836961949958 0.0005170964033775895
0.006551285568595509 0.03726918136304132 0.000723842882333981
0.0079060432109077 0.05374689360663328 0.0010034220969581816
0.009540954763499945 0.07462638163002754 0.0013051891352044028
0.01151395399326447 0.10479437675064746 0.0016821369130164189
0.013894954943731374 0.1346403323488949 0.0020230364356716014
0.016768329368110076 0.17292584367787223 0.002397229607575521
0.020235896477251564 0.212209635971129 0.0027470226817247413
0.02442053094548651 0.2611713094483677 0.0030627085967831224
0.029470517025518096 0.3053409742000928 0.0032924384156568353
0.03556480306223128 0.3579620714189119 0.003498648074692603
0.04291934260128776 0.40773619868380157 0.0036734897671984955
0.0517947467923121 0.46519915209040263 0.0037683200666759242
0.0625055192527397 0.5231330135988053 0.003803938010000503
0.07543120063354615 0.5699756466136224 0.003770895554429602
0.09102981779915217 0.6178206794844434 0.0037418756163953553
0.10985411419875583 0.6692243381328923 0.0036117285833204855
0.13257113655901082 0.7082151415099839 0.0035089788641616574
0.15998587196060574 0.7515710749626382 0.0033316347696828695
0.19306977288832497 0.7954860737318196 0.0030985638324733445
0.2329951810515372 0.8219733451426621 0.0029829732959590783
0.2811768697974228 0.8577972601196372 0.0027193984347305485
0.3393221771895326 0.8788282312719937 0.0025261021781810694
0.4094915062380423 0.9027446485385919 0.002305012408521365
0.49417133613238334 0.9198002695787333 0.0020906096527139096
0.5963623316594643 0.9348242505355356 0.0018917727778922913
0.7196856730011514 0.9480961978784671 0.001675976667485764
0.868511373751352 0.9580606462929813 0.0014763287631643191
1.0481131341546852 0.9661150652756564 0.001318231783556649
1.2648552168552958 0.9747902793565192 0.0011429470857434983
1.5264179671752318 0.9790244373577032 0.0010690449970912866
1.8420699693267144 0.9843454305261443 0.0009251762288962996
2.2229964825261934 0.9885278593038865 0.0008272574937078142
2.6826957952797246 0.9913218781812803 0.0007349482824947911
3.2374575428176433 0.9924487600771584 0.0007045573945084447
3.906939937054613 0.9942605559495878 0.0006391390223658662
4.714866363457389 0.994176787670619 0.0006631545241696998
5.689866029018293 0.9955308462571353 0.000578560025820052
6.866488450042998 0.9953110265631964 0.0006051897723684664
8.286427728546842 0.9965604031937372 0.0005154996507980058
10.0 0.9969213893010139 0.000490526866585237
