0.001 0.06869450472475358 0.0010309308021948173
0.0012067926406393288 0.0894654034128787 0.0012979755409706529
0.0014563484775012444 0.11067454584346965 0.0015412521470913507
0.0017575106248547913 0.1437550384832223 0.001904574736868012
0.0021209508879201904 0.17945399759902939 0.0022360517241213937
0.002559547922699536 0.22271397932254516 0.002587476547432471
0.0030888435964774815 0.2615826746438195 0.002853350324482114
0.003727593720314938 0.3080712679473787 0.0031024983911700373
0.004498432668969444 0.3558194186310844 0.0032897949945429905
0.005428675439323859 0.4021307860196866 0.00343996384965952
0.006551285568595509 0.45039622905974674 0.003553096198205497
0.0079060432109077 0.49912150486914225 0.0036045453947001495
0.009540954763499945 0.5538021518668275 0.0036312782005413716
0.01151395399326447 0.6019725125920149 0.003642847517973466
0.013894954943731374 0.6428852722656123 0.0035974113498669818
0.016768329368110076 0.6946800426463097 0.0035140362295475723
0.020235896477251564 0.7339390973494255 0.0033867054759638875
0.02442053094548651 0.7681800484303907 0.0032760024115202862
0.029470517025518096 0.7935782979585734 0.003191641961433122
0.03556480306223128 0.8239704146187183 0.00300395889013114
0.04291934260128776 0.8474147468175063 0.0028778374416772888
0.0517947467923121 0.8688740368687974 0.0026936705693827497
0.0625055192527397 0.8899623692136381 0.0025015508892860337
0.07543120063354615 0.9065501868702871 0.0023304108924955833
0.09102981779915217 0.9183494045471216 0.002220597370136983
0.10985411419875583 0.9288698767157826 0.002088981307852678
0.13257113655901082 0.9397518696444931 0.0019372910374016144
0.15998587196060574 0.9508410842490926 0.0017710592930345772
0.19306977288832497 0.9566174748285592 0.0016618776456728173
0.2329951810515372 0.962165417547935 0.001562127319129943
0.2811768697974228 0.9689344630008038 0.0014293515873612733
0.3393221771895326 0.9740658663773296 0.0013257919262392535
0.4094915062380423 0.974865480489125 0.0013322070358679492
0.49417133613238334 0.9781830892327267 0.0012304883433044745
0.5963623316594643 0.9821118509525364 0.0011124804562304162
0.7196856730011514 0.982206575315412 0.0011241290024644863
0.868511373751352 0.9850537045685803 0.0010287190584960893
1.0481131341546852 0.9867024152850882 0.001003292534185605
1.2648552168552958 0.9875265178596141 0.0009545532797549825
1.5264179671752318 0.9899075724459211 0.0008709274458336912
1.8420699693267144 0.9914441872445066 0.0008035259818662597
2.2229964825261934 0.9918585220156381 0.0008046143394985926
2.6826957952797246 0.9920309338612567 0.0008111447203525958
3.2374575428176433 0.9927470973692208 0.0007710775501949534
3.906939937054613 0.9943337725480187 0.0006772048918654804
4.714866363457389 0.9942497000719217 0.0006931519451962441
5.689866029018293 0.9948347056986906 0.0006680329197329768
6.866488450042998 0.9948030032015073 0.0006856419995362358
8.286427728546842 0.9960381185759092 0.0006070354107087235
10.0 0.9959471123800229 0.0006083876267104269
