0.001 0.12166347048231589 0.001156991913536819
0.0012067926406393288 0.14237369486695084 0.0013295244866736453
0.0014563484775012444 0.1679421925789941 0.0015329379680465098
0.0017575106248547913 0.1958693441555692 0.0017143812276445576
0.0021209508879201904 0.22553483323740667 0.0019485728789753692
0.002559547922699536 0.2606988933426782 0.0021549632176774253
0.0030888435964774815 0.29612325811567225 0.002375307704404785
0.003727593720314938 0.33702601761660617 0.0025592047460681468
0.004498432668969444 0.3772303132816307 0.002719422654226323
0.005428675439323859 0.41347359799651584 0.0028457216158355226
0.006551285568595509 0.4607677023495422 0.0029883501957757145
0.0079060432109077 0.508056101134408 0.003070118673112743
0.009540954763499945 0.5551222712168736 0.0031350918431198647
0.01151395399326447 0.5922531359212595 0.003142336945093222
0.013894954943731374 0.6341708749481821 0.003112018369900357
0.016768329368110076 0.6729284006993331 0.003117373260252191
0.020235896477251564 0.7105783561377067 0.003044966028737439
0.02442053094548651 0.7493558492479627 0.0029234523964860536
0.029470517025518096 0.7785835961297265 0.0028767912070636155
0.03556480306223128 0.8092988553511065 0.002718467630024866
0.04291934260128776 0.8323401474408154 0.0026369910917228455
0.0517947467923121 0.8500175876593341 0.002570817824992002
0.0625055192527397 0.8780487657926879 0.002340130018946311
0.07543120063354615 0.8908694073875624 0.00226696832804232
0.09102981779915217 0.9024726643883527 0.002143879335175076
0.10985411419875583 0.9201219790884856 0.002001601828631795
0.13257113655901082 0.9344041169663322 0.0018195956583985295
0.15998587196060574 0.9394662742871336 0.0017726507730070548
0.19306977288832497 0.9501690394903202 0.0016315429544896836
0.2329951810515372 0.9554669672850825 0.0015683304960657108
0.2811768697974228 0.9610920763107744 0.0014933834238880423
0.3393221771895326 0.9670379597718265 0.0013991269333133312
0.4094915062380423 0.9699804586668243 0.001317084280604057
0.49417133613238334 0.9746590858311556 0.0012204587896076822
0.5963623316594643 0.9797115862209604 0.001079667193786959
0.7196856730011514 0.98106853923454 0.0010717384471576768
0.868511373751352 0.9828979314975329 0.0010295926359319082
1.0481131341546852 0.98753698312702 0.0008759376799969847
1.2648552168552958 0.9866012930105856 0.0009365782781575015
1.5264179671752318 0.9882738549074326 0.000868750888613557
1.8420699693267144 0.9898818644114508 0.0008177361869065523
2.2229964825261934 0.9907588302219729 0.0007896429344809466
2.6826957952797246 0.9930363237573272 0.0006871503832729536
3.2374575428176433 0.9916809742400794 0.0008103806460902774
3.906939937054613 0.9943985853719823 0.0006350101183553977
4.714866363457389 0.9938379614162981 0.0006861202498101922
5.689866029018293 0.9942806782133019 0.0006767100575976965
6.866488450042998 0.9942645359252427 0.0006960379603125438
8.286427728546842 0.9950500049331035 0.000655287635586501
10.0 0.9951863842290015 0.0006568561072649149
