0.001 0.013843955467531298 0.00014160547234953391
0.0010473708979594498 0.015060827867170752 0.0001531333156718883
0.001096985797892384 0.016268468145580077 0.0001645188882095621
0.0011489510001873086 0.017729462460567492 0.00017866303417687524
0.0012033778407775893 0.019045503147335094 0.00019376484858514887
0.0012603829296797275 0.020691811643991257 0.00021189104551396366
0.001320088400831418 0.02260567146135391 0.00022694342364135443
0.0013826221737646563 0.024809940150900687 0.0002444129271729437
0.001448118227674533 0.02673723864051424 0.0002654500017842639
0.0015167168884709225 0.0287992752065491 0.0002880768976365615
0.0015885651294280528 0.03154151019786768 0.00031346893673987714
0.001663816886076129 0.033625787016899916 0.00033340539592882754
0.0017426333860096508 0.03680626939222054 0.0003648094888420747
0.0018251834943190425 0.040208529104954586 0.0003945463706530914
0.0019116440753857017 0.04372343796698693 0.00042254885215591237
0.0020022003718155844 0.046526337991850936 0.0004531535774976636
0.002097046401323233 0.04968616854259107 0.0004852331933902049
0.002196385372416547 0.05482427021143752 0.000526537620635939
0.002300430119772917 0.05923253727045139 0.0005630927394795042
0.0024094035602395245 0.06345390498922888 0.0006029637132320717
0.0025235391704347657 0.06868713981483691 0.000650899858857732
0.0026430814869741054 0.07257134769793135 0.0006818809408435298
0.0027682866303920667 0.07795169197225148 0.0007345364301836467
0.002899422853882875 0.08536094895101892 0.000792546761239727
0.0030367711180354575 0.09170266525427793 0.0008498635286443117
0.0031806256927941192 0.09899965284664283 0.0008996246242449515
0.0033312947879346735 0.10582557033970877 0.0009615146032475513
0.0034891012134067737 0.11399665869970238 0.0010288670638036036
0.0036543830709572546 0.12174235792551757 0.001081160981979245
0.003827494478516311 0.128435384827879 0.0011465943917917624
0.004008806328898464 0.13766593342841169 0.0012165129478570505
0.00419870708444391 0.14824873253878543 0.0012869824676207608
0.004397603609302721 0.15891675364892 0.0013820166208807802
0.004605922041145104 0.16731279958674378 0.001438365681885482
0.004824108704165369 0.17829200414874874 0.001512185428318063
0.00505263106533568 0.18899624911946894 0.0015922926614491304
0.005291978735958442 0.20024097160573479 0.0016631540104491394
0.005542664520663107 0.21298768226500983 0.001747387734673664
0.005805225516094896 0.22669313089895476 0.0018439500399840855
0.006080224261649427 0.24143211372992965 0.0019267147781797916
0.006368249944718587 0.2521589016641118 0.0019913935807041316
0.006669919663030122 0.26767791330508467 0.002075261901569111
0.0069858797467852495 0.28032418460392927 0.0021499016685502838
0.007316807143427192 0.29767934066351187 0.0022558749939389417
0.007663410868007463 0.3095443799846602 0.0023379765852917563
0.008026433522257174 0.3247676726535082 0.002409482517866793
0.008406652885618326 0.3402303242447649 0.0024768622537156013
0.008804883581643464 0.356736704685111 0.0025719920390320154
0.009221978823334321 0.3724428387186608 0.002649939349373907
0.009658832241158708 0.3918014015467002 0.002728999313705988
0.01011637979766207 0.40862925937002104 0.0027824467748670256
0.010595601792776159 0.41895867305818074 0.0028266071919258308
0.011097524964120722 0.4444612751667228 0.002903883800560073
0.011623224686798524 0.4598426304449088 0.002962070175509439
0.012173827277396614 0.47367610052895126 0.003007629746283708
0.012750512407130135 0.4890595926197313 0.003061569943609374
0.013354515629298987 0.5056465933884194 0.0031127494104481613
0.013987131026472387 0.5240954682052391 0.003156474721164571
0.014649713983072856 0.5412240460725495 0.0031855268408516376
0.015343684089300124 0.5538171896857093 0.0032319134237390646
0.01607052818261639 0.5703591646535793 0.0032370788539226817
0.016831803533309566 0.5836438798395155 0.0032771002827010625
0.01762914118095948 0.6074532490013511 0.0032537262278100206
0.018464249428955436 0.609381972338241 0.003322552967223346
0.01933891750455231 0.630466988209368 0.0032995943519978843
0.020255019392306676 0.6384321478170778 0.003326923014309101
0.021214517849106298 0.6648358149070651 0.003279706751686198
0.02221946860939524 0.667268270313008 0.003308304526394802
0.023272024789604086 0.6772384121102912 0.003290465842839082
0.024374441501222206 0.6947782312136634 0.0032875789132015935
0.025529080682395178 0.702024400255056 0.0033034802281551893
0.026738416158399468 0.7244265997178734 0.003232605357457766
0.02800503894183631 0.7257080351915473 0.0032361953917741434
0.02933166278390044 0.7415463159983215 0.0031839016409450716
0.030721129988617576 0.7489807531706622 0.003180446938426188
0.03217641750250737 0.763153870700418 0.003149626766088065
0.03370064329271928 0.7645445498722285 0.0031788717484989367
0.0352970730273065 0.7847980849735438 0.0030625833848815583
0.036969127071950283 0.7789426553658786 0.00313478396585218
0.03872038781812555 0.8012027129434468 0.0029951511162429737
0.040554607358408296 0.8071241358609337 0.0029780993224470553
0.04247571552536898 0.8059832992708114 0.0030097199439922014
0.04448782831127585 0.8177215679385521 0.002940072889393389
0.046595256686646824 0.8313563744204504 0.002862680780394946
0.04880251583654431 0.8350414245864316 0.0028621711674617647
0.051114334834401684 0.8418856852579711 0.002816246063811828
0.053535666774107246 0.8466813321567211 0.002797418267776164
0.05607169938205458 0.843591001549011 0.002845557858467798
0.05872786613189483 0.8598124569446912 0.0027024241746336337
0.061509857885805014 0.8674234718645143 0.002637919129046282
0.06442363508721373 0.8723432321068966 0.002598275968928325
0.06747544053110693 0.8737888237661023 0.0025977164910072925
0.07067181273927492 0.8814290206702615 0.002535447918762956
0.07401959996915644 0.8874195300650536 0.0024761158514559215
0.0775259748862946 0.8923224954784442 0.0024442754101208085
0.08119844993184012 0.8933584235086828 0.002439907577206822
0.08504489341802678 0.9003226645887827 0.0023501048188957325
0.0890735463861044 0.9035896816545183 0.0023591362586023817
0.09329304026284686 0.9070013126045756 0.002312659572821346
0.09771241535346496 0.9104970905304188 0.0022878651067354946
0.10234114021054527 0.9116097044009627 0.0022800311500528626
0.10718913192051276 0.920688406756465 0.0021651441081693232
0.11226677735108136 0.9187087047746678 0.0022226171073317274
0.1175849554052157 0.9234694332157564 0.002107842672332455
0.12315506032928261 0.9290316682175446 0.002045720782292651
0.1289890261253308 0.9273605998282541 0.0021116096834838806
0.13509935211980265 0.9306633358597317 0.0020366880286001813
0.1414991297434576 0.9356231022975118 0.0019868715000103464
0.14820207057988585 0.9360115998367637 0.001992943687308023
0.1552225357427048 0.9403178735455499 0.0019005415897819157
0.1625755666443795 0.9411217903665402 0.0019048805182577267
0.17027691722258995 0.943740336915328 0.0018806735583340808
0.17834308769319093 0.9472615954230885 0.0018265636954528128
0.1867913599020783 0.9502439037973963 0.0017777979414030315
0.19563983435170648 0.9524814881747589 0.0017103152424786663
0.20490746898158482 0.9521082042347132 0.0017410842278596103
0.21461411978584036 0.9565139263567846 0.0016447385729016863
0.22478058335487253 0.9547294838051951 0.001713169269008903
0.2354286414322418 0.9608157056142621 0.0015796724322368603
0.2465811075822604 0.9585705054848924 0.0016543614520846944
0.2582618760682677 0.958489775531022 0.0016352398908406666
0.27049597304631345 0.9603007892959636 0.0016010867407472461
0.2833096101839324 0.9659842428752349 0.0014749580791107424
0.29673024081888694 0.9654647059805542 0.0014874561027542312
0.3107866187782014 0.9654073330912047 0.0015033221849923273
0.325508859983506 0.9674729956244775 0.0014461707278775686
0.3409285069746811 0.9689741579469228 0.0014199286765909122
0.35707859649004625 0.9692148235437725 0.0014234966196203464
0.3739937302478798 0.9690784220388712 0.0014337760160861865
0.39171014908092605 0.9708809900977263 0.0013825037081530733
0.41026581058271944 0.9762816174580236 0.001248224346455617
0.4297004704320839 0.9727034740499771 0.001351283597300946
0.4500557675700497 0.9752328285552206 0.0012859739474790537
0.4713753134116724 0.9773538416201273 0.0012365586849820765
0.4937047852839004 0.9762104047612437 0.0012712899015772838
0.517092024289676 0.9748670636458515 0.0013075717522505889
0.5415871378079471 0.9796396228850736 0.001163456831847012
0.5672426068491978 0.9804123556691539 0.0011447701187354469
0.5941133984965034 0.9791714321759782 0.001211098228940998
0.6222570836730231 0.9788516297141706 0.001222160062030515
0.6517339604882427 0.9808126868696212 0.0011638883458008743
0.6826071834272386 0.9800793039500141 0.001178766606929396
0.7149428986597577 0.9821772130009598 0.0010950485468456778
0.7488103857590023 0.9821405234041082 0.0011121760154015467
0.7842822061337682 0.9827209777961552 0.0010970612704051057
0.821434358491943 0.982749191304402 0.001087481635356713
0.8603464416684501 0.9847819884066157 0.0010331027784418
0.9011018251665018 0.9861845699193004 0.0009736632685997927
0.9437878277775381 0.983923213789484 0.00107268926684132
0.9884959046625587 0.9841564153374176 0.0010382129594324102
1.0353218432956626 0.9868039705122257 0.0009606236281692236
1.0843659686896108 0.9878134247427879 0.000914635903220012
1.135733358343105 0.9896046802557992 0.0008297773864708925
1.1895340673703196 0.9865861840390279 0.0009853816280178684
1.2458833642950082 0.9889857823992783 0.0008822079075961098
1.3049019780144029 0.9890894359291442 0.0008821044904217123
1.3667163564620073 0.9880883672309492 0.0009094690518967103
1.4314589375234785 0.9901011908177488 0.0008458004244329474
1.4992684327860455 0.9894871659449537 0.0008720288082310992
1.5702901247293775 0.9897246681391025 0.000847755172543903
1.6446761779946644 0.9887497669512885 0.0009099096926334712
1.7225859653987874 0.9913766431680877 0.000780525777162967
1.8041864093920719 0.9900070171710977 0.00087419245331757
1.8896523396912097 0.9904098278960674 0.0008321994970654123
1.9791668678535574 0.9913408917100224 0.0008028501171448654
2.072921779595372 0.9931521305715327 0.0007046435242884913
2.171117945694505 0.9926177413110345 0.0007445882021801778
2.2739657523579275 0.9915936907189749 0.0007980164913143134
2.381685551976158 0.9927727481274682 0.0007194266785488626
2.4945081352303164 0.9919341083620086 0.0007816416767433922
2.612675225563329 0.993055455265879 0.0007233904468503867
2.736439997074672 0.9925143326364118 0.0007404922024147246
2.8660676169482504 0.9915627390968013 0.0007980225495455767
3.001835813575589 0.9929680058181457 0.0007153883371690351
3.1440354715915 0.9939838641725097 0.0006784831059608572
3.2929712550971515 0.9940367737866526 0.0006818025958044139
3.44896226040576 0.9943218976366673 0.0006366105437301417
3.6123426997094303 0.9941675284479956 0.0006708426765598164
3.7834626171319288 0.9950039596806284 0.0006094560651927123
3.9626886387014784 0.9949952367950731 0.0006089313083623264
4.150404757850477 0.9939503701582053 0.0006776416020967584
4.347013158125026 0.9953151911671599 0.0005785173541130741
4.552935074866948 0.9956262027932846 0.0005658643505737237
4.768611697714469 0.9952706217572822 0.00060368794642561
4.99450511585514 0.9950726199401106 0.0006206852120187293
5.2310993080562636 0.9961614522087986 0.000507914124172475
5.478901179593945 0.9953556682628528 0.0005998766751339902
5.738441648302393 0.9942884943848667 0.0006670815360925518
6.010276782070382 0.9958813560636547 0.0005540747164453746
6.294988990221888 0.9950227194474736 0.0006294498561317049
6.593188271333548 0.9960718296103974 0.0005289615858702066
6.905513520162331 0.9948284702357003 0.0006418585384299078
7.2326338964835335 0.9958768918136857 0.0005651241865437537
7.575250258771913 0.9964643513098781 0.0005440448231103679
7.934096665797492 0.9965961413184494 0.0005129474217088334
8.309941949353396 0.996166409163952 0.0005496355525910678
8.703591361485167 0.9968244177894521 0.0005169940487483616
9.115888299750829 0.9967867902861802 0.0005170891482438088
9.547716114208056 0.9966045718061513 0.0005272593518491096
10.0 0.9964923115321852 0.0005634828120714472
