0.001 0.014065982641547767 0.00014172049791808216
0.0010473708979594498 0.015230091580759096 0.00015257328448338791
0.001096985797892384 0.016833257802651786 0.0001675581187376035
0.0011489510001873086 0.018167716693193912 0.00018142451725428822
0.0012033778407775893 0.019757800883434182 0.00019602311059070457
0.0012603829296797275 0.021673529984061198 0.0002149358270467407
0.001320088400831418 0.023284250358572497 0.00023265532327817115
0.0013826221737646563 0.02487430109999464 0.00024911322705026197
0.001448118227674533 0.027608177943060842 0.00027078440286419333
0.0015167168884709225 0.029040125194595857 0.0002927396515538579
0.0015885651294280528 0.03226413752867544 0.00031552520492967017
0.001663816886076129 0.034784802304510226 0.0003365481819143928
0.0017426333860096508 0.03764940625197862 0.00036550765066368444
0.0018251834943190425 0.041162000790118544 0.00039779091382602383
0.0019116440753857017 0.044834852125897426 0.0004301424982281115
0.0020022003718155844 0.048824023673930225 0.0004657880776424463
0.002097046401323233 0.051625702752677693 0.0004933982863138605
0.002196385372416547 0.05544438947888006 0.0005336798544343452
0.002300430119772917 0.06056180166994094 0.0005774884641785147
0.0024094035602395245 0.06504842856473095 0.0006157515795610686
0.0025235391704347657 0.06993071047078343 0.0006612474766521856
0.0026430814869741054 0.07419931659504957 0.000697079793318092
0.0027682866303920667 0.08154260661022941 0.0007535810750203786
0.002899422853882875 0.08642537397496154 0.0008041988465514337
0.0030367711180354575 0.09461357960239813 0.000863886599785305
0.0031806256927941192 0.10240607932649395 0.0009117353777112211
0.0033312947879346735 0.1080070091726893 0.0009679267357735605
0.0034891012134067737 0.11335377377515433 0.0010211784293254575
0.0036543830709572546 0.1224631913818363 0.001091079928424165
0.003827494478516311 0.13323483118091117 0.0011650267582756504
0.004008806328898464 0.14080033676452752 0.001241565627499915
0.00419870708444391 0.1512076567369448 0.0013009949032589474
0.004397603609302721 0.16003544214539558 0.0013721181938054616
0.004605922041145104 0.17133147446491762 0.0014527114379976418
0.004824108704165369 0.18327646592836078 0.001523961004653994
0.00505263106533568 0.1934875393488921 0.0016058257345395492
0.005291978735958442 0.20553543914454928 0.001686432485383786
0.005542664520663107 0.21424879584790166 0.0017620809831125426
0.005805225516094896 0.22967361025647862 0.0018554225952320627
0.006080224261649427 0.24134759196956174 0.0019227066660995515
0.006368249944718587 0.25750458800174125 0.002005532359673395
0.006669919663030122 0.27369136674922895 0.002099804134881004
0.0069858797467852495 0.2858863426101751 0.0021736888268337343
0.007316807143427192 0.29605575588488775 0.00226351123438283
0.007663410868007463 0.31610247550286 0.0023532559607422746
0.008026433522257174 0.33080792072915777 0.0024147145281992522
0.008406652885618326 0.3492847211718927 0.0024983255258411953
0.008804883581643464 0.3622839290441884 0.0025778895928654883
0.009221978823334321 0.38164864319620107 0.002665800150508137
0.009658832241158708 0.39708684688463475 0.002748153465875566
0.01011637979766207 0.4101645497528686 0.0027964825864007143
0.010595601792776159 0.42498014583406957 0.0028629506494466357
0.011097524964120722 0.44527289872056947 0.0029081923820885943
0.011623224686798524 0.460474218588079 0.0029565515490682483
0.012173827277396614 0.47647358392475314 0.0030170860101239516
0.012750512407130135 0.5000347390608131 0.0030702898294726767
0.013354515629298987 0.5147183868431301 0.003090970523867813
0.013987131026472387 0.5272514612579169 0.003144166742919582
0.014649713983072856 0.5417749443408576 0.0031554545166951665
0.015343684089300124 0.5582398324769625 0.0032006895275674156
0.01607052818261639 0.5720752075668544 0.0032151960026812892
0.016831803533309566 0.5957383245109048 0.0032469996873492877
0.01762914118095948 0.6022553091018598 0.0032617138137153944
0.018464249428955436 0.6180581677705907 0.0032866839606077486
0.01933891750455231 0.6393285545613387 0.003278110778190642
0.020255019392306676 0.6498161598153782 0.003270810142233166
0.021214517849106298 0.6629612359807399 0.0032741030343524605
0.02221946860939524 0.6752739116319169 0.003268841470153877
0.023272024789604086 0.6919197414361546 0.003214801335188531
0.024374441501222206 0.699058069153223 0.0032640816337586283
0.025529080682395178 0.7186549894740416 0.003200166976599017
0.026738416158399468 0.726334788727285 0.0031825215167425812
0.02800503894183631 0.7342017678875491 0.0031932285994635034
0.02933166278390044 0.7422429044847708 0.0031941187762970693
0.030721129988617576 0.7552560166277703 0.0031688004584831337
0.03217641750250737 0.7655597495281279 0.0031304485394097314
0.03370064329271928 0.7767918394862247 0.0030719006138815743
0.0352970730273065 0.7811682416877319 0.003085863299929453
0.036969127071950283 0.8004949983970119 0.002981114757776618
0.03872038781812555 0.8052929643641195 0.0029636960512483108
0.040554607358408296 0.814325927379976 0.002904622644525613
0.04247571552536898 0.8176460346828736 0.0029395282389272854
0.04448782831127585 0.8303048555524949 0.0028343415314776104
0.046595256686646824 0.830287842002015 0.0028742845963228058
0.04880251583654431 0.8397872452554519 0.0028020518788200903
0.051114334834401684 0.8501464141977624 0.0027338312342071497
0.053535666774107246 0.8519409901645612 0.0027380574963389716
0.05607169938205458 0.8581422252678976 0.0027026192158775253
0.05872786613189483 0.8632179540393101 0.0026512525210931276
0.061509857885805014 0.8684998696103133 0.0026012422325598335
0.06442363508721373 0.8775704717136976 0.0025611539142828127
0.06747544053110693 0.8800048510268044 0.002534111666700137
0.07067181273927492 0.8860323522426996 0.0024837877455631124
0.07401959996915644 0.8910297076093988 0.0024380289877632363
0.0775259748862946 0.8948996720149316 0.0023979715189429065
0.08119844993184012 0.8960971731283376 0.0024033187534144114
0.08504489341802678 0.9024811031676067 0.002341165528241732
0.0890735463861044 0.9074569577699624 0.0022920131360306415
0.09329304026284686 0.9094845374994814 0.0022748845494738852
0.09771241535346496 0.9132165902198655 0.002211730062765797
0.10234114021054527 0.9209243906552261 0.0021343187252991984
0.10718913192051276 0.9209693510739424 0.002139780967744095
0.11226677735108136 0.9209705901245541 0.002154157459042323
0.1175849554052157 0.9270359919680593 0.002069488229083182
0.12315506032928261 0.9286688575689939 0.002063260773978406
0.1289890261253308 0.9322459887021755 0.002016605729890071
0.13509935211980265 0.9345491680909621 0.0019898808830723703
0.1414991297434576 0.9394540321765762 0.0019140679689783405
0.14820207057988585 0.9388160883003626 0.001927012200278182
0.1552225357427048 0.941359083667379 0.0018839118408605507
0.1625755666443795 0.9402262705019577 0.0019202379346443604
0.17027691722258995 0.9457408811020519 0.0018502752245904478
0.17834308769319093 0.9493766192228761 0.0017649058589699162
0.1867913599020783 0.9488788134468882 0.0018091432719806008
0.19563983435170648 0.9543934993772624 0.0016745175299600248
0.20490746898158482 0.9541462565740109 0.0016970164823801722
0.21461411978584036 0.9568727277561626 0.0016473397004272037
0.22478058335487253 0.9593775081023629 0.0015862751005032327
0.2354286414322418 0.9601061384311986 0.0015828550424460503
0.2465811075822604 0.9606008257756866 0.0015867592692799875
0.2582618760682677 0.9600251509375135 0.0016078852037268
0.27049597304631345 0.9661039365264056 0.0014479301113019469
0.2833096101839324 0.9669197648295614 0.0014623372925500597
0.29673024081888694 0.9687354750489489 0.0014123689629932372
0.3107866187782014 0.966127197990992 0.0014759975470995165
0.325508859983506 0.9706045339065047 0.001360319578165676
0.3409285069746811 0.9701817426445873 0.0013750195376366528
0.35707859649004625 0.9706399306537127 0.001392292393540584
0.3739937302478798 0.9728376360781411 0.0013412475409453012
0.39171014908092605 0.9721281940693612 0.0013671715054154546
0.41026581058271944 0.9756221692579718 0.001276761252728185
0.4297004704320839 0.9750147983879713 0.0013028830537278522
0.4500557675700497 0.9762251319375086 0.0012579088452548085
0.4713753134116724 0.9752276554075974 0.0013130909070666488
0.4937047852839004 0.976432020671507 0.0012635637632821938
0.517092024289676 0.9785595998827157 0.001197839848114293
0.5415871378079471 0.9808145356124356 0.0011283386612877485
0.5672426068491978 0.9811220993290602 0.001125634242676095
0.5941133984965034 0.9812042014372999 0.0011309445427982285
0.6222570836730231 0.980606393824705 0.0011498971069097885
0.6517339604882427 0.9817050649191782 0.0011197176032268657
0.6826071834272386 0.9817957081958891 0.001111950320968507
0.7149428986597577 0.9839906467102421 0.0010476231587171197
0.7488103857590023 0.9826471952493951 0.0011046799802001755
0.7842822061337682 0.985697315037547 0.0009782528881551703
0.821434358491943 0.9863963557828876 0.0009569953524225819
0.8603464416684501 0.9830620731422723 0.001100300568724301
0.9011018251665018 0.9867342937079664 0.0009328704051762466
0.9437878277775381 0.9874846366313749 0.0009254407303138183
0.9884959046625587 0.9885265101396732 0.0008743821189421018
1.0353218432956626 0.9879535561811655 0.000902929373517551
1.0843659686896108 0.9871433823309284 0.0009539154106433857
1.135733358343105 0.9874833560808732 0.0009286621085935772
1.1895340673703196 0.9882204406849152 0.0009130684330421666
1.2458833642950082 0.9878474309527308 0.000936174498107733
1.3049019780144029 0.9889976943196848 0.0008930971222797194
1.3667163564620073 0.9897401054524578 0.0008621291745677277
1.4314589375234785 0.9893855593626242 0.00087149162896847
1.4992684327860455 0.9899320054018402 0.0008657803889918632
1.5702901247293775 0.9902106073911938 0.0008347535997741948
1.6446761779946644 0.9895027265091411 0.0008714989189358706
1.7225859653987874 0.9896807989918265 0.0008631463578171139
1.8041864093920719 0.9921191122553439 0.000745204207765519
1.8896523396912097 0.9915083352262596 0.0007859780084537166
1.9791668678535574 0.9915953918076031 0.0007854750183820128
2.072921779595372 0.9930860536830327 0.0007090434182072839
2.171117945694505 0.9928789734678487 0.0007386714179045791
2.2739657523579275 0.993287205818378 0.0006826557422777603
2.381685551976158 0.9929835715177665 0.0007270781294844619
2.4945081352303164 0.9928498825637172 0.0007220301664244083
2.612675225563329 0.9930698850322693 0.0007068553628072491
2.736439997074672 0.9936330014689098 0.0006884458347242019
2.8660676169482504 0.9939366591572071 0.0006584036571394596
3.001835813575589 0.9951545505200569 0.0005900800884705061
3.1440354715915 0.9931333286446652 0.0007309348326845269
3.2929712550971515 0.9944883956544258 0.000635773770894423
3.44896226040576 0.9937778905171101 0.0006957601608582897
3.6123426997094303 0.9950515487835333 0.0005932625083578313
3.7834626171319288 0.995362268501016 0.0005779141127361276
3.9626886387014784 0.9944211410801261 0.0006549611662616141
4.150404757850477 0.9952883071048935 0.0006108832136016567
4.347013158125026 0.995509453495675 0.0005671048421533974
4.552935074866948 0.9958320784360601 0.000559663839018164
4.768611697714469 0.9951308678397738 0.0006262552488435099
4.99450511585514 0.9962239138057548 0.0005307954964361803
5.2310993080562636 0.9950887439592879 0.000621985857136715
5.478901179593945 0.9956262060582736 0.000596859259623298
5.738441648302393 0.9958166668333174 0.0005783740715585042
6.010276782070382 0.9958054732123895 0.0005880828556693422
6.294988990221888 0.996228219834845 0.0005382982500975826
6.593188271333548 0.9954087528982993 0.0006183213459848471
6.905513520162331 0.9959101167488373 0.0005923949842240347
7.2326338964835335 0.9970568789052567 0.00048160152243417737
7.575250258771913 0.9960689512605688 0.0005744190137486956
7.934096665797492 0.9953825516274304 0.0006302241411001618
8.309941949353396 0.996729856781664 0.0005152770718787189
8.703591361485167 0.9966683709525225 0.0005228514367796456
9.115888299750829 0.9970240425347907 0.0004995080799166108
9.547716114208056 0.9966520720283101 0.0005364642369691949
10.0 0.9963695493596637 0.0005625179807529229
