0.001 0.014014578783662707 0.00014262548410441732
0.0010473708979594498 0.015182334435562394 0.00015380090356093598
0.001096985797892384 0.01682563436540886 0.00016833897622224318
0.0011489510001873086 0.017883136710091622 0.00018118942968284345
0.0012033778407775893 0.019722884543945576 0.00019877206523224406
0.0012603829296797275 0.020734128057687467 0.00021067324173568497
0.001320088400831418 0.023159990625616876 0.0002305988843331433
0.0013826221737646563 0.025026778899656172 0.0002514625961667976
0.001448118227674533 0.027243547078442912 0.00027164813817437243
0.0015167168884709225 0.02928792547141984 0.00028866371033125224
0.0015885651294280528 0.03237637651691216 0.0003156459197276708
0.001663816886076129 0.034462653746872005 0.000338188867345437
0.0017426333860096508 0.03688681219291161 0.00036364748637295275
0.0018251834943190425 0.040192518711483334 0.0003942320736133672
0.0019116440753857017 0.04419794623953563 0.00042361113583327524
0.0020022003718155844 0.04721349124266802 0.0004572684868364261
0.002097046401323233 0.05225694708791607 0.000492452739357101
0.002196385372416547 0.055175797763581454 0.0005277060187997189
0.002300430119772917 0.05998531865234952 0.0005683467451198191
0.0024094035602395245 0.06391140593316978 0.0006050496986982113
0.0025235391704347657 0.06898585192323207 0.0006469606689353747
0.0026430814869741054 0.07550512234787603 0.0007013818063412565
0.0027682866303920667 0.07963277805118871 0.0007392772143622619
0.002899422853882875 0.08732091046765476 0.0008024783590635911
0.0030367711180354575 0.09306115224444894 0.0008589138552952081
0.0031806256927941192 0.10078740770557724 0.0009204897305315285
0.0033312947879346735 0.107203204280967 0.0009669011916215418
0.0034891012134067737 0.11449578567101061 0.0010273319165569868
0.0036543830709572546 0.12260405389487011 0.0010870434564719735
0.003827494478516311 0.13041552871017328 0.0011600744959184381
0.004008806328898464 0.14008043176459606 0.001239742203989892
0.00419870708444391 0.15041099067982064 0.001289729061422225
0.004397603609302721 0.1606393675525974 0.0013803980993134912
0.004605922041145104 0.17119286138809245 0.0014506243768059226
0.004824108704165369 0.17863355391316701 0.0015174419940131956
0.00505263106533568 0.19115548002943486 0.0015991903885537134
0.005291978735958442 0.20619560961456437 0.0016790782490114162
0.005542664520663107 0.21646609740353373 0.0017770099315228404
0.005805225516094896 0.2290454629745907 0.001851868167284559
0.006080224261649427 0.23956420489081584 0.001925941470931608
0.006368249944718587 0.2539054881489845 0.0019981584281747746
0.006669919663030122 0.27083103210030457 0.0020931174635904527
0.0069858797467852495 0.28585244780391345 0.002172211045396922
0.007316807143427192 0.29721152036691867 0.0022644289153489726
0.007663410868007463 0.31226378010638167 0.0023418101282765345
0.008026433522257174 0.3294508660241912 0.0024276984486254396
0.008406652885618326 0.34379330517379003 0.0024934530080360853
0.008804883581643464 0.3644851390180915 0.0025728512104331003
0.009221978823334321 0.3765001643933303 0.0026492877815209514
0.009658832241158708 0.39705902780919483 0.0027229087560128006
0.01011637979766207 0.41238935914744324 0.0027789135462056315
0.010595601792776159 0.4269950149024306 0.0028626015428851793
0.011097524964120722 0.4411416922688255 0.002925134217014516
0.011623224686798524 0.45530628209493307 0.002978581723752707
0.012173827277396614 0.47776416296733143 0.003024185261499036
0.012750512407130135 0.4957093574790064 0.003061269719735659
0.013354515629298987 0.5096858156490855 0.0030892043615558373
0.013987131026472387 0.5233868896448326 0.0031706488627005914
0.014649713983072856 0.545321673192626 0.003166492955913284
0.015343684089300124 0.5588269245979007 0.003208773317061617
0.01607052818261639 0.5737258600880623 0.003209826566460294
0.016831803533309566 0.5868585989897168 0.0032436217472690907
0.01762914118095948 0.6102203229254506 0.003264950034129915
0.018464249428955436 0.6264370560380751 0.0032580726556028063
0.01933891750455231 0.6337162796611429 0.0032871912218879074
0.020255019392306676 0.6449788404733982 0.003288521857992815
0.021214517849106298 0.6573704517723551 0.003304964866386534
0.02221946860939524 0.6777182183671289 0.003268609361707539
0.023272024789604086 0.6876322216825591 0.0032584286294967896
0.024374441501222206 0.7048386475664782 0.003232610252221354
0.025529080682395178 0.7132492252718273 0.0032365475506430756
0.026738416158399468 0.726116658271232 0.003204608439003161
0.02800503894183631 0.7363141805234674 0.003197327103921225
0.02933166278390044 0.7467017700806535 0.0031701908529036377
0.030721129988617576 0.7530841241965857 0.0031630194918975223
0.03217641750250737 0.7632676757423803 0.003117727673574466
0.03370064329271928 0.7764290164652706 0.003083523113475871
0.0352970730273065 0.7861959529183643 0.003033794361524901
0.036969127071950283 0.793894230089844 0.0030158720328083157
0.03872038781812555 0.8037952779857253 0.0029961869379185376
0.040554607358408296 0.8083229576280618 0.0029743111942765045
0.04247571552536898 0.816380849719143 0.002950790848062591
0.04448782831127585 0.8233568869774143 0.002903930587377858
0.046595256686646824 0.8341155013862619 0.002835860058225116
0.04880251583654431 0.8370693423692673 0.00284774700171412
0.051114334834401684 0.8424436346184577 0.0028090960637540347
0.053535666774107246 0.8480507328622536 0.002776685553653291
0.05607169938205458 0.8559809380175865 0.0027130432116253683
0.05872786613189483 0.860433504512901 0.0026846574208178008
0.061509857885805014 0.8681240757122212 0.0026503946635306488
0.06442363508721373 0.8747691436152292 0.0025714901299799748
0.06747544053110693 0.8803226463451735 0.002535462612905298
0.07067181273927492 0.882926467410131 0.002520502199077929
0.07401959996915644 0.8870066785843451 0.002490809975368209
0.0775259748862946 0.8909637321691245 0.002433438073772433
0.08119844993184012 0.8945588756989862 0.0024230428316732596
0.08504489341802678 0.899434501540244 0.0024039290109425827
0.0890735463861044 0.9057751099882527 0.00229937249987738
0.09329304026284686 0.91027683380998 0.0022613171357840746
0.09771241535346496 0.9082850838198799 0.0022956815386160653
0.10234114021054527 0.9142814543896604 0.002220033645493201
0.10718913192051276 0.9220702320474633 0.002128417213268099
0.11226677735108136 0.9213776274839405 0.0021493449389103723
0.1175849554052157 0.9290958210974853 0.0020324686536508704
0.12315506032928261 0.9270059929195493 0.00209707366999965
0.1289890261253308 0.9347908579221931 0.001961658200249867
0.13509935211980265 0.9351672962306425 0.001960698513419035
0.1414991297434576 0.9375407690035494 0.0019393185557918147
0.14820207057988585 0.9369837419556619 0.001979933318359776
0.1552225357427048 0.9394697754897868 0.0019098754736514658
0.1625755666443795 0.9466730955001618 0.0017993230367864307
0.17027691722258995 0.9468602732884172 0.0018080629480936067
0.17834308769319093 0.9505548728047817 0.0017511162795794647
0.1867913599020783 0.950467592691693 0.0017418192998805795
0.19563983435170648 0.9513981114116865 0.0017570311751902183
0.20490746898158482 0.9531772017496516 0.0017317697650429365
0.21461411978584036 0.9556050733077897 0.0016683050933507205
0.22478058335487253 0.9595347520786485 0.0016119092895316455
0.2354286414322418 0.9565235113821973 0.0016671573822264454
0.2465811075822604 0.958929313136452 0.0016025540552948414
0.2582618760682677 0.9628727884180643 0.0015603508935479516
0.27049597304631345 0.9602966193602981 0.0016274742357980413
0.2833096101839324 0.9623550908823776 0.0015792220253309746
0.29673024081888694 0.9665585111267597 0.0014620562189998324
0.3107866187782014 0.968314011147838 0.0014352690398681525
0.325508859983506 0.9686633296494958 0.0014329526121967034
0.3409285069746811 0.9723244047148722 0.0013292242870647838
0.35707859649004625 0.9720129386228628 0.0013523518925121277
0.3739937302478798 0.9704861917040182 0.0013993480244559842
0.39171014908092605 0.9714157286578152 0.0013848658375232353
0.41026581058271944 0.9746446352427798 0.001282142315489764
0.4297004704320839 0.9722752365543084 0.0013648715732544993
0.4500557675700497 0.9739203864625954 0.0013189301320231917
0.4713753134116724 0.9758442228121725 0.0012664054160563152
0.4937047852839004 0.9759754500840152 0.001266274836712378
0.517092024289676 0.9821553495434946 0.0010853145752258606
0.5415871378079471 0.9801121769124147 0.0011651242927961255
0.5672426068491978 0.9800777953516248 0.0011486254098540228
0.5941133984965034 0.9821798745304566 0.0010939301505616574
0.6222570836730231 0.9823655637892272 0.0010996126238767287
0.6517339604882427 0.9816820190958416 0.0011291525381136563
0.6826071834272386 0.9831279308926916 0.001075144424766577
0.7149428986597577 0.9814489223853583 0.0011439274643739253
0.7488103857590023 0.9833163564208222 0.001078109502680165
0.7842822061337682 0.9818079623514142 0.001111456601355814
0.821434358491943 0.9839736691705814 0.0010580029115229653
0.8603464416684501 0.9836828526417608 0.0010966808572240036
0.9011018251665018 0.9855703585967627 0.0009949303001915563
0.9437878277775381 0.9872053181159363 0.000949777983938501
0.9884959046625587 0.9848831472718393 0.001022260329395534
1.0353218432956626 0.9860581418547536 0.000994186052110377
1.0843659686896108 0.9875747049195088 0.0009478469016972162
1.135733358343105 0.9882643875252961 0.0009111501763432936
1.1895340673703196 0.9888590189469937 0.0008720242162919468
1.2458833642950082 0.9885938001742215 0.0009169059077390329
1.3049019780144029 0.9887784122361439 0.0009015944147912332
1.3667163564620073 0.9887300927222965 0.0009143708566895241
1.4314589375234785 0.9910969787765455 0.0007854116583015339
1.4992684327860455 0.9886926206657166 0.0009009873194255817
1.5702901247293775 0.9892714583839078 0.0008771984923273518
1.6446761779946644 0.9898797490154164 0.000866183433905865
1.7225859653987874 0.9900691437203115 0.0008589325872159256
1.8041864093920719 0.9912872164162538 0.0007994725683301165
1.8896523396912097 0.9918315076097102 0.0007620638490640753
1.9791668678535574 0.9923819065130252 0.0007420717892778958
2.072921779595372 0.9913322274784506 0.0008059483425953051
2.171117945694505 0.9921707952505862 0.000753885884504988
2.2739657523579275 0.9916676365970075 0.0007961239034398107
2.381685551976158 0.9928390027870926 0.0007189939878192407
2.4945081352303164 0.9934677952321493 0.0006871205331839754
2.612675225563329 0.994457429720067 0.0006261911814322539
2.736439997074672 0.9930782497221944 0.0007453556035346396
2.8660676169482504 0.995036913257595 0.0005861742078224681
3.001835813575589 0.9948184022493529 0.0006082786600610151
3.1440354715915 0.9941746000465123 0.0006591553124354571
3.2929712550971515 0.9947853437032583 0.0006264877891136225
3.44896226040576 0.9942431384382991 0.0006546296219387192
3.6123426997094303 0.9929973442951417 0.0007323831493750473
3.7834626171319288 0.9944629759168423 0.0006588830121673134
3.9626886387014784 0.9961278218495577 0.0005421013451640546
4.150404757850477 0.9949856555041336 0.0006276140693861336
4.347013158125026 0.9947919381078133 0.0006178952622642797
4.552935074866948 0.9949959752367635 0.0006144235538674448
4.768611697714469 0.9953549304942549 0.0006008505607306198
4.99450511585514 0.9950440712690228 0.0006065860413995748
5.2310993080562636 0.9949984300664128 0.0006214348240074104
5.478901179593945 0.9959597624759569 0.0005629679903774083
5.738441648302393 0.9957028269114114 0.0005666083236686012
6.010276782070382 0.9954622634510444 0.0005817849187374648
6.294988990221888 0.9958273727640706 0.0005606327375131299
6.593188271333548 0.9970974927732804 0.00047780200143201693
6.905513520162331 0.9964543038777112 0.000531719325878924
7.2326338964835335 0.9964199397817484 0.000530491219740591
7.575250258771913 0.9968793892882047 0.00048786947535395156
7.934096665797492 0.996340475267006 0.0005554851826290705
8.309941949353396 0.996586386365247 0.0005350435015284771
8.703591361485167 0.9963477102977025 0.0005526910287408613
9.115888299750829 0.9964733860315097 0.0005492763873246751
9.547716114208056 0.9974333187985287 0.00045817762872468905
10.0 0.9969768993474775 0.0005078818854521196
