0.001 0.013302581488062747 0.00013903141225148037
0.0010473708979594498 0.01465976717005272 0.00015075285647846132
0.001096985797892384 0.01618593479585713 0.00016403377684725155
0.0011489510001873086 0.017269920893214996 0.00017589343261816651
0.0012033778407775893 0.01898852146416295 0.00019203295476438235
0.0012603829296797275 0.020819906684997308 0.00020880681253651967
0.001320088400831418 0.022264255446965957 0.0002262363567906359
0.0013826221737646563 0.024819127489699996 0.00024816933038232427
0.001448118227674533 0.026705020562186484 0.0002652593969696118
0.0015167168884709225 0.02888903510132962 0.0002860816504560217
0.0015885651294280528 0.03103143511341717 0.0003079663597391486
0.001663816886076129 0.03322355782709361 0.00032940848681494974
0.0017426333860096508 0.03713393753171929 0.0003668073470390274
0.0018251834943190425 0.03946664526434787 0.0003879258924672348
0.0019116440753857017 0.04305484639464879 0.00041954221074548423
0.0020022003718155844 0.04642462621661897 0.00044830169620888353
0.002097046401323233 0.04946596186254179 0.00047878709248952255
0.002196385372416547 0.05438276169064184 0.0005222517031106657
0.002300430119772917 0.05849409004003603 0.0005549678705655
0.0024094035602395245 0.06313263817379382 0.0006040176992178378
0.0025235391704347657 0.06796407086714687 0.0006459996007652674
0.0026430814869741054 0.07418306722385795 0.0006848045022898247
0.0027682866303920667 0.07848059347248816 0.0007310980620244633
0.002899422853882875 0.08575961795109846 0.0007917427654683402
0.0030367711180354575 0.09089968967172139 0.0008365429952910817
0.0031806256927941192 0.09775389613934228 0.000894669441266122
0.0033312947879346735 0.1048247344236244 0.0009547260508654547
0.0034891012134067737 0.11349189545562144 0.0010208221646134429
0.0036543830709572546 0.11857398100622384 0.0010782622789376672
0.003827494478516311 0.12909236331148694 0.0011489697355296122
0.004008806328898464 0.13691717137301543 0.0012101690662062903
0.00419870708444391 0.14774823266898474 0.0012813849202065392
0.004397603609302721 0.1573994359212986 0.0013572092208477924
0.004605922041145104 0.1676046521942491 0.0014283046591297937
0.004824108704165369 0.18013449510483834 0.0015339064196810007
0.00505263106533568 0.18805059124661977 0.0015803823744522819
0.005291978735958442 0.20256435377361154 0.0016749834081126768
0.005542664520663107 0.2135789643405738 0.0017626512583173732
0.005805225516094896 0.22529916063495317 0.0018386173079163511
0.006080224261649427 0.23785711084861083 0.001911181043503318
0.006368249944718587 0.25248091744375634 0.002016798322662364
0.006669919663030122 0.26833052246632727 0.0020743391702569957
0.0069858797467852495 0.2757807063244855 0.002147666480633666
0.007316807143427192 0.2915753452634217 0.002228576966262394
0.007663410868007463 0.3082968715611499 0.0023262172904117587
0.008026433522257174 0.32272427833521306 0.0024263778211308642
0.008406652885618326 0.3384339313315743 0.0024908534851181934
0.008804883581643464 0.35420549265756757 0.002541680832098532
0.009221978823334321 0.3691997338077853 0.0026451051277124353
0.009658832241158708 0.38821167623119734 0.002688141400451026
0.01011637979766207 0.4032178586392316 0.002761630888024193
0.010595601792776159 0.4251019431621432 0.002829142655480411
0.011097524964120722 0.43946516837188293 0.0029018832131145968
0.011623224686798524 0.4532073766556061 0.002968261011883654
0.012173827277396614 0.471376351087317 0.003001857989968325
0.012750512407130135 0.4888786606441495 0.003076547817126566
0.013354515629298987 0.501861997953148 0.003126332622272122
0.013987131026472387 0.5165087542865407 0.0031921694914369848
0.014649713983072856 0.5422613811109619 0.003175263534766031
0.015343684089300124 0.554880107841682 0.0032207597466363995
0.01607052818261639 0.5666885585978085 0.0032585010982366584
0.016831803533309566 0.587542881717523 0.0032489307680137647
0.01762914118095948 0.5971250366456997 0.0032751100234697443
0.018464249428955436 0.6138704362382006 0.003300295649210479
0.01933891750455231 0.6295827628702853 0.0032865229815536388
0.020255019392306676 0.6332827858067489 0.0033287877805574127
0.021214517849106298 0.6574501799786556 0.003289995456209574
0.02221946860939524 0.6677886587850999 0.0032907423819545432
0.023272024789604086 0.6817217756228346 0.003311808415229632
0.024374441501222206 0.6937719726819825 0.0032901718520895198
0.025529080682395178 0.7082873321411238 0.0032596527652007834
0.026738416158399468 0.7169366256669124 0.003257191357449486
0.02800503894183631 0.7256617177551792 0.003248847086285001
0.02933166278390044 0.7382455106784968 0.003213807277238995
0.030721129988617576 0.749645810340444 0.0031811745301094417
0.03217641750250737 0.7556126323156073 0.003181745923015818
0.03370064329271928 0.7728947756322013 0.00308836548573611
0.0352970730273065 0.7806054392211015 0.0030722650105183334
0.036969127071950283 0.7855735881094265 0.003067222347163302
0.03872038781812555 0.7984791365224424 0.003021525106109547
0.040554607358408296 0.8054045627817042 0.0029975831825386585
0.04247571552536898 0.8137290281255323 0.002972334700397168
0.04448782831127585 0.8124724594547735 0.0029910120553629967
0.046595256686646824 0.8260681258611107 0.002898108956426899
0.04880251583654431 0.8322937957006514 0.002860761163382333
0.051114334834401684 0.8428680308179565 0.002807818867399579
0.053535666774107246 0.8448703011143123 0.002801335122948998
0.05607169938205458 0.8480480196015192 0.0027800388233384194
0.05872786613189483 0.859413117614363 0.002700957095836983
0.061509857885805014 0.863773538205052 0.002657626399790693
0.06442363508721373 0.8690408911452039 0.002637320234329847
0.06747544053110693 0.8743075277094254 0.0026073802254170976
0.07067181273927492 0.8827106495334207 0.002525003942892814
0.07401959996915644 0.8837718912643708 0.002524309726701616
0.0775259748862946 0.890123539664446 0.0024639462096514575
0.08119844993184012 0.8965332735760534 0.0024109985272172275
0.08504489341802678 0.8934197812757367 0.0024544884499240224
0.0890735463861044 0.9041396435945784 0.002336957469844745
0.09329304026284686 0.9054663653411948 0.0023244879067012693
0.09771241535346496 0.9112066581344177 0.002272185022380452
0.10234114021054527 0.9117971142369311 0.0022741429889434834
0.10718913192051276 0.9151725145734606 0.0022292124820314702
0.11226677735108136 0.9228374507954271 0.002109032567424152
0.1175849554052157 0.9260378357040896 0.0020863351039113478
0.12315506032928261 0.92659876082528 0.0021077897793637277
0.1289890261253308 0.9303012387963434 0.0020549729104476487
0.13509935211980265 0.9322773453962105 0.002027273986081357
0.1414991297434576 0.933179409221597 0.0020289595389716077
0.14820207057988585 0.9372004283751633 0.0019523959394083623
0.1552225357427048 0.9403017523333421 0.0019250116387113786
0.1625755666443795 0.9388078169409371 0.0019447522967477049
0.17027691722258995 0.9420824560293924 0.001911291557546759
0.17834308769319093 0.9430264201994196 0.0018958754733792533
0.1867913599020783 0.9469279731881441 0.00181651836665851
0.19563983435170648 0.9494825620846994 0.0017844479289751446
0.20490746898158482 0.9496535751578391 0.0017880825297337218
0.21461411978584036 0.9520103548139028 0.0017676153603445263
0.22478058335487253 0.955963488544244 0.0016686037618637863
0.2354286414322418 0.9575859895930391 0.0016570665031344779
0.2465811075822604 0.9583409592804139 0.0016396148936495638
0.2582618760682677 0.9575161298488536 0.0016595158725465889
0.27049597304631345 0.9606097539149181 0.0016153669836054352
0.2833096101839324 0.9646863776249678 0.001515744452385104
0.29673024081888694 0.9628401118540283 0.001558062707899346
0.3107866187782014 0.9653169564658323 0.001513040159546934
0.325508859983506 0.967069023272601 0.0014697617684775114
0.3409285069746811 0.9665051116659495 0.0014867695702903594
0.35707859649004625 0.9690565230711385 0.0014228561740608184
0.3739937302478798 0.9687710014945956 0.0014490007219571924
0.39171014908092605 0.9696098770555145 0.001426281132190396
0.41026581058271944 0.9726134204987947 0.001361083117027018
0.4297004704320839 0.973595232540273 0.0013243338590329125
0.4500557675700497 0.9746575797775515 0.0012933672764978508
0.4713753134116724 0.9741354724272211 0.0013308628302191484
0.4937047852839004 0.9776725346459673 0.0012180148519080106
0.517092024289676 0.9762266661240403 0.0012662530258027351
0.5415871378079471 0.9774267028541448 0.0012364583860150062
0.5672426068491978 0.9770458358630685 0.0012523583345334722
0.5941133984965034 0.9781490052468124 0.0012362611967513721
0.6222570836730231 0.980557521436552 0.0011582565048961265
0.6517339604882427 0.9799729842145116 0.001175896714129707
0.6826071834272386 0.9810152258614416 0.0011390370428674757
0.7149428986597577 0.981342796543333 0.0011305424399980309
0.7488103857590023 0.9807289896922222 0.0011632991821962104
0.7842822061337682 0.9828781571502736 0.0010848159002811017
0.821434358491943 0.9832715063992619 0.0010822735163563458
0.8603464416684501 0.9855789345013208 0.0010063538099589068
0.9011018251665018 0.9831732370787849 0.0010985469196435802
0.9437878277775381 0.9849263029679202 0.001028396599454767
0.9884959046625587 0.9844411472757034 0.0010636834803444686
1.0353218432956626 0.984363377484352 0.0010477800745478957
1.0843659686896108 0.9867013865922463 0.0009682722572439328
1.135733358343105 0.9886530457231185 0.0008778250280626086
1.1895340673703196 0.986818225343226 0.0009653342899159636
1.2458833642950082 0.9890153641069155 0.0008634042043063263
1.3049019780144029 0.9890426630891145 0.0008766485258886002
1.3667163564620073 0.9880399684573181 0.000930882763822511
1.4314589375234785 0.9891744624426281 0.0008778583175395017
1.4992684327860455 0.9893425363470484 0.0008980699794463663
1.5702901247293775 0.9891059611052766 0.0008865770790937454
1.6446761779946644 0.9880247245417786 0.0009225276330028994
1.7225859653987874 0.9902427533071623 0.0008365339258897983
1.8041864093920719 0.9898733173038364 0.0008704742085843141
1.8896523396912097 0.9906207095090446 0.0008252985743016788
1.9791668678535574 0.9916696721248766 0.0007720018091147744
2.072921779595372 0.9925096395154657 0.000706352409458632
2.171117945694505 0.9909580386087933 0.0008069838866285289
2.2739657523579275 0.9897692027574231 0.000867786799753452
2.381685551976158 0.9923140093955856 0.000744595654517011
2.4945081352303164 0.9922985472740206 0.000752280552193733
2.612675225563329 0.9924413501079687 0.0007640964996121912
2.736439997074672 0.9923409224490289 0.0007665354172259128
2.8660676169482504 0.9932790092485728 0.0007059171534496666
3.001835813575589 0.9927953775236052 0.0007332347495681752
3.1440354715915 0.9941095732466392 0.0006442840109772492
3.2929712550971515 0.9941388708500326 0.0006405987371305897
3.44896226040576 0.9942914235405881 0.0006593294107396905
3.6123426997094303 0.99360980094074 0.0006917621971275795
3.7834626171319288 0.9951284095509116 0.0005978586899954944
3.9626886387014784 0.9920646907832156 0.0007864534029835839
4.150404757850477 0.9946475242496564 0.0006303673339318901
4.347013158125026 0.9948106519801521 0.0006230026652343776
4.552935074866948 0.995107288940668 0.0006070540162963843
4.768611697714469 0.9942004700972072 0.0006703439964855517
4.99450511585514 0.9941211152307707 0.0006866228644533083
5.2310993080562636 0.9951578337140814 0.000614102495098404
5.478901179593945 0.994670843925691 0.0006305186934224084
5.738441648302393 0.994044665763753 0.0006792733923233906
6.010276782070382 0.9954852622543893 0.0005786016279934141
6.294988990221888 0.9962946063857616 0.0005079696135566978
6.593188271333548 0.9949221751089037 0.0006380578445907064
6.905513520162331 0.9952803461903396 0.0006001924856549193
7.2326338964835335 0.9951160907720945 0.0006321077793495618
7.575250258771913 0.996326586625856 0.0005282582797348999
7.934096665797492 0.9971312859083293 0.0004702729740124581
8.309941949353396 0.9958418822597364 0.0005793277179779987
8.703591361485167 0.9969575988740235 0.0004940482358638541
9.115888299750829 0.9968859534963412 0.0005085937878884842
9.547716114208056 0.9962160023436951 0.0005647923568667314
10.0 0.9960698433707392 0.0005862686542566273
