0.001 0.05747496825563773 0.00037877196772101706
0.0010473708979594498 0.060722921516303686 0.0003936870977601864
0.001096985797892384 0.06402772131614824 0.00041256737235841306
0.0011489510001873086 0.06627968916884627 0.0004259355874981657
0.0012033778407775893 0.06956090892735231 0.0004485754195907978
0.0012603829296797275 0.07321894655719091 0.00046676421189686864
0.001320088400831418 0.075571899878247 0.00048804486176681414
0.0013826221737646563 0.08019685820713071 0.0005130623505751503
0.001448118227674533 0.08338711395255384 0.0005322910332334833
0.0015167168884709225 0.08693419848602484 0.0005543886694565563
0.0015885651294280528 0.09038320154554008 0.0005742749113848043
0.001663816886076129 0.09363553362660415 0.0005965669703576438
0.0017426333860096508 0.09932925940027308 0.0006328949659582276
0.0018251834943190425 0.10265582998636665 0.0006527476730019546
0.0019116440753857017 0.10777518199752417 0.0006795838377918323
0.0020022003718155844 0.1123792993163308 0.0007043972181292265
0.002097046401323233 0.11616477656257436 0.0007309869422433556
0.002196385372416547 0.12234886159453597 0.000767385738958771
0.002300430119772917 0.1276673901767865 0.0007908629658723283
0.0024094035602395245 0.13261104272873864 0.000833170633178177
0.0025235391704347657 0.13814415347981374 0.0008655802428195865
0.0026430814869741054 0.14591935692190655 0.0008884056679669141
0.0027682866303920667 0.1498636319715586 0.0009288370548297145
0.002899422853882875 0.1578091045691253 0.0009679993524091101
0.0030367711180354575 0.16290160130664041 0.0010014215597560698
0.0031806256927941192 0.16984331962987295 0.0010394436707571886
0.0033312947879346735 0.17657871340585815 0.0010818065015925024
0.0034891012134067737 0.1847815767558426 0.0011280514292187139
0.0036543830709572546 0.18912632966960805 0.0011653572230130016
0.003827494478516311 0.19926838339923167 0.0012068873045751132
0.004008806328898464 0.206308298417688 0.0012447323028665807
0.00419870708444391 0.21606366913899552 0.0012886733884984389
0.004397603609302721 0.22425616169983287 0.0013360084707304313
0.004605922041145104 0.23297166394732877 0.001379143497585232
0.004824108704165369 0.24287404059860046 0.0014468657151611073
0.00505263106533568 0.24968297129157085 0.0014718096545450793
0.005291978735958442 0.26159594421135574 0.0015267441295851053
0.005542664520663107 0.2702304700993333 0.0015784440443272504
0.005805225516094896 0.2793000539134907 0.0016270127204147358
0.006080224261649427 0.28937178064093066 0.0016677480350294678
0.006368249944718587 0.3004941650854952 0.0017318792963454178
0.006669919663030122 0.31353014860102857 0.0017579224096541343
0.0069858797467852495 0.3187494376805039 0.001806115052033009
0.007316807143427192 0.33084786506730035 0.0018550765273429495
0.007663410868007463 0.343681279523533 0.0019105093218643426
0.008026433522257174 0.3537115169392585 0.0019841698308688373
0.008406652885618326 0.36553324029302064 0.0020272841451789243
0.008804883581643464 0.37881719709659956 0.0020412125715718794
0.009221978823334321 0.3888603488507609 0.002126477896404366
0.009658832241158708 0.4043567593399473 0.0021415179171516987
0.01011637979766207 0.41530667413568656 0.002198714716109267
0.010595601792776159 0.43234068041825674 0.002238826524812952
0.011097524964120722 0.4436528712299063 0.002291183517211911
0.011623224686798524 0.4535240346715819 0.0023496514909635644
0.012173827277396614 0.46801374192766526 0.0023719297594024143
0.012750512407130135 0.4815653047265021 0.0024349074617279628
0.013354515629298987 0.49177213874541664 0.0024801575710515903
0.013987131026472387 0.5038125258593363 0.002542106481285554
0.014649713983072856 0.525068634832207 0.00251983002483653
0.015343684089300124 0.5354273820161309 0.002569376759672359
0.01607052818261639 0.5457775866495903 0.0026156078249988
0.016831803533309566 0.5631083332890313 0.0026184237939309777
0.01762914118095948 0.5719716833001377 0.0026483898297959075
0.018464249428955436 0.5865282051939961 0.002684883286963764
0.01933891750455231 0.5997553569209464 0.002686729150322985
0.020255019392306676 0.6045799704327738 0.0027345858666336397
0.021214517849106298 0.6256859774625094 0.0027172198379588077
0.02221946860939524 0.6352642491613115 0.002740450079982163
0.023272024789604086 0.6490044360864272 0.002773208009108553
0.024374441501222206 0.6605168629061317 0.002765005173169422
0.025529080682395178 0.6748088549045177 0.002761810359091752
0.026738416158399468 0.6834002685354288 0.002776699051219437
0.02800503894183631 0.692638844097624 0.0027823667621796506
0.02933166278390044 0.7056384454449184 0.0027673642835973505
0.030721129988617576 0.7163889504233297 0.002756087164043996
0.03217641750250737 0.7237007175235353 0.0027692345529555366
0.03370064329271928 0.740204818755456 0.0027095754861734727
0.0352970730273065 0.748891218944327 0.002711672545727862
0.036969127071950283 0.7551865978525242 0.0027197230753234717
0.03872038781812555 0.7687431533164538 0.0026884483658129368
0.040554607358408296 0.7763297860747556 0.00268411345203623
0.04247571552536898 0.7857635066138993 0.002675472683002236
0.04448782831127585 0.7857657162632877 0.0026939996449659082
0.046595256686646824 0.7993916316962127 0.002624786912871372
0.04880251583654431 0.8067958157990465 0.002607492671644783
0.051114334834401684 0.8181361701281554 0.0025626355680319003
0.053535666774107246 0.821463422156914 0.002564708869151458
0.05607169938205458 0.82536386720634 0.002555472581524931
0.05872786613189483 0.8377102289358179 0.0024907244716861556
0.061509857885805014 0.8426907938659355 0.002461862173534075
0.06442363508721373 0.8484169116995061 0.0024530672064420633
0.06747544053110693 0.8552773038262516 0.0024229774923620923
0.07067181273927492 0.8643985643813312 0.002357422567649104
0.07401959996915644 0.8661151233831644 0.0023631660594568508
0.0775259748862946 0.873016209060129 0.0023114746849672756
0.08119844993184012 0.8801217264965009 0.002263605895034186
0.08504489341802678 0.8777445023550358 0.0023119385602240394
0.0890735463861044 0.8888289047939248 0.0022021895541160233
0.09329304026284686 0.8907406869119484 0.0021948599097976595
0.09771241535346496 0.8972516118020816 0.0021455516826025894
0.10234114021054527 0.8989222396874553 0.002149797743100846
0.10718913192051276 0.9024559092319143 0.0021167009177922775
0.11226677735108136 0.9100614752976813 0.0020067756020505866
0.1175849554052157 0.914482701246374 0.001990372260240193
0.12315506032928261 0.9154532557531134 0.0020111330687007396
0.1289890261253308 0.9195190457266712 0.001956290932026439
0.13509935211980265 0.9220051193420382 0.0019310536954943256
0.1414991297434576 0.9232452803100514 0.0019338311072816584
0.14820207057988585 0.9276261865007378 0.0018645610768785053
0.1552225357427048 0.931472975317014 0.0018415527146363247
0.1625755666443795 0.9302451942517739 0.0018619952878158688
0.17027691722258995 0.9342681667622564 0.0018238919714018004
0.17834308769319093 0.9352758237844866 0.0018187540942972721
0.1867913599020783 0.9394308991662743 0.0017454022683463988
0.19563983435170648 0.9425064933982396 0.0017141587574889114
0.20490746898158482 0.9428632750826746 0.0017155271559748588
0.21461411978584036 0.9458208722401771 0.0016990134376963597
0.22478058335487253 0.9499662739463777 0.0015995803963312822
0.2354286414322418 0.951304074999151 0.001604295610523529
0.2465811075822604 0.9526607077123616 0.0015843820832833267
0.2582618760682677 0.9519121219002707 0.0015977753643252506
0.27049597304631345 0.9553942079730359 0.0015507565385533264
0.2833096101839324 0.9595478604862357 0.001462310326022416
0.29673024081888694 0.9579270667147479 0.0015052138014883013
0.3107866187782014 0.9606881003711273 0.0014553085890106475
0.325508859983506 0.9624138518858472 0.001419091177778243
0.3409285069746811 0.9622122890546448 0.0014300377759691976
0.35707859649004625 0.9648049940228371 0.0013781678458727681
0.3739937302478798 0.9654808160356378 0.0013918581169647753
0.39171014908092605 0.966065863834441 0.0013778343455565164
0.41026581058271944 0.9688542164107604 0.0013141353327141274
0.4297004704320839 0.9702589334618186 0.0012765761561103486
0.4500557675700497 0.9713687199103642 0.0012538163608539336
0.4713753134116724 0.971263312891858 0.001288985641510569
0.4937047852839004 0.9747065518860251 0.0011837481430207377
0.517092024289676 0.9733366225012731 0.0012209676937638204
0.5415871378079471 0.9743658418588681 0.001207731897898341
0.5672426068491978 0.9745497546903874 0.0012057227323012758
0.5941133984965034 0.9757708992769533 0.001196898201762838
0.6222570836730231 0.9780364130292444 0.0011238217251675598
0.6517339604882427 0.977627472363665 0.0011433262970050794
0.6826071834272386 0.978879620288431 0.0011008676436256959
0.7149428986597577 0.9791198723057534 0.0011001107712740983
0.7488103857590023 0.9789174130433034 0.0011263916816931267
0.7842822061337682 0.9811200133825246 0.0010516732436587075
0.821434358491943 0.9815269175036773 0.0010460534042338145
0.8603464416684501 0.9836377738678355 0.0009793920833285421
0.9011018251665018 0.9815986691255871 0.0010561530651603003
0.9437878277775381 0.983182327854602 0.0010038314116442482
0.9884959046625587 0.9829048509133803 0.0010367061074841217
1.0353218432956626 0.982796306139873 0.001017201424876523
1.0843659686896108 0.9850581671279921 0.0009482049526257759
1.135733358343105 0.9872938059614187 0.0008500912936299063
1.1895340673703196 0.9852237274297969 0.0009493128712795328
1.2458833642950082 0.9876774138611849 0.0008410710132300487
1.3049019780144029 0.9878403723312529 0.0008546299246490165
1.3667163564620073 0.9870347715403263 0.0008999556119924364
1.4314589375234785 0.9879760034986175 0.0008602082136117965
1.4992684327860455 0.9884275491462391 0.0008744170994543328
1.5702901247293775 0.9880373678646718 0.0008661534967118411
1.6446761779946644 0.9868598592940739 0.0008959752936324491
1.7225859653987874 0.9892122830294257 0.0008155677347910778
1.8041864093920719 0.9889622206145061 0.0008508386661830415
1.8896523396912097 0.9897459580247361 0.0007985238924470419
1.9791668678535574 0.9907204045649054 0.000757809388848757
2.072921779595372 0.9915105910520109 0.0006987166232865167
2.171117945694505 0.989976053584153 0.0007901251739238303
2.2739657523579275 0.9887926435972298 0.0008513286651833978
2.381685551976158 0.9915685626664972 0.0007325177255926174
2.4945081352303164 0.9915734451868233 0.0007361485712881979
2.612675225563329 0.9916544003228984 0.0007563151661867142
2.736439997074672 0.9917686989713704 0.0007478659996441088
2.8660676169482504 0.992732443729114 0.0006928331919380517
3.001835813575589 0.9922723970604755 0.0007104891450908548
3.1440354715915 0.9934059130256654 0.0006348174500460388
3.2929712550971515 0.9934192231615685 0.0006368052564781951
3.44896226040576 0.9936108538994664 0.0006561566573694681
3.6123426997094303 0.9930424589735654 0.0006862731021744542
3.7834626171319288 0.9945254395751972 0.0005943469009372568
3.9626886387014784 0.9915301816859577 0.0007771497367480613
4.150404757850477 0.9940794632117887 0.0006257598786451943
4.347013158125026 0.994203878737434 0.0006211203904878521
4.552935074866948 0.9944805845013507 0.0006101733194060475
4.768611697714469 0.9936128914577026 0.0006722626927045555
4.99450511585514 0.9936950163498781 0.0006866990983349507
5.2310993080562636 0.9946093252905668 0.0006186307245551726
5.478901179593945 0.9941403995696928 0.000634007390784043
5.738441648302393 0.9934443658655712 0.0006856282228615903
6.010276782070382 0.9949509853147459 0.0005867052811048531
6.294988990221888 0.9958919673497012 0.0005151034368657692
6.593188271333548 0.9944568116092698 0.0006453489642477304
6.905513520162331 0.994802704533721 0.0006103829489780221
7.2326338964835335 0.9946677939685498 0.0006411090216501825
7.575250258771913 0.9959384841855287 0.0005397828403455457
7.934096665797492 0.9967266190059325 0.0004819921273648363
8.309941949353396 0.9954274007830738 0.0005912139531154019
8.703591361485167 0.9965703427556125 0.0005057179303470627
9.115888299750829 0.9965105338353586 0.0005192685937640595
9.547716114208056 0.9958398699205205 0.0005760642676198039
10.0 0.9957532889695325 0.0005957132800396691
