0.001 0.05978264845694169 0.0003794382292497408
0.0010473708979594498 0.06230528872609211 0.0003951882120699316
0.001096985797892384 0.06580862734686307 0.00041325771049969775
0.0011489510001873086 0.06835585608354885 0.00043199502738108987
0.0012033778407775893 0.07154005477183095 0.0004490926182956759
0.0012603829296797275 0.07496937011839776 0.00047321274666990183
0.001320088400831418 0.07766966467245082 0.0004942711597183654
0.0013826221737646563 0.08034325695767756 0.0005128593155208238
0.001448118227674533 0.08512991061577879 0.0005368721691945102
0.0015167168884709225 0.08695464502266045 0.0005602041660559942
0.0015885651294280528 0.09264301616989554 0.0005794213693490654
0.001663816886076129 0.09637151780758846 0.0006031197634304363
0.0017426333860096508 0.10036858923877723 0.0006315881798477918
0.0018251834943190425 0.10539135479153208 0.000659951929810756
0.0019116440753857017 0.11055622543883421 0.0006866050630831054
0.0020022003718155844 0.11570114276726856 0.0007189498118898514
0.002097046401323233 0.11930113788105959 0.0007399915665928307
0.002196385372416547 0.12374623841079938 0.0007739632358586559
0.002300430119772917 0.1297858886909286 0.0008117099275183234
0.0024094035602395245 0.13531453911085795 0.0008371710411420997
0.0025235391704347657 0.14065119569911946 0.000873238506572414
0.0026430814869741054 0.14540836916659605 0.000899762554678085
0.0027682866303920667 0.15333876046864736 0.00094319665514645
0.002899422853882875 0.15814795034261966 0.0009792171271686188
0.0030367711180354575 0.1666741162413905 0.0010213745181220375
0.0031806256927941192 0.17516779196893595 0.0010475190982799322
0.0033312947879346735 0.18025799412315383 0.0010856170090734426
0.0034891012134067737 0.18519072243597398 0.0011187541044165676
0.0036543830709572546 0.19352165858804926 0.0011672844637818224
0.003827494478516311 0.20364455960181446 0.0012118873922226264
0.004008806328898464 0.20942857024365424 0.0012688803437993345
0.00419870708444391 0.21956510925995376 0.0012942775172699542
0.004397603609302721 0.2267213918295388 0.0013427987146840568
0.004605922041145104 0.23616545327493269 0.0013931551065421272
0.004824108704165369 0.24672288070925932 0.0014283235533929827
0.00505263106533568 0.25467381446392984 0.0014809850714498027
0.005291978735958442 0.2643911609245469 0.0015285662884029086
0.005542664520663107 0.2709933604860254 0.0015756822446562815
0.005805225516094896 0.2832115530247238 0.0016311795938797487
0.006080224261649427 0.29230115586374666 0.0016727562431923765
0.006368249944718587 0.3054174038959645 0.0017147328549066655
0.006669919663030122 0.3177996441427667 0.0017708102390590738
0.0069858797467852495 0.32710788245625333 0.001814482724091538
0.007316807143427192 0.3341288121433249 0.0018759302722199788
0.007663410868007463 0.34988764576422776 0.0019237843706620987
0.008026433522257174 0.3612046386813516 0.0019608427907152107
0.008406652885618326 0.3752071123859243 0.0020121393395589587
0.008804883581643464 0.38460028896877213 0.002068967832245483
0.009221978823334321 0.39926687068492894 0.002124511918374183
0.009658832241158708 0.4106861223616207 0.0021827542439605717
0.01011637979766207 0.4207134553337318 0.0022183791742524774
0.010595601792776159 0.43241834258110873 0.0022631399855396477
0.011097524964120722 0.4482027215403006 0.002291045071627339
0.011623224686798524 0.4598806872553364 0.0023327649851796585
0.012173827277396614 0.47253442769861304 0.002378796967417626
0.012750512407130135 0.49036623370847565 0.0024291494288500265
0.013354515629298987 0.5025224138511339 0.002444446844976571
0.013987131026472387 0.5133284535069461 0.002488802169971883
0.014649713983072856 0.5249393842560166 0.0025062605813696614
0.015343684089300124 0.5386170568503507 0.002553824266960854
0.01607052818261639 0.5504020141132703 0.0025660549240299115
0.016831803533309566 0.5695340218695326 0.0026200883727149327
0.01762914118095948 0.5763256766812824 0.0026385129508692618
0.018464249428955436 0.5902841552966832 0.0026730516870624044
0.01933891750455231 0.6084867704099289 0.002683725226125121
0.020255019392306676 0.6178712230827019 0.002686308421677652
0.021214517849106298 0.630599112643765 0.0027083321700582504
0.02221946860939524 0.6424926472332568 0.0027175286054666333
0.023272024789604086 0.6575459627321486 0.002688272826252615
0.024374441501222206 0.6653363402715737 0.0027517882381692636
0.025529080682395178 0.6830709112838284 0.0027166874346728678
0.026738416158399468 0.6916913219935767 0.002714439849911345
0.02800503894183631 0.7002568303095317 0.0027411949363439925
0.02933166278390044 0.7087271938362377 0.0027545888331994574
0.030721129988617576 0.7225584695150686 0.0027542686814737895
0.03217641750250737 0.7334445462560211 0.0027416346992588376
0.03370064329271928 0.7446466066641513 0.002698647721431355
0.0352970730273065 0.7503556401047708 0.0027257917065679985
0.036969127071950283 0.768682137622588 0.002647850279902352
0.03872038781812555 0.7744792125930853 0.002650045906151086
0.040554607358408296 0.7845182709006507 0.0026002654817870712
0.04247571552536898 0.789709859082677 0.002652768708873658
0.04448782831127585 0.802236095077769 0.0025695194155497423
0.046595256686646824 0.8046185338168432 0.002607860463203511
0.04880251583654431 0.8138458384882424 0.0025592749556109973
0.051114334834401684 0.8251323614541749 0.0024984630211891965
0.053535666774107246 0.8281372241772351 0.0025120210407660517
0.05607169938205458 0.8351871472442252 0.0024876676964769996
0.05872786613189483 0.8412345202962078 0.0024509520052487903
0.061509857885805014 0.8470129481328469 0.0024132308734191475
0.06442363508721373 0.8572260178917553 0.002382699688056867
0.06747544053110693 0.8609850878669948 0.0023573531556905065
0.07067181273927492 0.8669261286965011 0.0023203326684908755
0.07401959996915644 0.8729368440520767 0.0022867999023854714
0.0775259748862946 0.8769644326327313 0.002258497809317597
0.08119844993184012 0.8794956069042702 0.002255870521388648
0.08504489341802678 0.8869823819398788 0.0022035219036770338
0.0890735463861044 0.8928281178119856 0.002162400066978796
0.09329304026284686 0.8952305904722311 0.002151740808108399
0.09771241535346496 0.8988121670104325 0.0020986322748691518
0.10234114021054527 0.9077066739073083 0.0020240308728666566
0.10718913192051276 0.9080213295228199 0.0020386735588519356
0.11226677735108136 0.9087667396612716 0.0020472591294234998
0.1175849554052157 0.9150782745749195 0.0019743864068108396
0.12315506032928261 0.9181251999188775 0.0019660569472611843
0.1289890261253308 0.9219803673712397 0.0019220180546994003
0.13509935211980265 0.9249108135534648 0.0018971238648473098
0.1414991297434576 0.9299208663843207 0.0018308739447596644
0.14820207057988585 0.9295542534332917 0.00184636206448024
0.1552225357427048 0.9324055988553508 0.0018047458125874966
0.1625755666443795 0.9315629026347401 0.001836930824600177
0.17027691722258995 0.9377658238556864 0.001773028353955257
0.17834308769319093 0.941631323221568 0.0016928657436729902
0.1867913599020783 0.9416327141833053 0.0017321889802232068
0.19563983435170648 0.947254349676657 0.001611731990385866
0.20490746898158482 0.947114330677336 0.0016367633502201951
0.21461411978584036 0.9503517077164026 0.0015952348793816411
0.22478058335487253 0.9529438110416051 0.0015330271183552713
0.2354286414322418 0.9538075314037958 0.0015329772528087549
0.2465811075822604 0.9550786622897202 0.0015225320513803156
0.2582618760682677 0.954664841984841 0.0015511158424433914
0.27049597304631345 0.9607501525240985 0.0014011824027542147
0.2833096101839324 0.9619945281649709 0.0014118395067002662
0.29673024081888694 0.9639397560434713 0.0013678590942721152
0.3107866187782014 0.9613212500880087 0.001427844856066795
0.325508859983506 0.9660284426268623 0.001324319584520225
0.3409285069746811 0.9658786004731105 0.0013321650738652338
0.35707859649004625 0.9668890632313767 0.0013404754198882637
0.3739937302478798 0.9688576347162314 0.0012962407232423815
0.39171014908092605 0.9686672342175958 0.0013153327983339482
0.41026581058271944 0.9719225341390438 0.001237810925636639
0.4297004704320839 0.9716194905726477 0.0012644739337767691
0.4500557675700497 0.9733081417676877 0.0012157996198178492
0.4713753134116724 0.9723130237598016 0.0012674604974461578
0.4937047852839004 0.9735519046859484 0.0012228390964461244
0.517092024289676 0.9757435529613407 0.0011610704555237317
0.5415871378079471 0.9781374294909346 0.0010954077270426527
0.5672426068491978 0.9785044259162216 0.0010941631612118245
0.5941133984965034 0.9784760836811897 0.001112157830128193
0.6222570836730231 0.9781433612732834 0.001118009002658649
0.6517339604882427 0.9793766665759848 0.0010944384500612965
0.6826071834272386 0.9796936758516563 0.0010815595528851246
0.7149428986597577 0.981891749445437 0.0010198989742588056
0.7488103857590023 0.9808593038056559 0.0010694779422039129
0.7842822061337682 0.9839512265319459 0.0009498512252575784
0.821434358491943 0.9842204544664098 0.0009399633606417105
0.8603464416684501 0.9813203313092421 0.0010666897209777322
0.9011018251665018 0.9847274027422432 0.000914444703306786
0.9437878277775381 0.9858480840457784 0.000902451523911545
0.9884959046625587 0.9867288133428584 0.0008558450583281501
1.0353218432956626 0.9863773187381661 0.0008832647718969256
1.0843659686896108 0.985779139394334 0.0009304504510522292
1.135733358343105 0.9859620534452599 0.0009068219888089074
1.1895340673703196 0.9869181262805948 0.000884175602485673
1.2458833642950082 0.9865658029136477 0.0009100554321191595
1.3049019780144029 0.9878863931317207 0.0008696581827248628
1.3667163564620073 0.988564311944987 0.0008475491457155121
1.4314589375234785 0.9883988652474236 0.0008470726306075734
1.4992684327860455 0.9890097894694422 0.0008456909744095027
1.5702901247293775 0.9893148931661443 0.0008108965390133077
1.6446761779946644 0.9884953231704554 0.0008521474945115495
1.7225859653987874 0.9886653767773267 0.0008442225883418512
1.8041864093920719 0.9911958736105722 0.0007273636646096972
1.8896523396912097 0.9905377648043004 0.000776714425177163
1.9791668678535574 0.9906804792191453 0.0007751939269038077
2.072921779595372 0.9920345704276249 0.0007052575748872389
2.171117945694505 0.9922397762080882 0.0007234665891832893
2.2739657523579275 0.9924647590118373 0.000674265647784103
2.381685551976158 0.9921272565332265 0.0007193358819372374
2.4945081352303164 0.9921739934399663 0.0007116659802650008
2.612675225563329 0.9924407754308999 0.0006923485878470438
2.736439997074672 0.9929133110065653 0.0006868425485658421
2.8660676169482504 0.9931901842546702 0.0006592965421851988
3.001835813575589 0.9944042882032521 0.0005907665868732666
3.1440354715915 0.9924192531646692 0.0007323163335268645
3.2929712550971515 0.9937859104502211 0.0006417024164670816
3.44896226040576 0.9932435372809602 0.0006914879823564555
3.6123426997094303 0.9946091621388867 0.0005852525852230494
3.7834626171319288 0.994832537572588 0.0005793950931891617
3.9626886387014784 0.9938157402056315 0.0006564168435606658
4.150404757850477 0.9947153297736478 0.0006167539156855282
4.347013158125026 0.9948495037318278 0.0005768269313360584
4.552935074866948 0.9953749274888538 0.0005648479451055513
4.768611697714469 0.9945786634759762 0.0006336425943575613
4.99450511585514 0.9956920353364876 0.0005406549933793158
5.2310993080562636 0.9945692002152946 0.0006305943913418807
5.478901179593945 0.9951632237346696 0.0006054683925609761
5.738441648302393 0.9953120656828073 0.0005886157722498317
6.010276782070382 0.9953390263667312 0.000597737541874494
6.294988990221888 0.9956949853743552 0.0005521614023974024
6.593188271333548 0.9949637648213425 0.0006291926094187989
6.905513520162331 0.995499005741817 0.0006019549617449089
7.2326338964835335 0.996614833577023 0.0004951587200868593
7.575250258771913 0.9956657756880911 0.0005862431068424058
7.934096665797492 0.9949336651107975 0.000641792632438345
8.309941949353396 0.9962526014273065 0.0005297320896710793
8.703591361485167 0.9961917000369643 0.0005372417308127966
9.115888299750829 0.996626901166601 0.0005121210953134993
9.547716114208056 0.9962339503067026 0.0005482503958431987
10.0 0.9959417395905602 0.0005739345290436846
