0.001 0.059377451484218184 0.0003835297515444888
0.0010473708979594498 0.06195809414901596 0.0003986819000641757
0.001096985797892384 0.0656194561500003 0.000416090953262631
0.0011489510001873086 0.06743336678403118 0.00043459025034266007
0.0012033778407775893 0.07105174092860643 0.0004558913965375733
0.0012603829296797275 0.07285900649516648 0.0004693655526087305
0.001320088400831418 0.07745895378166573 0.000492649894648261
0.0013826221737646563 0.08050066793396099 0.0005162440999090437
0.001448118227674533 0.08437606679038168 0.0005363505706351202
0.0015167168884709225 0.08783709889110912 0.0005538523576620311
0.0015885651294280528 0.09266421943385465 0.0005827759396514737
0.001663816886076129 0.09584346108767419 0.0006017518696483298
0.0017426333860096508 0.0991582709507117 0.0006276142113567229
0.0018251834943190425 0.10368974226912463 0.0006585266688247926
0.0019116440753857017 0.10975836369417759 0.0006805052391385212
0.0020022003718155844 0.11343113932662463 0.0007105728312310322
0.002097046401323233 0.12033671328595148 0.0007394837018032563
0.002196385372416547 0.12331571098275786 0.0007730009082104017
0.002300430119772917 0.1294034054955947 0.000801993656988782
0.0024094035602395245 0.13380660625663016 0.0008325978189075573
0.0025235391704347657 0.1397564556559477 0.0008631524978070566
0.0026430814869741054 0.14703360875672666 0.0009032286361282853
0.0027682866303920667 0.151470765776184 0.0009293798658551054
0.002899422853882875 0.15957614237043116 0.0009741411095162778
0.0030367711180354575 0.1649707330381646 0.0010167378463317826
0.0031806256927941192 0.17281046231637365 0.001056802129210595
0.0033312947879346735 0.17932417038536363 0.0010853801703326507
0.0034891012134067737 0.1861118994546559 0.0011264921041974109
0.0036543830709572546 0.19367495440132962 0.001166251328188139
0.003827494478516311 0.20068858995833358 0.0012098658203341438
0.004008806328898464 0.20903863466983844 0.0012624025113033973
0.00419870708444391 0.2184494489444267 0.0012962725545495163
0.004397603609302721 0.2273252066605324 0.0013450782665411843
0.004605922041145104 0.23604960020295584 0.0013921100474980858
0.004824108704165369 0.24224033052255167 0.001428486179199884
0.00505263106533568 0.25243639907913373 0.0014803408202450521
0.005291978735958442 0.26515817876774184 0.0015228588161612813
0.005542664520663107 0.2725859941360092 0.0015865357460038269
0.005805225516094896 0.28278280214936036 0.001627944132684321
0.006080224261649427 0.2908716834789944 0.0016727550418197468
0.006368249944718587 0.30245438407654507 0.0017109024026884146
0.006669919663030122 0.3154663162265949 0.001768347369324709
0.0069858797467852495 0.3268150090944886 0.0018177183249828857
0.007316807143427192 0.3351682025233396 0.001875177127443147
0.007663410868007463 0.3467726189165818 0.0019189746668714141
0.008026433522257174 0.3598066413962603 0.001972356157214986
0.008406652885618326 0.37059461497488333 0.0020163731621063003
0.008804883581643464 0.38628599153977183 0.0020645777623487143
0.009221978823334321 0.395284864183797 0.002116862744900237
0.009658832241158708 0.4110923229910504 0.002161945605512745
0.01011637979766207 0.4226396089909387 0.0022033365462274523
0.010595601792776159 0.4335576812281769 0.002264154842141498
0.011097524964120722 0.4446708920772104 0.0023101331114609215
0.011623224686798524 0.4554177090708732 0.0023556121494779873
0.012173827277396614 0.4729405292229054 0.002387432344812221
0.012750512407130135 0.4871430084267117 0.0024203580416595535
0.013354515629298987 0.4987393984892462 0.002446282413929574
0.013987131026472387 0.5094705547180768 0.0025164439522025513
0.014649713983072856 0.5275322165350989 0.0025189936879220216
0.015343684089300124 0.5389875542680422 0.002559921501781133
0.01607052818261639 0.5516402583290179 0.0025687099962286007
0.016831803533309566 0.5629538346930693 0.002608132930811123
0.01762914118095948 0.5822075384581741 0.002644579348995295
0.018464249428955436 0.5966883601135743 0.002648666947594165
0.01933891750455231 0.6041222119887764 0.002687108081274313
0.020255019392306676 0.61394296225467 0.0026967034889398655
0.021214517849106298 0.6260806687023974 0.0027337844562221776
0.02221946860939524 0.6439269482234543 0.002721656012989525
0.023272024789604086 0.6538810704308902 0.0027258274781777536
0.024374441501222206 0.669688357290019 0.0027242264419357625
0.025529080682395178 0.6789410690034481 0.002743352959244523
0.026738416158399468 0.6910878556855236 0.002730788490652007
0.02800503894183631 0.7015756783572346 0.0027468579237223236
0.02933166278390044 0.7131951927044802 0.002738086882587509
0.030721129988617576 0.720267653087164 0.0027423945733863948
0.03217641750250737 0.7307565569156642 0.0027198722235371804
0.03370064329271928 0.7448301062794389 0.0027126401110997866
0.0352970730273065 0.7537199761329333 0.0026818273510929875
0.036969127071950283 0.7630882034546653 0.0026770988503129266
0.03872038781812555 0.7736615224395409 0.0026748840377415557
0.040554607358408296 0.7796890345736343 0.0026625866101932733
0.04247571552536898 0.7885105888566161 0.0026578522987700964
0.04448782831127585 0.7958804578355453 0.002626004919823907
0.046595256686646824 0.8071383476443676 0.0025755491932716416
0.04880251583654431 0.8116300621117223 0.002596400574061014
0.051114334834401684 0.81830605071042 0.0025647676212455037
0.053535666774107246 0.825385542445828 0.0025464274693249005
0.05607169938205458 0.8329058498114013 0.0024975918171793446
0.05872786613189483 0.8389630224337072 0.0024780966343768253
0.061509857885805014 0.8474507867460563 0.002455146289148243
0.06442363508721373 0.8544371966354926 0.0023894183875434174
0.06747544053110693 0.8607705755939226 0.002363083192945359
0.07067181273927492 0.86431579364959 0.002355076344740177
0.07401959996915644 0.8692858320787052 0.002335650264887577
0.0775259748862946 0.8736467287431238 0.0022883007633199867
0.08119844993184012 0.8778476287233654 0.0022719066976195786
0.08504489341802678 0.8838264283783485 0.002258438574919364
0.0890735463861044 0.8905699998806244 0.0021722379096980643
0.09329304026284686 0.8959573558926309 0.002138947113914082
0.09771241535346496 0.8943962044911105 0.002176342121018487
0.10234114021054527 0.9011739933050752 0.0021054030881231677
0.10718913192051276 0.9095879248458112 0.002025807322202281
0.11226677735108136 0.9091576700948559 0.0020394978954665676
0.1175849554052157 0.9172287288089441 0.0019373615183439598
0.12315506032928261 0.9157432340585243 0.0019940563047296787
0.1289890261253308 0.9238613980132361 0.0018766231616650169
0.13509935211980265 0.9249822427767672 0.0018768634293295306
0.1414991297434576 0.9276224345725481 0.0018634062691813508
0.14820207057988585 0.9282935604037288 0.0018891167857940602
0.1552225357427048 0.9303253874093487 0.0018282135235587855
0.1625755666443795 0.9379552694252917 0.0017349895640590873
0.17027691722258995 0.938139108803195 0.0017377217834233954
0.17834308769319093 0.9428921357486458 0.0016830098950183293
0.1867913599020783 0.9424752409499535 0.001675549042389858
0.19563983435170648 0.9444807947399908 0.0016844878593417338
0.20490746898158482 0.9467437452497938 0.0016582088404738643
0.21461411978584036 0.9490764581463244 0.0016140644833669195
0.22478058335487253 0.9531236536929367 0.0015578409472992028
0.2354286414322418 0.9505288647367864 0.0016078252367790992
0.2465811075822604 0.9530963454505114 0.0015400498538567808
0.2582618760682677 0.957946813192991 0.0015029273488725522
0.27049597304631345 0.9551339560443408 0.0015665094379186026
0.2833096101839324 0.957440886253932 0.0015222078704071058
0.29673024081888694 0.9615680360963499 0.001421006578729226
0.3107866187782014 0.9635239920300757 0.001385899820450215
0.325508859983506 0.9644486486651562 0.0013856899520047097
0.3409285069746811 0.9679895329999365 0.001290987124205751
0.35707859649004625 0.9680858331309621 0.0013079980156841789
0.3739937302478798 0.9666052723975576 0.001354704106254449
0.39171014908092605 0.9677716053699851 0.0013364644218262784
0.41026581058271944 0.9712001090313214 0.0012428079567784996
0.4297004704320839 0.9690610525617452 0.0013163997705315225
0.4500557675700497 0.9707366531474613 0.0012750159376101289
0.4713753134116724 0.9729634972848787 0.0012234751576576132
0.4937047852839004 0.9728444880553369 0.0012275163672280957
0.517092024289676 0.979250510659659 0.0010629278037082121
0.5415871378079471 0.9774150176713611 0.0011315025623283782
0.5672426068491978 0.9775007684005129 0.0011168301874538936
0.5941133984965034 0.9795551439952959 0.001062271529204966
0.6222570836730231 0.9799023500364598 0.0010698167590444398
0.6517339604882427 0.9795306962552001 0.001096207962143018
0.6826071834272386 0.9808430136217032 0.0010542346936367039
0.7149428986597577 0.9796048931773875 0.0011030008479716413
0.7488103857590023 0.9814268180769486 0.0010466515547723895
0.7842822061337682 0.9798491853104006 0.001077499513484896
0.821434358491943 0.9822047324657378 0.0010242277935833197
0.8603464416684501 0.9823274562243514 0.001054462878738337
0.9011018251665018 0.9840098178067977 0.0009615779310079873
0.9437878277775381 0.9855874449317187 0.0009266943908752945
0.9884959046625587 0.9831921084264491 0.0009961628492940197
1.0353218432956626 0.9846037788041749 0.000962741235157754
1.0843659686896108 0.9862619889816906 0.0009145106145337933
1.135733358343105 0.9868666643679227 0.0008889239194017708
1.1895340673703196 0.9873248565153175 0.0008542538184869986
1.2458833642950082 0.987306591792666 0.0008928275216263413
1.3049019780144029 0.987438534518318 0.0008818221365930443
1.3667163564620073 0.987551299477393 0.0008882307999474304
1.4314589375234785 0.9900460198845751 0.0007678031590119111
1.4992684327860455 0.9875737729406515 0.0008793209158830469
1.5702901247293775 0.9882798432351892 0.0008568867201583019
1.6446761779946644 0.9890169661753636 0.0008398747914313401
1.7225859653987874 0.9891841988994012 0.0008344785944019635
1.8041864093920719 0.9903566715060764 0.0007820351635654626
1.8896523396912097 0.9908218160067248 0.0007486302800813753
1.9791668678535574 0.9915238898065724 0.0007258116275738068
2.072921779595372 0.9904712073790166 0.0007923770074757784
2.171117945694505 0.9914501288492569 0.0007391543378483682
2.2739657523579275 0.990771516548779 0.0007899848640546998
2.381685551976158 0.9921196420682434 0.0007057254826693986
2.4945081352303164 0.9927101364314244 0.0006787272840163793
2.612675225563329 0.9935766616669822 0.0006237177071178352
2.736439997074672 0.9924167772451985 0.0007363536297262014
2.8660676169482504 0.9942504492023513 0.0005853089255424411
3.001835813575589 0.9939888878812497 0.0006117759710597411
3.1440354715915 0.9935835365280201 0.000655968224328225
3.2929712550971515 0.9941320505104486 0.0006261898808066991
3.44896226040576 0.9936275739185101 0.0006521316317219257
3.6123426997094303 0.9924265701986947 0.0007290022266204663
3.7834626171319288 0.9938630255446155 0.0006572236368642541
3.9626886387014784 0.9955095178277066 0.0005479093774055438
4.150404757850477 0.9945752854930276 0.0006279039661097477
4.347013158125026 0.9942442426632068 0.000618933442883977
4.552935074866948 0.9944717424943612 0.0006175353977588304
4.768611697714469 0.9949109128896471 0.0006031980424667846
4.99450511585514 0.9944868306306532 0.0006134443317591217
5.2310993080562636 0.994404316974245 0.000630180543122372
5.478901179593945 0.995494840293829 0.000570890047908659
5.738441648302393 0.9952720879995978 0.0005765407030249135
6.010276782070382 0.9949414451043521 0.0005939083718159382
6.294988990221888 0.9952824144007082 0.0005739812752514167
6.593188271333548 0.9966587180879662 0.0004889948350678397
6.905513520162331 0.9960546582507798 0.0005432577175904618
7.2326338964835335 0.9959576260037014 0.0005439624976528449
7.575250258771913 0.9964209498363169 0.0005030861173587559
7.934096665797492 0.9959475616594909 0.0005664908355149456
8.309941949353396 0.9962005230950283 0.0005466259787892776
8.703591361485167 0.9958866560193245 0.0005654658112528464
9.115888299750829 0.9960861983454133 0.0005606976316891002
9.547716114208056 0.9970334008960142 0.0004714253627633293
10.0 0.9965835870708686 0.0005195443919174227
