0.001 0.0004876592801063322 6.7537741956451495e-06
0.0010473708979594498 0.0005512497896680145 7.598556010280768e-06
0.001096985797892384 0.0006430275762333656 8.764830807644572e-06
0.0011489510001873086 0.0007123503640921458 9.856215204784423e-06
0.0012033778407775893 0.0008286370430606048 1.1365704170513055e-05
0.0012603829296797275 0.000900148541985819 1.2506761931760906e-05
0.001320088400831418 0.0010603977490710468 1.44610661509015e-05
0.0013826221737646563 0.001204766417256178 1.6602490012547365e-05
0.001448118227674533 0.0013722864506102554 1.8814912729623614e-05
0.0015167168884709225 0.0015303576880166606 2.0753113758836446e-05
0.0015885651294280528 0.0017862150240221442 2.376413465284155e-05
0.001663816886076129 0.001979206365839679 2.6918953403402232e-05
0.0017426333860096508 0.0022136319249001497 3.0206453568950097e-05
0.0018251834943190425 0.0025359452253167357 3.432041630175935e-05
0.0019116440753857017 0.002917685188891865 3.86425295759152e-05
0.0020022003718155844 0.0032668956593254576 4.391909935771402e-05
0.002097046401323233 0.003795455481229614 4.95033767530686e-05
0.002196385372416547 0.004185204042395459 5.53195345641459e-05
0.002300430119772917 0.004773110092364805 6.316341469795614e-05
0.0024094035602395245 0.00529889577103471 6.961364460290774e-05
0.0025235391704347657 0.005980357901711679 7.803969074764862e-05
0.0026430814869741054 0.006913091518933683 8.950872383575916e-05
0.0027682866303920667 0.007554904327493847 9.849252342276625e-05
0.002899422853882875 0.008770626105658864 0.00011283546215913042
0.0030367711180354575 0.009798775738950466 0.00012683977423455744
0.0031806256927941192 0.011153941080770289 0.00014261305358650422
0.0033312947879346735 0.012304886698384915 0.00015637939961081167
0.0034891012134067737 0.013743332754711252 0.00017351177797594216
0.0036543830709572546 0.01536508740360957 0.00019173483007702612
0.003827494478516311 0.017162730402301752 0.00021716762606428417
0.004008806328898464 0.019410411802824108 0.00024282087367047465
0.00419870708444391 0.02157958531145011 0.00026126591518561376
0.004397603609302721 0.02433397374540352 0.000298770402767582
0.004605922041145104 0.02705224570509355 0.00032599325484728185
0.004824108704165369 0.029312381103405352 0.0003575482742923044
0.00505263106533568 0.032879597516599 0.00039568111369180423
0.005291978735958442 0.037151969453258514 0.0004340527845794535
0.005542664520663107 0.04097807269712659 0.00048256644116989334
0.005805225516094896 0.045179469786990674 0.0005274243826844045
0.006080224261649427 0.04909904337844927 0.0005719613481355312
0.006368249944718587 0.054173043069065924 0.0006214096629454771
0.006669919663030122 0.06076876523917896 0.000687080900304437
0.0069858797467852495 0.06684734998686807 0.0007408990190239814
0.007316807143427192 0.07264516467991926 0.0008125810914391956
0.007663410868007463 0.07948194037362029 0.000875838667735279
0.008026433522257174 0.08781862794074793 0.0009562633043662472
0.008406652885618326 0.09510031131861638 0.0010261605862818698
0.008804883581643464 0.10551995143252368 0.0011049478818937735
0.009221978823334321 0.11334172179373757 0.001190855160612364
0.009658832241158708 0.1250759651466078 0.0012841717865189495
0.01011637979766207 0.1345620580974216 0.0013628924475135552
0.010595601792776159 0.14535684421460682 0.001458897095423522
0.011097524964120722 0.15607818214672203 0.0015611976577387993
0.011623224686798524 0.16668842253710178 0.001646965952616898
0.012173827277396614 0.1821245328046307 0.001740505205123527
0.012750512407130135 0.19597978299642888 0.001838829408233504
0.013354515629298987 0.20803303831409647 0.0019393925396433557
0.013987131026472387 0.2226342768333529 0.0020473272465105948
0.014649713983072856 0.23995446062420342 0.002144290672749514
0.015343684089300124 0.25464588461403853 0.0022503950526619413
0.01607052818261639 0.26857159754079823 0.0023336000677217465
0.016831803533309566 0.28398159127031014 0.0024364139824708656
0.01762914118095948 0.3082452642905499 0.002541383706291311
0.018464249428955436 0.32606851961266914 0.002631463739998117
0.01933891750455231 0.33889557830349254 0.0027314097334411747
0.020255019392306676 0.3519826667252667 0.00278099416030418
0.021214517849106298 0.371383941494314 0.0029006429331158755
0.02221946860939524 0.3942149345846229 0.002958684505005768
0.023272024789604086 0.4089766021723239 0.003030248917511172
0.024374441501222206 0.43162556565559645 0.0030899409308964166
0.025529080682395178 0.44770663201833877 0.0031710469914076516
0.026738416158399468 0.46520339398856847 0.0032061126361034404
0.02800503894183631 0.4833339852286285 0.0032673196993729626
0.02933166278390044 0.502076985953811 0.0033341876368061067
0.030721129988617576 0.5144470959693311 0.0033713333648324583
0.03217641750250737 0.5303394540272007 0.0034036686326576098
0.03370064329271928 0.5543195681829373 0.003444894072884117
0.0352970730273065 0.5669256962896186 0.0034290827953450016
0.036969127071950283 0.5840111681477832 0.0034664422620545475
0.03872038781812555 0.6032556571928082 0.0034719469854942258
0.040554607358408296 0.6140515189892254 0.0034984547498602496
0.04247571552536898 0.6303956808801017 0.0034994267325142324
0.04448782831127585 0.641898638842159 0.003490422245314989
0.046595256686646824 0.6596525223684224 0.0034613976241283906
0.04880251583654431 0.6706998045153486 0.0034773858664308792
0.051114334834401684 0.6818858658995374 0.0034759522528785415
0.053535666774107246 0.69513096693475 0.0034762216840669652
0.05607169938205458 0.7061772362449037 0.003426112723728904
0.05872786613189483 0.7176861211998472 0.003425718809347413
0.061509857885805014 0.73361336559543 0.0033770604870561817
0.06442363508721373 0.7433496161448231 0.0033397644900794356
0.06747544053110693 0.754990085191565 0.003301725396564389
0.07067181273927492 0.7622952218664365 0.0032921143259076096
0.07401959996915644 0.7718123798850187 0.00326655231609926
0.0775259748862946 0.777950849631942 0.003243766978769543
0.08119844993184012 0.7860686516736907 0.0032017710750647924
0.08504489341802678 0.7985146544301771 0.0031515612211472947
0.0890735463861044 0.8075640950818778 0.0031017045909977736
0.09329304026284686 0.8175973798040023 0.003051782844139261
0.09771241535346496 0.8168212894180052 0.0030788268507216747
0.10234114021054527 0.827521954571472 0.0030127225371770748
0.10718913192051276 0.8415486031145574 0.0029099922988135418
0.11226677735108136 0.8415559648806782 0.0029143720255913027
0.1175849554052157 0.8537154456713651 0.0028117347394944693
0.12315506032928261 0.8540194178226557 0.002832065733665601
0.1289890261253308 0.8657101125108242 0.0027246612340237823
0.13509935211980265 0.8686438210485052 0.0027236124895635367
0.1414991297434576 0.8740389310420423 0.002678018979049572
0.14820207057988585 0.8776329639082494 0.0026785717296574705
0.1552225357427048 0.8786585722584872 0.0026502338023863194
0.1625755666443795 0.8914564152248354 0.002516318128334527
0.17027691722258995 0.8920224995036333 0.0025051893710300076
0.17834308769319093 0.9007787676835174 0.002434012038140794
0.1867913599020783 0.8992675422614665 0.002440798277354047
0.19563983435170648 0.9049293919672288 0.0024078997207810505
0.20490746898158482 0.9091418262589693 0.0023679892719717568
0.21461411978584036 0.9123947108044608 0.002328045391399092
0.22478058335487253 0.919302699060367 0.002225212961592951
0.2354286414322418 0.9157724582359641 0.002298892857762276
0.2465811075822604 0.9187006122839193 0.0022543324376119293
0.2582618760682677 0.9289386103907149 0.0021370308897216976
0.27049597304631345 0.9250822785895413 0.002191689880120014
0.2833096101839324 0.928618782575824 0.002145070781059293
0.29673024081888694 0.9339292719517831 0.0020542834793819084
0.3107866187782014 0.9372214939372999 0.0019975213112339847
0.325508859983506 0.939712178689623 0.0019856875048135537
0.3409285069746811 0.9443431179616919 0.0018882480424146921
0.35707859649004625 0.9454416832873781 0.0018874349724308337
0.3739937302478798 0.9437738813206655 0.0019282486189917483
0.39171014908092605 0.9459570131738015 0.001894507140783327
0.41026581058271944 0.9506907343137649 0.001809369145322732
0.4297004704320839 0.9484749924487934 0.001868521963897414
0.4500557675700497 0.9509192660320012 0.0018215930197970787
0.4713753134116724 0.9545182110882271 0.0017605143904406509
0.4937047852839004 0.9542538183446606 0.0017545974119205924
0.517092024289676 0.9642669019074961 0.001532523841216338
0.5415871378079471 0.9621585574263887 0.0015976384548896621
0.5672426068491978 0.9619323756737018 0.0016110588564413398
0.5941133984965034 0.9651287949526308 0.0015256968664665096
0.6222570836730231 0.9662977599848362 0.0015101860243430618
0.6517339604882427 0.9664046462553606 0.0015309211842140461
0.6826071834272386 0.96818672244842 0.0014786641667837623
0.7149428986597577 0.9669633219723346 0.001532443692337399
0.7488103857590023 0.9695719128071669 0.001463722104614974
0.7842822061337682 0.966667735777879 0.0015350917917923196
0.821434358491943 0.9708380087290752 0.0014353198044912078
0.8603464416684501 0.9722877999969842 0.0014242876445723532
0.9011018251665018 0.9734972847728933 0.0013707627112672033
0.9437878277775381 0.9763526957637784 0.001286581679618061
0.9884959046625587 0.9724436158068538 0.0014005155517003718
1.0353218432956626 0.97504089121391 0.001337993358122691
1.0843659686896108 0.9778266588668509 0.0012579892789213352
1.135733358343105 0.9785793121156263 0.0012329822119433577
1.1895340673703196 0.9787322927619861 0.0012161079666519977
1.2458833642950082 0.9798216739593658 0.0012016490578528336
1.3049019780144029 0.9798272372682364 0.0011998594844163516
1.3667163564620073 0.9803556165977114 0.0011928526616219995
1.4314589375234785 0.9835810182104898 0.0010844996107794566
1.4992684327860455 0.9802047042641326 0.0012053438738663567
1.5702901247293775 0.9814236663932563 0.0011738642175471033
1.6446761779946644 0.9828728095455997 0.0011307346154915267
1.7225859653987874 0.9831388150359457 0.0011183289548455867
1.8041864093920719 0.9847395819425577 0.001055535856420687
1.8896523396912097 0.9850827622512616 0.0010333820417820728
1.9791668678535574 0.9863905206100415 0.0009938637772255994
2.072921779595372 0.985301625060689 0.0010454254839142101
2.171117945694505 0.98656987639492 0.001004363653178877
2.2739657523579275 0.9859696199895801 0.0010222573427241663
2.381685551976158 0.987503301726217 0.000963054977687831
2.4945081352303164 0.9883862857354944 0.0009222651153991078
2.612675225563329 0.9893985157265086 0.0008578256187511635
2.736439997074672 0.9889307147956861 0.000915688763127333
2.8660676169482504 0.9904212750546131 0.000817161387007844
3.001835813575589 0.9902257103039203 0.0008285838626344687
3.1440354715915 0.9901794807359602 0.0008616554297763111
3.2929712550971515 0.9909368354289046 0.0008154946113825266
3.44896226040576 0.9902011992340111 0.0008582482665626624
3.6123426997094303 0.9888387374032107 0.0009344262890224623
3.7834626171319288 0.9908932259914207 0.0008270294550310093
3.9626886387014784 0.9929979594912843 0.0007039353460871549
4.150404757850477 0.9921911208780848 0.000785905684015546
4.347013158125026 0.9911326311502971 0.0008194426838425333
4.552935074866948 0.9916833318235522 0.0007966505674087093
4.768611697714469 0.9925518398097752 0.0007589761557188744
4.99450511585514 0.9916287580347022 0.0007974969876350396
5.2310993080562636 0.9917176161462652 0.0007920024418569856
5.478901179593945 0.9934238160414932 0.0007084723085593029
5.738441648302393 0.9929843680045797 0.0007416131681639263
6.010276782070382 0.9924224943656788 0.0007630803330855692
6.294988990221888 0.9929087578060078 0.0007311131645628857
6.593188271333548 0.9950308933553271 0.0006032291403866032
6.905513520162331 0.9943871056115847 0.0006611218964586503
7.2326338964835335 0.9941258472843095 0.0006687057628907082
7.575250258771913 0.9946388038871462 0.0006322733109889689
7.934096665797492 0.9945107587305616 0.0006584040087694685
8.309941949353396 0.9948120295498984 0.0006380426511149033
8.703591361485167 0.9943077660626148 0.0006613340169212332
9.115888299750829 0.994760606298299 0.000643887389048378
9.547716114208056 0.9957303724439922 0.0005620338730140204
10.0 0.9953287149824133 0.0005987629564241228
