0.001 0.032566137162497975 2.077546641205632e-05
0.0012067926406393288 0.04562419775422032 2.7782935642981792e-05
0.0014563484775012444 0.06341592450014125 3.6936175869194316e-05
0.0017575106248547913 0.08745392482191897 5.0401507360418856e-05
0.0021209508879201904 0.11921659295343495 6.478134027878224e-05
0.002559547922699536 0.16043077990208632 8.248337396816236e-05
0.0030888435964774815 0.21314273083280283 0.00010688736836935406
0.003727593720314938 0.2778984636344046 0.00012879931999910477
0.004498432668969444 0.3551641419951595 0.00014878457340349513
0.005428675439323859 0.44366272213335745 0.00016424118421506147
0.006551285568595509 0.5407365578883119 0.0001727677025641898
0.0079060432109077 0.6407906805587626 0.00017338196293128997
0.009540954763499945 0.736700240785248 0.00015621205460118604
0.01151395399326447 0.8224940974730913 0.00013359870746073354
0.013894954943731374 0.8915372290938735 9.911455310492505e-05
0.016768329368110076 0.9411736422324886 6.542256318967844e-05
0.020235896477251564 0.9722863583446224 3.692933797458966e-05
0.02442053094548651 0.9890419964178991 1.7726735605651305e-05
0.029470517025518096 0.9964568703597172 6.789766373412948e-06
0.03556480306223128 0.9991018370492151 2.0228300900622324e-06
0.04291934260128776 0.9998297782278794 4.503388885306582e-07
0.0517947467923121 0.9999772062308524 7.01291496295381e-08
0.0625055192527397 0.9999979771581377 7.091983054975209e-09
0.07543120063354615 0.9999998904763692 4.3070114337355287e-10
0.09102981779915217 0.9999999967632112 1.4236623771959075e-11
0.10985411419875583 0.9999999999533069 2.2580061796556816e-13
0.13257113655901082 0.9999999999997148 1.9763065288725933e-15
0.15998587196060574 0.9999999999999989 5.305565218580817e-18
0.19306977288832497 1.0 9.555660614490875e-19
0.2329951810515372 1.0 8.673961542193625e-19
0.2811768697974228 1.0 2.0771557749704695e-18
0.3393221771895326 1.0 0.0
0.4094915062380423 1.0 0.0
0.49417133613238334 1.0 0.0
0.5963623316594643 1.0 0.0
0.7196856730011514 1.0 0.0
0.868511373751352 1.0 0.0
1.0481131341546852 1.0 0.0
1.2648552168552958 1.0 0.0
1.5264179671752318 1.0 0.0
1.8420699693267144 1.0 0.0
2.2229964825261934 1.0 0.0
2.6826957952797246 1.0 0.0
3.2374575428176433 1.0 0.0
3.906939937054613 1.0 0.0
4.714866363457389 1.0 0.0
5.689866029018293 1.0 0.0
6.866488450042998 1.0 0.0
8.286427728546842 1.0 0.0
10.0 1.0 0.0
