0.001 0.0519202465977409 2.4560707600284314e-05
0.0012067926406393288 0.07190493908556478 3.209654227666509e-05
0.0014563484775012444 0.09875895980295385 4.302964850920893e-05
0.0017575106248547913 0.1340855222766085 5.6312556802907396e-05
0.0021209508879201904 0.17952976142529886 7.051014665664093e-05
0.002559547922699536 0.23669906090578957 8.832347166827872e-05
0.0030888435964774815 0.3062517609186975 0.00010460705248196972
0.003727593720314938 0.38839340440018516 0.00012054544586698319
0.004498432668969444 0.48090201593767606 0.00013338222798624897
0.005428675439323859 0.5797603312752734 0.00013764307990524072
0.006551285568595509 0.6789599847485902 0.00013172947781952377
0.0079060432109077 0.77206507586764 0.00011777157046814238
0.009540954763499945 0.8518370564097604 9.579269640012135e-05
0.01151395399326447 0.913277144602212 6.771667945945924e-05
0.013894954943731374 0.9554527232133437 4.248112747073973e-05
0.016768329368110076 0.9803791091177478 2.2936272721315104e-05
0.020235896477251564 0.9928174253748381 1.0167111428927625e-05
0.02442053094548651 0.9978813246784822 3.5063327146350397e-06
0.029470517025518096 0.9995199749231364 9.49999617036316e-07
0.03556480306223128 0.9999198105597429 1.8224492955331004e-07
0.04291934260128776 0.9999908049926138 2.4207043246368003e-08
0.0517947467923121 0.9999993304397904 2.05847295429884e-09
0.0625055192527397 0.9999999713461514 1.0009326919616716e-10
0.07543120063354615 0.9999999993548637 2.4978849002980066e-12
0.09102981779915217 0.9999999999934316 2.8725026702981506e-14
0.10985411419875583 0.999999999999974 1.2735668878365793e-16
0.13257113655901082 1.0 4.418631847554178e-19
0.15998587196060574 1.0 9.076709799757808e-19
0.19306977288832497 1.0 5.65233285126159e-19
0.2329951810515372 1.0 1.9459014222361976e-18
0.2811768697974228 1.0 0.0
0.3393221771895326 1.0 0.0
0.4094915062380423 1.0 0.0
0.49417133613238334 1.0 0.0
0.5963623316594643 1.0 0.0
0.7196856730011514 1.0 0.0
0.868511373751352 1.0 0.0
1.0481131341546852 1.0 0.0
1.2648552168552958 1.0 0.0
1.5264179671752318 1.0 0.0
1.8420699693267144 1.0 0.0
2.2229964825261934 1.0 0.0
2.6826957952797246 1.0 0.0
3.2374575428176433 1.0 0.0
3.906939937054613 1.0 0.0
4.714866363457389 1.0 0.0
5.689866029018293 1.0 0.0
6.866488450042998 1.0 0.0
8.286427728546842 1.0 0.0
10.0 1.0 0.0
