0.001 0.04386476137693555 2.2919657294734837e-05
0.0012067926406393288 0.06110079398699337 3.1723460451336945e-05
0.0014563484775012444 0.0843114423571968 4.1426397039441797e-05
0.0017575106248547913 0.11505641150072461 5.5167129744548305e-05
0.0021209508879201904 0.15509728246603985 6.824285932160694e-05
0.002559547922699536 0.20623172062329245 8.608551467810607e-05
0.0030888435964774815 0.2694487820026906 0.00010713245230430107
0.003727593720314938 0.3453565356250103 0.00012494617539928287
0.004498432668969444 0.4331462339826543 0.00014128932520869402
0.005428675439323859 0.5291605825415867 0.00014813008885828798
0.006551285568595509 0.6290953374832537 0.00014676918511752227
0.0079060432109077 0.7264218151084476 0.00013854635164589274
0.009540954763499945 0.8134188828197646 0.000118107924907978
0.01151395399326447 0.8846331330092048 8.880431591542853e-05
0.013894954943731374 0.9364838456803547 5.98149608676632e-05
0.016768329368110076 0.9696184895007646 3.461687802433867e-05
0.020235896477251564 0.987722184817466 1.7006427270196166e-05
0.02442053094548651 0.9959297499589258 6.648584479495564e-06
0.029470517025518096 0.9989400503592084 2.067016323220154e-06
0.03556480306223128 0.9997923476602391 4.766224837344178e-07
0.04291934260128776 0.9999708890492937 7.694492964357386e-08
0.0517947467923121 0.999997301005243 8.269562480805241e-09
0.0625055192527397 0.999999847001347 5.427374523178618e-10
0.07543120063354615 0.9999999950983087 1.9072179770746066e-11
0.09102981779915217 0.9999999999245227 3.35525668955413e-13
0.10985411419875583 0.9999999999994996 2.430266573205083e-15
0.13257113655901082 0.9999999999999989 6.6969182923250285e-18
0.15998587196060574 1.0 2.1359029056832763e-18
0.19306977288832497 1.0 2.216111949578938e-18
0.2329951810515372 1.0 1.06048094183993e-18
0.2811768697974228 1.0 1.869003663969601e-18
0.3393221771895326 1.0 0.0
0.4094915062380423 1.0 0.0
0.49417133613238334 1.0 0.0
0.5963623316594643 1.0 0.0
0.7196856730011514 1.0 0.0
0.868511373751352 1.0 0.0
1.0481131341546852 1.0 0.0
1.2648552168552958 1.0 0.0
1.5264179671752318 1.0 0.0
1.8420699693267144 1.0 0.0
2.2229964825261934 1.0 0.0
2.6826957952797246 1.0 0.0
3.2374575428176433 1.0 0.0
3.906939937054613 1.0 0.0
4.714866363457389 1.0 0.0
5.689866029018293 1.0 0.0
6.866488450042998 1.0 0.0
8.286427728546842 1.0 0.0
10.0 1.0 0.0
