0.001 0.1263200217622204 3.402087427144703e-05
0.0012067926406393288 0.15041309944584255 4.063571313504827e-05
0.0014563484775012444 0.1785661463942908 4.6433865724387964e-05
0.0017575106248547913 0.21123081795246745 5.43407807252032e-05
0.0021209508879201904 0.24892577165773674 6.021591055119167e-05
0.002559547922699536 0.29214172740725064 6.875548615928334e-05
0.0030888435964774815 0.3408900256250467 7.880183590124455e-05
0.003727593720314938 0.3953459535988242 8.666400087894666e-05
0.004498432668969444 0.45529721542543905 9.478966513799025e-05
0.005428675439323859 0.5194595103317208 9.905346541380549e-05
0.006551285568595509 0.5869783440377718 0.00010138937294716804
0.0079060432109077 0.656086805203558 0.00010335114029693892
0.009540954763499945 0.7240298319053023 0.00010024433189028251
0.01151395399326447 0.7885518527007532 9.053974291749202e-05
0.013894954943731374 0.8465867067960277 7.887211894967358e-05
0.016768329368110076 0.8958470248244393 6.39164829708286e-05
0.020235896477251564 0.9347534279813097 4.863355212716107e-05
0.02442053094548651 0.9628372272151516 3.2647090667364446e-05
0.029470517025518096 0.9811867520678852 1.9899784302374945e-05
0.03556480306223128 0.9917221313400411 1.0438505531343008e-05
0.04291934260128776 0.9969150651551044 4.556389162612595e-06
0.0517947467923121 0.9990653495398965 1.6335354137709998e-06
0.0625055192527397 0.9997788710306813 4.593040815278131e-07
0.07543120063354615 0.9999606594767271 9.288006024173402e-08
0.09102981779915217 0.9999951693964675 1.3506976002113154e-08
0.10985411419875583 0.9999996108143899 1.239330239482826e-09
0.13257113655901082 0.9999999813571647 6.827197017493283e-11
0.15998587196060574 0.9999999995242808 1.986199360976752e-12
0.19306977288832497 0.9999999999942045 2.6541177093183616e-14
0.2329951810515372 0.9999999999999712 1.4053680307200425e-16
0.2811768697974228 1.0 9.345018319848005e-19
0.3393221771895326 1.0 0.0
0.4094915062380423 1.0 0.0
0.49417133613238334 1.0 0.0
0.5963623316594643 1.0 0.0
0.7196856730011514 1.0 0.0
0.868511373751352 1.0 0.0
1.0481131341546852 1.0 0.0
1.2648552168552958 1.0 0.0
1.5264179671752318 1.0 0.0
1.8420699693267144 1.0 0.0
2.2229964825261934 1.0 0.0
2.6826957952797246 1.0 0.0
3.2374575428176433 1.0 0.0
3.906939937054613 1.0 0.0
4.714866363457389 1.0 0.0
5.689866029018293 1.0 0.0
6.866488450042998 1.0 0.0
8.286427728546842 1.0 0.0
10.0 1.0 0.0
