0.001 0.11645195382649463 3.4231237845315286e-05
0.0012067926406393288 0.13882346816765018 4.029725524715803e-05
0.0014563484775012444 0.16505345770012428 4.657888018083729e-05
0.0017575106248547913 0.19557598968484297 5.426688473752632e-05
0.0021209508879201904 0.23099183035660253 6.468456054543615e-05
0.002559547922699536 0.2715102754114925 7.072275751306491e-05
0.0030888435964774815 0.3177551204602812 8.12225586552031e-05
0.003727593720314938 0.3698112383373764 9.074888451871327e-05
0.004498432668969444 0.4270487289849184 9.74851565143969e-05
0.005428675439323859 0.48944774538124514 0.00010507315363922155
0.006551285568595509 0.5556596198566811 0.00010907675665480807
0.0079060432109077 0.6237556106859905 0.00011045923227704263
0.009540954763499945 0.6929690444761514 0.00010862134133350897
0.01151395399326447 0.7593292082765273 0.00010170272754043138
0.013894954943731374 0.8207800424954065 9.277908397032497e-05
0.016768329368110076 0.8741052957922241 7.556357363453144e-05
0.020235896477251564 0.9181351359765305 5.999437103897457e-05
0.02442053094548651 0.9512168325226954 4.354489442864003e-05
0.029470517025518096 0.9737898368969518 2.7399842202207683e-05
0.03556480306223128 0.9876719187682764 1.5388263302002603e-05
0.04291934260128776 0.9950157745051907 7.356350371790675e-06
0.0517947467923121 0.9983278743078092 2.8685217576083655e-06
0.0625055192527397 0.9995544871873188 9.175869377699274e-07
0.07543120063354615 0.9999087549674969 2.1738736814896162e-07
0.09102981779915217 0.9999865891247797 3.712409047528427e-08
0.10985411419875583 0.999998664572636 4.2258011721488896e-09
0.13257113655901082 0.9999999175041817 2.984138561648016e-10
0.15998587196060574 0.9999999971245852 1.1711181739110514e-11
0.19306977288832497 0.9999999999495938 2.291752018996563e-13
0.2329951810515372 0.9999999999996129 1.9146161443157865e-15
0.2811768697974228 0.9999999999999989 5.70214911962128e-18
0.3393221771895326 1.0 0.0
0.4094915062380423 1.0 0.0
0.49417133613238334 1.0 0.0
0.5963623316594643 1.0 0.0
0.7196856730011514 1.0 0.0
0.868511373751352 1.0 0.0
1.0481131341546852 1.0 0.0
1.2648552168552958 1.0 0.0
1.5264179671752318 1.0 0.0
1.8420699693267144 1.0 0.0
2.2229964825261934 1.0 0.0
2.6826957952797246 1.0 0.0
3.2374575428176433 1.0 0.0
3.906939937054613 1.0 0.0
4.714866363457389 1.0 0.0
5.689866029018293 1.0 0.0
6.866488450042998 1.0 0.0
8.286427728546842 1.0 0.0
10.0 1.0 0.0
