0.001 0.001583368561609539 1.4619780886099197e-06
0.0012067926406393288 0.002682263792375847 2.4421761898424984e-06
0.0014563484775012444 0.004507375486215362 3.96552820771662e-06
0.0017575106248547913 0.007498279852868006 6.486373124484077e-06
0.0021209508879201904 0.012354649431365364 1.1064816599246218e-05
0.002559547922699536 0.020056395787273678 1.6257085107723674e-05
0.0030888435964774815 0.03214693943152445 2.5668109456652637e-05
0.003727593720314938 0.0506679407972047 3.8599293631056265e-05
0.004498432668969444 0.07800408720289917 5.496646927354877e-05
0.005428675439323859 0.11741523858130022 7.764216206772166e-05
0.006551285568595509 0.17176401836672425 0.00010346665737062728
0.0079060432109077 0.24291560764804657 0.00013249225590845537
0.009540954763499945 0.33301481515973735 0.00015955870421653255
0.01151395399326447 0.438051666637009 0.00017904408562273772
0.013894954943731374 0.5531560278970755 0.00019040833596164868
0.016768329368110076 0.6680192482942684 0.00017519208489669635
0.020235896477251564 0.7740617354807082 0.00015295368884674475
0.02442053094548651 0.8607280111418116 0.00011889679600668562
0.029470517025518096 0.9234343814388267 7.82279244264633e-05
0.03556480306223128 0.9634768479613561 4.511371755579108e-05
0.04291934260128776 0.9851233430630244 2.18687652939352e-05
0.0517947467923121 0.9949922527266133 8.579496322012128e-06
0.0625055192527397 0.9986640821670666 2.7505757455283376e-06
0.07543120063354615 0.9997262912962982 6.520586638291208e-07
0.09102981779915217 0.9999597679552371 1.1136971940277888e-07
0.10985411419875583 0.9999959937237934 1.2677375314704216e-08
0.13257113655901082 0.9999997525125686 8.952414485282237e-10
0.15998587196060574 0.9999999913737556 3.51335452170151e-11
0.19306977288832497 0.999999999848782 6.875256056943479e-13
0.2329951810515372 0.9999999999988395 5.743840848848557e-15
0.2811768697974228 0.9999999999999971 1.7472910622097956e-17
0.3393221771895326 1.0 0.0
0.4094915062380423 1.0 0.0
0.49417133613238334 1.0 0.0
0.5963623316594643 1.0 0.0
0.7196856730011514 1.0 0.0
0.868511373751352 1.0 0.0
1.0481131341546852 1.0 0.0
1.2648552168552958 1.0 0.0
1.5264179671752318 1.0 0.0
1.8420699693267144 1.0 0.0
2.2229964825261934 1.0 0.0
2.6826957952797246 1.0 0.0
3.2374575428176433 1.0 0.0
3.906939937054613 1.0 0.0
4.714866363457389 1.0 0.0
5.689866029018293 1.0 0.0
6.866488450042998 1.0 0.0
8.286427728546842 1.0 0.0
10.0 1.0 0.0
