0.001 0.002020102456836873 1.6993840050653019e-06
0.0012067926406393288 0.0034105226515906096 2.8898157444760857e-06
0.0014563484775012444 0.0057054233368542 4.607479956708589e-06
0.0017575106248547913 0.009443775735687714 7.610332295371674e-06
0.0021209508879201904 0.015451807798332197 1.1558810974822993e-05
0.002559547922699536 0.02497523278024722 1.8194721249604073e-05
0.0030888435964774815 0.039677769294743356 2.85626028486104e-05
0.003727593720314938 0.06188202646366542 4.2071322886026195e-05
0.004498432668969444 0.09450499077916535 6.0721906989930646e-05
0.005428675439323859 0.14032415687547062 8.22050772572882e-05
0.006551285568595509 0.2024218928865595 0.00010702556787229206
0.0079060432109077 0.28262415826210313 0.00013624211484908395
0.009540954763499945 0.37977008871449 0.00016094607627931514
0.01151395399326447 0.49052743176779695 0.00017130490174339425
0.013894954943731374 0.6069149675126518 0.00017160085544733544
0.016768329368110076 0.7190648728317481 0.0001552106297457121
0.020235896477251564 0.8168203426113684 0.00012834483658352505
0.02442053094548651 0.8926344016755151 9.117675007977807e-05
0.029470517025518096 0.9446270784919132 5.761631877525289e-05
0.03556480306223128 0.9753746392902972 3.0837856180408326e-05
0.04291934260128776 0.9907743375853952 1.3592234358068313e-05
0.0517947467923121 0.9971987485008605 4.892347351754221e-06
0.0625055192527397 0.9993367661028053 1.3773706072040508e-06
0.07543120063354615 0.9998819833319427 2.78621141244965e-07
0.09102981779915217 0.9999855082648792 4.0520593208074195e-08
0.10985411419875583 0.9999988324436699 3.7179882935364043e-09
0.13257113655901082 0.9999999440714957 2.0481590439443168e-10
0.15998587196060574 0.9999999985728424 5.958598082930514e-12
0.19306977288832497 0.9999999999826134 7.962353120539717e-14
0.2329951810515372 0.9999999999999136 4.2160418524441e-16
0.2811768697974228 1.0 2.8035054959544013e-18
0.3393221771895326 1.0 0.0
0.4094915062380423 1.0 0.0
0.49417133613238334 1.0 0.0
0.5963623316594643 1.0 0.0
0.7196856730011514 1.0 0.0
0.868511373751352 1.0 0.0
1.0481131341546852 1.0 0.0
1.2648552168552958 1.0 0.0
1.5264179671752318 1.0 0.0
1.8420699693267144 1.0 0.0
2.2229964825261934 1.0 0.0
2.6826957952797246 1.0 0.0
3.2374575428176433 1.0 0.0
3.906939937054613 1.0 0.0
4.714866363457389 1.0 0.0
5.689866029018293 1.0 0.0
6.866488450042998 1.0 0.0
8.286427728546842 1.0 0.0
10.0 1.0 0.0
