0.001 0.028842763120431693 0.0003600062574311104
0.0012067926406393288 0.04077636787352164 0.0004923620791212017
0.0014563484775012444 0.05397822290425845 0.0006048315486494467
0.0017575106248547913 0.07440544874158714 0.0008085166557577549
0.0021209508879201904 0.09862598103561164 0.0010122056409298322
0.002559547922699536 0.13076219826336472 0.0012460275057696395
0.0030888435964774815 0.1689306616269389 0.0014964974955274733
0.003727593720314938 0.2159267518006582 0.001760657024666445
0.004498432668969444 0.26903722673061436 0.002066773298310344
0.005428675439323859 0.32956312423559003 0.0023318685078182948
0.006551285568595509 0.39911926916115736 0.0025854839391073643
0.0079060432109077 0.468703079516274 0.002814106124550963
0.009540954763499945 0.5416437664797656 0.0029700098194211074
0.01151395399326447 0.6075061463147328 0.0030818047283719795
0.013894954943731374 0.6718000095902854 0.003072130544838893
0.016768329368110076 0.7212899823934764 0.003059625626851303
0.020235896477251564 0.7714036787051155 0.0029579571118206137
0.02442053094548651 0.8081818847836434 0.0028597553317106232
0.029470517025518096 0.8450926194953998 0.0026713079896538293
0.03556480306223128 0.8737974114018271 0.002465156667472111
0.04291934260128776 0.8937241583689399 0.0023380842500028646
0.0517947467923121 0.911038947341769 0.0021955347856968403
0.0625055192527397 0.9314242153957409 0.0019486077529000478
0.07543120063354615 0.936337180390835 0.0019377977783390748
0.09102981779915217 0.9491860145349912 0.0017565994594814839
0.10985411419875583 0.9573281007322485 0.0016353741331834367
0.13257113655901082 0.9638285508984485 0.0015071842291666708
0.15998587196060574 0.9674935875307383 0.0014592253783306478
0.19306977288832497 0.9747064661572391 0.001293138909277489
0.2329951810515372 0.9783099991562234 0.0011978613152456062
0.2811768697974228 0.9811713184076051 0.0011305387501529933
0.3393221771895326 0.9826645394637128 0.001089381084934712
0.4094915062380423 0.9861949882396922 0.0009529363316156786
0.49417133613238334 0.9877548218411499 0.0009142492719069889
0.5963623316594643 0.9908981758324255 0.000785946570133498
0.7196856730011514 0.9893462780785812 0.0008880945273181678
0.868511373751352 0.9913113627229518 0.0007835647713444758
1.0481131341546852 0.9935663393960548 0.0006732719059445808
1.2648552168552958 0.9935630611469928 0.0007019735149217773
1.5264179671752318 0.9943343306995779 0.0006445634130243168
1.8420699693267144 0.9956861414372943 0.0005654459645012458
2.2229964825261934 0.9934673845670615 0.0007160896952315553
2.6826957952797246 0.9956194937909187 0.0005902644545183366
3.2374575428176433 0.9952318184000487 0.0006236981137487912
3.906939937054613 0.9970649104909786 0.00047137096488890216
4.714866363457389 0.9950230485454146 0.0006687735984188387
5.689866029018293 0.9973434090071532 0.0004826715868968126
6.866488450042998 0.9970430855057344 0.0005291472129156575
8.286427728546842 0.9973197859907875 0.0005094004723541217
10.0 0.997666782225767 0.00047905013364696206
