0.001 0.030015177360290794 0.00037209389286346165
0.0012067926406393288 0.04171209804533838 0.0004987228627498732
0.0014563484775012444 0.056169762999608464 0.0006410950384964343
0.0017575106248547913 0.07534238124647503 0.0008120185404992972
0.0021209508879201904 0.10088591030092664 0.0010193916432094025
0.002559547922699536 0.13233889795659753 0.001234649156659125
0.0030888435964774815 0.17198381170405158 0.0015005766971773749
0.003727593720314938 0.21881034692915813 0.0017740931066366763
0.004498432668969444 0.2724160667503438 0.002069447215590387
0.005428675439323859 0.334902427465158 0.002330608819577075
0.006551285568595509 0.4017978286370078 0.002606481541008781
0.0079060432109077 0.4672210910007122 0.0028287915559977806
0.009540954763499945 0.5421374411638376 0.002965719515010849
0.01151395399326447 0.6128063806166939 0.0030584427153214056
0.013894954943731374 0.6727435702770023 0.0030937429853184423
0.016768329368110076 0.725297662709144 0.0030569479439293197
0.020235896477251564 0.769420260733675 0.0029775629361508847
0.02442053094548651 0.8117417748894553 0.0028161004864052696
0.029470517025518096 0.8449859379183685 0.00267525916573634
0.03556480306223128 0.8748978961942228 0.002479276739892179
0.04291934260128776 0.8957318841559753 0.002346692155048472
0.0517947467923121 0.9124433082093326 0.0021790096047365776
0.0625055192527397 0.930716170297192 0.001988133604985902
0.07543120063354615 0.940148690178057 0.001881903825876068
0.09102981779915217 0.9499081182361057 0.0017108822382261985
0.10985411419875583 0.9583542782058881 0.0015905974146560044
0.13257113655901082 0.9655312413638634 0.0014621757852831233
0.15998587196060574 0.9675396253238203 0.0014535358489539466
0.19306977288832497 0.9748713755489203 0.0012884756871145578
0.2329951810515372 0.9773188546544499 0.0012387703052112859
0.2811768697974228 0.9832112250662077 0.001057089706761033
0.3393221771895326 0.9828866804067706 0.0010874007034342675
0.4094915062380423 0.986345689490176 0.0009599043691675038
0.49417133613238334 0.9867087347792328 0.0009704068402771911
0.5963623316594643 0.9894467244431642 0.0008583577213563358
0.7196856730011514 0.9907313705123463 0.0008308381626157725
0.868511373751352 0.9924927695660714 0.000725479380794048
1.0481131341546852 0.9932734138391653 0.0007034239178379264
1.2648552168552958 0.9935864423043517 0.0006748649116838597
1.5264179671752318 0.9948978216332623 0.0006155777456551795
1.8420699693267144 0.9947570150708583 0.0006201387392839144
2.2229964825261934 0.9950036340029048 0.0006395926912130961
2.6826957952797246 0.9957161002371853 0.0005970386910250953
3.2374575428176433 0.9965195923125754 0.0005257170984102176
3.906939937054613 0.9959397814367846 0.0005930252320378784
4.714866363457389 0.9970757910191849 0.0005131259594288878
5.689866029018293 0.9962222884836088 0.000592143200149951
6.866488450042998 0.9978145814760981 0.0004580801504448047
8.286427728546842 0.9970687232894127 0.000537763471141152
10.0 0.996783690142688 0.0005647781862394077
