0.001 0.029310896983203178 0.00036867859340505507
0.0012067926406393288 0.040079963234183336 0.00048307072626080784
0.0014563484775012444 0.055585698362183265 0.0006294794764177686
0.0017575106248547913 0.07522953104716847 0.0008030700659311564
0.0021209508879201904 0.10143613016754832 0.0010214216698358899
0.002559547922699536 0.1345035324822074 0.0012459382098859795
0.0030888435964774815 0.17043931641829993 0.0014942988939554247
0.003727593720314938 0.2189324667796397 0.0017765416861888466
0.004498432668969444 0.27445964837138653 0.0020477139906967456
0.005428675439323859 0.33684370449366235 0.002353180082606307
0.006551285568595509 0.40390777416756934 0.0026090333801844614
0.0079060432109077 0.4705837163340985 0.002823731913307915
0.009540954763499945 0.5434923233228202 0.0030018895662420274
0.01151395399326447 0.612256295648774 0.0030586004125806665
0.013894954943731374 0.6777187007091237 0.003035903688768828
0.016768329368110076 0.7300279684955296 0.003022105606474057
0.020235896477251564 0.7771325917643702 0.0029205382567020375
0.02442053094548651 0.8126686075813957 0.002793380512786522
0.029470517025518096 0.8498917389805034 0.0026293057052643957
0.03556480306223128 0.8772740829931559 0.002427444077772116
0.04291934260128776 0.8956473747660558 0.00232939933134555
0.0517947467923121 0.9148551050734087 0.0021448374862227805
0.0625055192527397 0.9276711463980386 0.0020217993270949097
0.07543120063354615 0.9429418874669493 0.001821974511737235
0.09102981779915217 0.9519774343601776 0.0016981173878173113
0.10985411419875583 0.9583738656907759 0.0016041837873443994
0.13257113655901082 0.9618409835212777 0.0015608488858074956
0.15998587196060574 0.9685435512668832 0.001411828473042827
0.19306977288832497 0.976699548540948 0.0012119642770574033
0.2329951810515372 0.9796197389003881 0.0011408982073090731
0.2811768697974228 0.9820543900592548 0.0010967623314766858
0.3393221771895326 0.983882338974008 0.0010472756685373902
0.4094915062380423 0.984474195692376 0.0010472697111758669
0.49417133613238334 0.988417828121944 0.0009076102395854612
0.5963623316594643 0.9898854230105202 0.000852579927382668
0.7196856730011514 0.9898001042726823 0.0008763006103782366
0.868511373751352 0.9920742050780831 0.0007498048301431466
1.0481131341546852 0.994670410592481 0.000614424871104184
1.2648552168552958 0.9946813652774205 0.0006133317082327272
1.5264179671752318 0.9943920492061771 0.0006348627396335119
1.8420699693267144 0.9953540505261391 0.0005847118682807864
2.2229964825261934 0.9954689497169423 0.0005940800779273558
2.6826957952797246 0.9956939747897892 0.0005965710453303271
3.2374575428176433 0.9968602326792999 0.0005078074945793828
3.906939937054613 0.9957625869631229 0.0006078721900182722
4.714866363457389 0.9982596717294191 0.0003787640081605456
5.689866029018293 0.9966767063454322 0.0005653702692679751
6.866488450042998 0.9975158855940018 0.0004895161227964689
8.286427728546842 0.9974699252085099 0.0004993942544570434
10.0 0.9972890773844627 0.0005189115562118594
