0.001 0.08745343520832012 0.0005731891679353466
0.0012067926406393288 0.10384970263346595 0.0006682554567491767
0.0014563484775012444 0.12459578861206497 0.0007832423714746828
0.0017575106248547913 0.14770889588914365 0.0009107922866173516
0.0021209508879201904 0.1751952881915502 0.0010615296758348521
0.002559547922699536 0.20729908827063845 0.0012071249638076064
0.0030888435964774815 0.23849157248786632 0.0013725259028168893
0.003727593720314938 0.27882844859377676 0.001547778565495738
0.004498432668969444 0.3225925534642517 0.001712985836494621
0.005428675439323859 0.36958146149885807 0.0019131168480770785
0.006551285568595509 0.42032201848335354 0.0020715416510278385
0.0079060432109077 0.47035266420973965 0.002229064140044618
0.009540954763499945 0.5271238467577553 0.0023786859763548153
0.01151395399326447 0.5836516368173471 0.002448728340680374
0.013894954943731374 0.6403667712790492 0.0024752106868466462
0.016768329368110076 0.6896950018580866 0.002531951809922744
0.020235896477251564 0.7373444697976563 0.0025206010650837955
0.02442053094548651 0.7759850836687805 0.002466775009876
0.029470517025518096 0.8177008444239054 0.0023833513484160223
0.03556480306223128 0.8485615334310694 0.002249362129053486
0.04291934260128776 0.8730363798616814 0.0021843898677417844
0.0517947467923121 0.8958426513350023 0.002033564147391579
0.0625055192527397 0.9128355513599472 0.001927802559287888
0.07543120063354615 0.9309516824800177 0.0017488520503501418
0.09102981779915217 0.9422623448736794 0.0016439135003629027
0.10985411419875583 0.950507461519384 0.001553119899207728
0.13257113655901082 0.9556582713633077 0.0015067426395895924
0.15998587196060574 0.9634410765242657 0.0013694163375658466
0.19306977288832497 0.9721902290707599 0.001187039140766166
0.2329951810515372 0.9760839007693599 0.0011245204577645862
0.2811768697974228 0.9793602092610705 0.0010664779372403562
0.3393221771895326 0.9814188330420204 0.0010322842278500217
0.4094915062380423 0.9826619015376006 0.0010185162721417888
0.49417133613238334 0.9869468869399057 0.0008890796028282036
0.5963623316594643 0.9885668661816549 0.0008386601411890893
0.7196856730011514 0.9887478658668329 0.0008600372966864771
0.868511373751352 0.9909693134613208 0.0007428215431870504
1.0481131341546852 0.9938447354886984 0.0006114033434536796
1.2648552168552958 0.9940445310381185 0.0006093956218305495
1.5264179671752318 0.9936940145220722 0.000638409124545714
1.8420699693267144 0.9948016344893951 0.0005897179920672061
2.2229964825261934 0.9949632050999018 0.0006033118266960281
2.6826957952797246 0.9953299010841856 0.0006064042482475225
3.2374575428176433 0.9964851679303747 0.0005199375399526904
3.906939937054613 0.9953193816178034 0.0006194022089864413
4.714866363457389 0.997907723436099 0.000390786946249974
5.689866029018293 0.996467055726524 0.0005686093665852353
6.866488450042998 0.9972932973902027 0.0004922142659893181
8.286427728546842 0.9973310406862683 0.0005003342886633083
10.0 0.99719526279903 0.000519217054259666
