0.001 0.08899312481368629 0.0005728389007816417
0.0012067926406393288 0.1061469685056367 0.0006815280379723625
0.0014563484775012444 0.12476646664020659 0.0007976561746535925
0.0017575106248547913 0.14741261885066 0.0009203351926053094
0.0021209508879201904 0.17461990762276816 0.0010595997106505827
0.002559547922699536 0.20533527142622943 0.0011989104939832053
0.0030888435964774815 0.2396202944426818 0.0013800546539877812
0.003727593720314938 0.2783909330257348 0.001550949497569085
0.004498432668969444 0.32036300274755747 0.001734695448255421
0.005428675439323859 0.3680595999917897 0.0018949171130805767
0.006551285568595509 0.418305886299827 0.002077048084847882
0.0079060432109077 0.46803797348387177 0.0022309640353671877
0.009540954763499945 0.526293642844815 0.0023426635840170145
0.01151395399326447 0.5836244397751571 0.0024519794365350485
0.013894954943731374 0.6364590722538638 0.002534568546515451
0.016768329368110076 0.6861730351052502 0.002565215521294324
0.020235896477251564 0.7297731665892535 0.002567788005875311
0.02442053094548651 0.7744361560036613 0.002496790148385452
0.029470517025518096 0.8126556429442504 0.0024171771426180827
0.03556480306223128 0.847185049119022 0.0022916686186818837
0.04291934260128776 0.8730948951973889 0.0021917167629846223
0.0517947467923121 0.8932307476906075 0.002062813796779034
0.0625055192527397 0.9156456911413723 0.001900452902466829
0.07543120063354615 0.9279120755712295 0.0018060806171902944
0.09102981779915217 0.9396281467511693 0.0016509739564716027
0.10985411419875583 0.9500152275956445 0.0015430794896202288
0.13257113655901082 0.9589953410965478 0.001419369239738084
0.15998587196060574 0.9624070301997814 0.0014110436304872165
0.19306977288832497 0.9706910533671731 0.0012511800073080994
0.2329951810515372 0.9738523993637771 0.0012030930590949485
0.2811768697974228 0.9805298024312242 0.0010346801619625697
0.3393221771895326 0.9806843879777376 0.0010574993168882415
0.4094915062380423 0.9843065069272434 0.0009419707644997633
0.49417133613238334 0.9850871275408368 0.0009511895690780489
0.5963623316594643 0.9881501305628599 0.0008457965838043664
0.7196856730011514 0.9898053767117435 0.0008135266935002055
0.868511373751352 0.9915084806900726 0.0007115628184135333
1.0481131341546852 0.9925277794077337 0.0006896904563733506
1.2648552168552958 0.9928471289220923 0.0006672809647787377
1.5264179671752318 0.9943656093811871 0.0006111336784702199
1.8420699693267144 0.9942174714459279 0.0006233299219895271
2.2229964825261934 0.9945072002680692 0.0006464370983300715
2.6826957952797246 0.9953019064115005 0.0006058765474060165
3.2374575428176433 0.9960980555320648 0.0005394831584272918
3.906939937054613 0.9955544004847854 0.0006043593751182216
4.714866363457389 0.9967450481778473 0.000521183424938104
5.689866029018293 0.9958388198043312 0.0005989003544656443
6.866488450042998 0.9976158324747566 0.0004609944177991316
8.286427728546842 0.9969450269289523 0.0005386680879403184
10.0 0.996668950263073 0.0005651992477889004
