0.001 0.0016915613278267393 4.2530418135595024e-05
0.0012067926406393288 0.0029205198279583598 7.147154460871728e-05
0.0014563484775012444 0.004439427619942695 0.00010095848931310677
0.0017575106248547913 0.007513982016439405 0.00016618727507467822
0.0021209508879201904 0.011812393599866926 0.0002483183552573552
0.002559547922699536 0.018552895237649046 0.000358993085481558
0.0030888435964774815 0.02810679319813541 0.0004882059890264355
0.003727593720314938 0.042038524800281855 0.0006556591342518853
0.004498432668969444 0.06196180262408991 0.0008812530727056519
0.005428675439323859 0.08785455698199923 0.0011008107138149085
0.006551285568595509 0.12441615595851745 0.0013980405557192938
0.0079060432109077 0.17004938824715896 0.0017236714521118002
0.009540954763499945 0.22641995041344218 0.0020393169968575668
0.01151395399326447 0.2926873812005801 0.0024249136027710157
0.013894954943731374 0.3642043000282439 0.00270989909525707
0.016768329368110076 0.43552509275024287 0.0029820621094790584
0.020235896477251564 0.515898293512625 0.003189576126782281
0.02442053094548651 0.5855050689048658 0.0033030603257694718
0.029470517025518096 0.6552467615440453 0.0033001312223456037
0.03556480306223128 0.7128760704591749 0.0032305327856461995
0.04291934260128776 0.7618893717986113 0.0031434174211121975
0.0517947467923121 0.8015614840355136 0.0029960478069624152
0.0625055192527397 0.844615110994104 0.0027603286214492695
0.07543120063354615 0.8637536959634695 0.0026828007142815115
0.09102981779915217 0.8929621736111498 0.0024577802283981204
0.10985411419875583 0.9107514878561181 0.0022783235905754684
0.13257113655901082 0.9251286823855178 0.002124439431727728
0.15998587196060574 0.9345638769233865 0.002013815659580925
0.19306977288832497 0.9493421435920903 0.0017961440736653975
0.2329951810515372 0.955612825482573 0.0016764687899835028
0.2811768697974228 0.9628376098034596 0.0015601863974337828
0.3393221771895326 0.966960808501968 0.0014974805447706533
0.4094915062380423 0.9720264241786168 0.0013603068106617386
0.49417133613238334 0.9760703750860735 0.0012721999275854558
0.5963623316594643 0.9819695469904342 0.0011047859933279293
0.7196856730011514 0.981168858618753 0.0011610905832946212
0.868511373751352 0.9837696767553115 0.0010685756202289498
1.0481131341546852 0.9876914397273904 0.000924352790797874
1.2648552168552958 0.9892773871412371 0.0008970873358527842
1.5264179671752318 0.9900248654766745 0.0008569423234521613
1.8420699693267144 0.9923537844314018 0.0007458663429361169
2.2229964825261934 0.9897616887552131 0.0008961649856521896
2.6826957952797246 0.993214280684323 0.000732468649186297
3.2374575428176433 0.9927287153414407 0.0007584944506235295
3.906939937054613 0.9949004832919185 0.0006161824357970219
4.714866363457389 0.9933133026652154 0.0007466368500877034
5.689866029018293 0.9958731443147272 0.0005569032309756427
6.866488450042998 0.9960706057660113 0.0005632938479693077
8.286427728546842 0.9965680081598955 0.0005291307478219391
10.0 0.9971406315118598 0.00048825145715428024
