0.001 0.0017942418097419122 4.477349713934129e-05
0.0012067926406393288 0.00301192635987262 7.250606539672958e-05
0.0014563484775012444 0.004808955891463476 0.00011000044378550607
0.0017575106248547913 0.007629782672595208 0.00016625030033767625
0.0021209508879201904 0.012136486258974788 0.0002472455813541495
0.002559547922699536 0.018635207147972035 0.00035129821637338736
0.0030888435964774815 0.0287031851310705 0.0004890852342542109
0.003727593720314938 0.042928759081976624 0.0006635625338066997
0.004498432668969444 0.06287817139194649 0.0008780215561969638
0.005428675439323859 0.08961125296827985 0.0011008022368103245
0.006551285568595509 0.1262827386526756 0.001410124799183904
0.0079060432109077 0.16963677934050578 0.0017191069283246626
0.009540954763499945 0.22672986718457114 0.002043865037658913
0.01151395399326447 0.2947060871038132 0.002390533950377723
0.013894954943731374 0.36760900659765383 0.0027370837342269917
0.016768329368110076 0.4423062798640939 0.003008733908541242
0.020235896477251564 0.5130462102904788 0.0031800338587903644
0.02442053094548651 0.5872655678199828 0.0032797897292415746
0.029470517025518096 0.6557620021364453 0.0033027436659877505
0.03556480306223128 0.7179109889468583 0.0032290160390354822
0.04291934260128776 0.7676304374888386 0.0031179302914124307
0.0517947467923121 0.8043981102279453 0.002982428305881925
0.0625055192527397 0.8464282809274651 0.002762923723531374
0.07543120063354615 0.8703857928341889 0.0026174758551461134
0.09102981779915217 0.8902832472067154 0.002456886191046032
0.10985411419875583 0.9103326745617618 0.0022684230928820366
0.13257113655901082 0.9269616112661142 0.002087485969885559
0.15998587196060574 0.9354367869121126 0.0020163231259113703
0.19306977288832497 0.9494077650164607 0.0017929703471463334
0.2329951810515372 0.95563480992529 0.0017009277818902488
0.2811768697974228 0.9666108732140029 0.0014863079976615834
0.3393221771895326 0.9679440351098055 0.0014847009099555875
0.4094915062380423 0.9734257384414635 0.0013442522902592977
0.49417133613238334 0.9758120298252123 0.0013093579219779453
0.5963623316594643 0.9806682364931405 0.0011755526912421638
0.7196856730011514 0.9841337256106024 0.0010814623895465845
0.868511373751352 0.9859820408056976 0.0009958256833036217
1.0481131341546852 0.988165476308675 0.0009292601114133024
1.2648552168552958 0.9885038692504274 0.0009182973919787065
1.5264179671752318 0.9912978024578065 0.0008080626117273922
1.8420699693267144 0.9911521661317846 0.0008229153481019352
2.2229964825261934 0.9923332539075589 0.0007744964675748087
2.6826957952797246 0.993587073101408 0.0007134910756124744
3.2374575428176433 0.994422839369253 0.0006572639933692893
3.906939937054613 0.9942017095829375 0.0006864619242517066
4.714866363457389 0.9957876235274492 0.0005747504289266989
5.689866029018293 0.9948115128208068 0.0006433343504932999
6.866488450042998 0.9971364708670327 0.0004807578656833291
8.286427728546842 0.9966671680673267 0.0005453319137084662
10.0 0.9964234024019173 0.0005686290885749568
