0.001 0.08094280566312474 0.0006968795156550752
0.0012067926406393288 0.107315493409133 0.0009106164055877265
0.0014563484775012444 0.14137328169305832 0.0011657434887082376
0.0017575106248547913 0.1844624737587616 0.0014739427907620823
0.0021209508879201904 0.2338740536478078 0.0018143702606996657
0.002559547922699536 0.2947671366281064 0.002146856603461928
0.0030888435964774815 0.35297804437205627 0.0024962807884199006
0.003727593720314938 0.4241607587644264 0.0027968283469705212
0.004498432668969444 0.4944114507026338 0.0030606331680824612
0.005428675439323859 0.5562905767812633 0.00324985798354138
0.006551285568595509 0.6179068845494569 0.003354271662053371
0.0079060432109077 0.6814018684176071 0.0033777296171953407
0.009540954763499945 0.7298026268725573 0.003344623454317656
0.01151395399326447 0.7607928379152625 0.0033111394554819072
0.013894954943731374 0.7922915046824007 0.0032399051021319647
0.016768329368110076 0.8198545041161568 0.003112480891274232
0.020235896477251564 0.8471714249134223 0.002899893706608639
0.02442053094548651 0.8662700032163108 0.0027220633845444586
0.029470517025518096 0.8823160265354103 0.002515739765822745
0.03556480306223128 0.8980065405494455 0.002294850621502226
0.04291934260128776 0.9131264553094759 0.00203980451755237
0.0517947467923121 0.9338756191607905 0.0017163485173487048
0.0625055192527397 0.946732660086708 0.0014407722020264074
0.07543120063354615 0.9567968127674594 0.001254526421687782
0.09102981779915217 0.969091440269414 0.0010766565233870683
0.10985411419875583 0.9792508867089423 0.0008877524238371265
0.13257113655901082 0.9851149183448188 0.0007889167083171828
0.15998587196060574 0.9886752912587448 0.0007837442181673789
0.19306977288832497 0.9907354760359678 0.0007505587790275592
0.2329951810515372 0.9919569867960166 0.0007318174528017245
0.2811768697974228 0.9941469024912052 0.0006374919639468775
0.3393221771895326 0.9953324760446881 0.0005562637143436447
0.4094915062380423 0.9957374480776725 0.0005684293833721249
0.49417133613238334 0.9966179057834857 0.0005046144395947186
0.5963623316594643 0.9963106484109174 0.0005330532416579187
0.7196856730011514 0.9963006787969365 0.0005257948423922332
0.868511373751352 0.9971810898516492 0.0004689688924390229
1.0481131341546852 0.9978660509767407 0.00039615509541908597
1.2648552168552958 0.9977194218645694 0.00042694757086499883
1.5264179671752318 0.9978109829711024 0.00042735395962912627
1.8420699693267144 0.9976445378549211 0.00046273614004721644
2.2229964825261934 0.997949451344051 0.0004271873433285479
2.6826957952797246 0.9990758461539554 0.0002841088203312806
3.2374575428176433 0.9980342813803889 0.00043568147133288276
3.906939937054613 0.9985771667998727 0.00037393381831292015
4.714866363457389 0.998887773992731 0.00033148370897305456
5.689866029018293 0.9979983443854893 0.00044676562111578067
6.866488450042998 0.9982997175537869 0.00041195984039332366
8.286427728546842 0.9987999483156483 0.0003462022353374139
10.0 0.9990999951979528 0.0002998649681723186
