0.001 0.15358869792141114 0.0009140798865427727
0.0012067926406393288 0.17991497917633364 0.001064432975014657
0.0014563484775012444 0.21098667857058026 0.001232174951608081
0.0017575106248547913 0.24697817829712654 0.0014267909841282015
0.0021209508879201904 0.28553427354938543 0.001636340299216942
0.002559547922699536 0.33245231341742376 0.0018288897040196377
0.0030888435964774815 0.37526980818998384 0.0020487953975203304
0.003727593720314938 0.42921114446410374 0.0022354288497892973
0.004498432668969444 0.4827984077841473 0.0024385281806556212
0.005428675439323859 0.533227487974493 0.0025958266503289212
0.006551285568595509 0.586307983812015 0.0027164726590531924
0.0079060432109077 0.6452688607650224 0.002784762151384453
0.009540954763499945 0.6934744712604415 0.00281495408244989
0.01151395399326447 0.7306042427140367 0.00283511626107732
0.013894954943731374 0.7676440116898022 0.00281432450638392
0.016768329368110076 0.8009966187832512 0.0027343695790781972
0.020235896477251564 0.8329699313026444 0.0025809747205526663
0.02442053094548651 0.8560571176856322 0.0024491343075699473
0.029470517025518096 0.8741489731320787 0.0023031711720185935
0.03556480306223128 0.8906142657551139 0.002151690848601717
0.04291934260128776 0.905577354210794 0.0019700833281857152
0.0517947467923121 0.9256978059422752 0.0017229025793445943
0.0625055192527397 0.9362774139367566 0.001523750446104177
0.07543120063354615 0.9447674571315225 0.0013702875529669864
0.09102981779915217 0.9569944054450013 0.0011954750701695192
0.10985411419875583 0.9673820188239021 0.0009836770636975814
0.13257113655901082 0.9740864044027101 0.0008558153215098221
0.15998587196060574 0.9806633587328298 0.0008046660145878894
0.19306977288832497 0.9848277869343672 0.0007505096548604003
0.2329951810515372 0.9880799928388676 0.0007221070182879941
0.2811768697974228 0.9917648956885702 0.0006303610741717147
0.3393221771895326 0.9940196615700352 0.0005445865106299399
0.4094915062380423 0.9949458869469606 0.0005659004418123312
0.49417133613238334 0.9961510068302437 0.0004946455702049853
0.5963623316594643 0.9958518142120764 0.0005314795886448722
0.7196856730011514 0.9959845547348588 0.0005253080649707065
0.868511373751352 0.996905087545326 0.0004693857965402767
1.0481131341546852 0.9975691748498677 0.0004041050627177582
1.2648552168552958 0.9974535112634734 0.0004358152552968409
1.5264179671752318 0.9975983649545195 0.00043644134114432707
1.8420699693267144 0.9974592032098814 0.0004687786761986399
2.2229964825261934 0.997700902541793 0.00043496572137821936
2.6826957952797246 0.9988857231610875 0.00029067284209759647
3.2374575428176433 0.9978666683850134 0.00043806555331435214
3.906939937054613 0.9984786195189256 0.0003749199212891643
4.714866363457389 0.9987895349273939 0.00033207167099522143
5.689866029018293 0.9979709130114967 0.0004468156076919644
6.866488450042998 0.9982888893348085 0.0004119668418408896
8.286427728546842 0.9987945800398744 0.00034620286358098286
10.0 0.9990983497923785 0.0002998647409453186
