0.001 0.22019224761647796 0.0019951641603616847
0.0012067926406393288 0.2798476705552453 0.0024035858231933817
0.0014563484775012444 0.3282596542353175 0.00278946057281176
0.0017575106248547913 0.391772894864153 0.003145498457673707
0.0021209508879201904 0.4491291851601117 0.0034053935175075824
0.002559547922699536 0.5061284379417903 0.0035667840660398927
0.0030888435964774815 0.5570152168281062 0.003592608361327905
0.003727593720314938 0.6062859363154327 0.0035306453404686357
0.004498432668969444 0.6533725971904926 0.003345645490800767
0.005428675439323859 0.6970791831623168 0.003133296893086236
0.006551285568595509 0.746340909037833 0.00288224184354335
0.0079060432109077 0.7915399468379217 0.002631318252158431
0.009540954763499945 0.8335152415939044 0.002358714753036767
0.01151395399326447 0.8712642206912684 0.0020757895109804903
0.013894954943731374 0.9022563517564327 0.0018059148692677648
0.016768329368110076 0.9283435504034154 0.001549357625240205
0.020235896477251564 0.9489885753745865 0.001311622370058129
0.02442053094548651 0.9629045951728318 0.0011379346951515294
0.029470517025518096 0.9735589269042215 0.0009525170880132993
0.03556480306223128 0.9811386202296589 0.0008401755654338068
0.04291934260128776 0.9862939963156332 0.0007132736155695729
0.0517947467923121 0.99152802841831 0.0005122570037768747
0.0625055192527397 0.9940792058535121 0.00043261549930916846
0.07543120063354615 0.995581784834029 0.00040897827948789496
0.09102981779915217 0.9976175875606661 0.0002561673103055574
0.10985411419875583 0.9987509167545371 0.00015254537422427656
0.13257113655901082 0.9987730303792739 0.00019253557312850407
0.15998587196060574 0.9992055402168808 0.00015360619253928148
0.19306977288832497 0.9997109283901258 8.379965794122582e-05
0.2329951810515372 0.9995242497902281 0.00013426659448912478
0.2811768697974228 0.9998316628510973 5.076326914839979e-05
0.3393221771895326 0.9998328763000359 8.388528206844796e-05
0.4094915062380423 0.9999855079260418 9.625504414541213e-06
0.49417133613238334 0.9999702825159383 2.3783209327632782e-05
0.5963623316594643 0.9999476016031156 4.614387145174135e-05
0.7196856730011514 0.9999911352345844 5.0997400688456385e-06
0.868511373751352 0.9999930210185479 5.143952438699928e-06
1.0481131341546852 0.9999997894043156 2.0668523396920985e-07
1.2648552168552958 0.9999995512015417 2.814838856146393e-07
1.5264179671752318 0.9999999922313912 7.624719306895315e-09
1.8420699693267144 0.9999998874682217 7.887516074227584e-08
2.2229964825261934 0.9999999992173729 7.825643733159624e-10
2.6826957952797246 0.9999600099442661 3.963456203123889e-05
3.2374575428176433 0.9999999107456624 8.924987346556065e-08
3.906939937054613 0.9999999997274619 2.725244640046843e-10
4.714866363457389 0.9999999977719674 2.2277476313998757e-09
5.689866029018293 1.0 5.438959822042073e-20
6.866488450042998 0.9999999999898078 1.0191681735252136e-11
8.286427728546842 1.0 2.2204460492503132e-20
10.0 1.0 0.0
