0.001 0.21929312980067375 0.001998029167938283
0.0012067926406393288 0.27105095673155116 0.002397618576052071
0.0014563484775012444 0.33077472622713056 0.002804896221254617
0.0017575106248547913 0.39342084851651016 0.0031502963307788352
0.0021209508879201904 0.45044939254841476 0.003420798603979334
0.002559547922699536 0.5057342630989532 0.0035907222992301517
0.0030888435964774815 0.557459907496751 0.0036117279510472387
0.003727593720314938 0.6062355094030561 0.0035551631421720004
0.004498432668969444 0.6499466944321317 0.003371327004547524
0.005428675439323859 0.6987605084402306 0.0031436742062985364
0.006551285568595509 0.7470758954469835 0.002881644042164196
0.0079060432109077 0.7865622683998342 0.0026611698498358494
0.009540954763499945 0.8261986372732647 0.002418434477156793
0.01151395399326447 0.8702439650067572 0.0020847864371084297
0.013894954943731374 0.8944695419645704 0.0019128581183091077
0.016768329368110076 0.9246197652496209 0.0016114709659039274
0.020235896477251564 0.9453327028355454 0.001377343404508767
0.02442053094548651 0.9591250629401346 0.001199494465243598
0.029470517025518096 0.9719905026375222 0.0009812562780557262
0.03556480306223128 0.981899053710933 0.0007811244675311992
0.04291934260128776 0.9874628214247069 0.0006345897968424134
0.0517947467923121 0.9909927302567109 0.0005596853097995492
0.0625055192527397 0.9936369831331505 0.00046863039797668393
0.07543120063354615 0.9966052010322123 0.00031103248248274764
0.09102981779915217 0.9973602510335619 0.0002747730944705628
0.10985411419875583 0.9979908094964692 0.00023923971299012512
0.13257113655901082 0.9989970863762088 0.00016848481708273678
0.15998587196060574 0.9992384822963082 0.00015823478170885996
0.19306977288832497 0.9995260115950092 0.00012658074270488655
0.2329951810515372 0.9995510343011996 0.00011694199431815436
0.2811768697974228 0.9996396860647404 0.00011739931245156998
0.3393221771895326 0.9998938159628379 3.328142113335862e-05
0.4094915062380423 0.9999352381336933 2.4657765988821537e-05
0.49417133613238334 0.9999501061821715 4.2595503691482953e-05
0.5963623316594643 0.9999802050484277 1.165171054033475e-05
0.7196856730011514 0.9999604799113063 2.61866429350023e-05
0.868511373751352 0.9999814214726394 1.5352354584190136e-05
1.0481131341546852 0.9999588695037254 2.4878884050594524e-05
1.2648552168552958 0.999999999394413 3.7481513160204347e-10
1.5264179671752318 0.9999913751804302 8.536242541130972e-06
1.8420699693267144 0.9999998687299482 1.1429419670492753e-07
2.2229964825261934 0.9999961705199901 2.7075795440639773e-06
2.6826957952797246 0.9999999494646058 5.0532867458563065e-08
3.2374575428176433 0.9999997965864413 2.0340338771682187e-07
3.906939937054613 0.9999999999828255 1.6915496276350754e-11
4.714866363457389 0.9999994574140315 5.425588384908119e-07
5.689866029018293 1.0 1.9051465921515013e-17
6.866488450042998 1.0 3.845925372767128e-20
8.286427728546842 1.0 1.6011864169946882e-19
10.0 1.0 2.68683147199518e-18
