0.001 0.26663682156646057 0.001746247645684629
0.0012067926406393288 0.31146032448717487 0.0019717377672157192
0.0014563484775012444 0.35654228910100894 0.002185845904967881
0.0017575106248547913 0.4058409221472919 0.002406496732175011
0.0021209508879201904 0.45598049370854343 0.0025885477593599205
0.002559547922699536 0.5028786897563912 0.0027356379609134052
0.0030888435964774815 0.5503780708491425 0.0028390694967341274
0.003727593720314938 0.599428711824284 0.0028579249029427544
0.004498432668969444 0.6446721531195598 0.0028486651639672905
0.005428675439323859 0.6923070976706398 0.0027449637443206594
0.006551285568595509 0.7324196959021785 0.0026075965199849065
0.0079060432109077 0.7718252541061087 0.002414347395696923
0.009540954763499945 0.8047709193634744 0.002242169299781755
0.01151395399326447 0.839547062157175 0.0020097349487784
0.013894954943731374 0.865758370196215 0.0018212710764349243
0.016768329368110076 0.8971176086075646 0.0015899513594432194
0.020235896477251564 0.9193337691078461 0.001410877322675987
0.02442053094548651 0.9403085985786874 0.00119196064959185
0.029470517025518096 0.955086501148607 0.0010253850902409596
0.03556480306223128 0.9662067795777893 0.0009094414242553986
0.04291934260128776 0.9759414133720867 0.0007684328366253301
0.0517947467923121 0.9828638510391996 0.0006307851896250307
0.0625055192527397 0.9894149733425452 0.00047778027449755817
0.07543120063354615 0.9923950132545427 0.0003994796382307094
0.09102981779915217 0.9950731122326568 0.0003268143113425229
0.10985411419875583 0.9964379236365956 0.0002631208713740903
0.13257113655901082 0.9975466840410298 0.00021630699549601026
0.15998587196060574 0.998398448338816 0.00016888724726153576
0.19306977288832497 0.9989177895325678 0.00013898622772804943
0.2329951810515372 0.9994323731928256 9.140711622635202e-05
0.2811768697974228 0.9996370592956633 6.547807327734139e-05
0.3393221771895326 0.999830607675956 3.812219190628473e-05
0.4094915062380423 0.9997388009486083 8.791093227867356e-05
0.49417133613238334 0.999889411447195 5.748000168249718e-05
0.5963623316594643 0.999970065937722 1.0335310310955761e-05
0.7196856730011514 0.999951017212776 3.05146055644925e-05
0.868511373751352 0.9999704517242061 2.2590780532631545e-05
1.0481131341546852 0.9999951132679072 2.1155859127084857e-06
1.2648552168552958 0.9999923363170343 5.904783477183909e-06
1.5264179671752318 0.9999999783858687 9.515998603504357e-09
1.8420699693267144 0.999997655048078 1.6571854247556595e-06
2.2229964825261934 0.9999997673110594 1.9365048331318503e-07
2.6826957952797246 0.9999997785806402 1.0007975162409737e-07
3.2374575428176433 0.9999999850678912 1.13709130018414e-08
3.906939937054613 0.999999880087874 1.1964176444084454e-07
4.714866363457389 0.9999996560506166 3.390709959687825e-07
5.689866029018293 0.9999999999994971 4.5212779452049037e-13
6.866488450042998 0.9999999992682113 7.31751541071551e-10
8.286427728546842 0.9999999999999849 1.0636045674196326e-14
10.0 0.9999999999999695 2.1549687446558703e-14
