0.001 0.2695657279312177 0.001752597037864441
0.0012067926406393288 0.3166549771013184 0.001976516437845571
0.0014563484775012444 0.3542317724915903 0.00219401469379028
0.0017575106248547913 0.4053429044276803 0.00240010173866025
0.0021209508879201904 0.45357558034866935 0.0025796025623212515
0.002559547922699536 0.5040290372919661 0.0027333821933391445
0.0030888435964774815 0.5522737256373665 0.0028237184077881936
0.003727593720314938 0.600270260007341 0.0028721265585980103
0.004498432668969444 0.6454680130749683 0.002827538362997824
0.005428675439323859 0.6864160366191325 0.0027436001505081946
0.006551285568595509 0.7302553786797596 0.0026004695047322146
0.0079060432109077 0.7696541190030924 0.0024313884407854494
0.009540954763499945 0.806432354097046 0.0022205013847633177
0.01151395399326447 0.8408970900119513 0.0019963353239099853
0.013894954943731374 0.8705622354853314 0.0017777522532486593
0.016768329368110076 0.8985335607783552 0.0015627909179521072
0.020235896477251564 0.9222443962489396 0.0013572945153650987
0.02442053094548651 0.9408328381201178 0.0011964498949703902
0.029470517025518096 0.9558756792336697 0.0010284954164753583
0.03556480306223128 0.9678527654401458 0.0008985592607571476
0.04291934260128776 0.9757405126929927 0.0007754602195390631
0.0517947467923121 0.9838536546744987 0.0005970632328140108
0.0625055192527397 0.9885569739136023 0.0005054147457095718
0.07543120063354615 0.9919086498430706 0.0004517173201196395
0.09102981779915217 0.9949623961070305 0.0003186624937404736
0.10985411419875583 0.9968397919679953 0.0002230756541912923
0.13257113655901082 0.9974418366826554 0.00023436278188117873
0.15998587196060574 0.9983751202500316 0.0001872566702112887
0.19306977288832497 0.9991611569214492 0.00011087682787096091
0.2329951810515372 0.9991486547622386 0.00015022969664607754
0.2811768697974228 0.9995626890004768 8.159698792444322e-05
0.3393221771895326 0.9996963455667844 8.940117266233989e-05
0.4094915062380423 0.9999162319894609 2.3079611968452127e-05
0.49417133613238334 0.9999081339891254 3.474775371148226e-05
0.5963623316594643 0.9998980534132433 4.962710759457236e-05
0.7196856730011514 0.9999577251680868 1.778259346912004e-05
0.868511373751352 0.9999707922433514 1.586573056445658e-05
1.0481131341546852 0.9999963592920565 2.6725458305003617e-06
1.2648552168552958 0.9999924442321075 3.898342739100397e-06
1.5264179671752318 0.9999993336186249 5.096752067398607e-07
1.8420699693267144 0.9999969865770483 1.9453672191560093e-06
2.2229964825261934 0.9999998372796602 1.6159535683528506e-07
2.6826957952797246 0.9999532837425209 4.318311452799364e-05
3.2374575428176433 0.9999982648397415 1.7348363459674953e-06
3.906939937054613 0.9999999046401533 9.533872212160699e-08
4.714866363457389 0.9999997238396383 2.7275522149774477e-07
5.689866029018293 0.9999999999994409 3.885036248270047e-13
6.866488450042998 0.999999981566838 1.8432240433912648e-08
8.286427728546842 1.0 3.402833570476105e-17
10.0 0.9999999999999923 7.664355100127334e-15
