0.001 0.044695212272276304 0.00048226757468001043
0.0012067926406393288 0.06704535418622559 0.0007105135736643253
0.0014563484775012444 0.09702524884858574 0.0010173527387263295
0.0017575106248547913 0.13437057073474484 0.0014015257205645432
0.0021209508879201904 0.1844816308805408 0.0018584817958795666
0.002559547922699536 0.2375268054742205 0.0023630179142062795
0.0030888435964774815 0.2944219408815452 0.0028675619278769283
0.003727593720314938 0.3608352525714356 0.003310402906026734
0.004498432668969444 0.4238765255019517 0.003654035036582921
0.005428675439323859 0.47917741224813326 0.003829141832880888
0.006551285568595509 0.5340542253910157 0.0038974791365819256
0.0079060432109077 0.5785578109214299 0.003784029041600094
0.009540954763499945 0.6272492123105387 0.0036121935189958043
0.01151395399326447 0.6799926007680178 0.003381724893860191
0.013894954943731374 0.7304659848304283 0.003088400699285365
0.016768329368110076 0.7843762052714833 0.0027810550986938016
0.020235896477251564 0.8226018135962707 0.002578705499610177
0.02442053094548651 0.8631189395220694 0.0022930505686879223
0.029470517025518096 0.8973993069481155 0.001980344651043841
0.03556480306223128 0.9255354301703044 0.001711990889747646
0.04291934260128776 0.9455837410920023 0.0014679624351068502
0.0517947467923121 0.9615425127469571 0.001203105333002916
0.0625055192527397 0.9713908601186658 0.0010792782773081972
0.07543120063354615 0.9810594778763126 0.0008574101384078465
0.09102981779915217 0.9877846327239742 0.0006887744763930592
0.10985411419875583 0.9913983658635936 0.0005551511219038462
0.13257113655901082 0.9940816853753338 0.0004994043209161328
0.15998587196060574 0.9959620889136499 0.00038911341474878763
0.19306977288832497 0.997317682188443 0.00031699087779478793
0.2329951810515372 0.9984059167430469 0.00024002782546063677
0.2811768697974228 0.9993481454656525 0.00011506983277161902
0.3393221771895326 0.9992993290598635 0.00015325750361097485
0.4094915062380423 0.9996095238014954 0.00011965318412653867
0.49417133613238334 0.9997669581885826 7.790515188200782e-05
0.5963623316594643 0.9998391439517378 8.615849899517521e-05
0.7196856730011514 0.9999732937522764 1.4447590767967251e-05
0.868511373751352 0.9999150700910701 5.6713912921568084e-05
1.0481131341546852 0.9999940107634142 3.2219869896000737e-06
1.2648552168552958 0.9999955115907676 2.4406340195908947e-06
1.5264179671752318 0.999984703403455 1.3499611647640902e-05
1.8420699693267144 0.9999999877866812 9.654849990684164e-09
2.2229964825261934 0.999997685831185 2.2573583469366843e-06
2.6826957952797246 0.9999864710304927 1.267950715780092e-05
3.2374575428176433 0.9999999427306407 4.333912595415625e-08
3.906939937054613 0.9999999983692797 1.0906844817597526e-09
4.714866363457389 0.9999999999962754 3.6912929009504545e-12
5.689866029018293 0.9999999999445266 5.1071319276226913e-11
6.866488450042998 0.9999999999999847 1.3124907017355936e-14
8.286427728546842 0.9999999999999992 5.87465936386298e-16
10.0 1.0 2.0725220454625832e-18
