0.001 0.044552630684454246 0.0004813122810262606
0.0012067926406393288 0.06667413423103612 0.0007096087456902938
0.0014563484775012444 0.09709265559655789 0.0010172820567159737
0.0017575106248547913 0.13623568704425135 0.001406973756657682
0.0021209508879201904 0.18618964024941373 0.001858759973835122
0.002559547922699536 0.23827401990438843 0.002363474000905799
0.0030888435964774815 0.29884309515302754 0.002868031655433582
0.003727593720314938 0.36468437539326537 0.0033066683209940885
0.004498432668969444 0.41737932117486026 0.003650696513740604
0.005428675439323859 0.4877162913366034 0.0038329345331494786
0.006551285568595509 0.535521440354946 0.003899756031319005
0.0079060432109077 0.5900045612757938 0.003778729013514191
0.009540954763499945 0.6289595105830159 0.0036117681182055174
0.01151395399326447 0.6869740227628371 0.0033524010264311343
0.013894954943731374 0.7347382981241037 0.003088398805960037
0.016768329368110076 0.7835997258489872 0.0028059453357135796
0.020235896477251564 0.8278869179116313 0.0024939412855769353
0.02442053094548651 0.863936153575839 0.002257475981700791
0.029470517025518096 0.8966236534283049 0.0019971284340907862
0.03556480306223128 0.9230814546549576 0.001748090647710862
0.04291934260128776 0.9462311683081849 0.0014607328874647833
0.0517947467923121 0.9621183647258005 0.0012094926572188574
0.0625055192527397 0.9742078351474919 0.0009981509829020345
0.07543120063354615 0.9816596887133304 0.0008406873622572429
0.09102981779915217 0.9867194885992867 0.0007017650493121864
0.10985411419875583 0.9919815903981974 0.000541290498057216
0.13257113655901082 0.9952608631823847 0.0003922190955678723
0.15998587196060574 0.9962329316113144 0.00037407338082947017
0.19306977288832497 0.9971474732956718 0.0003101232332095472
0.2329951810515372 0.9984748062114013 0.00022911500728994475
0.2811768697974228 0.9988426100977984 0.00019842058310798493
0.3393221771895326 0.999299091929621 0.00014785794355710454
0.4094915062380423 0.9996400765032362 9.340225788159188e-05
0.49417133613238334 0.9997714097004681 7.114442186964877e-05
0.5963623316594643 0.9999420762595437 2.603152457809195e-05
0.7196856730011514 0.9999397381626315 2.5230209439614076e-05
0.868511373751352 0.9999456394521045 2.2348766426542626e-05
1.0481131341546852 0.9999485161277087 3.163100110178899e-05
1.2648552168552958 0.999984445388753 1.377167448299089e-05
1.5264179671752318 0.9999582786819524 3.58819916686887e-05
1.8420699693267144 0.9999984634241665 1.2609912790579471e-06
2.2229964825261934 0.9999998560198236 1.1416446622078876e-07
2.6826957952797246 0.9999999902817853 6.274439483551126e-09
3.2374575428176433 0.9999992328710355 7.666406551798292e-07
3.906939937054613 0.9999999996938391 2.77278974905489e-10
4.714866363457389 0.9999999994837617 3.4359096411286907e-10
5.689866029018293 1.0 1.791903057159684e-17
6.866488450042998 0.9999999598923434 3.916032461854135e-08
8.286427728546842 0.9999995755279845 4.244501165693464e-07
10.0 0.9999998905479304 1.0944659679616936e-07
