0.001 0.07512851930927723 0.0006039002159312266
0.0012067926406393288 0.10170983654272363 0.000780037414749329
0.0014563484775012444 0.13330918143864434 0.0010006856680367673
0.0017575106248547913 0.17434625647416238 0.0012317450214973415
0.0021209508879201904 0.22730028506627 0.0014997477742488142
0.002559547922699536 0.2880644670117615 0.0017881630921205529
0.0030888435964774815 0.3542750777028833 0.002054941675353948
0.003727593720314938 0.42578860660736045 0.0022966501629296614
0.004498432668969444 0.5044062227981041 0.0024922719603875103
0.005428675439323859 0.5843051535856001 0.0025681889900123957
0.006551285568595509 0.6568498515772516 0.002643340417064285
0.0079060432109077 0.7229947189641188 0.002575889517203752
0.009540954763499945 0.7816839550550034 0.0024996293551488714
0.01151395399326447 0.8340459585053915 0.0022967798624796833
0.013894954943731374 0.8726935598799757 0.0020689242580436105
0.016768329368110076 0.9058437544110466 0.001859366895825426
0.020235896477251564 0.9280444997702011 0.0016536509028733351
0.02442053094548651 0.9480942355581862 0.0014494007025770714
0.029470517025518096 0.9626788897012614 0.0012246675844503315
0.03556480306223128 0.9714798452235253 0.0011022581514030963
0.04291934260128776 0.9775337806394088 0.0009726260790373072
0.0517947467923121 0.9833608190781313 0.0008675009543687876
0.0625055192527397 0.987724919354512 0.000725136179256069
0.07543120063354615 0.9918923627137541 0.0006147783566098176
0.09102981779915217 0.9939696098974585 0.0004934047745830543
0.10985411419875583 0.9957331668410255 0.00042914797251265716
0.13257113655901082 0.9962305443495767 0.0004337624523215576
0.15998587196060574 0.997543178778443 0.00033199460141176577
0.19306977288832497 0.9979713202148883 0.0003076593167366376
0.2329951810515372 0.9984362526995701 0.0002777006662393945
0.2811768697974228 0.9989990392203998 0.00021479066916293814
0.3393221771895326 0.9992156666575602 0.00020198453877793662
0.4094915062380423 0.9993717570074978 0.00015973915761723694
0.49417133613238334 0.9996974098101693 8.527571205996181e-05
0.5963623316594643 0.9994832077741163 0.00016828265581514962
0.7196856730011514 0.9996330462492539 0.00013236325688449415
0.868511373751352 0.9997924928416171 0.00010298837855051028
1.0481131341546852 0.9998574623866673 8.711927099282829e-05
1.2648552168552958 0.999961611475907 1.907869463208455e-05
1.5264179671752318 0.9999858684512128 8.432915005401376e-06
1.8420699693267144 0.9999916450301607 4.809863711236265e-06
2.2229964825261934 0.999972494309688 2.3080712243264603e-05
2.6826957952797246 0.9999696979609118 2.116663693123145e-05
3.2374575428176433 0.9999734406355172 1.5177043586354839e-05
3.906939937054613 0.9999954363928353 4.512941606262524e-06
4.714866363457389 0.9999999999952847 2.356554181672865e-12
5.689866029018293 0.9999992677175505 7.318577385306073e-07
6.866488450042998 0.9999993524971967 3.7377395284897687e-07
8.286427728546842 0.999999999999709 2.9093587127640347e-13
10.0 0.9999999675008115 1.6246334009037163e-08
