0.001 0.07335059385584439 0.00059214491031556
0.0012067926406393288 0.09883566717901723 0.0007693458897003896
0.0014563484775012444 0.13263606050470636 0.0009760618468041381
0.0017575106248547913 0.1729071903749326 0.0012340487951816301
0.0021209508879201904 0.22536612003900108 0.0014996086585942103
0.002559547922699536 0.28151301930690614 0.001773640665656201
0.0030888435964774815 0.34851835826121375 0.0020572598752965805
0.003727593720314938 0.4221999177630765 0.002287036883953829
0.004498432668969444 0.49985647120285887 0.002486485743036909
0.005428675439323859 0.5769659957574998 0.0026021006359041427
0.006551285568595509 0.6526295887604961 0.002643624870941402
0.0079060432109077 0.7226552026848382 0.002588137394234156
0.009540954763499945 0.7811695766995892 0.0024850426092604917
0.01151395399326447 0.8286311752426824 0.002338501382536867
0.013894954943731374 0.8707156961783162 0.0021281834257044162
0.016768329368110076 0.9022249016781528 0.0018803333827953684
0.020235896477251564 0.9216965245295496 0.00176380019034644
0.02442053094548651 0.9422049397694016 0.0015423341574213253
0.029470517025518096 0.9630820166550252 0.0012143258213363687
0.03556480306223128 0.9717294381281839 0.0011003552489772233
0.04291934260128776 0.9775410722997682 0.000990791122708658
0.0517947467923121 0.9828982000704837 0.0008657589580198457
0.0625055192527397 0.9863240656698435 0.0007830250673374992
0.07543120063354615 0.9909710959028711 0.0006312694758996401
0.09102981779915217 0.9932445114773522 0.0005350149851606675
0.10985411419875583 0.9947134912507707 0.0004896138005581357
0.13257113655901082 0.9966843785352587 0.0003998684687289268
0.15998587196060574 0.9971787666096698 0.0003586267572387523
0.19306977288832497 0.9982110188295193 0.00028914173236732794
0.2329951810515372 0.9987002502700909 0.00024085889393170087
0.2811768697974228 0.9991324585389344 0.00019361607693788802
0.3393221771895326 0.9991125935306853 0.0001992831495853967
0.4094915062380423 0.9995183908675653 0.00014531054318008162
0.49417133613238334 0.9995579025376871 0.0001599565135551816
0.5963623316594643 0.9995396728625048 0.00016855364696157405
0.7196856730011514 0.9995973324520281 0.00012879865853506007
0.868511373751352 0.9998663861463246 8.255185331592392e-05
1.0481131341546852 0.9998728632753188 7.504925038596036e-05
1.2648552168552958 0.999926765838685 5.925369071988878e-05
1.5264179671752318 0.9998559562995424 7.263091179105438e-05
1.8420699693267144 0.9999899698143521 6.206010612486467e-06
2.2229964825261934 0.9999325351981363 4.2204151311928324e-05
2.6826957952797246 0.9999785547675536 2.0693979219629814e-05
3.2374575428176433 0.9999866719648222 1.3120666283968587e-05
3.906939937054613 0.9999923773688629 7.440218758964376e-06
4.714866363457389 0.9999999850970646 1.0532438881046972e-08
5.689866029018293 0.9999968889090541 2.1984741634297754e-06
6.866488450042998 0.9999989187945529 7.643674828475134e-07
8.286427728546842 0.9999998507030811 1.492870206171785e-07
10.0 0.9999999373448638 4.429933140632456e-08
