0.001 0.15512520120560366 0.0007351377763976863
0.0012067926406393288 0.18229857494568236 0.0008524246618141292
0.0014563484775012444 0.21290662804377572 0.0009742749489067355
0.0017575106248547913 0.2503859588271553 0.0011417781528041781
0.0021209508879201904 0.2928857816712437 0.0012781543378048786
0.002559547922699536 0.3391547870256206 0.0014405911857427564
0.0030888435964774815 0.3880439495323384 0.0015832826527809962
0.003727593720314938 0.44044162172909046 0.001753867870826223
0.004498432668969444 0.5038121796750374 0.001830357912910386
0.005428675439323859 0.5584939985960377 0.001978191712165371
0.006551285568595509 0.6212076346128997 0.0020292052814528667
0.0079060432109077 0.6790594654380397 0.0020605965059179664
0.009540954763499945 0.7321775851012717 0.0020301698620034518
0.01151395399326447 0.7799263814203732 0.0019748680330240144
0.013894954943731374 0.8270098346716108 0.001864082031246431
0.016768329368110076 0.8648711561696686 0.0017231268417172766
0.020235896477251564 0.8945119010171187 0.001613660225412277
0.02442053094548651 0.9207806596320462 0.0014221854784221336
0.029470517025518096 0.939085700519066 0.0012830459877260004
0.03556480306223128 0.9540350748580623 0.001145615566363138
0.04291934260128776 0.9650109279121368 0.0010402372430479735
0.0517947467923121 0.975965915657525 0.0008591531434703339
0.0625055192527397 0.9799557418272717 0.0007966021219827003
0.07543120063354615 0.985770478929584 0.0006650126903699846
0.09102981779915217 0.9906887344401777 0.000526422525815356
0.10985411419875583 0.9918465122140003 0.0005244566750458656
0.13257113655901082 0.9947724655058109 0.0003975100729406887
0.15998587196060574 0.9956052395442399 0.0003787290172806808
0.19306977288832497 0.9975196427673177 0.00026263213153556386
0.2329951810515372 0.9979209767114524 0.000253388880418003
0.2811768697974228 0.9986719000338886 0.0001855560154517023
0.3393221771895326 0.9990582064341952 0.00015289223267037408
0.4094915062380423 0.999233102200726 0.00016358009607480214
0.49417133613238334 0.9993416411774823 0.00015748455240607208
0.5963623316594643 0.9994557223823384 0.0001293525501052101
0.7196856730011514 0.9996032421836964 0.0001193984413742363
0.868511373751352 0.9997808047020491 5.965044388564479e-05
1.0481131341546852 0.9998707626392767 6.398658657046313e-05
1.2648552168552958 0.9998942347860995 4.358600423745882e-05
1.5264179671752318 0.999939615408727 2.178711859004249e-05
1.8420699693267144 0.9999779867363608 1.3013329343811253e-05
2.2229964825261934 0.9998976961593576 5.125148625630481e-05
2.6826957952797246 0.9999213496617729 3.961565723941602e-05
3.2374575428176433 0.9999800256981737 1.6809028213611455e-05
3.906939937054613 0.9999999225112697 4.362935394157563e-08
4.714866363457389 0.9999919839043516 7.374870818297052e-06
5.689866029018293 0.9999955212714263 4.296159801231347e-06
6.866488450042998 0.9999932661007049 3.879556284656464e-06
8.286427728546842 0.9999999979398353 2.0530706516490086e-09
10.0 0.9999996035723238 3.957469610226302e-07
