0.001 0.0063243828395991184 9.304698052127935e-05
0.0012067926406393288 0.010281803243085233 0.00013996253160766675
0.0014563484775012444 0.016225395989128977 0.00021989476665575523
0.0017575106248547913 0.02523665395997208 0.00030788691369411895
0.0021209508879201904 0.03939637658353592 0.00042370464577829977
0.002559547922699536 0.05998682834367888 0.0006175384751432961
0.0030888435964774815 0.08741638361289725 0.0008348364364384961
0.003727593720314938 0.12410622736024308 0.0011091626208163195
0.004498432668969444 0.1741081900856699 0.0014518982195031154
0.005428675439323859 0.23447754528884424 0.0017705603301465464
0.006551285568595509 0.30722923694811244 0.0021417279386130856
0.0079060432109077 0.38459913010178515 0.0024354654251012757
0.009540954763499945 0.4731434470402149 0.002710495858101517
0.01151395399326447 0.5600898118273042 0.002821364531866114
0.013894954943731374 0.6366065467020159 0.002855029314389121
0.016768329368110076 0.7153367389293854 0.002789369712349895
0.020235896477251564 0.7747912290769068 0.0026762005287633284
0.02442053094548651 0.8305255804018099 0.002441432327654453
0.029470517025518096 0.8724814650682065 0.0021929521208482712
0.03556480306223128 0.9049527968006976 0.0019878375772739852
0.04291934260128776 0.9247909755274146 0.001812571809155216
0.0517947467923121 0.9456512023719262 0.0015801281113938686
0.0625055192527397 0.9581047174493069 0.0013916607197378408
0.07543120063354615 0.9721323028314215 0.0011338591879296533
0.09102981779915217 0.9783359266859246 0.0010092983426099986
0.10985411419875583 0.9847274148941882 0.0008455719943177513
0.13257113655901082 0.9881983691120164 0.0007754513827104346
0.15998587196060574 0.9914056759274994 0.000642486081090725
0.19306977288832497 0.9933691501888247 0.0005804948924629729
0.2329951810515372 0.9949970196454089 0.0005031840687297422
0.2811768697974228 0.9963901461263013 0.0004129961000314442
0.3393221771895326 0.9976635230791912 0.00035160144608027585
0.4094915062380423 0.9978504463982437 0.00033091527281640514
0.49417133613238334 0.9985876846721934 0.00024776019340037056
0.5963623316594643 0.9985761553238123 0.0002835866906241996
0.7196856730011514 0.9989457442682728 0.00024537567340207487
0.868511373751352 0.999285161595874 0.00018318111330962723
1.0481131341546852 0.9995571565660252 0.00014920336444061366
1.2648552168552958 0.9997357451381166 9.48191348090531e-05
1.5264179671752318 0.999863740608279 5.965642287214119e-05
1.8420699693267144 0.9999124233481848 4.682638963709562e-05
2.2229964825261934 0.9998478812156609 7.599755319134374e-05
2.6826957952797246 0.9998719773272569 8.098611069582051e-05
3.2374575428176433 0.9998473647606412 7.901266369629518e-05
3.906939937054613 0.9999591355271473 3.3972538875175215e-05
4.714866363457389 0.999999923679809 3.7601913446089296e-08
5.689866029018293 0.9999851872836267 1.4331122994217242e-05
6.866488450042998 0.9999762370487392 1.3685541840831231e-05
8.286427728546842 0.9999999906205564 9.34201040856193e-09
10.0 0.9999937712931772 3.1109987644592254e-06
