0.001 0.009115964051722368 0.00016315253887600183
0.0012067926406393288 0.012763352303192801 0.0002219930861215696
0.0014563484775012444 0.01787210370276425 0.00030376613565383064
0.0017575106248547913 0.023936680268441778 0.00039963655016708087
0.0021209508879201904 0.033703728727573386 0.0005512122632113014
0.002559547922699536 0.044910713888936235 0.0007105397368008123
0.0030888435964774815 0.06059183642620501 0.000921672265574816
0.003727593720314938 0.07752925163035211 0.0011477893502359728
0.004498432668969444 0.10393132225009606 0.0014468699149021796
0.005428675439323859 0.12850910760806464 0.0017335536872652877
0.006551285568595509 0.16467389306910668 0.0020633643835555712
0.0079060432109077 0.2021984137592045 0.0023928625321485296
0.009540954763499945 0.24414285571793115 0.0026931408354878734
0.01151395399326447 0.29693860727562915 0.002996322210344513
0.013894954943731374 0.34094343654782244 0.0032108816372178215
0.016768329368110076 0.39298843606066874 0.0033819687616263748
0.020235896477251564 0.43764245854580675 0.003513513844735371
0.02442053094548651 0.4940397689025766 0.0035836746370666184
0.029470517025518096 0.5401907943794828 0.003605937107501351
0.03556480306223128 0.5932548987181502 0.0035623889207754395
0.04291934260128776 0.6349974703236545 0.003525505223599357
0.0517947467923121 0.6864229090370918 0.0033813197510219424
0.0625055192527397 0.732216765271953 0.003244077330068262
0.07543120063354615 0.7682374415361499 0.003100360803395464
0.09102981779915217 0.79830184050981 0.0029844432109022833
0.10985411419875583 0.8341024630816304 0.002755808902479684
0.13257113655901082 0.8569046849831286 0.002601958590078983
0.15998587196060574 0.882245985614087 0.0024037454803466514
0.19306977288832497 0.9072671331757245 0.0021571816923108395
0.2329951810515372 0.9196244297914378 0.00199815176505709
0.2811768697974228 0.9380888926612632 0.001762710820762607
0.3393221771895326 0.9499890560193941 0.0015473768265245513
0.4094915062380423 0.9598928328934772 0.001414353390174524
0.49417133613238334 0.968750878612488 0.00122191400664659
0.5963623316594643 0.9748785307004897 0.0011214441032407715
0.7196856730011514 0.9811723718422444 0.0009502923557522672
0.868511373751352 0.9855089961566289 0.000857129348010962
1.0481131341546852 0.9885608660111257 0.0007660216417225131
1.2648552168552958 0.9910246998785635 0.0007294957689028239
1.5264179671752318 0.9914768545633765 0.0007665430560861035
1.8420699693267144 0.9938811049695014 0.0006308135024579688
2.2229964825261934 0.9948509734050005 0.0006048834993628842
2.6826957952797246 0.9961102827173131 0.0005067495477252031
3.2374575428176433 0.9961594896172113 0.0005343877280693344
3.906939937054613 0.9968863463730199 0.0004738664490771907
4.714866363457389 0.9965085726225965 0.0005174982260807085
5.689866029018293 0.9973824142120132 0.00044492260376738867
6.866488450042998 0.9971011687073986 0.00047163462862946756
8.286427728546842 0.9977984115672687 0.0004261724112282775
10.0 0.9980098869605363 0.0004052913257634067
