0.001 0.009105462797117037 0.00015817706676832764
0.0012067926406393288 0.013354865266681407 0.00022869912180294174
0.0014563484775012444 0.01820816425015193 0.00030328046317051297
0.0017575106248547913 0.02387698210039703 0.0004032971052192573
0.0021209508879201904 0.03387661772347817 0.000549137681456298
0.002559547922699536 0.04509456311515281 0.0007190026835576957
0.0030888435964774815 0.061629678115733166 0.0009403333920362413
0.003727593720314938 0.07800584149599825 0.0011537015585738138
0.004498432668969444 0.10392359766556686 0.001465079398189007
0.005428675439323859 0.13359825237218773 0.001782803782348443
0.006551285568595509 0.16301525170152864 0.0020709186678243437
0.0079060432109077 0.20252749847136362 0.002404483618151622
0.009540954763499945 0.250931933743681 0.002746484249128188
0.01151395399326447 0.290651405985805 0.0029571310765777433
0.013894954943731374 0.3397671298050029 0.003182286841897182
0.016768329368110076 0.3924077273710686 0.0033735704794114808
0.020235896477251564 0.4476962623015878 0.003502854335101256
0.02442053094548651 0.4918499753564236 0.0035725866054977518
0.029470517025518096 0.5437162141767441 0.003584769846661724
0.03556480306223128 0.5920725495864299 0.00355300666923142
0.04291934260128776 0.6364158252365969 0.0035283665740957733
0.0517947467923121 0.6883312799315882 0.003372308727784407
0.0625055192527397 0.7309476197167877 0.0032299735246658296
0.07543120063354615 0.772165775960748 0.0030747990631127347
0.09102981779915217 0.8020484749748527 0.0029280030979491334
0.10985411419875583 0.8417628145366969 0.0026585397446611276
0.13257113655901082 0.8664705670818629 0.0025188354366138975
0.15998587196060574 0.8904014787343094 0.002296390840197734
0.19306977288832497 0.9098136032230739 0.0021032074597015014
0.2329951810515372 0.9243887053064029 0.0019373229463744094
0.2811768697974228 0.9403595508815317 0.0017072954739428786
0.3393221771895326 0.9525855041990275 0.001532259355691266
0.4094915062380423 0.9604335928026374 0.001394656405758223
0.49417133613238334 0.9700125761966905 0.0011905276628269993
0.5963623316594643 0.9766999100901285 0.0010669427289458104
0.7196856730011514 0.9826060980854141 0.0009254341551566164
0.868511373751352 0.985515926582073 0.0008795858237803293
1.0481131341546852 0.9882845945886082 0.0008126016161405058
1.2648552168552958 0.9914466695318848 0.0007351929234733891
1.5264179671752318 0.9932807283686143 0.0006354257578521775
1.8420699693267144 0.9947342930197647 0.0005991321712736586
2.2229964825261934 0.9952464275608265 0.0005812984313624631
2.6826957952797246 0.9953915071703751 0.0005831355753014041
3.2374575428176433 0.9958317890253454 0.0005517994848842057
3.906939937054613 0.9975581582782177 0.00041227486356541527
4.714866363457389 0.9973867401054233 0.00045391750330403156
5.689866029018293 0.9973691032905979 0.0004641367923801027
6.866488450042998 0.997685223098045 0.00043050797297388836
8.286427728546842 0.9976728990771607 0.0004258193417732257
10.0 0.9986810014175886 0.00033246774609429347
