0.001 0.039521170005527996 0.00039852733842444247
0.0012067926406393288 0.04710921173554191 0.0004687313533068612
0.0014563484775012444 0.05681836140208633 0.0005598849124288745
0.0017575106248547913 0.06818930587149796 0.0006728560538228924
0.0021209508879201904 0.0818902259112987 0.0007924194068022909
0.002559547922699536 0.09655574012665132 0.0009200965601658017
0.0030888435964774815 0.11252957653485114 0.0010541787281102928
0.003727593720314938 0.13168699714510307 0.0012168893198076516
0.004498432668969444 0.15760909983553578 0.001413984336251063
0.005428675439323859 0.18223680210825893 0.001608393841989703
0.006551285568595509 0.21134647783967003 0.001821917246632824
0.0079060432109077 0.24410970362485088 0.002024590552264673
0.009540954763499945 0.2818037027238002 0.0022332963952173012
0.01151395399326447 0.3229984990788115 0.0024411927150818657
0.013894954943731374 0.35946827017990435 0.00264123802617687
0.016768329368110076 0.40260780849727335 0.002803271462781702
0.020235896477251564 0.4396488421629365 0.0028717444672241876
0.02442053094548651 0.49110542876104935 0.003006150355148624
0.029470517025518096 0.5328460035639099 0.003037539001768748
0.03556480306223128 0.5841280344742372 0.003066093531127424
0.04291934260128776 0.6192616148289172 0.003080479933768122
0.0517947467923121 0.6634279241936436 0.0030052678881288646
0.0625055192527397 0.6969685563675606 0.002951107723300117
0.07543120063354615 0.7426527340203666 0.0028118696556938753
0.09102981779915217 0.7739806456385835 0.0026891511809329803
0.10985411419875583 0.8055527080231938 0.0025771963649833633
0.13257113655901082 0.8293489510934337 0.0024635403886101356
0.15998587196060574 0.8594147798770884 0.0022856206197885646
0.19306977288832497 0.8827026914005711 0.002107011918362797
0.2329951810515372 0.9012966221616875 0.001962086847737885
0.2811768697974228 0.9136319082033953 0.0018550960513195951
0.3393221771895326 0.933102974247067 0.001628205477040346
0.4094915062380423 0.9464285840222366 0.0014610493366125673
0.49417133613238334 0.9573824287817976 0.0012879208250901571
0.5963623316594643 0.963636819158522 0.0011937102818883314
0.7196856730011514 0.9688836199925709 0.001135029265711269
0.868511373751352 0.9781421463967935 0.0009361964909129459
1.0481131341546852 0.9820061716900316 0.0008239310586480537
1.2648552168552958 0.9865784977428371 0.0007233692551019994
1.5264179671752318 0.9876445469722497 0.000747472796432147
1.8420699693267144 0.9901418103451027 0.0006889886257784732
2.2229964825261934 0.9935127013679675 0.0005682983952604773
2.6826957952797246 0.9938075618223101 0.0006115354136935964
3.2374575428176433 0.9944745665587985 0.0005728562056231997
3.906939937054613 0.9959506224101234 0.0004891804591410734
4.714866363457389 0.996868719201756 0.000428226818128771
5.689866029018293 0.9966541235154255 0.00046973952212024233
6.866488450042998 0.9969568489188078 0.00047488286995391705
8.286427728546842 0.9973410025300893 0.00042885551645672543
10.0 0.9974778636062341 0.0004200447160801391
