0.001 0.0009114254190726804 1.0764916446571063e-05
0.0010473708979594498 0.0009918339873806045 1.1629649531230149e-05
0.001096985797892384 0.0010880338644601634 1.294822427189982e-05
0.0011489510001873086 0.0011710606833009892 1.4019970378758945e-05
0.0012033778407775893 0.0013218289482049078 1.5652462696274495e-05
0.0012603829296797275 0.0014658229954023112 1.730952202447756e-05
0.001320088400831418 0.0015737921613788077 1.8582872267154145e-05
0.0013826221737646563 0.0017050882692822274 2.0265415422584824e-05
0.001448118227674533 0.001859261405423761 2.191486430013577e-05
0.0015167168884709225 0.002014723013262993 2.3581434699448444e-05
0.0015885651294280528 0.002218957158769011 2.594386129751241e-05
0.001663816886076129 0.002419761009989681 2.8443259893809353e-05
0.0017426333860096508 0.002689391816698746 3.141552703671803e-05
0.0018251834943190425 0.0029826913082377773 3.439202900616598e-05
0.0019116440753857017 0.0032165861675535284 3.73420835176711e-05
0.0020022003718155844 0.0034337037240144996 4.0419599704313024e-05
0.002097046401323233 0.0037568372166349347 4.408707483994266e-05
0.002196385372416547 0.004181805734230009 4.8836599457780735e-05
0.002300430119772917 0.004556484944913867 5.239825347868395e-05
0.0024094035602395245 0.004967536699517554 5.669586693701599e-05
0.0025235391704347657 0.0054271562320771195 6.249954195273335e-05
0.0026430814869741054 0.005876251285102233 6.700508184458405e-05
0.0027682866303920667 0.006501000395949504 7.431239974298568e-05
0.002899422853882875 0.006853061271716945 7.92571662162647e-05
0.0030367711180354575 0.007818296667232482 8.913766960695281e-05
0.0031806256927941192 0.008484949799399795 9.643587326124152e-05
0.0033312947879346735 0.0091347533045289 0.0001049315572037156
0.0034891012134067737 0.009605262774311257 0.00011012245742849938
0.0036543830709572546 0.010843299223091083 0.00012379430080585488
0.003827494478516311 0.011720967595217452 0.00013231961575437942
0.004008806328898464 0.013038686371592815 0.00014762762058749182
0.00419870708444391 0.01413799523325803 0.00015465923424023425
0.004397603609302721 0.015072340210859698 0.0001695829242790619
0.004605922041145104 0.016573126639206917 0.00018403709309256202
0.004824108704165369 0.01818266547011601 0.0002017296125868556
0.00505263106533568 0.019704574036926777 0.00021763875501921922
0.005291978735958442 0.02146989099220286 0.00023700629076096462
0.005542664520663107 0.02310986837206278 0.00025421683556077474
0.005805225516094896 0.02523425487101038 0.0002758681074591698
0.006080224261649427 0.02770535087587413 0.00030292127138481387
0.006368249944718587 0.029749292086120316 0.000326042270210489
0.006669919663030122 0.03242558866395497 0.0003458803751364415
0.0069858797467852495 0.03498913652138459 0.000374108269201392
0.007316807143427192 0.03712080842794335 0.0004032009374404075
0.007663410868007463 0.03981190091829773 0.0004319030573958669
0.008026433522257174 0.044694161407848765 0.00047277985278498005
0.008406652885618326 0.04833492565682781 0.0005097679875962133
0.008804883581643464 0.05068249422072853 0.0005348121182684868
0.009221978823334321 0.055775894162072064 0.0005797995758896332
0.009658832241158708 0.06001944225580239 0.0006172902817396467
0.01011637979766207 0.06442951849072714 0.0006642119726588349
0.010595601792776159 0.0690447145664121 0.0007028193810708666
0.011097524964120722 0.07457561175317638 0.00076229685222766
0.011623224686798524 0.08086525275863966 0.0008202827318736848
0.012173827277396614 0.08473289350157795 0.0008658227201905251
0.012750512407130135 0.09141569535637402 0.000919226575333339
0.013354515629298987 0.09946061061426553 0.0009748554604680757
0.013987131026472387 0.10651680384723365 0.0010365874007154912
0.014649713983072856 0.11291203454435747 0.0010996300015954647
0.015343684089300124 0.1209624057090692 0.0011643421759161539
0.01607052818261639 0.12905617573138503 0.0012283676866348206
0.016831803533309566 0.13856791349115316 0.0013067263440761747
0.01762914118095948 0.1490634768742432 0.0013953070325207944
0.018464249428955436 0.1566536241851019 0.0014490412116671461
0.01933891750455231 0.16595501326672474 0.0015204035183242143
0.020255019392306676 0.17370298780976604 0.0015884943147287981
0.021214517849106298 0.18888462353000715 0.001691593740323495
0.02221946860939524 0.20281312977212224 0.0017790571111271183
0.023272024789604086 0.21358368283462328 0.001852949565563546
0.024374441501222206 0.22811730366850438 0.0019313492970265175
0.025529080682395178 0.2350848545455558 0.0020078176991429712
0.026738416158399468 0.2506279768092273 0.00210367612049405
0.02800503894183631 0.264865741030853 0.002165212794568334
0.02933166278390044 0.27779216990673833 0.002255084625122432
0.030721129988617576 0.2919285890111613 0.002352903271917962
0.03217641750250737 0.30866661563554143 0.002425930795460379
0.03370064329271928 0.3247805906010861 0.002507596919290632
0.0352970730273065 0.3359689245901919 0.0025644937672451955
0.036969127071950283 0.35056620403280714 0.002654446154330436
0.03872038781812555 0.3672627323129937 0.0027295155653529646
0.040554607358408296 0.3821861102672577 0.0027886479045011524
0.04247571552536898 0.39799237721207026 0.002839276956621633
0.04448782831127585 0.41743081642841423 0.0029129927811071053
0.046595256686646824 0.4413406324537346 0.0029632643305984273
0.04880251583654431 0.45457797937128464 0.003007944438793857
0.051114334834401684 0.46527509757680435 0.0030450653954257694
0.053535666774107246 0.4765903331840358 0.003124534146423958
0.05607169938205458 0.4970010598019977 0.003164578998727586
0.05872786613189483 0.5120666559185235 0.003193102421480653
0.061509857885805014 0.5205878230650154 0.0032211456928587915
0.06442363508721373 0.5434406334106529 0.0032596978784913046
0.06747544053110693 0.5570395298887435 0.0032905029229462427
0.07067181273927492 0.5752211188844789 0.0032937574925368967
0.07401959996915644 0.5902767125796354 0.0032986596010119323
0.0775259748862946 0.607158195406092 0.0032984436122871583
0.08119844993184012 0.6188405185684238 0.003314614583191419
0.08504489341802678 0.632802716958026 0.0033145531768292787
0.0890735463861044 0.6497328554735521 0.003299593106597177
0.09329304026284686 0.6560372723491066 0.003343890542786504
0.09771241535346496 0.6690200015206252 0.003310132843088008
0.10234114021054527 0.6780248128260563 0.0033314955187628277
0.10718913192051276 0.6937638735187451 0.0033101430420781476
0.11226677735108136 0.70338131784969 0.0033026599689005387
0.1175849554052157 0.7173944678065493 0.0032641396958882794
0.12315506032928261 0.7370326948772563 0.003200428414495386
0.1289890261253308 0.7369259161382065 0.0032110681618907674
0.13509935211980265 0.7497040201769106 0.0031717432282617085
0.1414991297434576 0.7590549294885149 0.0031599033806354137
0.14820207057988585 0.7664408574548832 0.003137387970153842
0.1552225357427048 0.7828451604639867 0.003078823374604171
0.1625755666443795 0.7906778220815843 0.003032562871564269
0.17027691722258995 0.8029450904133242 0.0029864218053451633
0.17834308769319093 0.8081909118241393 0.002971513988131496
0.1867913599020783 0.8143847715401841 0.0029240846921125955
0.19563983435170648 0.8191312476096988 0.0029215964120965442
0.20490746898158482 0.8274477858853905 0.0028866771803316388
0.21461411978584036 0.8334951325628257 0.0028677943859699764
0.22478058335487253 0.8414652057389267 0.0028282167047414242
0.2354286414322418 0.851188737016695 0.002737412492529294
0.2465811075822604 0.8581658701961722 0.0026842701866855406
0.2582618760682677 0.8615654711906904 0.0026856517641473555
0.27049597304631345 0.8672140532083628 0.0026372614109603397
0.2833096101839324 0.8727611230377528 0.002583521327229317
0.29673024081888694 0.878978109514419 0.002546942261402622
0.3107866187782014 0.8750609551902407 0.0026010855103612823
0.325508859983506 0.8831544693540396 0.0025463026722711123
0.3409285069746811 0.8895308923859795 0.0024679245982311784
0.35707859649004625 0.8996850336944775 0.002358395948543814
0.3739937302478798 0.8959427997418383 0.002416279314687819
0.39171014908092605 0.9069054006625136 0.002288282559531351
0.41026581058271944 0.9065072511554149 0.0023441583451612206
0.4297004704320839 0.9120848820007066 0.002257247995799273
0.4500557675700497 0.9124362856222269 0.002275459500613983
0.4713753134116724 0.9170281314404468 0.002214484931018712
0.4937047852839004 0.9193000321163008 0.002191223231825081
0.517092024289676 0.9230728096870818 0.002136805521835418
0.5415871378079471 0.9235318511934242 0.0021594513821541514
0.5672426068491978 0.9299899996181422 0.0020685572831942957
0.5941133984965034 0.9340401573651765 0.002008766296570214
0.6222570836730231 0.9364550075508256 0.001992528331798328
0.6517339604882427 0.9392702042553792 0.0019176858069125551
0.6826071834272386 0.938247642646593 0.001954273127152616
0.7149428986597577 0.9418925400367362 0.0019041630764997665
0.7488103857590023 0.9466079607326466 0.0018188442919001094
0.7842822061337682 0.9467281378172491 0.001821692249302949
0.821434358491943 0.9480190210742596 0.0018148663959193085
0.8603464416684501 0.9491369817422621 0.0018018604975203831
0.9011018251665018 0.9498264996599745 0.0017921928148269032
0.9437878277775381 0.9525309190321363 0.0017414112656217381
0.9884959046625587 0.955962127835982 0.0016815301405559008
1.0353218432956626 0.9579000419641961 0.0016496174539026346
1.0843659686896108 0.9574009091535065 0.0016790109442514634
1.135733358343105 0.960605535237724 0.0016082444516640712
1.1895340673703196 0.9660176911848454 0.001460416994369323
1.2458833642950082 0.9621571057443336 0.0015702843725446194
1.3049019780144029 0.9648017076887294 0.0015361291915349917
1.3667163564620073 0.9644879531546888 0.0015517677409124162
1.4314589375234785 0.9651403082378325 0.001545139394541945
1.4992684327860455 0.9679078212509761 0.0014791188870771847
1.5702901247293775 0.9695515093853968 0.001430260332754742
1.6446761779946644 0.9731478301649852 0.0013564043932047032
1.7225859653987874 0.9717681658221962 0.0013882896838488129
1.8041864093920719 0.9736956751333801 0.0013348789502597596
1.8896523396912097 0.9721997458337124 0.0013747265700465277
1.9791668678535574 0.9741914422140898 0.001334595258894704
2.072921779595372 0.9743203225623425 0.0013510178922810972
2.171117945694505 0.9746949880170392 0.00132012443970063
2.2739657523579275 0.9768348127049414 0.0012643633252308346
2.381685551976158 0.9752034986210197 0.0013165857123635018
2.4945081352303164 0.9767374502376579 0.0012636167534334525
2.612675225563329 0.9771920819620398 0.0012662693000008538
2.736439997074672 0.9809908902048948 0.001152918687931766
2.8660676169482504 0.9796061304771146 0.0012131000143358083
3.001835813575589 0.9815751663014435 0.0011488177957886916
3.1440354715915 0.981705198223726 0.0011224661669838882
3.2929712550971515 0.9821530352126685 0.0011218870960233167
3.44896226040576 0.9826035624035463 0.0011282050076495372
3.6123426997094303 0.9851449383313091 0.00102937414521365
3.7834626171319288 0.9838813089313966 0.0010737640137860357
3.9626886387014784 0.983118538890359 0.001107591035498915
4.150404757850477 0.9840926388276473 0.0010702769400929358
4.347013158125026 0.9874354789591294 0.0009258279877761367
4.552935074866948 0.9846508464931772 0.0010480120061154047
4.768611697714469 0.9855287029770469 0.0010276810262529698
4.99450511585514 0.9835254177819708 0.0010969912625992508
5.2310993080562636 0.987041464432298 0.0009805018522529316
5.478901179593945 0.9876523209893259 0.0009425783338276039
5.738441648302393 0.9862510535848819 0.0010011874906578847
6.010276782070382 0.9885963721088002 0.0009087433335771105
6.294988990221888 0.9877814170046267 0.0009271128203539527
6.593188271333548 0.9891333019061511 0.0009059160891922189
6.905513520162331 0.9878959657831472 0.0009511762632059658
7.2326338964835335 0.9887468498035944 0.0009004057486277268
7.575250258771913 0.9885874370378135 0.0009395998420280721
7.934096665797492 0.9892158759444032 0.0008884927477709084
8.309941949353396 0.9892641133524838 0.0009113025375304445
8.703591361485167 0.9905354943264967 0.0008307847920678879
9.115888299750829 0.9898533001327018 0.0008559893543896945
9.547716114208056 0.9900438964013069 0.00089476011383156
10.0 0.991462346671914 0.0007941974359860976
