0.001 0.0008591257089397294 1.0351665926707982e-05
0.0010473708979594498 0.0009547518778622875 1.1345179229981741e-05
0.001096985797892384 0.0010454867577856315 1.251247881846269e-05
0.0011489510001873086 0.0011373622135755629 1.3545447456972187e-05
0.0012033778407775893 0.0012586660487977272 1.4966081478847092e-05
0.0012603829296797275 0.001371606208604057 1.6257387345738546e-05
0.001320088400831418 0.0014927208029239221 1.765765793256476e-05
0.0013826221737646563 0.0016206608898090007 1.928749982357656e-05
0.001448118227674533 0.0018013851090403676 2.1298621307028858e-05
0.0015167168884709225 0.0019357794371384993 2.2971174982116098e-05
0.0015885651294280528 0.00211305311262115 2.538596990668316e-05
0.001663816886076129 0.0023946291923357486 2.8260899767819025e-05
0.0017426333860096508 0.0025566164415072555 2.9933210284854294e-05
0.0018251834943190425 0.0027452122845862473 3.264607405180464e-05
0.0019116440753857017 0.003020280618876558 3.5614818714760925e-05
0.0020022003718155844 0.0032578567855259207 3.8665381307882496e-05
0.002097046401323233 0.0037101421333722777 4.31914770124411e-05
0.002196385372416547 0.0039033592757000647 4.630926430456595e-05
0.002300430119772917 0.0042827886332665824 5.034037512533558e-05
0.0024094035602395245 0.00465523261581724 5.384013887037968e-05
0.0025235391704347657 0.005132258216731954 6.022973190189784e-05
0.0026430814869741054 0.005620738729565961 6.558017195744694e-05
0.0027682866303920667 0.00615131688139822 7.095248686536184e-05
0.002899422853882875 0.006781365437899222 7.880519935928757e-05
0.0030367711180354575 0.007305750786116578 8.54447512445202e-05
0.0031806256927941192 0.008050718232575816 9.274243472762772e-05
0.0033312947879346735 0.00854867448051138 9.752990775397636e-05
0.0034891012134067737 0.009359294025093147 0.00010932041236694292
0.0036543830709572546 0.010307699288906007 0.00011872309775505474
0.003827494478516311 0.011235358259577489 0.0001273861864838996
0.004008806328898464 0.012116225609942933 0.00013911872797136893
0.00419870708444391 0.013505776636775975 0.0001511994235782494
0.004397603609302721 0.014756971411094413 0.0001661029812273269
0.004605922041145104 0.01578755881974254 0.0001802272415344485
0.004824108704165369 0.016991047311446936 0.00019234680549341587
0.00505263106533568 0.018703388224293297 0.00021121390860280527
0.005291978735958442 0.020198891635108702 0.00022637614040021164
0.005542664520663107 0.021769779094257626 0.000244170146375435
0.005805225516094896 0.02375901602647844 0.0002652742700832193
0.006080224261649427 0.026015133087996186 0.00028587256503341177
0.006368249944718587 0.028031107507317826 0.000309351813046894
0.006669919663030122 0.03055566085938613 0.0003387190768303293
0.0069858797467852495 0.03320438591544749 0.0003629286312885794
0.007316807143427192 0.035756581702981204 0.0003917705037225135
0.007663410868007463 0.03924093117128272 0.0004247838197909254
0.008026433522257174 0.0422302484976609 0.0004538970326362136
0.008406652885618326 0.04547102317270174 0.0004809860722420089
0.008804883581643464 0.04922027873869092 0.0005261355735442225
0.009221978823334321 0.05274040809688869 0.0005565328708973424
0.009658832241158708 0.05740494154517171 0.0005973415659336558
0.01011637979766207 0.061577553494860174 0.0006506321614499926
0.010595601792776159 0.06584611838933145 0.0006784607804417632
0.011097524964120722 0.07051745606165861 0.0007319079914389744
0.011623224686798524 0.0766791371025273 0.0007913051841256766
0.012173827277396614 0.08112346208821603 0.0008322905804098337
0.012750512407130135 0.08771750714811581 0.0008876282247609765
0.013354515629298987 0.09604426870168652 0.0009540776696290793
0.013987131026472387 0.10229114481815063 0.0010082369958251834
0.014649713983072856 0.10997559028969435 0.0010841400126115949
0.015343684089300124 0.11821619595943816 0.00115211208174982
0.01607052818261639 0.12601573490286022 0.0012068694746781836
0.016831803533309566 0.13258334023179572 0.0012760241196866104
0.01762914118095948 0.14104281165421234 0.0013410749515412558
0.018464249428955436 0.15022287963429798 0.0014218336058766023
0.01933891750455231 0.1607754265761629 0.0014894079819583789
0.020255019392306676 0.17314142824826362 0.0015741301405388034
0.021214517849106298 0.18161525961567546 0.0016640853390812202
0.02221946860939524 0.1949778052040943 0.0017458250662380152
0.023272024789604086 0.20670781476780303 0.0018277845192461522
0.024374441501222206 0.21626171828805235 0.0019027379470951046
0.025529080682395178 0.22588229672770113 0.0019766853567799434
0.026738416158399468 0.24128514055808847 0.002059168320619509
0.02800503894183631 0.2533946123923909 0.002135034844774659
0.02933166278390044 0.2701191101130979 0.002245908925017154
0.030721129988617576 0.28027104208276016 0.002291900424926275
0.03217641750250737 0.2960651441925095 0.0023944592909795363
0.03370064329271928 0.31290837786572173 0.00246344942840081
0.0352970730273065 0.32847489521956375 0.0025510129174519964
0.036969127071950283 0.3362138749674253 0.0025920981642102337
0.03872038781812555 0.35320628616672795 0.0026842077466088733
0.040554607358408296 0.3747031254597942 0.0027749852023669004
0.04247571552536898 0.38494772699744606 0.0028288537014974496
0.04448782831127585 0.4041122877195577 0.002875263256532733
0.046595256686646824 0.42142287025642533 0.002945480369404031
0.04880251583654431 0.4383733243407804 0.0030181034695794177
0.051114334834401684 0.44933238879691906 0.0030777358868117706
0.053535666774107246 0.46412584274482743 0.003130982721983178
0.05607169938205458 0.4821598786977057 0.003160782747454855
0.05872786613189483 0.49460743901718107 0.0031898141418233317
0.061509857885805014 0.5187625762784677 0.0032097496893329414
0.06442363508721373 0.533150961486858 0.0032574056795699967
0.06747544053110693 0.5388425444617477 0.0032947783991114084
0.07067181273927492 0.5591279385675841 0.0033289651497696525
0.07401959996915644 0.5778250357694469 0.0033338907628476695
0.0775259748862946 0.5893088683981461 0.003333000499967069
0.08119844993184012 0.5995155792520424 0.003364851951506142
0.08504489341802678 0.6177669182082258 0.003374807956891332
0.0890735463861044 0.6334274517575726 0.003339274818603032
0.09329304026284686 0.6433824724095817 0.0033844159213206504
0.09771241535346496 0.6599569461718275 0.0033378993934635114
0.10234114021054527 0.6758161485350481 0.003309494357087211
0.10718913192051276 0.6821937041273882 0.003350816337724735
0.11226677735108136 0.696161349452081 0.003311937459690755
0.1175849554052157 0.7071476090473439 0.003286031924429552
0.12315506032928261 0.7166251289883312 0.003273671445294299
0.1289890261253308 0.7340822301915164 0.003240183767667098
0.13509935211980265 0.7445076515243608 0.003210103631003105
0.1414991297434576 0.7506760572912372 0.0032080679352456533
0.14820207057988585 0.7552152963205828 0.003215273213464594
0.1552225357427048 0.7685741996855991 0.003172304841930821
0.1625755666443795 0.7754602384599415 0.0031137808618957306
0.17027691722258995 0.7907200188752539 0.003060264223318329
0.17834308769319093 0.792768749377581 0.0030895875560602777
0.1867913599020783 0.8039250270443534 0.003032932079279024
0.19563983435170648 0.8098086974879137 0.0029975202836220165
0.20490746898158482 0.8225628207409582 0.002924996106833234
0.21461411978584036 0.8241417114473796 0.0029193322970213448
0.22478058335487253 0.8301969014641268 0.0029013110145099602
0.2354286414322418 0.8374550747170597 0.0028585663349015664
0.2465811075822604 0.8459572644504928 0.0027921938415386366
0.2582618760682677 0.8566536383517876 0.002721214744145839
0.27049597304631345 0.8546302789333687 0.0027252730745771724
0.2833096101839324 0.8583927981108085 0.0027491064748839432
0.29673024081888694 0.8719143912129319 0.0026205194980595333
0.3107866187782014 0.8753539206759189 0.002602453301167062
0.325508859983506 0.8757026730926096 0.002643606168326518
0.3409285069746811 0.8788985206971445 0.0025940234273516376
0.35707859649004625 0.8859215143784297 0.002542789282735583
0.3739937302478798 0.8914382564205926 0.0024753971630806938
0.39171014908092605 0.8979539539278827 0.002406762198443164
0.41026581058271944 0.9000833888625038 0.0023944201602888243
0.4297004704320839 0.9061509360067881 0.0023280226759893915
0.4500557675700497 0.907722474664338 0.0023373794407092084
0.4713753134116724 0.9088259373513607 0.002323078398478281
0.4937047852839004 0.9158181325217895 0.0022370713808989623
0.517092024289676 0.9215697547772462 0.002134696167688113
0.5415871378079471 0.9151647417032691 0.0022858258415103293
0.5672426068491978 0.9235427137572396 0.0021671392167890977
0.5941133984965034 0.9271941034523715 0.00212114105716401
0.6222570836730231 0.9278747561203788 0.0020961690577196547
0.6517339604882427 0.9299480976943303 0.0020823665637434065
0.6826071834272386 0.9368752835261929 0.0019627531557965742
0.7149428986597577 0.9365127775067081 0.0019716122548603782
0.7488103857590023 0.9390683229055723 0.0019599956951335835
0.7842822061337682 0.9381653333539954 0.002017159367886896
0.821434358491943 0.9437337800194823 0.0019052621835288287
0.8603464416684501 0.9436657870452214 0.0019040821512184437
0.9011018251665018 0.9479998106152793 0.0018218967371004954
0.9437878277775381 0.9506044205982653 0.001793822692721459
0.9884959046625587 0.949471293075406 0.0018103833416533762
1.0353218432956626 0.9543869594825194 0.0017031278331041746
1.0843659686896108 0.9522575983154644 0.0017692063204282247
1.135733358343105 0.9562580733315635 0.0016928818328606494
1.1895340673703196 0.9568924446858944 0.0016704296310128023
1.2458833642950082 0.9586660671384114 0.0016717064553885578
1.3049019780144029 0.9587570026570722 0.0016642657384137183
1.3667163564620073 0.9620192351511594 0.0015972140671325998
1.4314589375234785 0.9621322440491556 0.001618531663229926
1.4992684327860455 0.9653702054875006 0.0015135606530132853
1.5702901247293775 0.9677586720178406 0.0014696366732348941
1.6446761779946644 0.967939180794805 0.0014741660965508039
1.7225859653987874 0.9660329531297822 0.0015355809382381522
1.8041864093920719 0.9693106333748165 0.0014383364460182106
1.8896523396912097 0.9699326895577888 0.0014269900118764908
1.9791668678535574 0.970279401332848 0.001432569488196103
2.072921779595372 0.971034745426746 0.0014167821187519819
2.171117945694505 0.9746215363197338 0.001321162492152033
2.2739657523579275 0.9734571678363847 0.0013712117699109592
2.381685551976158 0.9720221559649599 0.0014026928153216345
2.4945081352303164 0.9765073275718958 0.0012793440573204992
2.612675225563329 0.978041248410812 0.0012266540564589083
2.736439997074672 0.9779830385423555 0.0012487963607923714
2.8660676169482504 0.97557087682243 0.0013283334920435484
3.001835813575589 0.9794194501999746 0.0011865144254969192
3.1440354715915 0.9797249265049072 0.0012055883589488722
3.2929712550971515 0.9795659109744718 0.0011944882969879248
3.44896226040576 0.97741924746463 0.001279383369905523
3.6123426997094303 0.980804451106635 0.0011565437621864267
3.7834626171319288 0.9816191908616283 0.001150470827429799
3.9626886387014784 0.9811165368109407 0.001163465414044308
4.150404757850477 0.9834796506258207 0.001092475680066323
4.347013158125026 0.9832838441869408 0.0010984174835359103
4.552935074866948 0.9826315026306783 0.0011412436087836271
4.768611697714469 0.9845205962295046 0.0010483408046441198
4.99450511585514 0.9842618637396648 0.0010704741209067049
5.2310993080562636 0.985261045910187 0.001036628028075681
5.478901179593945 0.9846762102771143 0.0010647432442957947
5.738441648302393 0.9825338292973081 0.0011406551944867496
6.010276782070382 0.9848215831071059 0.00105777909047966
6.294988990221888 0.9872937854631731 0.0009557498479267428
6.593188271333548 0.9887809885381792 0.0008806900993397315
6.905513520162331 0.9862927009052966 0.001006765028906537
7.2326338964835335 0.9875359890962038 0.000948070093711864
7.575250258771913 0.9882682260188496 0.0009151806670641327
7.934096665797492 0.9874602936270379 0.0009762604397155515
8.309941949353396 0.9885003944657854 0.000933906675795728
8.703591361485167 0.989409899547883 0.0009062425165503764
9.115888299750829 0.9913054185463428 0.0007858000304650814
9.547716114208056 0.9915401977548967 0.0008007843460184507
10.0 0.9893301256459032 0.0008861064492816811
