0.001 0.0008661048463274703 1.0374767079623585e-05
0.0012067926406393288 0.001275681203809496 1.5140845039796199e-05
0.0014563484775012444 0.0017902673298519048 2.1228682012491042e-05
0.0017575106248547913 0.002635542180444223 3.078628629107225e-05
0.0021209508879201904 0.0037249443534771573 4.3704255098356156e-05
0.002559547922699536 0.005403002928222585 6.250029166580346e-05
0.0030888435964774815 0.007640311140402812 8.730161607651712e-05
0.003727593720314938 0.010841708804391507 0.00012403617086440227
0.004498432668969444 0.015339035724789675 0.0001718720362632466
0.005428675439323859 0.021771902653285522 0.0002393637841229447
0.006551285568595509 0.03058587327530805 0.00033375865526782603
0.0079060432109077 0.04118620278493114 0.0004434123043330135
0.009540954763499945 0.05593267337001291 0.0005884579356466719
0.01151395399326447 0.07631129366285477 0.0007751818229785631
0.013894954943731374 0.10218696500775805 0.0010110154266373453
0.016768329368110076 0.13277070096703159 0.0012772105995725394
0.020235896477251564 0.1726018162131915 0.001568711989541899
0.02442053094548651 0.22097130124603678 0.0019146514455976734
0.029470517025518096 0.2716080049013201 0.002239676319056617
0.03556480306223128 0.3296028953554025 0.00256899488579815
0.04291934260128776 0.3929825198439145 0.0028480145989934623
0.0517947467923121 0.45601446150425934 0.0031052937738401303
0.0625055192527397 0.527044901824213 0.0032413249685887303
0.07543120063354615 0.5873464793673846 0.003327182474830452
0.09102981779915217 0.6443828765737042 0.003339839750499576
0.10985411419875583 0.6894485062242038 0.0033452496146361395
0.13257113655901082 0.7346746826050001 0.003245153408877284
0.15998587196060574 0.7722741289205498 0.0031727302552311625
0.19306977288832497 0.8151128570121396 0.0029498502791842234
0.2329951810515372 0.8397812193116874 0.0028390551476519497
0.2811768697974228 0.8640296857214551 0.0026824962876069837
0.3393221771895326 0.8831037787375532 0.0025478090289675274
0.4094915062380423 0.901924306957236 0.00237243583072557
0.49417133613238334 0.9166496812703461 0.0022312708258890273
0.5963623316594643 0.9271426141262009 0.0021001903828611833
0.7196856730011514 0.9418567850537721 0.0019094971889787094
0.868511373751352 0.9475182691137463 0.0018341902646759
1.0481131341546852 0.9556476005119443 0.0016974309113603656
1.2648552168552958 0.9603288667092805 0.0016324733046940707
1.5264179671752318 0.9632560382475551 0.001560691607105861
1.8420699693267144 0.9686947555121708 0.0014668384522373004
2.2229964825261934 0.9727218320290707 0.0013812192163026673
2.6826957952797246 0.978188092653413 0.0012416793165282393
3.2374575428176433 0.9777665685424864 0.0012583983279439567
3.906939937054613 0.98443375531619 0.0010535373865483396
4.714866363457389 0.9832870243329608 0.00109754226147909
5.689866029018293 0.9850729651338639 0.0010439069715427669
6.866488450042998 0.9878038608211577 0.000927366008301949
8.286427728546842 0.9896730411207565 0.0008726949179708914
10.0 0.9903505899080456 0.0008591230914536286
