0.001 0.000926410420990446 1.0868086816545567e-05
0.0010473708979594498 0.0010118605486295622 1.191996222651801e-05
0.001096985797892384 0.0011085539447408584 1.320383757241951e-05
0.0011489510001873086 0.0012021856306871908 1.4119566557828421e-05
0.0012033778407775893 0.0013526868043022056 1.584773829718797e-05
0.0012603829296797275 0.00144622268654213 1.705360098524387e-05
0.001320088400831418 0.0016066905753397323 1.8530085605381088e-05
0.0013826221737646563 0.0017483292855869788 2.039122752099697e-05
0.001448118227674533 0.0018983195453299462 2.1985117020258633e-05
0.0015167168884709225 0.0020466811439010008 2.3877505316267916e-05
0.0015885651294280528 0.002262521061655584 2.6565881258063885e-05
0.001663816886076129 0.0025283747168786943 2.968221567232299e-05
0.0017426333860096508 0.0028055356735498687 3.2365455068196334e-05
0.0018251834943190425 0.002971374043535385 3.460536259237795e-05
0.0019116440753857017 0.0032162089727115115 3.757221591470371e-05
0.0020022003718155844 0.0035092201962129664 4.011116320607462e-05
0.002097046401323233 0.0038980871679943725 4.490608641917561e-05
0.002196385372416547 0.004260554037821783 4.862615009455392e-05
0.002300430119772917 0.004706724445790164 5.4401421880420656e-05
0.0024094035602395245 0.005008189090534707 5.80964935882144e-05
0.0025235391704347657 0.0055702758024116445 6.37726154192649e-05
0.0026430814869741054 0.005968036614404382 6.878438619161685e-05
0.0027682866303920667 0.006762543056080078 7.597931142242002e-05
0.002899422853882875 0.007081037265385841 8.11628617698011e-05
0.0030367711180354575 0.007809115546251528 8.827713890907021e-05
0.0031806256927941192 0.008655309657980425 9.858131413490741e-05
0.0033312947879346735 0.009665767261245082 0.00010865283672303162
0.0034891012134067737 0.01029317677484703 0.00011614763509167788
0.0036543830709572546 0.010895877878713062 0.00012462037841267672
0.003827494478516311 0.011961295603846657 0.00013522922470270816
0.004008806328898464 0.013179771379619185 0.0001456935989665916
0.00419870708444391 0.014142700278467498 0.00015699056538104108
0.004397603609302721 0.015786421384826093 0.0001743065674233745
0.004605922041145104 0.016780971599534927 0.00018771952749777876
0.004824108704165369 0.018035269386715895 0.0002009001877113637
0.00505263106533568 0.020303055034081963 0.00022249298546513609
0.005291978735958442 0.021499830676438552 0.00023612167472522022
0.005542664520663107 0.023547747903543397 0.00025841724854922015
0.005805225516094896 0.025878267585524924 0.0002826541828221384
0.006080224261649427 0.027674895025831495 0.00030041476762488915
0.006368249944718587 0.029890699377477164 0.000324940846601842
0.006669919663030122 0.03245773348621316 0.00035083237660733487
0.0069858797467852495 0.03535698028314353 0.00037688118605604885
0.007316807143427192 0.038351168849674204 0.0004093093205162771
0.007663410868007463 0.04221344965570928 0.00044227077797592276
0.008026433522257174 0.04539849072603688 0.0004747977474619921
0.008406652885618326 0.049000656156962905 0.0005137813435493968
0.008804883581643464 0.05213988952285763 0.000548167830749407
0.009221978823334321 0.055670004442356424 0.0005797214725028213
0.009658832241158708 0.06205375376918785 0.0006342728927145831
0.01011637979766207 0.06579138832207301 0.0006709809014523589
0.010595601792776159 0.07014962850506333 0.0007096995766749494
0.011097524964120722 0.07506594284239454 0.0007536756374993026
0.011623224686798524 0.08021842638591602 0.000814457918045944
0.012173827277396614 0.08824340507703021 0.0008770431575449711
0.012750512407130135 0.09365406924187682 0.0009331302848463372
0.013354515629298987 0.10229000353280596 0.0010003758940794743
0.013987131026472387 0.10742257414417213 0.0010416961955703214
0.014649713983072856 0.11509500412943657 0.0011095396559514794
0.015343684089300124 0.12385818218490773 0.00119145807677959
0.01607052818261639 0.13086503891012402 0.0012414736131025237
0.016831803533309566 0.1418726419316865 0.0013214320862960927
0.01762914118095948 0.14975885181834955 0.001389887602116175
0.018464249428955436 0.15724488240234727 0.0014564063393051004
0.01933891750455231 0.16926506935192676 0.0015304448656032774
0.020255019392306676 0.17934384958041186 0.0016125622425158296
0.021214517849106298 0.1913438804052774 0.0016973909796810197
0.02221946860939524 0.2049322148603061 0.00178090769300599
0.023272024789604086 0.2137489664140061 0.001856773341860983
0.024374441501222206 0.22534299136594682 0.0019344763950932702
0.025529080682395178 0.23516996282624777 0.001993517313008281
0.026738416158399468 0.2569990387160691 0.0021279364547623827
0.02800503894183631 0.2687773834415714 0.002181218374281099
0.02933166278390044 0.2825088290307187 0.002260160492228104
0.030721129988617576 0.295903549424626 0.0023498404459029437
0.03217641750250737 0.3086100461824842 0.002391814201568453
0.03370064329271928 0.32641996305333876 0.0024932768331697133
0.0352970730273065 0.3367929914957449 0.002568184831155097
0.036969127071950283 0.35502736629796006 0.002627847202483105
0.03872038781812555 0.3731017393245416 0.0027212544254210875
0.040554607358408296 0.3869791666066352 0.002785772997233545
0.04247571552536898 0.40037909080135714 0.0028443159007335
0.04448782831127585 0.42397730576125814 0.0028944453517148667
0.046595256686646824 0.43951618128347625 0.0029839435420750044
0.04880251583654431 0.45461641766376215 0.003033806377086588
0.051114334834401684 0.4655388436830813 0.0030601131815662427
0.053535666774107246 0.4842938247825964 0.0030904382047111313
0.05607169938205458 0.4970880734202469 0.003158583428495105
0.05872786613189483 0.5176927122650437 0.0031675043702468625
0.061509857885805014 0.5307671399378907 0.0032340209133796434
0.06442363508721373 0.5491711954137175 0.0032652012724794888
0.06747544053110693 0.5623475988906743 0.003251594986039363
0.07067181273927492 0.5803771358086481 0.0032794326515676515
0.07401959996915644 0.5945715927375615 0.003314954487483493
0.0775259748862946 0.61029003313343 0.00330772096303919
0.08119844993184012 0.625877548916488 0.003290868573130066
0.08504489341802678 0.6374434971751741 0.0033171286119629494
0.0890735463861044 0.6494189967655122 0.003307209789423907
0.09329304026284686 0.6614854428278636 0.0033287255655635884
0.09771241535346496 0.670186644817619 0.003332682779604852
0.10234114021054527 0.6888252267708919 0.0032920204208484595
0.10718913192051276 0.697092498177183 0.0032724507711950988
0.11226677735108136 0.7147781252225379 0.0032305121991980045
0.1175849554052157 0.7257236554120106 0.0032283773586584395
0.12315506032928261 0.7371810551694117 0.003190559168564838
0.1289890261253308 0.7404507248627897 0.0032053688005843177
0.13509935211980265 0.7562079676537551 0.0031435355200246954
0.1414991297434576 0.7650279635168564 0.0031279965775842617
0.14820207057988585 0.7776771430650901 0.0031002474927059594
0.1552225357427048 0.785750965156143 0.003058924023483831
0.1625755666443795 0.7986433216544621 0.002987544768682081
0.17027691722258995 0.7990831547160048 0.003014866399222665
0.17834308769319093 0.8067369421513948 0.0030090446377149145
0.1867913599020783 0.8135013680394002 0.002962300907117356
0.19563983435170648 0.8236443387076416 0.002904211109491123
0.20490746898158482 0.8350221617621495 0.0028255128956719195
0.21461411978584036 0.8350921232808967 0.0028593900827617496
0.22478058335487253 0.8438704578246298 0.00276752456485793
0.2354286414322418 0.8507622054892252 0.0027531572688553165
0.2465811075822604 0.8589363716434376 0.0026709890954226233
0.2582618760682677 0.8626896158464308 0.0026584869642295814
0.27049597304631345 0.869338105701813 0.0026346459252461936
0.2833096101839324 0.8749335114859997 0.0025646996559516187
0.29673024081888694 0.878590163681792 0.00252964125208215
0.3107866187782014 0.8858937756662916 0.0024884722750666824
0.325508859983506 0.8902104121304594 0.0024834207316372053
0.3409285069746811 0.8959182328885403 0.0023951536854582432
0.35707859649004625 0.8978990257210758 0.0023636959189656786
0.3739937302478798 0.8961611159195372 0.002419235921831425
0.39171014908092605 0.9044497407862627 0.002337774517790921
0.41026581058271944 0.9090738886281797 0.002285952632492798
0.4297004704320839 0.9120887273913764 0.002261561894221375
0.4500557675700497 0.9211953239347648 0.002127643163373313
0.4713753134116724 0.9194808283225844 0.002190137292224202
0.4937047852839004 0.9240753171895499 0.0021118870572690972
0.517092024289676 0.9246210211192374 0.0021211259649637918
0.5415871378079471 0.9326336758920041 0.001988344134394425
0.5672426068491978 0.9322211004845569 0.002014397133715361
0.5941133984965034 0.9327198197466862 0.002032772855673025
0.6222570836730231 0.9383814145736559 0.0019263402233473802
0.6517339604882427 0.9403553770733024 0.001918304047980933
0.6826071834272386 0.9373306551181686 0.0019820547021735346
0.7149428986597577 0.9444474409546896 0.0018544380810818109
0.7488103857590023 0.9467439069604996 0.001824832539695151
0.7842822061337682 0.9472801101142541 0.0018523956795033602
0.821434358491943 0.9500882983893509 0.0017487507424663606
0.8603464416684501 0.9528826967515092 0.001720469841336379
0.9011018251665018 0.9519732731309265 0.0017322874202210627
0.9437878277775381 0.9561322527113076 0.0016739425004120092
0.9884959046625587 0.9557695771338971 0.001701969851769816
1.0353218432956626 0.9560433427388191 0.0016991584173509675
1.0843659686896108 0.960051784985301 0.0016170161143744027
1.135733358343105 0.9606735031384717 0.0016090756896723546
1.1895340673703196 0.9620186313822731 0.0015883258872689168
1.2458833642950082 0.9641200233784198 0.0015400959675236946
1.3049019780144029 0.9642587054143777 0.0015500303881759373
1.3667163564620073 0.967332916352243 0.0014959515967575973
1.4314589375234785 0.9679159637791439 0.0014764939358519818
1.4992684327860455 0.9686906500431934 0.0014544012212392974
1.5702901247293775 0.9705982030004862 0.0013941262550176451
1.6446761779946644 0.9699375669877743 0.0014315145155859683
1.7225859653987874 0.9716800057828168 0.0013905937267579044
1.8041864093920719 0.9751423841954489 0.0013078716530655374
1.8896523396912097 0.9733486527998373 0.0013581793593509073
1.9791668678535574 0.9751994162958055 0.00131252617436663
2.072921779595372 0.974151169086665 0.0013301488625977451
2.171117945694505 0.9770894361019796 0.0012589637675136163
2.2739657523579275 0.9777569746207831 0.0012416173725913022
2.381685551976158 0.9782769646619311 0.001218987840005504
2.4945081352303164 0.9784958725259505 0.0012083456730032774
2.612675225563329 0.9800714239657795 0.001183541710011793
2.736439997074672 0.9796808223031949 0.0011859693437768638
2.8660676169482504 0.9798830994570912 0.0011821566751959451
3.001835813575589 0.9811525254333084 0.0011469772675860785
3.1440354715915 0.98228944755344 0.001135109237052528
3.2929712550971515 0.9833694884412151 0.0010762750835268584
3.44896226040576 0.9830716605353824 0.0011129210923550552
3.6123426997094303 0.982018076876472 0.0011485476981036578
3.7834626171319288 0.9833406805613333 0.0010937258748989355
3.9626886387014784 0.9862813229937681 0.0009799526418178641
4.150404757850477 0.9854587147055814 0.0010216144572068584
4.347013158125026 0.9843913171505796 0.0010578064560249332
4.552935074866948 0.9866290622641626 0.0009734556451050999
4.768611697714469 0.9877169925896172 0.0009365386594549426
4.99450511585514 0.9859352209144683 0.0010264405945869374
5.2310993080562636 0.9882691707475671 0.0009135723807773896
5.478901179593945 0.9876251518408479 0.0009447891892466753
5.738441648302393 0.9878462996596944 0.0009354397374715813
6.010276782070382 0.9893488421819062 0.0008653344884257948
6.294988990221888 0.9889466879599631 0.0008976644801117599
6.593188271333548 0.9891022960594884 0.0008867654895734555
6.905513520162331 0.9882726494982146 0.0009484850127820536
7.2326338964835335 0.9883284748568025 0.000933298599205916
7.575250258771913 0.9898588545985023 0.000843744995794054
7.934096665797492 0.9893607319136525 0.0008769746720392915
8.309941949353396 0.9912418547674484 0.000798619344675818
8.703591361485167 0.9905091539443943 0.0008415510336870021
9.115888299750829 0.9908963723706978 0.0008059066373064824
9.547716114208056 0.9910360563322871 0.0008307285258743955
10.0 0.9907420516022423 0.0008485353428248723
