0.001 0.014558011543701071 0.00010114373784931152
0.0010473708979594498 0.015173620416739749 0.00010643150419890889
0.001096985797892384 0.01584869158519644 0.0001120400992619495
0.0011489510001873086 0.01660192383129051 0.00011540146891357068
0.0012033778407775893 0.017640530769986167 0.00012220633716811496
0.0012603829296797275 0.018182811161723066 0.00012734611895592895
0.001320088400831418 0.019326777913782907 0.00013207804760664022
0.0013826221737646563 0.020069228895394326 0.00013935748197966386
0.001448118227674533 0.02094220184380814 0.00014499388236566437
0.0015167168884709225 0.02175000122630387 0.00015073515904834273
0.0015885651294280528 0.02283663690227795 0.00015929944829895374
0.001663816886076129 0.024162117703683338 0.00016851646831311128
0.0017426333860096508 0.025551042909339072 0.00017645414809113486
0.0018251834943190425 0.026252845512899296 0.00018251314650942824
0.0019116440753857017 0.02730744483146169 0.00019036222892427634
0.0020022003718155844 0.028738094177343146 0.0001960875886929133
0.002097046401323233 0.03023648031646536 0.00020810058277169051
0.002196385372416547 0.03164796771727552 0.00021755822123254343
0.002300430119772917 0.0332120613857266 0.0002302290634683146
0.0024094035602395245 0.034194662624922996 0.00023893211958649573
0.0025235391704347657 0.03634442958532303 0.0002486963062193311
0.0026430814869741054 0.037557558606841346 0.000259036919400606
0.0027682866303920667 0.04018011617413388 0.0002738867896783183
0.002899422853882875 0.04094269361374313 0.00028352834717024184
0.0030367711180354575 0.04319779935142957 0.00029585193028522984
0.0031806256927941192 0.04546850307890241 0.0003131448690154479
0.0033312947879346735 0.04825197189378949 0.0003294713867352761
0.0034891012134067737 0.049745689685679426 0.0003418408227532348
0.0036543830709572546 0.051088296888722365 0.0003543229701250318
0.003827494478516311 0.053783837536363475 0.0003691174832034724
0.004008806328898464 0.05680183820444838 0.0003840408013342369
0.00419870708444391 0.058919110610318196 0.000398417803679759
0.004397603609302721 0.06240157395097399 0.0004214924057189818
0.004605922041145104 0.06419136911230665 0.0004388624128720752
0.004824108704165369 0.06671688256500034 0.000454607938256802
0.00505263106533568 0.07114151852512902 0.00048074094962470543
0.005291978735958442 0.07315192709352479 0.0004978296435918037
0.005542664520663107 0.07677895411832726 0.0005214983617733329
0.005805225516094896 0.08092570521533052 0.0005443608371590241
0.006080224261649427 0.0837238883386504 0.0005655734200609451
0.006368249944718587 0.08711356495691555 0.0005906329828881035
0.006669919663030122 0.09118497473722563 0.000614059061864725
0.0069858797467852495 0.09569052456399992 0.0006379665783991205
0.007316807143427192 0.09992050445261988 0.0006666187214472334
0.007663410868007463 0.105487113279496 0.000695942800550946
0.008026433522257174 0.10952510289764673 0.0007262210843806261
0.008406652885618326 0.1142416938702454 0.0007554353057856408
0.008804883581643464 0.11782095283246759 0.0007866645829831204
0.009221978823334321 0.12265747614607524 0.0008055322784788397
0.009658832241158708 0.13006348925597666 0.0008539371675085623
0.01011637979766207 0.1345180839255185 0.000878240034968199
0.010595601792776159 0.13989854492954615 0.0009002672172112536
0.011097524964120722 0.14470364539102556 0.0009419876406367052
0.011623224686798524 0.14997952483348262 0.0009820859210684508
0.012173827277396614 0.15839724561714877 0.0010288976112167306
0.012750512407130135 0.1637029135196306 0.0010661035997344638
0.013354515629298987 0.17246931883447103 0.001110715213585303
0.013987131026472387 0.1775237143704386 0.0011374588482592706
0.014649713983072856 0.18496687162264036 0.0011776020504823325
0.015343684089300124 0.19238427294112587 0.0012376454870521214
0.01607052818261639 0.19912287642972756 0.0012659447997575121
0.016831803533309566 0.20959302519549 0.0013081977667211725
0.01762914118095948 0.2162618638226987 0.0013518371722952241
0.018464249428955436 0.2225405448015952 0.0013931123801853595
0.01933891750455231 0.23313754110346804 0.0014367260761304055
0.020255019392306676 0.24165877583360576 0.0014827991734167572
0.021214517849106298 0.2508943987778597 0.0015445497006547162
0.02221946860939524 0.26247086689328325 0.001588737136090289
0.023272024789604086 0.26882376802888913 0.0016421973076036467
0.024374441501222206 0.27828938197107356 0.0016858163342642408
0.025529080682395178 0.28623069734512085 0.0017204079522166549
0.026738416158399468 0.3036054269285207 0.0017965694112912125
0.02800503894183631 0.31252930479643776 0.00183445213632132
0.02933166278390044 0.3235251000084297 0.0018761288234896718
0.030721129988617576 0.33369205358653264 0.0019332142115749246
0.03217641750250737 0.3442512938557729 0.0019501457705361485
0.03370064329271928 0.3575358821535708 0.0020190598312629124
0.0352970730273065 0.3652049656055994 0.002070309289994995
0.036969127071950283 0.3792197958408582 0.002107804535809387
0.03872038781812555 0.3933044494466781 0.0021688607901420302
0.040554607358408296 0.4033858531846307 0.0022205495332701317
0.04247571552536898 0.41397861563973803 0.0022615015694150077
0.04448782831127585 0.43227447653437046 0.0022953135709051207
0.046595256686646824 0.44393274115997894 0.0023650728781802973
0.04880251583654431 0.45603341264607816 0.0024078572241047354
0.051114334834401684 0.4649847170243751 0.002428368814159353
0.053535666774107246 0.479875416243992 0.0024570520233066113
0.05607169938205458 0.4903643485269241 0.0025114513514274445
0.05872786613189483 0.5071497042345292 0.0025272692264546853
0.061509857885805014 0.5177899283007577 0.0025914762743629188
0.06442363508721373 0.5329175348490348 0.002625769404833391
0.06747544053110693 0.5444848930426323 0.002615118081343477
0.07067181273927492 0.559155176293607 0.002661650135885422
0.07401959996915644 0.5712654449716114 0.00270534860269229
0.0775259748862946 0.5852860674859199 0.00270566114815108
0.08119844993184012 0.5994348624908098 0.00270420792273774
0.08504489341802678 0.6095124966042922 0.0027416137468773165
0.0890735463861044 0.620865641332245 0.002748936458295663
0.09329304026284686 0.6323949584338171 0.0027825837275903694
0.09771241535346496 0.6409842716383322 0.0028089420733526183
0.10234114021054527 0.6577865449886016 0.002776885192827937
0.10718913192051276 0.6656166905265394 0.0027790643233598727
0.11226677735108136 0.682631693170841 0.0027666911044925448
0.1175849554052157 0.6932727397822237 0.002774589131516474
0.12315506032928261 0.7048227838994856 0.002763144539961007
0.1289890261253308 0.7092955947727317 0.0027855131922537046
0.13509935211980265 0.7241327486197859 0.002747401764975195
0.1414991297434576 0.7333789398593972 0.002745766314517111
0.14820207057988585 0.7467105715852277 0.00274230809806475
0.1552225357427048 0.7549239195941047 0.0027146259333373853
0.1625755666443795 0.7677997097727988 0.0026693317405644982
0.17027691722258995 0.7707417111026637 0.002695664355034921
0.17834308769319093 0.7786042044356384 0.0027054714534960733
0.1867913599020783 0.7863268742345888 0.0026735001450883832
0.19563983435170648 0.7974946451696941 0.0026371289416768553
0.20490746898158482 0.8085685123222578 0.0025821622717226316
0.21461411978584036 0.8102452465147212 0.002618366189773617
0.22478058335487253 0.819324923133611 0.002535368489914893
0.2354286414322418 0.8270074740244542 0.002539739293122062
0.2465811075822604 0.8355722297263314 0.002468019905302253
0.2582618760682677 0.8408557886229515 0.0024603872987198697
0.27049597304631345 0.8481604645941994 0.00244216727811911
0.2833096101839324 0.8541478668040081 0.0023880115333428605
0.29673024081888694 0.8581961352682809 0.0023682794171670596
0.3107866187782014 0.8665766341448822 0.0023357241543664102
0.325508859983506 0.8725207425009583 0.0023286102406765443
0.3409285069746811 0.8780393488799314 0.0022506324310397285
0.35707859649004625 0.8808181508425996 0.0022285316024045704
0.3739937302478798 0.88028522758002 0.0022785888612691565
0.39171014908092605 0.8892136089172291 0.0022053748201745866
0.41026581058271944 0.8943566980508216 0.0021631811776237054
0.4297004704320839 0.898590616617209 0.002136314934637192
0.4500557675700497 0.907232418236549 0.0020275720127154373
0.4713753134116724 0.9071773662671935 0.002083285168416752
0.4937047852839004 0.9114918301536938 0.0020178952985642966
0.517092024289676 0.9126655936441235 0.002024661302540057
0.5415871378079471 0.9204286442864753 0.0019108246026907755
0.5672426068491978 0.9211407217171561 0.001924938464004515
0.5941133984965034 0.9225493647323898 0.0019450538915942563
0.6222570836730231 0.9284723630153843 0.001848706388665379
0.6517339604882427 0.9313504403904004 0.0018327927364860136
0.6826071834272386 0.9285416846952387 0.0018946909354572855
0.7149428986597577 0.9361217500318919 0.0017728749846149426
0.7488103857590023 0.9388428726303806 0.0017505100998912182
0.7842822061337682 0.9397299007024555 0.0017795930769751217
0.821434358491943 0.9424973676942251 0.0016907469727792251
0.8603464416684501 0.9456699422120327 0.0016560497526429687
0.9011018251665018 0.9449677076766843 0.001676097946409349
0.9437878277775381 0.9498217861134959 0.0016096438288013576
0.9884959046625587 0.9498452183965326 0.0016394224999761447
1.0353218432956626 0.9500898612988014 0.001636464372862299
1.0843659686896108 0.954333182511905 0.0015603198290955011
1.135733358343105 0.9555602740361746 0.0015486887923648743
1.1895340673703196 0.9572328596283114 0.0015296563635298248
1.2458833642950082 0.9590265204374784 0.001487267934451783
1.3049019780144029 0.9596231403008906 0.0014925016809177061
1.3667163564620073 0.9630381270113708 0.0014484383685490962
1.4314589375234785 0.963898450007402 0.0014278895861945342
1.4992684327860455 0.9644345212279972 0.001405442602202313
1.5702901247293775 0.9667286938835686 0.0013499359609621365
1.6446761779946644 0.966603910381198 0.001376761661547904
1.7225859653987874 0.9680241786336361 0.0013485965588740149
1.8041864093920719 0.9718271599259997 0.0012663757654683056
1.8896523396912097 0.970271117528621 0.0013143889999788832
1.9791668678535574 0.9722045275255654 0.0012724631818181347
2.072921779595372 0.971082470315443 0.0012957936881407184
2.171117945694505 0.9746011134946527 0.0012251824287182792
2.2739657523579275 0.9749358995504137 0.0012102202070508785
2.381685551976158 0.9753660887003495 0.0011905395504944784
2.4945081352303164 0.9756108219993904 0.0011829030297186966
2.612675225563329 0.9776527949744163 0.0011487316910130346
2.736439997074672 0.9773931431849545 0.001152129478896026
2.8660676169482504 0.9779593557085787 0.0011464344873826145
3.001835813575589 0.979110319027339 0.0011104703352138464
3.1440354715915 0.9805363938924553 0.0011027823987112273
3.2929712550971515 0.9811824944307209 0.0010523483216979658
3.44896226040576 0.9812496550229828 0.001084122655760687
3.6123426997094303 0.9801350981057243 0.001127994774339298
3.7834626171319288 0.9814046041675352 0.0010745836616427862
3.9626886387014784 0.9842863031797793 0.0009729179310693148
4.150404757850477 0.9837806063972415 0.000996876182646765
4.347013158125026 0.9828970593152835 0.0010422676337094115
4.552935074866948 0.9850074287984031 0.0009568855549312155
4.768611697714469 0.9861577882359907 0.0009250924683084949
4.99450511585514 0.9847391317116748 0.0010070313117370696
5.2310993080562636 0.9869171797020253 0.0009026356147449318
5.478901179593945 0.9862565653690922 0.0009332295773818389
5.738441648302393 0.986564447467424 0.0009179044333970654
6.010276782070382 0.9881269528659948 0.0008557216114960302
6.294988990221888 0.9874509583586892 0.0008984250288621417
6.593188271333548 0.9878567058464556 0.0008793418976616472
6.905513520162331 0.9871264050201122 0.000944571188624566
7.2326338964835335 0.9871740681196909 0.0009277505798718273
7.575250258771913 0.9887111273345759 0.0008396486335050964
7.934096665797492 0.9882387114841644 0.000876885410450833
8.309941949353396 0.9900342917231139 0.0008064614332903568
8.703591361485167 0.9895056914993493 0.0008448527912890942
9.115888299750829 0.9897099491472705 0.0008153199052266336
9.547716114208056 0.9901264019001004 0.0008346069178495883
10.0 0.9898065323383591 0.0008558162914434222
