0.001 0.013905391679140885 9.936832263312455e-05
0.0012067926406393288 0.016812971308280644 0.00011955048703192925
0.0014563484775012444 0.020243997681889826 0.00014503801869614744
0.0017575106248547913 0.024159801939892533 0.00017208565206309906
0.0021209508879201904 0.02917269902738762 0.00020668164164318014
0.002559547922699536 0.03542425973185275 0.0002465988477894053
0.0030888435964774815 0.04193211115346845 0.00029503533000563233
0.003727593720314938 0.050909214361865435 0.0003516817926370022
0.004498432668969444 0.06072685790367242 0.0004268003494860095
0.005428675439323859 0.07209785318602702 0.0005036704985528734
0.006551285568595509 0.0856645292715801 0.0005905777498946842
0.0079060432109077 0.10302000562477588 0.0007005060714399884
0.009540954763499945 0.1218331067648495 0.0008197999040304365
0.01151395399326447 0.14277462846826694 0.0009601741115744468
0.013894954943731374 0.1695545414160827 0.0011118197534580438
0.016768329368110076 0.20149034791376702 0.0012983289034282054
0.020235896477251564 0.23346753643019746 0.0014860293406209922
0.02442053094548651 0.2692746919188262 0.0016810243426166125
0.029470517025518096 0.31315452204012956 0.0018674234269671988
0.03556480306223128 0.3550522742269929 0.0020726114284740694
0.04291934260128776 0.40987083217941933 0.0022785150635065495
0.0517947467923121 0.45511709956365504 0.002457326667427655
0.0625055192527397 0.5137233433765457 0.0025924915953302887
0.07543120063354615 0.5627599500290186 0.0027096343975124546
0.09102981779915217 0.6147859411571684 0.002778415160986179
0.10985411419875583 0.6533315663242705 0.0028483600058645765
0.13257113655901082 0.7014531070016318 0.0028118740689356977
0.15998587196060574 0.7462152029396991 0.002778469804631357
0.19306977288832497 0.7853912114237278 0.0026660392954686056
0.2329951810515372 0.8132146744495601 0.00263604279872166
0.2811768697974228 0.8406532538293446 0.0025084069152221306
0.3393221771895326 0.8635072145453316 0.0023928113243218223
0.4094915062380423 0.8809679872269065 0.0022837704653461796
0.49417133613238334 0.9019774947417849 0.002149843065667932
0.5963623316594643 0.9174127782658016 0.001994399887431222
0.7196856730011514 0.9293216679491124 0.0018630359578541739
0.868511373751352 0.9382715291553413 0.0018113340692549598
1.0481131341546852 0.9497428547822662 0.001635234104884542
1.2648552168552958 0.9509405684446796 0.001656084097703646
1.5264179671752318 0.9599610423012709 0.0014997299721296253
1.8420699693267144 0.9649168115117333 0.001432191073246378
2.2229964825261934 0.9711691910245088 0.001279793024354502
2.6826957952797246 0.9737387431671793 0.001254255880427987
3.2374575428176433 0.9774522128289407 0.0011930432956480444
3.906939937054613 0.9797294291209436 0.0011234083580415584
4.714866363457389 0.9831448957930937 0.000999955048867908
5.689866029018293 0.9836481009119676 0.0010393568148674391
6.866488450042998 0.9868595144677187 0.000934196400275885
8.286427728546842 0.9881482514534853 0.0008829426077812693
10.0 0.9901125314140976 0.000789393923475127
