0.001 7.741267015894812e-06 1.2734108527507595e-07
0.0012067926406393288 1.3832169697888514e-05 2.2879544258738343e-07
0.0014563484775012444 2.344395117213407e-05 3.85305485685055e-07
0.0017575106248547913 3.98061384976437e-05 6.566927603456515e-07
0.0021209508879201904 7.292122552172071e-05 1.1804801957012571e-06
0.002559547922699536 0.00012052270532472551 1.9482955714462447e-06
0.0030888435964774815 0.00020955744742138366 3.383678258605134e-06
0.003727593720314938 0.00036975918610003593 5.9722464542415225e-06
0.004498432668969444 0.0005977702740509756 9.495893024599821e-06
0.005428675439323859 0.00101793550248419 1.607857099642217e-05
0.006551285568595509 0.0017569641543116973 2.7083383803001477e-05
0.0079060432109077 0.002907510401213952 4.436855617085742e-05
0.009540954763499945 0.004740574599645608 7.17804117270683e-05
0.01151395399326447 0.007701494318307928 0.00011549447198977336
0.013894954943731374 0.01232594643660751 0.00017638854191442247
0.016768329368110076 0.01903007485652308 0.00026757061772885913
0.020235896477251564 0.030161492778985707 0.0004087119412040546
0.02442053094548651 0.04392288774780917 0.0005727947681229147
0.029470517025518096 0.06532419505824855 0.0008117972661443968
0.03556480306223128 0.09626786002642941 0.0011274365276917999
0.04291934260128776 0.13504632823874696 0.0015029405903084331
0.0517947467923121 0.17844212186307348 0.0018627616021813932
0.0625055192527397 0.23280538442847956 0.0022525339493481965
0.07543120063354615 0.30144269662337725 0.002633466225918836
0.09102981779915217 0.3647995018917206 0.0029840065614630622
0.10985411419875583 0.43824878376210197 0.0032465666065826957
0.13257113655901082 0.5010269461422506 0.0034147664124979764
0.15998587196060574 0.5640274114586915 0.003528010015078732
0.19306977288832497 0.6299503127207541 0.0035438200209858455
0.2329951810515372 0.684322929436659 0.0034846390285148726
0.2811768697974228 0.7335282950900127 0.0033816888749143435
0.3393221771895326 0.7719341713376291 0.0032552175489640343
0.4094915062380423 0.806026464699895 0.003124446649370576
0.49417133613238334 0.8392539908528416 0.00293086467640866
0.5963623316594643 0.8605441914497244 0.0028127741583346905
0.7196856730011514 0.8846986467616039 0.002603696057221421
0.868511373751352 0.9022589853924974 0.002450604595933995
1.0481131341546852 0.9118360445867233 0.0023677136682934076
1.2648552168552958 0.9303526372627035 0.002120595801408451
1.5264179671752318 0.9379328280876537 0.0020216559513102877
1.8420699693267144 0.9438914783345921 0.0019425322042768201
2.2229964825261934 0.9512848398581447 0.001829146979119753
2.6826957952797246 0.9567267688327902 0.0017387534437049424
3.2374575428176433 0.9642632824912917 0.0016057822335647262
3.906939937054613 0.969163161684179 0.0014876184984469333
4.714866363457389 0.9737719387796288 0.0013866962440880473
5.689866029018293 0.977012970292803 0.0013094347071560192
6.866488450042998 0.9797185211491094 0.0012386797316752338
8.286427728546842 0.9842577321784053 0.0010603116337165946
10.0 0.9859768067128134 0.0010285037865349277
