0.001 7.297516962270396e-06 1.2248309220156826e-07
0.0012067926406393288 1.3007532959251727e-05 2.141592457826826e-07
0.0014563484775012444 2.248884560279619e-05 3.8076141283721167e-07
0.0017575106248547913 3.894359398824333e-05 6.434798462678642e-07
0.0021209508879201904 6.885476098354921e-05 1.1273856889733848e-06
0.002559547922699536 0.00011545757478290202 1.9098698062413236e-06
0.0030888435964774815 0.00020272231310387444 3.314585814889574e-06
0.003727593720314938 0.00033902507116471 5.45844298735282e-06
0.004498432668969444 0.0005814529726821664 9.378822172976755e-06
0.005428675439323859 0.0009988023473439347 1.5731140302906072e-05
0.006551285568595509 0.0016635983512821191 2.5824603267052858e-05
0.0079060432109077 0.002693259044674879 4.1889117211534605e-05
0.009540954763499945 0.004621449489221208 6.974764749085438e-05
0.01151395399326447 0.007441887353028932 0.00010927306968210101
0.013894954943731374 0.01182920412247217 0.00017161188390193548
0.016768329368110076 0.01808386283656993 0.0002566798563860848
0.020235896477251564 0.02902496992859634 0.00039418671841140896
0.02442053094548651 0.04390102454580414 0.0005765836426425315
0.029470517025518096 0.0663524481724283 0.0008215753779871009
0.03556480306223128 0.09346286188779974 0.00110495018548989
0.04291934260128776 0.12903702914828472 0.0014420185667899424
0.0517947467923121 0.17538202304938016 0.0018271705678851893
0.0625055192527397 0.22936827569744328 0.002239963131445758
0.07543120063354615 0.2882373304282418 0.002606219153829017
0.09102981779915217 0.35352215303017803 0.0029386480652496922
0.10985411419875583 0.43214853707496176 0.0032258463924645132
0.13257113655901082 0.5003451626197366 0.003437867779754201
0.15998587196060574 0.5644015236084448 0.0035306461835143844
0.19306977288832497 0.6185238777590278 0.0035818756044850852
0.2329951810515372 0.6777515648806025 0.0035081485388236753
0.2811768697974228 0.7295050822632656 0.00340153729043927
0.3393221771895326 0.7675726126085416 0.0032804086019578792
0.4094915062380423 0.8015727327685136 0.003143907666957899
0.49417133613238334 0.8317045023556356 0.002989433083186545
0.5963623316594643 0.8573030594143569 0.002824799236032029
0.7196856730011514 0.876381665956265 0.002686798259128802
0.868511373751352 0.8972842528969344 0.0024946062021394388
1.0481131341546852 0.9120379312439243 0.002339212763029589
1.2648552168552958 0.9273635332400254 0.0021489099106065017
1.5264179671752318 0.9363061119538628 0.002065113524713742
1.8420699693267144 0.9442594609414707 0.0019520281469304706
2.2229964825261934 0.9512651985015577 0.0018228808548072944
2.6826957952797246 0.9564702602523719 0.0017417878775295773
3.2374575428176433 0.9631474812228095 0.0016134853539562762
3.906939937054613 0.9696478267538183 0.0014676870575101764
4.714866363457389 0.9706758597943954 0.0014609532273407223
5.689866029018293 0.9743520659284922 0.0013685006058668891
6.866488450042998 0.9794615055697774 0.0012241372256654916
8.286427728546842 0.981005607263873 0.0011918570659320434
10.0 0.9843745352520568 0.0010639932955559942
