0.001 7.38023223072857e-06 1.2210719207999763e-07
0.0012067926406393288 1.3203119569491317e-05 2.1772137284739436e-07
0.0014563484775012444 2.325365108925375e-05 3.791508031253104e-07
0.0017575106248547913 3.942217191625573e-05 6.508273624701092e-07
0.0021209508879201904 6.939381235982142e-05 1.122158878428269e-06
0.002559547922699536 0.00011978536025698542 1.9648799743676072e-06
0.0030888435964774815 0.0002043969381868222 3.3340033415679215e-06
0.003727593720314938 0.0003478993897668716 5.603729027795841e-06
0.004498432668969444 0.0005923249911898547 9.509425163412265e-06
0.005428675439323859 0.0010187559929152987 1.6021779340326334e-05
0.006551285568595509 0.0016969945712889559 2.6499995697700727e-05
0.0079060432109077 0.0027689156484098946 4.2302902689231255e-05
0.009540954763499945 0.004589539219094432 6.929394290695426e-05
0.01151395399326447 0.007428737173180048 0.00011111485984195144
0.013894954943731374 0.011850178357274121 0.0001714613149661175
0.016768329368110076 0.018967585309270767 0.0002669541249426279
0.020235896477251564 0.028649379521274467 0.00039111570380921586
0.02442053094548651 0.044497579122966285 0.0005778599840272039
0.029470517025518096 0.06506234404585769 0.0008092464945862718
0.03556480306223128 0.09218526581029851 0.001093187988203565
0.04291934260128776 0.13087361556698415 0.0014646240328766364
0.0517947467923121 0.17560918788723243 0.0018305917571899402
0.0625055192527397 0.23001691286221013 0.0022342492902917756
0.07543120063354615 0.2883472365413262 0.0026124429612710063
0.09102981779915217 0.36041060260010266 0.0029790441951776307
0.10985411419875583 0.4314547903663167 0.003224593215724097
0.13257113655901082 0.5021168392089659 0.003418060486175124
0.15998587196060574 0.5605738974929532 0.003548514176864046
0.19306977288832497 0.6268980557458175 0.0035528640156412008
0.2329951810515372 0.6751598004910861 0.0035489700689658402
0.2811768697974228 0.7318483046085789 0.003406684455835067
0.3393221771895326 0.7676511784239699 0.0032983332189575874
0.4094915062380423 0.805903151059972 0.0031275667006122605
0.49417133613238334 0.8320973363080615 0.0029947361343880445
0.5963623316594643 0.8591263103739449 0.0027982754780561734
0.7196856730011514 0.8820264175414024 0.002630357383682954
0.868511373751352 0.8972699018092463 0.002504815140321986
1.0481131341546852 0.9105786739584669 0.0023830972467445864
1.2648552168552958 0.9271273824075592 0.00217570395284931
1.5264179671752318 0.9357565828117113 0.0020523784293700934
1.8420699693267144 0.9440746913232139 0.0019509864342385395
2.2229964825261934 0.9532387861985963 0.0017861673713756349
2.6826957952797246 0.96011828368534 0.0016789356075195786
3.2374575428176433 0.9647609716510109 0.0015833001810512662
3.906939937054613 0.9686598374683847 0.0014841461037859971
4.714866363457389 0.975359062077591 0.001328771069699679
5.689866029018293 0.9759845387719339 0.0013343279871109092
6.866488450042998 0.9782796217356566 0.0012723632158842455
8.286427728546842 0.9808067042213883 0.0012009683751313825
10.0 0.9833658479322525 0.001118951012624224
