0.001 0.3444246613002751 0.0018532368757350553
0.0012067926406393288 0.41476416625102075 0.0020999573713410247
0.0014563484775012444 0.4987894523913631 0.0023092881599565385
0.0017575106248547913 0.5785545094052915 0.0024375529066766764
0.0021209508879201904 0.660604523037068 0.0024496224034706933
0.002559547922699536 0.7299104119151442 0.0024291528130866488
0.0030888435964774815 0.7907590402410507 0.0023226749506954237
0.003727593720314938 0.8414628854052486 0.0021486134341929188
0.004498432668969444 0.8809522655429675 0.00195865321202255
0.005428675439323859 0.9162499161779871 0.00170180399468645
0.006551285568595509 0.9370441320643454 0.0015401615841946208
0.0079060432109077 0.9542452793697738 0.001357333036384254
0.009540954763499945 0.9663645020731266 0.0011852723280148102
0.01151395399326447 0.9767163453771711 0.0009753389634572788
0.013894954943731374 0.9818476249213396 0.0008912336948778123
0.016768329368110076 0.9874170881713262 0.0007790431837681141
0.020235896477251564 0.9894305260349816 0.000705101617402117
0.02442053094548651 0.9930269982115114 0.0005679712785642725
0.029470517025518096 0.9937846335060895 0.000545148004154953
0.03556480306223128 0.9947488228969303 0.0005409112689631835
0.04291934260128776 0.9975088238844355 0.0003353521346858166
0.0517947467923121 0.9977143505986497 0.0003269065807825871
0.0625055192527397 0.9985671209672994 0.00028286600447758616
0.07543120063354615 0.9981772474742816 0.0003428823692062445
0.09102981779915217 0.9987091049540122 0.0002717035650908135
0.10985411419875583 0.9985420449078267 0.00029990465526848165
0.13257113655901082 0.9989504809126751 0.00023040660562273876
0.15998587196060574 0.999191894216481 0.00020869083684176378
0.19306977288832497 0.999402238739217 0.00022014644969411122
0.2329951810515372 0.9995901345968612 0.00014944320765098283
0.2811768697974228 0.9995594368166845 0.00016833702051829755
0.3393221771895326 0.9996484044527396 0.00017399561388067118
0.4094915062380423 0.9996192155859884 0.00017848558810716958
0.49417133613238334 0.9997486975325013 0.0001445317531651054
0.5963623316594643 0.9999713441691769 1.897619988714226e-05
0.7196856730011514 0.9996768848099087 0.00017368028001097182
0.868511373751352 0.9997770600726317 0.00014171171515519603
1.0481131341546852 0.9999967587400471 2.2900641693938574e-06
1.2648552168552958 0.9997977261661232 0.00014141145547416178
1.5264179671752318 0.9995998413729316 0.000199960027171663
1.8420699693267144 0.9999999662861373 3.37118707086757e-08
2.2229964825261934 0.9995999844846528 0.00019995999309609417
2.6826957952797246 0.9998999978535823 9.999499966609812e-05
3.2374575428176433 0.9998999999304143 9.999499986804695e-05
3.906939937054613 0.9996999999974392 0.00017317909804548108
4.714866363457389 0.9996999999999762 0.0001731790980459206
5.689866029018293 0.9998999999999995 9.99949998749937e-05
6.866488450042998 0.9999 9.999499987499377e-05
8.286427728546842 1.0 0.0
10.0 1.0 0.0
