0.001 0.34726921248931125 0.0018783836918580652
0.0012067926406393288 0.41787893670777937 0.002109058108773674
0.0014563484775012444 0.503409652922836 0.0023043253325548602
0.0017575106248547913 0.5786226312246462 0.0024489886194473693
0.0021209508879201904 0.6582855230266959 0.0024793930932406664
0.002559547922699536 0.7362439575882945 0.0023751592659040457
0.0030888435964774815 0.7944591160231955 0.0022836261726690787
0.003727593720314938 0.8410312143102657 0.00213513700974745
0.004498432668969444 0.8817198556772601 0.0019468636737365577
0.005428675439323859 0.9140622206186996 0.0017266560603824946
0.006551285568595509 0.9341864335402937 0.0015648828257020081
0.0079060432109077 0.9518678839462962 0.0013764371148062282
0.009540954763499945 0.966071642626575 0.0011968543576271078
0.01151395399326447 0.9752678399541146 0.001016868170865751
0.013894954943731374 0.9815818865102443 0.000905441555994541
0.016768329368110076 0.9865058387368683 0.0007915829402182684
0.020235896477251564 0.9905999561666738 0.0006567600488175788
0.02442053094548651 0.9932926460778146 0.0005491546410347853
0.029470517025518096 0.994671080918907 0.0005159945081143826
0.03556480306223128 0.996071171441781 0.0004293338040914915
0.04291934260128776 0.9960107917302232 0.00047372956574036655
0.0517947467923121 0.9975474572115492 0.00033336152857961184
0.0625055192527397 0.9982360269915512 0.0003213313299086612
0.07543120063354615 0.9983021731945333 0.0003236930195161269
0.09102981779915217 0.9990240421597533 0.00022286806962107633
0.10985411419875583 0.9992672895576421 0.00019436291439813857
0.13257113655901082 0.9991940250536873 0.00021429075948866226
0.15998587196060574 0.9995587693324954 0.00013036434789132745
0.19306977288832497 0.9995848323560763 0.00014810515344025756
0.2329951810515372 0.9997526358987978 0.00010257710437422923
0.2811768697974228 0.9994814985194729 0.0001931024946949012
0.3393221771895326 0.9995601368768513 0.0001850063075556601
0.4094915062380423 0.9994873112650446 0.00020726982371699194
0.49417133613238334 0.9997395719568536 0.0001450286112802521
0.5963623316594643 0.9997537811429278 0.00014325123679391336
0.7196856730011514 0.9998808274200981 0.00010058704016270943
0.868511373751352 0.9997848941701796 0.00014156453888791829
1.0481131341546852 0.9999927353750503 2.962542888242209e-06
1.2648552168552958 0.9998976113888348 9.999951193207448e-05
1.5264179671752318 0.9998994852843909 9.999521320805995e-05
1.8420699693267144 0.9997999201277071 0.0001414072077347525
2.2229964825261934 0.9996999862734236 0.00017317909577680066
2.6826957952797246 0.999699999500557 0.00017317909795976566
3.2374575428176433 0.9998999999447232 9.99949998694696e-05
3.906939937054613 0.9997999999987396 0.00014140721339433003
4.714866363457389 0.9997999999999815 0.00014140721339450562
5.689866029018293 0.9998 0.00014140721339450825
6.866488450042998 0.9999 9.999499987499377e-05
8.286427728546842 1.0 0.0
10.0 0.9997 0.0001731790980459247
