0.001 0.3840702929702802 0.0014406360546439484
0.0012067926406393288 0.43679668366214836 0.0015897862420420237
0.0014563484775012444 0.4969309822607468 0.0017085360167860076
0.0017575106248547913 0.5573947351707439 0.0018179309512032604
0.0021209508879201904 0.619089722905594 0.0018702365709979544
0.002559547922699536 0.6786569700258692 0.0019209439833616563
0.0030888435964774815 0.7343990189078217 0.0019125635482363276
0.003727593720314938 0.7872294168553655 0.0018449447486126019
0.004498432668969444 0.8330965189926661 0.0017435865431214225
0.005428675439323859 0.8734328962629927 0.0016114547262301043
0.006551285568595509 0.9033833081711442 0.0014833731087102043
0.0079060432109077 0.9294563855970212 0.0013070300997761219
0.009540954763499945 0.948246272978886 0.0011480934700047048
0.01151395399326447 0.9617359126922487 0.0010159199687690362
0.013894954943731374 0.971603726133931 0.0009110200396529153
0.016768329368110076 0.9792155316692092 0.0007982492094622786
0.020235896477251564 0.9828616759736125 0.0007610538996375197
0.02442053094548651 0.9893468319477381 0.0005853281881018108
0.029470517025518096 0.9915624790027596 0.0005330951586802874
0.03556480306223128 0.9943635537390263 0.0004149177485287405
0.04291934260128776 0.9952952911015204 0.00039534349338787264
0.0517947467923121 0.9955827766558768 0.0004340346791689548
0.0625055192527397 0.9968899850552385 0.0003656152082963069
0.07543120063354615 0.9984010905708829 0.0002597587822903478
0.09102981779915217 0.9984108403829673 0.0002806831994795768
0.10985411419875583 0.998597947383786 0.0002495303123846308
0.13257113655901082 0.9988109139063894 0.00024444625429172526
0.15998587196060574 0.9993317464298515 0.00015299255844593087
0.19306977288832497 0.9995901284718566 0.00011028345744781882
0.2329951810515372 0.9993393885565367 0.0001819305797267779
0.2811768697974228 0.9990553315348211 0.0002587214310806381
0.3393221771895326 0.9995987901298815 0.00016003928793797785
0.4094915062380423 0.9997810229580624 0.00011201096849835884
0.49417133613238334 0.999873396899629 5.377799579615831e-05
0.5963623316594643 0.999560852661199 0.0002010849563852181
0.7196856730011514 0.9997191719159672 0.0001450769786057459
0.868511373751352 0.999488538042819 0.0002237601444046584
1.0481131341546852 0.9997870520662986 0.00014165837515956419
1.2648552168552958 0.9998963949108247 0.0001000503926999641
1.5264179671752318 0.999796684003725 0.00014142604857100545
1.8420699693267144 0.9999978728944617 1.2249826319802142e-06
2.2229964825261934 0.999899237094177 9.999589160892781e-05
2.6826957952797246 0.9997998522778209 0.00014140723105590146
3.2374575428176433 0.9995999667520593 0.0001999599907298935
3.906939937054613 0.9996999945019394 0.00017317909713711866
4.714866363457389 0.9994999999999998 0.00022355088906108155
5.689866029018293 0.9996999999772043 0.00017317909804197726
6.866488450042998 0.9999999999990355 9.644634104374054e-13
8.286427728546842 0.9998999999999152 9.999499987498528e-05
10.0 0.9999999999999997 2.997962514998689e-16
