0.001 0.38152238954885953 0.001437799588550778
0.0012067926406393288 0.436744194195192 0.0015746777213854648
0.0014563484775012444 0.49309080479875994 0.0017095808412617858
0.0017575106248547913 0.5584820134312506 0.0018110405932373675
0.0021209508879201904 0.6156956390397272 0.0018878906840391057
0.002559547922699536 0.6755920595121659 0.0019263598718524102
0.0030888435964774815 0.7299112571346489 0.001926211674216533
0.003727593720314938 0.7874112154354782 0.0018222012163113105
0.004498432668969444 0.8337334710864958 0.0017459027902026925
0.005428675439323859 0.8703135131573666 0.0016367579062828914
0.006551285568595509 0.9016835939774661 0.001488700308177012
0.0079060432109077 0.9273638493588207 0.0013358004590175174
0.009540954763499945 0.9453066544884594 0.001202676940353446
0.01151395399326447 0.959631424576656 0.0010601425370352325
0.013894954943731374 0.9709041768844278 0.0009154478129997686
0.016768329368110076 0.977873769709327 0.0008406814589451549
0.020235896477251564 0.9857763428253158 0.0006729711465404059
0.02442053094548651 0.988712568495451 0.0006104835532146299
0.029470517025518096 0.9914450526547957 0.0005584901503555662
0.03556480306223128 0.993108804843599 0.0005260242406992492
0.04291934260128776 0.9951893524677149 0.00041415598766051705
0.0517947467923121 0.996023242396529 0.0003919497193805275
0.0625055192527397 0.9976239461808724 0.0002690130434929588
0.07543120063354615 0.9986356220579864 0.00020226569297671527
0.09102981779915217 0.9983954621528727 0.00027856593634526596
0.10985411419875583 0.9991177454529779 0.00017399501312223938
0.13257113655901082 0.9992591927852836 0.0001656246473447005
0.15998587196060574 0.9987751792529661 0.0002591805976010105
0.19306977288832497 0.9992311274011024 0.0002103598512115779
0.2329951810515372 0.999499760127981 0.00015297688394000337
0.2811768697974228 0.9994879755332324 0.00016003777540306297
0.3393221771895326 0.9996942603293549 0.00012277111950551985
0.4094915062380423 0.9998079870604157 7.349904643078894e-05
0.49417133613238334 0.9997631809288294 0.00011549243202078511
0.5963623316594643 0.9997145592820551 0.00011791087970955379
0.7196856730011514 0.9996793946696438 0.0001739402731664787
0.868511373751352 0.9998769904397282 0.00010121040230897646
1.0481131341546852 0.9998769349792288 0.00010073003310577392
1.2648552168552958 0.9997834450796459 0.00014163648317837337
1.5264179671752318 0.9998957479032946 0.00010003807142716921
1.8420699693267144 0.9997962469431874 0.00014141909342301777
2.2229964825261934 0.9996992857509195 0.00017317970879910115
2.6826957952797246 0.9997995551499782 0.00014140732530421298
3.2374575428176433 1.0 2.2201107365788583e-17
3.906939937054613 0.999899985029572 9.999499875130081e-05
4.714866363457389 0.9996999974262215 0.00017317909760484584
5.689866029018293 0.9998999997827251 9.999499985332416e-05
6.866488450042998 0.9999999999834981 6.734855413853707e-12
8.286427728546842 0.9996999999998497 0.0001731790980458987
10.0 0.9996 0.00019995999599919982
