0.001 0.3831433421876078 0.0014334575696854737
0.0012067926406393288 0.4339747082555309 0.0015776302841189105
0.0014563484775012444 0.4949661610929585 0.0017105235307173525
0.0017575106248547913 0.554232176965691 0.0018165974328172504
0.0021209508879201904 0.6184432943453214 0.0018671919356645582
0.002559547922699536 0.677310517933409 0.00190931200290604
0.0030888435964774815 0.7330634511018372 0.0019151560838658191
0.003727593720314938 0.784815148018392 0.0018564465916432102
0.004498432668969444 0.8305339367928763 0.0017712989373129167
0.005428675439323859 0.8724150185220482 0.001609049385296848
0.006551285568595509 0.902296694395464 0.001496254958744461
0.0079060432109077 0.9275817075036579 0.0013486607253273416
0.009540954763499945 0.9463000163225884 0.0011965781153808076
0.01151395399326447 0.9617743990627805 0.001013873318477627
0.013894954943731374 0.970990370657589 0.0009225246465818276
0.016768329368110076 0.9798788574712833 0.0007999670297065469
0.020235896477251564 0.9839385614443112 0.0007266437918062119
0.02442053094548651 0.9890521938588998 0.000597243640707662
0.029470517025518096 0.9906780637529284 0.0005736802870237625
0.03556480306223128 0.9927399282562157 0.0005463277811155203
0.04291934260128776 0.9959239412338285 0.0003587178868655552
0.0517947467923121 0.9964282297693923 0.0003461351448972618
0.0625055192527397 0.9978044571249757 0.00028709586864217925
0.07543120063354615 0.9976672344431871 0.000339436615067705
0.09102981779915217 0.9982698926616614 0.00027606429805147946
0.10985411419875583 0.9982253210132268 0.00030513856436195213
0.13257113655901082 0.9985640337727868 0.0002400332893134711
0.15998587196060574 0.9989452886387123 0.0002207116747772669
0.19306977288832497 0.9993270133851425 0.00021527162972981555
0.2329951810515372 0.999436836553208 0.00015696522066778438
0.2811768697974228 0.9994161682058519 0.0001758190185239707
0.3393221771895326 0.9995404005230736 0.00017854231487817593
0.4094915062380423 0.9995407176367367 0.00018265627985311145
0.49417133613238334 0.9996809767532077 0.00014851650453976052
0.5963623316594643 0.9999329659797551 3.343402996263997e-05
0.7196856730011514 0.9996449172857447 0.00017565685212275932
0.868511373751352 0.99972630563844 0.00014429804164701123
1.0481131341546852 0.9999846274172892 1.0664528609706295e-05
1.2648552168552958 0.9997818344552144 0.00014168039192624614
1.5264179671752318 0.999597663578006 0.00019997295585594846
1.8420699693267144 0.9999989328786424 1.0638180598896157e-06
2.2229964825261934 0.9995987515371042 0.0001999610426629887
2.6826957952797246 0.9998994645395661 9.999530425600438e-05
3.2374575428176433 0.9998999318792552 9.99950046610724e-05
3.906939937054613 0.9996999869334317 0.0001731790960288041
4.714866363457389 0.9996999991093156 0.00017317909789392067
5.689866029018293 0.9998999997587403 9.999499985096357e-05
6.866488450042998 0.9998999999735035 9.999499987234453e-05
8.286427728546842 0.9999999999996009 2.304520781335299e-13
10.0 0.9999999999999922 3.886468553714483e-15
