0.001 0.38490384913034753 0.0014540069924523025
0.0012067926406393288 0.436098500389802 0.0015852669952532011
0.0014563484775012444 0.49837102436830216 0.0017057587053046395
0.0017575106248547913 0.5544655388863506 0.0018238782814441181
0.0021209508879201904 0.616815582251462 0.001887401995313165
0.002559547922699536 0.6820671372850284 0.001874083994225874
0.0030888435964774815 0.7365333283304178 0.0018841198054026106
0.003727593720314938 0.7839331340434661 0.0018393800661302678
0.004498432668969444 0.830574660810728 0.0017584671292012648
0.005428675439323859 0.8703851534556838 0.0016282165185767484
0.006551285568595509 0.8987874531706816 0.0015192272695658687
0.0079060432109077 0.9247850970456629 0.0013740416703216466
0.009540954763499945 0.9461603987642133 0.001206906903509643
0.01151395399326447 0.9601291974265452 0.001048128315025265
0.013894954943731374 0.9707118015900691 0.0009374641325627431
0.016768329368110076 0.9787580512866931 0.000821315466752305
0.020235896477251564 0.9849350061395867 0.0006864126134991426
0.02442053094548651 0.9892547163351227 0.0005820527916979841
0.029470517025518096 0.9918057608228662 0.0005385726684788248
0.03556480306223128 0.9939371232292037 0.00045301592680808863
0.04291934260128776 0.9945621221737069 0.00047156097901707747
0.0517947467923121 0.996359712783229 0.0003537193178018469
0.0625055192527397 0.9974798933326753 0.0003268123870713792
0.07543120063354615 0.9977280668259988 0.0003277109869377163
0.09102981779915217 0.998529597534383 0.00023824329308972194
0.10985411419875583 0.9989057829147914 0.00020374929892600993
0.13257113655901082 0.9989158028467775 0.00021621886615710598
0.15998587196060574 0.999300353036506 0.00014452537890997946
0.19306977288832497 0.9994036136428917 0.00015733870759873124
0.2329951810515372 0.9996484162942388 0.00010896327139989592
0.2811768697974228 0.999360877598956 0.0001995202716553341
0.3393221771895326 0.9994754228269086 0.00019007629468669178
0.4094915062380423 0.9994324892783919 0.00021168651064440522
0.49417133613238334 0.9996814703381782 0.00014975970108559056
0.5963623316594643 0.9997093990426345 0.00014759021473455695
0.7196856730011514 0.9998476038185147 0.00010348144222032509
0.868511373751352 0.9997435604051308 0.00014329748252809842
1.0481131341546852 0.999960145514583 1.5904158888223554e-05
1.2648552168552958 0.9998777421963637 0.00010039986343199834
1.5264179671752318 0.9998906661651338 0.00010008085575205001
1.8420699693267144 0.9997967171220411 0.00014141621058690707
2.2229964825261934 0.999698484569481 0.0001731801585708371
2.6826957952797246 0.9996998173634496 0.0001731791144933725
3.2374575428176433 0.9998999141401377 9.999500049946747e-05
3.906939937054613 0.99979998877311 0.00014140721195513993
4.714866363457389 0.999799998635996 0.00014140721320378188
5.689866029018293 0.9997999999285545 0.0001414072133844124
6.866488450042998 0.9998999999950241 9.99949998744962e-05
8.286427728546842 0.9999999999998775 7.068642554826119e-14
10.0 0.9996999999999981 0.00017317909804592438
