0.001 0.07663850792374223 0.0006562038279379682
0.0012067926406393288 0.1159970566361065 0.000924677337289222
0.0014563484775012444 0.1604178186463714 0.0012139629604261328
0.0017575106248547913 0.2199195755333139 0.0015557696328789895
0.0021209508879201904 0.29280867807012034 0.0019142063896398812
0.002559547922699536 0.3785839087786994 0.002231486586641187
0.0030888435964774815 0.4621323903492128 0.0025032315218248492
0.003727593720314938 0.5599489867512433 0.0026451632238898666
0.004498432668969444 0.6358522962757551 0.002739530615655978
0.005428675439323859 0.7156786764292538 0.0026623570050220437
0.006551285568595509 0.7806739187921963 0.002528948470533801
0.0079060432109077 0.839420803167404 0.0023015215490513096
0.009540954763499945 0.8812844085152592 0.00208067271634363
0.01151395399326447 0.9110338113869779 0.001873276269559015
0.013894954943731374 0.9362592925684455 0.0016137081788437995
0.016768329368110076 0.9530771711696955 0.001458809416167611
0.020235896477251564 0.9647582390065041 0.0012827634558431548
0.02442053094548651 0.9744668928046444 0.0010880295217789882
0.029470517025518096 0.9816435154786944 0.000943941553505373
0.03556480306223128 0.9857802972145703 0.0008499780031422412
0.04291934260128776 0.989815404092218 0.0007402588283795987
0.0517947467923121 0.9924567798066455 0.0006422612320279783
0.0625055192527397 0.9945984773077975 0.0005386050521584459
0.07543120063354615 0.9956449701235397 0.0004757389136659
0.09102981779915217 0.996357709488404 0.0004555567162204685
0.10985411419875583 0.9966092554765126 0.0004581118473441155
0.13257113655901082 0.9981829311406784 0.000284526566866297
0.15998587196060574 0.9987360822302149 0.00026766498030109006
0.19306977288832497 0.9986468161939767 0.00028681141959570696
0.2329951810515372 0.9985069486602187 0.0003341715720887537
0.2811768697974228 0.9992485336731077 0.00023072688787048617
0.3393221771895326 0.9993834273710547 0.00019957835925613052
0.4094915062380423 0.999564660424561 0.00018207401953364847
0.49417133613238334 0.9997237234281345 0.0001387018928245717
0.5963623316594643 0.9992060838398543 0.000263714310694942
0.7196856730011514 0.9998747168451168 6.421171891155468e-05
0.868511373751352 0.9996481645259618 0.00015603381490868074
1.0481131341546852 0.9997283419648544 0.0001465931097565356
1.2648552168552958 0.9995582994418557 0.00020135572977728403
1.5264179671752318 0.9997846398176267 0.00014180016890325117
1.8420699693267144 0.9994857291988243 0.0002236605746774579
2.2229964825261934 0.9995971299190883 0.0001999696979444484
2.6826957952797246 0.9999990453353687 6.742655069495955e-07
3.2374575428176433 0.9997994961155515 0.0001414073664540175
3.906939937054613 0.9997999242737214 0.00014140720944072125
4.714866363457389 0.9997999854943284 0.00014140721152881735
5.689866029018293 0.9999999993024409 4.931995503438412e-10
6.866488450042998 0.9996999999586613 0.000173179098038766
8.286427728546842 0.9997999999993171 0.00014140721339441173
10.0 0.9999999999999555 2.2284112836131226e-14
