0.001 0.07810787221618802 0.0006600536438949347
0.0012067926406393288 0.11407590275455877 0.0009202508441433133
0.0014563484775012444 0.16037520611772207 0.00122249449613915
0.0017575106248547913 0.22489241658594739 0.00156937770541788
0.0021209508879201904 0.2937789977508809 0.0019264536750162558
0.002559547922699536 0.37628847970328533 0.002248206518839953
0.0030888435964774815 0.46132960778477283 0.002508277790711896
0.003727593720314938 0.5574888624437194 0.002639466549047455
0.004498432668969444 0.6459901274285718 0.002709638795759925
0.005428675439323859 0.7193291031123422 0.0026438961499154253
0.006551285568595509 0.7844172715381921 0.0025173549564120132
0.0079060432109077 0.8394587486687289 0.002301343407034399
0.009540954763499945 0.8791835787888158 0.0021064440178733632
0.01151395399326447 0.9107788540879447 0.0018800936456031645
0.013894954943731374 0.9355232866474662 0.0016360831384302848
0.016768329368110076 0.9520428238821931 0.0014610100274894456
0.020235896477251564 0.9688062056630781 0.0011697098815208829
0.02442053094548651 0.9756123433530405 0.001083734591020495
0.029470517025518096 0.9819888222368922 0.0009450305536355043
0.03556480306223128 0.9859469239319997 0.0008598392337782885
0.04291934260128776 0.9898307985942398 0.0007313955457811665
0.0517947467923121 0.9918010284574048 0.0006618777965291622
0.0625055192527397 0.994704604914584 0.0005065395560272208
0.07543120063354615 0.9969004163458368 0.0003640537107714534
0.09102981779915217 0.996951823174852 0.000416429533483805
0.10985411419875583 0.9981030342321099 0.00031145604698689543
0.13257113655901082 0.9984463180475043 0.00028235621165526514
0.15998587196060574 0.9978392876474889 0.0003761057927186523
0.19306977288832497 0.9986586012787415 0.0002887152139753314
0.2329951810515372 0.9990412108243688 0.00024161223263530055
0.2811768697974228 0.9990605013560384 0.00025122666871989365
0.3393221771895326 0.9994180212681362 0.0001822605634558003
0.4094915062380423 0.9995680201625929 0.0001557251303714018
0.49417133613238334 0.9995804983717302 0.0001636530538616252
0.5963623316594643 0.9994524311795809 0.00017977820030135023
0.7196856730011514 0.999645728624669 0.00017808844727791202
0.868511373751352 0.9998380525856544 0.00010843860978381553
1.0481131341546852 0.9998351430519525 0.0001056126930399447
1.2648552168552958 0.9997522761876633 0.00014331058257014738
1.5264179671752318 0.9998875029724863 0.00010036855643445435
1.8420699693267144 0.9997888458460142 0.00014151521974442208
2.2229964825261934 0.999697864877054 0.00017318529140896043
2.6826957952797246 0.9997986669332891 0.00014140859479464982
3.2374575428176433 1.0 6.660332209736573e-17
3.906939937054613 0.9998999550909572 9.999499874435205e-05
4.714866363457389 0.9996999922787141 0.0001731790967513731
5.689866029018293 0.9998999993481761 9.9994999810339e-05
6.866488450042998 0.9999999999504942 2.020456569782836e-11
8.286427728546842 0.9996999999995491 0.00017317909804584656
10.0 0.9996 0.00019995999599919982
