0.001 0.078920902051885 0.0006627323494919787
0.0012067926406393288 0.11583054401465301 0.0009368126347523532
0.0014563484775012444 0.16411145568068072 0.0012359282789615672
0.0017575106248547913 0.22353781468024272 0.0015870932436271423
0.0021209508879201904 0.30034498737402876 0.001943941835632635
0.002559547922699536 0.3834890370592133 0.00225229861351817
0.0030888435964774815 0.4669719534933729 0.0025167353189400107
0.003727593720314938 0.5588830512652412 0.0026490972497043934
0.004498432668969444 0.6435233212522374 0.0027251339655643635
0.005428675439323859 0.7209709676664926 0.002624389823939657
0.006551285568595509 0.7849735874151598 0.0025400737451319257
0.0079060432109077 0.8350477782331065 0.0023607861743610574
0.009540954763499945 0.8819234216350332 0.0020608186102143667
0.01151395399326447 0.9149859554912353 0.0018273362966980625
0.013894954943731374 0.9376452746876639 0.0016055299118658592
0.016768329368110076 0.9542130419331055 0.001432884577921808
0.020235896477251564 0.9673010761235133 0.0012174664167148373
0.02442053094548651 0.9759222840492435 0.001071669964339192
0.029470517025518096 0.9820487893359001 0.0009424430169787397
0.03556480306223128 0.987577608124142 0.0007973605920890182
0.04291934260128776 0.9894035678741758 0.0007522809285660076
0.0517947467923121 0.9923196400454639 0.0006236087963094983
0.0625055192527397 0.9932350264507166 0.0006224788419639277
0.07543120063354615 0.9955892659564933 0.0004834291006338564
0.09102981779915217 0.9967371589556878 0.0004391245696321942
0.10985411419875583 0.9965145715382714 0.0004764082186819975
0.13257113655901082 0.9976498935851829 0.0003863324236395532
0.15998587196060574 0.9983308138759177 0.0003077863124962738
0.19306977288832497 0.998055978957147 0.00036248485711713063
0.2329951810515372 0.9988404846279167 0.000273880537318672
0.2811768697974228 0.9990409243672828 0.0002621485174758256
0.3393221771895326 0.9994162494114726 0.00016707028729084233
0.4094915062380423 0.9996526834235246 0.00016185133242449225
0.49417133613238334 0.9995519291553737 0.00017727201983587973
0.5963623316594643 0.9992667141385365 0.00023379751678278128
0.7196856730011514 0.9995360667500613 0.00018873107790200048
0.868511373751352 0.999862683936384 5.8939579844312186e-05
1.0481131341546852 0.9999463826390973 2.926072692463124e-05
1.2648552168552958 0.9997796765467083 0.0001420662063521494
1.5264179671752318 0.9997802636509714 0.00014174015055480084
1.8420699693267144 0.9998873473878739 0.00010012676706062096
2.2229964825261934 0.9999984773647066 1.0750844985760834e-06
2.6826957952797246 0.9999993357576139 3.833655120292789e-07
3.2374575428176433 0.9997999501333161 0.00014140721513119272
3.906939937054613 0.9997999670125207 0.00014140720969043127
4.714866363457389 0.999799996239774 0.00014140721287517256
5.689866029018293 0.9996999995896761 0.0001731790979749248
6.866488450042998 0.9995999999913194 0.0001999599959974634
8.286427728546842 0.9998999999997453 9.99949998749683e-05
10.0 0.9996999999999961 0.00017317909804592406
