0.001 0.0022326328546200926 5.533831705006151e-05
0.0012067926406393288 0.0033221687916726644 8.384420427041454e-05
0.0014563484775012444 0.004654807080488901 0.00011134990078442205
0.0017575106248547913 0.006401979090358958 0.0001418144901400505
0.0021209508879201904 0.009271719200467342 0.00020062314948158171
0.002559547922699536 0.01289050430686003 0.0002491747674286645
0.0030888435964774815 0.01783236196480925 0.0003167282821890804
0.003727593720314938 0.025275724367900154 0.0004170410560011934
0.004498432668969444 0.03424536865165788 0.000497722403941665
0.005428675439323859 0.04828903695309638 0.0006462974692072827
0.006551285568595509 0.06470682282281666 0.0007035391573807711
0.0079060432109077 0.08607165437747774 0.0007636978501723701
0.009540954763499945 0.11507465967664522 0.0008783517533307737
0.01151395399326447 0.15335607619854263 0.0009750650424059375
0.013894954943731374 0.201072830028529 0.001054292496422326
0.016768329368110076 0.2570255754366826 0.0010956138794488096
0.020235896477251564 0.32892251656180177 0.0011478700664931487
0.02442053094548651 0.4097323470870594 0.0011895260841069703
0.029470517025518096 0.4982121416908435 0.0011894470434566724
0.03556480306223128 0.5951771025704856 0.0011998119835782604
0.04291934260128776 0.6856314975636676 0.0011529582004817253
0.0517947467923121 0.7721528537535962 0.0010210315128636937
0.0625055192527397 0.8481413975390764 0.0008640717083750243
0.07543120063354615 0.9061121221680983 0.0006849658439379057
0.09102981779915217 0.9478208344053103 0.0005423647987370283
0.10985411419875583 0.9740834981324821 0.00034302424173623085
0.13257113655901082 0.9877617916312454 0.00034585192622778885
0.15998587196060574 0.9941251478510956 0.00041109357903456917
0.19306977288832497 0.9977770999697144 0.0002789662808879048
0.2329951810515372 0.9985993458346489 0.0003214691214888635
0.2811768697974228 0.9993921209284412 0.00022481601042224412
0.3393221771895326 0.9992446196103664 0.00026637538401014504
0.4094915062380423 0.9988908877701123 0.0003315299058529861
0.49417133613238334 0.9989198044306496 0.00031897883606705514
0.5963623316594643 0.9992889000424325 0.000264597296746513
0.7196856730011514 0.9992305695745006 0.00027184032897795504
0.868511373751352 0.9993990935893565 0.00024487610424504374
1.0481131341546852 0.9990631429304678 0.0003009584348966703
1.2648552168552958 0.9989999455762756 0.00031606959799747677
1.5264179671752318 0.9992754465805949 0.0002653494484778715
1.8420699693267144 0.9992999264645707 0.00026448250419097344
2.2229964825261934 0.9992984632426767 0.0002644860238467178
2.6826957952797246 0.9991960504187734 0.0002827560179710538
3.2374575428176433 0.998996616795131 0.0003160775937133907
3.906939937054613 0.9985817744926099 0.0003743407976171544
4.714866363457389 0.9994999999999563 0.00022355088906107182
5.689866029018293 0.999 0.0003160696125855822
6.866488450042998 0.9988999999948899 0.0003314800144788155
8.286427728546842 0.9993998680381343 0.0002448754814807565
10.0 0.9993996233856378 0.00024487567586526315
