0.001 0.023545383834563456 0.00012176445969288082
0.0012067926406393288 0.028961510431643682 0.0001747757968820734
0.0014563484775012444 0.034516436995840755 0.00019429534029252634
0.0017575106248547913 0.0411653393086089 0.000221075674159058
0.0021209508879201904 0.04969104508768592 0.00026763339165724524
0.002559547922699536 0.059573031304990864 0.00031734103025611186
0.0030888435964774815 0.07079303550779616 0.0003506516980270015
0.003727593720314938 0.08491556436474645 0.0004223730573802969
0.004498432668969444 0.10135175463644745 0.0004649023345321805
0.005428675439323859 0.11999227764017803 0.0005099983654844531
0.006551285568595509 0.14331384893967367 0.0006004383243097761
0.0079060432109077 0.16895277088071256 0.000644417498708248
0.009540954763499945 0.1993676050185319 0.0006897005286853668
0.01151395399326447 0.23488094009622354 0.000767470479101922
0.013894954943731374 0.2754482254377611 0.000829587698629163
0.016768329368110076 0.32187878203651155 0.0008918937728280811
0.020235896477251564 0.3712662797261052 0.000885858038513465
0.02442053094548651 0.42763842964182386 0.0009343960000024001
0.029470517025518096 0.48669852904709987 0.0009279831260604824
0.03556480306223128 0.5522416181792171 0.0009291831647390881
0.04291934260128776 0.6176192542520659 0.0009034707702533884
0.0517947467923121 0.6827205319107673 0.0008855375231068819
0.0625055192527397 0.7485134948737463 0.0008156010881640202
0.07543120063354615 0.8088581704507964 0.0007411317419818316
0.09102981779915217 0.8605632159039269 0.0006876713667036241
0.10985411419875583 0.9057152808507122 0.0005591899181174454
0.13257113655901082 0.9399214012029977 0.0004522744022966931
0.15998587196060574 0.9644335861777065 0.00036591856015603
0.19306977288832497 0.9800120537603847 0.00040891556496055657
0.2329951810515372 0.9897139295963796 0.00038830165206847823
0.2811768697974228 0.9947044713332259 0.0003852180315229561
0.3393221771895326 0.9978228380638209 0.0002832988619552075
0.4094915062380423 0.9987803111451552 0.00028303135115413154
0.49417133613238334 0.999383214969417 0.00021199656499254049
0.5963623316594643 0.9990780353098475 0.000295447831826828
0.7196856730011514 0.998830787398306 0.00032919083715528036
0.868511373751352 0.9989706069361771 0.0003170336269400292
1.0481131341546852 0.99906265947228 0.00028864458073624426
1.2648552168552958 0.998701055717794 0.00035378708050210606
1.5264179671752318 0.9990999804679365 0.0002998649638720583
1.8420699693267144 0.999796719996883 0.00014142642376277107
2.2229964825261934 0.9992963128418647 0.00026449718277854733
2.6826957952797246 0.9986937178288278 0.0003603541170459599
3.2374575428176433 0.9994967424048986 0.00022356624666141793
3.906939937054613 0.9995632883515706 0.00020306255430164007
4.714866363457389 0.9987558948166068 0.0003475074781782505
5.689866029018293 0.9990975802952522 0.0002998727517993708
6.866488450042998 0.9995999999562457 0.00019995999599045175
8.286427728546842 0.9992 0.0002827295527531566
10.0 0.9991998726706952 0.0002827295453935234
