0.001 0.0240480540949634 0.00013844388449451856
0.0012067926406393288 0.02875615668361644 0.0001550470765337589
0.0014563484775012444 0.034621614397308355 0.00019195168910888418
0.0017575106248547913 0.04169068919073456 0.00022632917349987467
0.0021209508879201904 0.04979006053570631 0.0002603073081799175
0.002559547922699536 0.060418383436598916 0.00031644913594452235
0.0030888435964774815 0.07213077840243132 0.0003730750027334851
0.003727593720314938 0.0854321612945852 0.0003971660540419496
0.004498432668969444 0.10193362710063611 0.00047131516184110636
0.005428675439323859 0.12184673810444759 0.000518392828578884
0.006551285568595509 0.14334834512568165 0.0005614091746598695
0.0079060432109077 0.1714684982370192 0.0006668112316399852
0.009540954763499945 0.20210922443110577 0.0007290472669799836
0.01151395399326447 0.237030394862075 0.0007632988427561125
0.013894954943731374 0.2771009324205572 0.0007997888978141797
0.016768329368110076 0.321816792672364 0.0008344655259527042
0.020235896477251564 0.3737731411924888 0.0008775698180529505
0.02442053094548651 0.4300847613480111 0.0009127800930050484
0.029470517025518096 0.4913284691965918 0.0009147406030871079
0.03556480306223128 0.555090584694289 0.0009494251291329634
0.04291934260128776 0.6223413925344219 0.0009063257142142477
0.0517947467923121 0.6873733161767317 0.0008798036141886774
0.0625055192527397 0.7509977589611035 0.0008340960241373736
0.07543120063354615 0.8106949297561553 0.0007591284450125435
0.09102981779915217 0.8635262937482489 0.0006630122068173111
0.10985411419875583 0.9078208864296352 0.0005478547922194124
0.13257113655901082 0.9415386973384895 0.00043151204848933684
0.15998587196060574 0.9659214757316819 0.00032078958165618137
0.19306977288832497 0.9814130707295455 0.0003339746590508548
0.2329951810515372 0.9909231008377788 0.0002824402204238037
0.2811768697974228 0.9959845059361873 0.0002135882456455803
0.3393221771895326 0.9979903619708506 0.0002514482099505569
0.4094915062380423 0.9987130550649351 0.0002822376063985642
0.49417133613238334 0.9981250594654962 0.0004109674811657081
0.5963623316594643 0.9994870673119456 0.00021152186047258416
0.7196856730011514 0.9991229262324738 0.0002895855629160065
0.868511373751352 0.9990413245081372 0.0003048130005155045
1.0481131341546852 0.998839833811983 0.0003351157253283135
1.2648552168552958 0.9995030624444997 0.00020876509921364413
1.5264179671752318 0.9994563017756442 0.00022715171919762182
1.8420699693267144 0.9994954943735689 0.000223565127601689
2.2229964825261934 0.9984252854486567 0.0003912198042977474
2.6826957952797246 0.9994364888666121 0.00022891824049486628
3.2374575428176433 0.9991931682373333 0.0002827655396720415
3.906939937054613 0.9992668831113691 0.0002665388944887359
4.714866363457389 0.998599961346959 0.0003739037184233553
5.689866029018293 0.9992999999830047 0.0002644825135951731
6.866488450042998 0.9988999660712108 0.0003314800049546798
8.286427728546842 0.999499999998738 0.00022355088906079928
10.0 0.9987980024315027 0.00034620661490556456
