0.001 0.024454102576732806 0.0001444218163679606
0.0012067926406393288 0.02903130395294034 0.00015194078051022786
0.0014563484775012444 0.0354734421647315 0.0002106272667370043
0.0017575106248547913 0.04197578775758493 0.00022496846409973076
0.0021209508879201904 0.0502580142665293 0.00025683504275745254
0.002559547922699536 0.060796757018008796 0.00032094567929364455
0.0030888435964774815 0.07218640943598702 0.00034978878364817605
0.003727593720314938 0.08639943535459692 0.00041483325992668345
0.004498432668969444 0.10342040544033955 0.000498244766155298
0.005428675439323859 0.12303474652129484 0.0005320454332187238
0.006551285568595509 0.1454946406863218 0.0005723893708956856
0.0079060432109077 0.17313228884784906 0.0006679204812676264
0.009540954763499945 0.20287705077223034 0.0006985573409449164
0.01151395399326447 0.23874497980371212 0.0007570798310998964
0.013894954943731374 0.2782761819093387 0.0007910167845442419
0.016768329368110076 0.32522874651319306 0.0008564050437383401
0.020235896477251564 0.37689298457659154 0.0009174908938173327
0.02442053094548651 0.4336271413784096 0.0009331248784337227
0.029470517025518096 0.49414959738855857 0.0009111728936394288
0.03556480306223128 0.5576780874160553 0.0009164979997716714
0.04291934260128776 0.6262319301553687 0.0008926727612135522
0.0517947467923121 0.6901773213728528 0.000860596477840521
0.0625055192527397 0.7547866607822188 0.0008042390342866062
0.07543120063354615 0.8139128693497472 0.0007422663683720069
0.09102981779915217 0.8664748785802578 0.0006440371151387107
0.10985411419875583 0.9102816795633029 0.0005611635553364553
0.13257113655901082 0.9431629871930676 0.0004460088522084112
0.15998587196060574 0.9669334209346127 0.0003415696183606562
0.19306977288832497 0.9815269899267139 0.0003640959684341489
0.2329951810515372 0.9908496384350208 0.00033157982173672216
0.2811768697974228 0.9954773703406615 0.000342237721500152
0.3393221771895326 0.9980064527625567 0.0002713391253621146
0.4094915062380423 0.9989093283802507 0.0002544369698340912
0.49417133613238334 0.9989989721977095 0.00030002488576608843
0.5963623316594643 0.9989531590638823 0.00031670823738921453
0.7196856730011514 0.9994267539105957 0.00022820613838881942
0.868511373751352 0.9991851080590807 0.00027191081739527174
1.0481131341546852 0.9989990718195597 0.00031607014802332857
1.2648552168552958 0.9990446033185384 0.0003028593545696601
1.5264179671752318 0.9993172619832021 0.00025346699947082705
1.8420699693267144 0.9994999759592722 0.00022355088492055856
2.2229964825261934 0.9988690744757616 0.0003321570911006828
2.6826957952797246 0.999250931763203 0.0002689818237868282
3.2374575428176433 0.9985999978968876 0.00037390373014238544
3.906939937054613 0.9993999959170967 0.0002448754775933613
4.714866363457389 0.9990754258755434 0.0003008627658269558
5.689866029018293 0.9990816160202849 0.000300422399719648
6.866488450042998 0.9990999745745262 0.00029986496304806897
8.286427728546842 0.9990999224153502 0.000299864956361068
10.0 0.9992929642776777 0.00026457420779650424
