0.001 0.02446505870196656 0.0001366132388638733
0.0012067926406393288 0.0292217502285083 0.0001586019411559006
0.0014563484775012444 0.035179084656655285 0.00018292390305673715
0.0017575106248547913 0.042345132828192654 0.00021883944553928027
0.0021209508879201904 0.05035721637856935 0.0002368471441216544
0.002559547922699536 0.0607250164293506 0.00028930556225874337
0.0030888435964774815 0.07378735273284884 0.0003930322322034858
0.003727593720314938 0.08750898184427665 0.00042885643399143624
0.004498432668969444 0.10334946294336066 0.000441279898494388
0.005428675439323859 0.12388733844454242 0.0005431727678760339
0.006551285568595509 0.14769907458352702 0.000606833208572727
0.0079060432109077 0.17328851861621455 0.0006408691268413606
0.009540954763499945 0.2067315950403632 0.0007550859814312968
0.01151395399326447 0.24114954621870965 0.0007670412387337045
0.013894954943731374 0.28116625332003825 0.0008078116805531156
0.016768329368110076 0.32829778366169776 0.0008538708060816629
0.020235896477251564 0.3797731676103201 0.0008894873507385892
0.02442053094548651 0.4364153576321596 0.0008918334494704115
0.029470517025518096 0.49741766402689264 0.0009178238508130734
0.03556480306223128 0.5628071458826933 0.000917054750953487
0.04291934260128776 0.629582239256303 0.0008929434453901658
0.0517947467923121 0.6951835870754643 0.0008663924695291045
0.0625055192527397 0.7587606984594847 0.0007996446188093328
0.07543120063354615 0.81832410856555 0.0006997028241245246
0.09102981779915217 0.8693751291502733 0.0006217696103586565
0.10985411419875583 0.9114919251537763 0.0005648071565787022
0.13257113655901082 0.9442649456118611 0.0004673199292821305
0.15998587196060574 0.967980375912894 0.00038860373523723503
0.19306977288832497 0.9821777063291023 0.0004140067518669023
0.2329951810515372 0.9917836617722607 0.00024782472310630845
0.2811768697974228 0.9958037351678533 0.0003170215333124878
0.3393221771895326 0.9981736107462262 0.0002443519668002571
0.4094915062380423 0.9989286429955307 0.0002497197556879323
0.49417133613238334 0.9990665264396191 0.00028362262069772507
0.5963623316594643 0.999539715771237 0.0001957681131202673
0.7196856730011514 0.9983351616837792 0.00039553626212498555
0.868511373751352 0.9993243802307828 0.00024953078186975663
1.0481131341546852 0.9990571240553012 0.00030121378734583327
1.2648552168552958 0.9992514232339041 0.00025967917526914405
1.5264179671752318 0.9991287319968581 0.00028954038853348454
1.8420699693267144 0.9992702520115674 0.00026610976269449355
2.2229964825261934 0.9990097844663043 0.00031305518057162646
2.6826957952797246 0.999298302015639 0.00026448731814494994
3.2374575428176433 0.999290959485486 0.00026462191478437367
3.906939937054613 0.9990999888021844 0.00029986496645837237
4.714866363457389 0.9988999986931633 0.00033148001404837834
5.689866029018293 0.9995977073561686 0.00019997267874506474
6.866488450042998 0.9993994426537943 0.00024487597620464856
8.286427728546842 0.9989998093578606 0.0003160696097103987
10.0 0.9991999999999923 0.00028272955275315446
