0.001 4.706003115442133e-05 3.3788302619528876e-06
0.0012067926406393288 7.269976517781024e-05 5.462847688262469e-06
0.0014563484775012444 0.00013113951157438152 9.210319230752682e-06
0.0017575106248547913 0.00022147743940011604 1.5428973361148686e-05
0.0021209508879201904 0.00035433533633935416 2.4000923885577563e-05
0.002559547922699536 0.0006235745007139059 4.01993477083551e-05
0.0030888435964774815 0.0010297199632296277 6.310085036089322e-05
0.003727593720314938 0.0014611660009046113 8.611321690965172e-05
0.004498432668969444 0.002441175902039491 0.00013870581340638742
0.005428675439323859 0.0036887728410248885 0.0001852991916275893
0.006551285568595509 0.005389909965898089 0.00024163534903766476
0.0079060432109077 0.00904142340884538 0.0003658075292688911
0.009540954763499945 0.013548447252424935 0.0004734496179368878
0.01151395399326447 0.019556975716654216 0.0005400023363096809
0.013894954943731374 0.0288191327051915 0.0006613732383460504
0.016768329368110076 0.04217129124092794 0.0007480367768763333
0.020235896477251564 0.06297380574361582 0.0008873903280962859
0.02442053094548651 0.09219017214470769 0.0009979586900430986
0.029470517025518096 0.1322776307406156 0.0010745793047820759
0.03556480306223128 0.18703204827665412 0.0012177674903253303
0.04291934260128776 0.2568850325462484 0.001269742015855703
0.0517947467923121 0.3405079401175185 0.0013069035250695515
0.0625055192527397 0.438730676775502 0.0013769469669939213
0.07543120063354615 0.5460679359097124 0.0013739378037017744
0.09102981779915217 0.654557573887648 0.0013221833180802592
0.10985411419875583 0.755689817232619 0.0011783133085749445
0.13257113655901082 0.8394664326714475 0.0009767534286186908
0.15998587196060574 0.9038384595888952 0.0007264041581119099
0.19306977288832497 0.9477239169094208 0.0005399064424009211
0.2329951810515372 0.9747046857637958 0.00038524424560155415
0.2811768697974228 0.9889516666804758 0.00026418582315419406
0.3393221771895326 0.9952683618782728 0.0002755955147972291
0.4094915062380423 0.9977769084358853 0.0003105395631521183
0.49417133613238334 0.9977993228402132 0.00042999254985978013
0.5963623316594643 0.9993746340133667 0.00022735172148220234
0.7196856730011514 0.9990629308741636 0.00029918576239878027
0.868511373751352 0.9989976537196075 0.0003133444415473224
1.0481131341546852 0.9987812271701396 0.0003435540919900512
1.2648552168552958 0.9994028557681811 0.0002320320540585585
1.5264179671752318 0.9994112334682396 0.000237163913256669
1.8420699693267144 0.9994866865516193 0.00022368059018686184
2.2229964825261934 0.9983587432569692 0.00040055530075720276
2.6826957952797246 0.9993718856688826 0.0002424295864156764
3.2374575428176433 0.9991801405769029 0.0002830416706590484
3.906939937054613 0.9992299191605447 0.00027359097501266483
4.714866363457389 0.9985998840850858 0.0003739037052459002
5.689866029018293 0.9992999999490139 0.00026448251358618125
6.866488450042998 0.9988998982481048 0.0003314799963034972
8.286427728546842 0.9994999999962138 0.00022355088906023481
10.0 0.9987941116449134 0.0003462440342069555
