0.001 5.2166811218689365e-05 3.819974395438413e-06
0.0012067926406393288 7.108725721919605e-05 5.092592969253995e-06
0.0014563484775012444 0.00015805761160031002 1.0933137205941806e-05
0.0017575106248547913 0.00022276199888334957 1.5795185204107388e-05
0.0021209508879201904 0.00035262019328559065 2.403417307872106e-05
0.002559547922699536 0.0006384292974337878 4.0675637418042386e-05
0.0030888435964774815 0.000949805305676184 6.0166860906829386e-05
0.003727593720314938 0.0015765887937567173 9.297395638255508e-05
0.004498432668969444 0.0026886718687934184 0.0001481650978899461
0.005428675439323859 0.0038506913553035993 0.00019065772807836407
0.006551285568595509 0.005645785304761377 0.0002453862685101441
0.0079060432109077 0.009155286339139028 0.0003556931248680605
0.009540954763499945 0.013141604815052759 0.00043814102434790837
0.01151395399326447 0.01980333214506059 0.0005495388819178298
0.013894954943731374 0.0289281682857306 0.0006521936582907357
0.016768329368110076 0.04394239702615319 0.0008042905642079072
0.020235896477251564 0.06537674718821615 0.0009384290236328889
0.02442053094548651 0.09481879950603803 0.0010309795226628512
0.029470517025518096 0.13419920726682114 0.00105481695920755
0.03556480306223128 0.1882266157577558 0.0011445856015659464
0.04291934260128776 0.26074539801251984 0.0012162726784104424
0.0517947467923121 0.3439975735993 0.0012990990369612615
0.0625055192527397 0.4442659791317201 0.001349006333888915
0.07543120063354615 0.551895074433977 0.0013504858319192342
0.09102981779915217 0.6606247049503026 0.0012966696126856356
0.10985411419875583 0.7619971988341234 0.0011670537732105769
0.13257113655901082 0.843970891275857 0.0009635956867400237
0.15998587196060574 0.906911357057092 0.0007179531377249316
0.19306977288832497 0.948535125014876 0.0005751151615352712
0.2329951810515372 0.975116655130629 0.0004343892017490243
0.2811768697974228 0.9888725261315372 0.00037728852072037273
0.3393221771895326 0.9955221885306342 0.0002893228722377991
0.4094915062380423 0.9980494892003642 0.0002762336382521362
0.49417133613238334 0.9988003042263545 0.0003012959619614051
0.5963623316594643 0.9988712004423284 0.00032020431280071896
0.7196856730011514 0.9993356077000075 0.00024220381920256724
0.868511373751352 0.9990738158155371 0.0002960106225433988
1.0481131341546852 0.9989972311475805 0.00031607609394497527
1.2648552168552958 0.9989815305461142 0.0003121883153495903
1.5264179671752318 0.9992545609927154 0.0002659237678928132
1.8420699693267144 0.9994999278944022 0.00022355088405693984
2.2229964825261934 0.9988200732026405 0.0003356871274538796
2.6826957952797246 0.9992132037754229 0.0002783339171806055
3.2374575428176433 0.9985999936907605 0.0003739037286023818
3.906939937054613 0.999399987751786 0.0002448754758625888
4.714866363457389 0.9990429102535127 0.0003052337416989765
5.689866029018293 0.9990543655975056 0.0003033034869241302
6.866488450042998 0.9990999237427907 0.0002998649563293977
8.286427728546842 0.9990997674265818 0.00029986498998840717
10.0 0.9992803430467094 0.00026520672153583226
