0.001 0.06995470450456605 0.0006872609456593714
0.0012067926406393288 0.09292176483886831 0.0008628962725247069
0.0014563484775012444 0.12423789107728431 0.001104426265640283
0.0017575106248547913 0.16268826546463275 0.0013577815144641178
0.0021209508879201904 0.2104779742145127 0.0016399675573118297
0.002559547922699536 0.2658250137062626 0.0019150535545848048
0.0030888435964774815 0.3244382307411995 0.0022221385380053705
0.003727593720314938 0.3927686037698261 0.0024542419615800463
0.004498432668969444 0.46536960515906 0.002698939375007459
0.005428675439323859 0.5386645242498146 0.0028567751713519207
0.006551285568595509 0.6047506626687414 0.002950808461246725
0.0079060432109077 0.6716954011264521 0.0029400148487010646
0.009540954763499945 0.7324879757455891 0.002869727954481288
0.01151395399326447 0.7855900316354755 0.002716603041494583
0.013894954943731374 0.8225465280417866 0.002646001796596482
0.016768329368110076 0.8599591383450402 0.002445030905114427
0.020235896477251564 0.8871470017110281 0.0022510235624087645
0.02442053094548651 0.9105679689433238 0.0020990497779555086
0.029470517025518096 0.9261446726865336 0.0019435255236748572
0.03556480306223128 0.9402871184654336 0.001791969437426391
0.04291934260128776 0.9517152683753193 0.0016550926334471844
0.0517947467923121 0.9588716395619046 0.0015426050478062512
0.0625055192527397 0.9681132431568964 0.00138026558545079
0.07543120063354615 0.9715321363190375 0.001331652148617103
0.09102981779915217 0.9775889224701139 0.0011757386375506765
0.10985411419875583 0.9820118460162763 0.0010756909987892649
0.13257113655901082 0.9841652973678109 0.0010146382904447093
0.15998587196060574 0.9868701690116355 0.0009377665527684713
0.19306977288832497 0.9898913938131083 0.0007929945877770264
0.2329951810515372 0.9893576519290136 0.0008704401495748778
0.2811768697974228 0.9931612611954715 0.0006571749509030643
0.3393221771895326 0.9934987436128045 0.0006530217113486922
0.4094915062380423 0.9928309049798981 0.000706260947722866
0.49417133613238334 0.9942281795696657 0.0006518167187200642
0.5963623316594643 0.9950849223101086 0.0006001890242420237
0.7196856730011514 0.9958672035510161 0.000557943490184524
0.868511373751352 0.9962832403107972 0.0005285364517803006
1.0481131341546852 0.9958616122674637 0.0005565871946486323
1.2648552168552958 0.9974069566222216 0.00043646893770856577
1.5264179671752318 0.9971931105157484 0.0004593582445901063
1.8420699693267144 0.9972269934264154 0.00047154696543717475
2.2229964825261934 0.9982888801868216 0.00037243029099348813
2.6826957952797246 0.9976194108948241 0.00045280840004487886
3.2374575428176433 0.9973150693145202 0.0005008911253298635
3.906939937054613 0.9987319503817457 0.0003466189970443795
4.714866363457389 0.999070070971028 0.000299955129484979
5.689866029018293 0.9985904824625479 0.0003739094672946902
6.866488450042998 0.997995899040193 0.0004467653108855013
8.286427728546842 0.9987991184432065 0.00034620200970350746
10.0 0.9981998212544975 0.0004238819848739665
