0.001 0.0695018716884391 0.0006835562854403794
0.0012067926406393288 0.09369835831071911 0.0008692001365090975
0.0014563484775012444 0.12513667433780637 0.0010860994278661315
0.0017575106248547913 0.1627827328622066 0.0013743432153270388
0.0021209508879201904 0.20699393501514668 0.001639969192279637
0.002559547922699536 0.2621471830314576 0.0019296949017678592
0.0030888435964774815 0.32591436245255834 0.0022203657531718038
0.003727593720314938 0.3893474758675376 0.0024798624582185406
0.004498432668969444 0.4636045902008917 0.0027091948591349215
0.005428675439323859 0.5314083197838028 0.002856591065093999
0.006551285568595509 0.6104848486497612 0.002920997055431688
0.0079060432109077 0.6687114874714699 0.002946945288743185
0.009540954763499945 0.729884128815154 0.002882141440209017
0.01151395399326447 0.782628961038802 0.002753444514297846
0.013894954943731374 0.8243819723237619 0.002621771310881467
0.016768329368110076 0.860375861546846 0.0024347280923803665
0.020235896477251564 0.8868533885791344 0.0022605092362440763
0.02442053094548651 0.9089492593906416 0.0021000995028048583
0.029470517025518096 0.9225772052520637 0.001977960053961893
0.03556480306223128 0.9385958020243929 0.0018251635863931032
0.04291934260128776 0.9518832588953475 0.0016115389250147404
0.0517947467923121 0.9594886238142774 0.0015317552723269506
0.0625055192527397 0.9677750234865882 0.0013803435527982451
0.07543120063354615 0.972673554830429 0.0012907359068343655
0.09102981779915217 0.9773654961555694 0.0011952062412587097
0.10985411419875583 0.9806043573333016 0.0011076530238954907
0.13257113655901082 0.9841418362992123 0.0010305589095976385
0.15998587196060574 0.9861400405171076 0.0009716316631814974
0.19306977288832497 0.98857002627707 0.0008834846305459044
0.2329951810515372 0.9902532398441246 0.0007985437864282682
0.2811768697974228 0.9923771871025284 0.000714632100239961
0.3393221771895326 0.9931820313640463 0.0006931093810349301
0.4094915062380423 0.9936555240786605 0.0006664662446001312
0.49417133613238334 0.9933492603515717 0.0007051848835203315
0.5963623316594643 0.9949397377226478 0.0006096995496263713
0.7196856730011514 0.9959008049130843 0.0005278393845448568
0.868511373751352 0.9960542048695467 0.0005496871828307119
1.0481131341546852 0.9963915656619862 0.0005177071437682372
1.2648552168552958 0.9976155200465008 0.0004337267110779392
1.5264179671752318 0.9968325058266326 0.000491550596163855
1.8420699693267144 0.9974856248291638 0.00045731904149613897
2.2229964825261934 0.9975262061384156 0.0004599597599896112
2.6826957952797246 0.9976721417580958 0.0004532729417579158
3.2374575428176433 0.9982413587779294 0.00039072338402651387
3.906939937054613 0.9985032381859662 0.0003746880152195484
4.714866363457389 0.9982569937609409 0.0004121015315430219
5.689866029018293 0.9983801637542736 0.0003997026246844718
6.866488450042998 0.9979938501641209 0.0004467662218644376
8.286427728546842 0.9977978663132326 0.000468524586705232
10.0 0.9984997497985951 0.0003870076616166954
