0.9793141366029303 0.001891979742117707 0.9823894454826868 0.0010556652021995138
0.9906219180665047 0.0014113829071788053 0.9903476433710188 0.00082726770297018
0.9926445045079301 0.001297795543440494 0.991861542333378 0.0007551704627476129
0.995382840799858 0.0011225100008200445 0.9939257048577971 0.0006788556410355376
0.9958097342066446 0.0010417118099814912 0.9948028436493367 0.0006258770045245598
0.9966774797152167 0.000960587470277899 0.995588776361642 0.0005850282123678487
0.997505178735003 0.0008881475689905608 0.9962328648953584 0.0005487648377787023
0.9976233832126662 0.0008189154712129476 0.9968221132346038 0.0005093103039624226
0.9977343886569887 0.0009223345034670233 0.9959294284942527 0.0005817741807775215
0.9983361307589109 0.0008787833415264797 0.9963004527594667 0.000584397576752771
0.9985322212220497 0.00080709974351192 0.996896451368691 0.0005369760622811442
0.99816838584283 0.0008461428437221665 0.9965921908497417 0.0005424987472442079
0.9986127652782031 0.0008452157617607135 0.9965859063778691 0.0005631045313457465
0.9991963444855866 0.0007785447540338172 0.9971034038125054 0.0005315559841972301
0.9985942295634123 0.0007396980010477964 0.997424650517826 0.0004796993765724929
0.9988443126517821 0.0007848415808375609 0.9970708752371451 0.0005250796740044453
0.9989784557546393 0.0007194055694998234 0.9975595242277828 0.0004818348134106441
0.998952612179603 0.0008780733014828187 0.996295777127998 0.0005988864623581303
0.9992170167504468 0.0005028353338802768 0.9988664781222587 0.00033308695521114804
