0.9797834764809119 0.0018071032450768935 0.9839762071903111 0.0009970228603004732
0.990002175155171 0.0014434083493843472 0.9898972027277363 0.0008469816988684763
0.9938852259964716 0.0011021656792713924 0.994177401860072 0.0006287137002987963
0.9948626949019127 0.0010559940419369545 0.9946766055318652 0.0006238950110769276
0.9961324549853 0.0010723083927785153 0.9944651770985269 0.0006663881225755135
0.9965655064133395 0.0009511850362497953 0.9956847909249947 0.0005806999070439674
0.9973067556492065 0.0009528738022293674 0.9956438193450533 0.0006050352840444534
0.9980160545784166 0.000853636676067489 0.9965266804334986 0.000543421837720215
0.9980957257714254 0.0009231379130449781 0.9959030698218608 0.0006006229148303255
0.9981481842352068 0.0008947666409619196 0.9961650073624981 0.0005841779106751941
0.9981025267835975 0.0007214427855034482 0.9975649327425407 0.0004472945438371797
0.998649332564356 0.0007535310243273876 0.9973124981692152 0.0004915778516414213
0.9984254227960645 0.0008900812738231298 0.9962038615950325 0.0005862185226927485
0.9988249001858582 0.0007565226029489653 0.9972863237018393 0.0005048239759144317
0.9988463844216893 0.0008208054198958086 0.9967812687766232 0.0005519917197674169
0.9990183114188461 0.0007628244508511627 0.9972358586064399 0.0005129872098697688
0.9989493254909324 0.000770709113949702 0.9971765324213678 0.0005213237122415479
0.9993007611424457 0.0007463058031900715 0.9973485852607701 0.000510849257047088
0.999163578793097 0.000835333891251951 0.9966486171057011 0.0005717204123998193
