0.9812874320681356 0.0018631452218718703 0.9829310236386279 0.0010601063828459762
0.9901979632933494 0.0013596050959287507 0.9910640183483611 0.0007667521110853948
0.993160648795756 0.0012210402193199073 0.992815697705287 0.0007028220598573086
0.9948834860686344 0.0009734960833084805 0.9955204132802759 0.000552752957787441
0.9960660651239492 0.0009686029177132014 0.9955300280852629 0.0005666699615774249
0.9969535638339189 0.0009506623932994944 0.9956721448401676 0.0005938284819302574
0.9976615715551242 0.0009068690232256987 0.996068842099691 0.0005829182685333673
0.9976759529667925 0.0008613419691019461 0.9964674804668355 0.0005516010567376019
0.9974562315570604 0.0008806610708389584 0.9963120375365999 0.0005537505247199007
0.9986577945498418 0.0007823352671502746 0.9970911652492858 0.0005184570110597628
0.9985314365939282 0.0007807347933629308 0.9971119678869922 0.0005088595007421953
0.9985880559982494 0.0007957538725512182 0.9969932409803427 0.0005257542399139854
0.9987685530419571 0.0007637792561503738 0.9972366551417825 0.0005054926117969075
0.998815696941877 0.0006329786787974155 0.9981439501536743 0.00041189928817593187
0.9991639850899716 0.0007366945535943396 0.99742402198783 0.0005012880553721496
0.9991272480517411 0.0007593090231117636 0.9972537538457676 0.0005201117038383466
0.9992286908214071 0.0007698551491036121 0.9971712161212719 0.0005293398552461811
0.9992239721649275 0.0006886779757746795 0.9977638844352725 0.0004695118406454886
0.9993409821873679 0.0007509328101684095 0.9973092276523087 0.000519399609118668
