0.9792181430660681 0.001856920128856761 0.9830801125839622 0.0010325687555653043
0.989720484734079 0.0014306134548576798 0.9901016335529128 0.0008226270202941522
0.9936185184530081 0.0011494872764408073 0.9936561881838949 0.0006629119522478966
0.9953897206254584 0.0009130129546714707 0.9960676357888715 0.0005260080499920749
0.9961286263175391 0.0008524982145016936 0.9965840869904223 0.0004903844699182825
0.9970487457468676 0.000988098140210649 0.9953110108723091 0.0006166017888305791
0.9976940296620018 0.0008482502279452973 0.9965778809624866 0.0005425375160488477
0.9976439748814823 0.0008004716078814045 0.9969776265311251 0.0004960173185847461
0.9980209387642536 0.0007946713112011595 0.9970215660326065 0.0004979393100196937
0.9982926501297349 0.000881658167509033 0.9962852414927147 0.0005818575293580207
0.9985900241504911 0.0006998873679609921 0.9977106581046593 0.00045265426626518176
0.9983256320124536 0.0006858682259729761 0.9978230057141496 0.0004317492601531441
0.9988432695941167 0.0007310350685177317 0.9974726817459661 0.0004887504696774788
0.9990278025382094 0.0006815290003888174 0.9978178900991719 0.0004595810693221828
0.9991160478992717 0.0007463771853289818 0.9973524157305655 0.0005103190565569767
0.9991927102085674 0.0007936040917292929 0.9969858405498085 0.0005475115420559698
0.9991235980247023 0.0007582661437042256 0.9972606580091431 0.0005203005234912189
0.9991311426701549 0.0006997535194948178 0.9976867738098614 0.00047951115464111893
0.9993561415701389 0.0006775721331657163 0.997828941174799 0.00046879477101095617
