0.9798500163991066 0.0018915381441424275 0.9823969377874248 0.0010690673317393339
0.9909496190484577 0.0013571005040147535 0.991096262921913 0.0007930243142226215
0.993533887815223 0.001144097907513332 0.9937147126634498 0.0006536446349619698
0.9954472207238922 0.0010807623543086075 0.9943928399626971 0.0006485062712623841
0.9964210675097106 0.0008703622765435168 0.9964184355169017 0.0005061978821512362
0.9969199933928665 0.0009313216661226726 0.9958557601427399 0.0005631460530674653
0.9970842111793783 0.00089087354320406 0.9962240118489746 0.0005461469718585079
0.9976189028198272 0.0009050399394810665 0.9960873783323164 0.0005749799095143655
0.9980043260226784 0.0008313246165700626 0.9967219779650354 0.0005230263597123131
0.9980647004932909 0.0008436710401301242 0.9966165930725387 0.0005430631880992752
0.997756451672308 0.0008464224063255389 0.9966106666677075 0.0005342236340051086
0.9986219834176576 0.0007339461177831556 0.9974618383043288 0.0004843998003530794
0.998974516552262 0.0007332261716670662 0.9974541963019811 0.000492965656940915
0.9987162982267688 0.0007890356448724479 0.9970400638395825 0.0005310932080651868
0.9988457156292603 0.0007191456756594888 0.9975633027040998 0.0004814972253207186
0.999170039175317 0.0006775980108864645 0.9978389438118666 0.00045976672128688316
0.9991563406546743 0.0008448970046490728 0.9965703060935964 0.000582818403902391
0.9993776397070135 0.0006498059323891723 0.9980138033671139 0.00044730756368722784
0.9993968244575688 0.0007490574620494507 0.9973213708609882 0.0005192812249423854
