0.9800456086740758 0.0019141157120089712 0.981972914186693 0.0010855582131133396
0.990387307831812 0.0013881924706813605 0.9906774369764413 0.0007955074013393037
0.9936764845194139 0.0012777478133396 0.9921018058101814 0.0007648105496702995
0.9954896192201285 0.000955524136069472 0.9956629392525016 0.0005523737567475293
0.996516807813619 0.0009636375316080142 0.995566988314155 0.0005869561243035528
0.9964185457216006 0.0008927348332398458 0.996232261860386 0.0005272933477794114
0.9970394241687284 0.0008794390511702062 0.9963289869069951 0.0005335104758896666
0.9975418622039994 0.0009102436234001109 0.9960415249615262 0.0005683785791963532
0.9977399842374516 0.0008231443418026213 0.9967883833496337 0.0005169319281949291
0.998440888715101 0.0007709568137991996 0.9971844204978756 0.0005018362395594368
0.998566955837533 0.0007649120816059924 0.9972246445541144 0.0005074342692270136
0.9987099937313886 0.0008322101855992653 0.9966912224312447 0.0005554794053948348
0.9990073944349456 0.0008122360584259841 0.9968443663404262 0.0005507749552386167
0.9988646895867499 0.0007049128394637261 0.9976598687905176 0.00047187371225597364
0.9989375246639746 0.0007626222209256067 0.9972404791463061 0.0005124466288082639
0.9992480702881203 0.0005636951764905103 0.9985422499221795 0.00037621611806466044
0.9989634965334598 0.0006865627831309712 0.9977890345473573 0.0004598610907019215
0.9991002872461991 0.0007001139391337831 0.9976876835700265 0.00047331841400510605
0.9992277642605678 0.0007938607137423071 0.9969839807501154 0.0005475514650247785
