0.001 0.0008067467249067681 5.564593741660227e-05
0.0012067926406393288 0.0010247138043891861 6.940477004371562e-05
0.0014563484775012444 0.001522640564076125 0.00010037673554013091
0.0017575106248547913 0.0021141062158780873 0.00012956250956498285
0.0021209508879201904 0.002645822846918237 0.0001459693743849753
0.002559547922699536 0.003796438426141081 0.00019957457124602794
0.0030888435964774815 0.0054680456002975265 0.0002676415704472643
0.003727593720314938 0.007911981596613422 0.0003501786233563553
0.004498432668969444 0.01066060818010999 0.00042076146796634977
0.005428675439323859 0.014103778797747614 0.00046531081619446924
0.006551285568595509 0.0194944212150599 0.0005448003859418862
0.0079060432109077 0.025929213508537993 0.0005570568322871234
0.009540954763499945 0.03610146192025269 0.0006589715784956658
0.01151395399326447 0.04717453268202093 0.0005730977687244639
0.013894954943731374 0.0648703898998764 0.0006333976463949857
0.016768329368110076 0.08769018711376204 0.0006372799396331953
0.020235896477251564 0.1182389884931644 0.0006391993502431756
0.02442053094548651 0.1584667525492595 0.000715751533445272
0.029470517025518096 0.20782927426668663 0.0007106161324752547
0.03556480306223128 0.26958213336708103 0.0007728849096593464
0.04291934260128776 0.34340383007482794 0.0009031638650057481
0.0517947467923121 0.4267790672386821 0.0009443246406948378
0.0625055192527397 0.5201556486672759 0.0010341490646139865
0.07543120063354615 0.6173343721985931 0.0010640435499859329
0.09102981779915217 0.7099821292601105 0.0010544069093452305
0.10985411419875583 0.7947526334581171 0.0009799836323069867
0.13257113655901082 0.8669947073328566 0.0008213223591686925
0.15998587196060574 0.9189267087870201 0.0006606496337881572
0.19306977288832497 0.9558791282964963 0.0004583586481429524
0.2329951810515372 0.9778213429913639 0.0002918690847966203
0.2811768697974228 0.9904241043776254 0.00015537967288264902
0.3393221771895326 0.9961933461913147 7.337520591891988e-05
0.4094915062380423 0.9987116354490805 2.8274270297267767e-05
0.49417133613238334 0.9996389426539628 8.77972429378849e-06
0.5963623316594643 0.9999228653823325 2.075989135353457e-06
0.7196856730011514 0.9999858310468047 3.869895669573827e-07
0.868511373751352 0.9999983020980387 4.866417600883538e-08
1.0481131341546852 0.9999998670905418 3.988191493296212e-09
1.2648552168552958 0.9999999934923215 1.9761186947272102e-10
1.5264179671752318 0.9999999998363323 5.140535682191177e-12
1.8420699693267144 0.9999999999980497 6.344413068895982e-14
2.2229964825261934 0.9999999999999902 3.2385316003402717e-16
2.6826957952797246 1.0 1.5522490223493228e-18
3.2374575428176433 1.0 1.0293390128256927e-18
3.906939937054613 1.0 8.964664227922347e-19
4.714866363457389 1.0 6.879800455918813e-19
5.689866029018293 1.0 0.0
6.866488450042998 1.0 0.0
8.286427728546842 1.0 0.0
10.0 1.0 0.0
