0.001 0.012363264471856076 0.00011593199790922784
0.0012067926406393288 0.014640292551377096 0.00012351182366009207
0.0014563484775012444 0.01776245076061198 0.00015470739081233393
0.0017575106248547913 0.021354594162827818 0.00017959115218287513
0.0021209508879201904 0.02533715551336017 0.00018177860524257267
0.002559547922699536 0.030570970013542847 0.00022136157233034335
0.0030888435964774815 0.03690134702889845 0.0002718799877569094
0.003727593720314938 0.04472782587874307 0.0003335213705689239
0.004498432668969444 0.05349010950123538 0.0003751387515005204
0.005428675439323859 0.06345945573047271 0.00040315063654131604
0.006551285568595509 0.07622946663032626 0.0004613353429707058
0.0079060432109077 0.09050734667095545 0.0004719884214361858
0.009540954763499945 0.10850952030298945 0.0005621791771805394
0.01151395399326447 0.12744839504763453 0.0005061293339556083
0.013894954943731374 0.1517742342428278 0.000569795014815337
0.016768329368110076 0.17942658432279335 0.0005832715322815849
0.020235896477251564 0.21194927311462383 0.000587188497815437
0.02442053094548651 0.24973546116646048 0.0006478414799041009
0.029470517025518096 0.29157956101987104 0.0006254908033176547
0.03556480306223128 0.3394227261269408 0.0006427191300973702
0.04291934260128776 0.39298926014281377 0.0007171387483334983
0.0517947467923121 0.45039632117978345 0.0006961400129385716
0.0625055192527397 0.5138070869716427 0.0007402539020093631
0.07543120063354615 0.580518880198193 0.0007559332151674533
0.09102981779915217 0.6472793979496658 0.0007693523797844344
0.10985411419875583 0.7137048373422534 0.0007541905819247285
0.13257113655901082 0.7782963379562682 0.0007057654912010413
0.15998587196060574 0.8346242975720987 0.000666432727717011
0.19306977288832497 0.8840438255095916 0.0005702759313482236
0.2329951810515372 0.9232239894452817 0.0004762018850831132
0.2811768697974228 0.9536164229491265 0.00035786713336139657
0.3393221771895326 0.9737198418207424 0.00025396555734479443
0.4094915062380423 0.9865193757879502 0.00016188693686467154
0.49417133613238334 0.9937633536272577 9.151533912613694e-05
0.5963623316594643 0.9975112128341956 4.445563361895011e-05
0.7196856730011514 0.9990377866892002 1.953638836341919e-05
0.868511373751352 0.999698121170267 6.896982592410748e-06
1.0481131341546852 0.999922476558173 1.9573618930670755e-06
1.2648552168552958 0.9999837016839761 4.363260391671261e-07
1.5264179671752318 0.9999975307198281 6.961283144923852e-08
1.8420699693267144 0.9999997429386028 7.64219720677437e-09
2.2229964825261934 0.9999999821675559 5.432510340833287e-10
2.6826957952797246 0.9999999992832678 2.2348001550993467e-11
3.2374575428176433 0.9999999999842277 4.859146481623941e-13
3.906939937054613 0.9999999999998487 4.761692775196672e-15
4.714866363457389 0.9999999999999997 1.7375213797367006e-17
5.689866029018293 1.0 0.0
6.866488450042998 1.0 0.0
8.286427728546842 1.0 0.0
10.0 1.0 0.0
