0.001 2.750552223658219e-05 3.696357551338783e-06
0.0012067926406393288 3.797790554789365e-05 5.754531884096482e-06
0.0014563484775012444 7.095235507608867e-05 1.0110720131555942e-05
0.0017575106248547913 0.00011076965898516582 1.5452806740660512e-05
0.0021209508879201904 0.00013569767066220416 2.1101814018047216e-05
0.002559547922699536 0.00023867128385129165 3.5726484227596534e-05
0.0030888435964774815 0.000417322234812484 5.8231989404635266e-05
0.003727593720314938 0.0007134243828446277 8.889516279052688e-05
0.004498432668969444 0.0010724198747867721 0.00013518410051741825
0.005428675439323859 0.0014267209196929572 0.00017633641322964
0.006551285568595509 0.0021616412466945708 0.0002488681353064362
0.0079060432109077 0.0026643589974031014 0.00028992897415052387
0.009540954763499945 0.004351424443281806 0.00042655516251634826
0.01151395399326447 0.00461987729967162 0.0004132851014624206
0.013894954943731374 0.006987927703683092 0.0005236684886212843
0.016768329368110076 0.009548840391287299 0.0005610714366052722
0.020235896477251564 0.013436102293645166 0.0005764288468573174
0.02442053094548651 0.02061380331767229 0.0006646417300613759
0.029470517025518096 0.02948190464899227 0.0006137770484916811
0.03556480306223128 0.04421693203652265 0.0006035515135218619
0.04291934260128776 0.06767324260940025 0.0007130274972571179
0.0517947467923121 0.09816489934329455 0.0006203318498026792
0.0625055192527397 0.14413839719139127 0.0007135022433482585
0.07543120063354615 0.2054075946874506 0.0008047901251618149
0.09102981779915217 0.28234341014926684 0.0009377910892401271
0.10985411419875583 0.3752176270474993 0.0010423865401240089
0.13257113655901082 0.48259200477633196 0.001144417551220844
0.15998587196060574 0.5920952114616539 0.001251103231552605
0.19306977288832497 0.6992388835523282 0.0012097867571661915
0.2329951810515372 0.7930046540655615 0.0011194438150977384
0.2811768697974228 0.8707854042657227 0.0009132930946409975
0.3393221771895326 0.9250663000022219 0.0006875857667353744
0.4094915062380423 0.9608680111879415 0.00045744081989819484
0.49417133613238334 0.9816545590511901 0.0002658710194764447
0.5963623316594643 0.9926111414541622 0.0001313284269126169
0.7196856730011514 0.9971275583829358 5.822923767461807e-05
0.868511373751352 0.9990960626835573 2.0643153957629413e-05
1.0481131341546852 0.9997675626130573 5.868156148677496e-06
1.2648552168552958 0.9999511115599271 1.308782668469624e-06
1.5264179671752318 0.9999925923231527 2.0883340918359953e-07
1.8420699693267144 0.9999992288177593 2.2926528965792528e-08
2.2229964825261934 0.9999999465026771 1.6297527845744815e-09
2.6826957952797246 0.9999999978498039 6.704400397780502e-11
3.2374575428176433 0.999999999952683 1.457743944485145e-12
3.906939937054613 0.9999999999995464 1.428507786151206e-14
4.714866363457389 0.9999999999999986 5.1809787144584394e-17
5.689866029018293 1.0 0.0
6.866488450042998 1.0 0.0
8.286427728546842 1.0 0.0
10.0 1.0 0.0
