0.001 0.04383113395804349 7.047424922088075e-05
0.0012067926406393288 0.052612923357059097 8.340110143027005e-05
0.0014563484775012444 0.06296735794447471 9.718901853157926e-05
0.0017575106248547913 0.0756074726924099 0.00011786911591594578
0.0021209508879201904 0.09034103669396268 0.00013847347118501376
0.002559547922699536 0.10832649666818868 0.00016681249739566623
0.0030888435964774815 0.12923991769761925 0.0001951925533212363
0.003727593720314938 0.15314819321557044 0.00022014544873583878
0.004498432668969444 0.18179169417802482 0.00025872949254404626
0.005428675439323859 0.21564013398204174 0.00030487219823882486
0.006551285568595509 0.25323981156119657 0.0003355097730068145
0.0079060432109077 0.2969577395068373 0.00038224091537763865
0.009540954763499945 0.34661241071777926 0.00042585642014365767
0.01151395399326447 0.40120376768856597 0.0004602289608699977
0.013894954943731374 0.46024541238854183 0.0004849587334698035
0.016768329368110076 0.5251771237512157 0.0005120662468351464
0.020235896477251564 0.5922409611429554 0.0005167870228105684
0.02442053094548651 0.660101689662781 0.000495154011717393
0.029470517025518096 0.7276722597154901 0.00046523096685384977
0.03556480306223128 0.7907779816978935 0.00040728237562008524
0.04291934260128776 0.8474187184378715 0.0003359887904067492
0.0517947467923121 0.8961657753218937 0.0002633736297069333
0.0625055192527397 0.934150250733564 0.00018248698165632962
0.07543120063354615 0.9620339512160856 0.00011760238033035131
0.09102981779915217 0.9804426072209386 6.664818989381952e-05
0.10985411419875583 0.9911794036202933 3.276165894419819e-05
0.13257113655901082 0.9966265805459501 1.3844267378572784e-05
0.15998587196060574 0.9989383872168112 4.690204516388146e-06
0.19306977288832497 0.9997318537207488 1.234120410301386e-06
0.2329951810515372 0.999949307912435 2.486308105056665e-07
0.2811768697974228 0.9999931614455724 3.546219837101542e-08
0.3393221771895326 0.9999993916230955 3.3745736646108495e-09
0.4094915062380423 0.9999999667417103 1.9547854418755443e-10
0.49417133613238334 0.9999999990206183 6.298394323043976e-12
0.5963623316594643 0.9999999999853535 9.744696859742786e-14
0.7196856730011514 0.9999999999999105 6.498198955476654e-16
0.868511373751352 1.0 2.1851377869331388e-18
1.0481131341546852 1.0 0.0
1.2648552168552958 1.0 0.0
1.5264179671752318 1.0 0.0
1.8420699693267144 1.0 0.0
2.2229964825261934 1.0 0.0
2.6826957952797246 1.0 0.0
3.2374575428176433 1.0 0.0
3.906939937054613 1.0 0.0
4.714866363457389 1.0 0.0
5.689866029018293 1.0 0.0
6.866488450042998 1.0 0.0
8.286427728546842 1.0 0.0
10.0 1.0 0.0
