0.001 9.076600291382168e-05 5.843229608057762e-07
0.0012067926406393288 0.00015499385524885698 9.728496321526157e-07
0.0014563484775012444 0.00026970346388128374 1.6703145075095627e-06
0.0017575106248547913 0.00045946027465441317 2.787219907885132e-06
0.0021209508879201904 0.0007980967342263956 4.890788176285803e-06
0.002559547922699536 0.0013477199585221061 8.030323071440595e-06
0.0030888435964774815 0.0022994139183598818 1.3367582030809893e-05
0.003727593720314938 0.00384564383904239 2.2344297281719818e-05
0.004498432668969444 0.0063714395873242765 3.433303046308968e-05
0.005428675439323859 0.010374436212863684 5.318807094829671e-05
0.006551285568595509 0.017111776819110875 8.536937480033327e-05
0.0079060432109077 0.027456200221344516 0.00013058736871831965
0.009540954763499945 0.043077105303973136 0.00019469908684758116
0.01151395399326447 0.06660995314675415 0.00027951681902826995
0.013894954943731374 0.10058576993064848 0.0003838802090570328
0.016768329368110076 0.1490903111042496 0.0005183929176958912
0.020235896477251564 0.21158877329633052 0.0006409785722980487
0.02442053094548651 0.2917869635009475 0.0007539774639119613
0.029470517025518096 0.38992884938908023 0.0008392603724344841
0.03556480306223128 0.49843591804018594 0.0008511968674643612
0.04291934260128776 0.611083791014235 0.0007840853334452319
0.0517947467923121 0.7211063982320762 0.0006716011336068366
0.0625055192527397 0.8166912596262481 0.0005102835323454948
0.07543120063354615 0.8910255008241696 0.0003395037686258395
0.09102981779915217 0.9421413027737988 0.0001953700006559097
0.10985411419875583 0.9735937827091344 9.728892994282679e-05
0.13257113655901082 0.9898635959934842 4.1312360392305036e-05
0.15998587196060574 0.9967608856100114 1.3983861973099756e-05
0.19306977288832497 0.9991835925566762 3.733472680781076e-06
0.2329951810515372 0.9998446805594909 7.471238966532193e-07
0.2811768697974228 0.9999791189456031 1.0763560667708853e-07
0.3393221771895326 0.9999981175874801 1.021275357573667e-08
0.4094915062380423 0.9999998970061773 5.910042359087494e-10
0.49417133613238334 0.9999999969415225 1.9213103114558542e-11
0.5963623316594643 0.9999999999550487 2.992886584639025e-13
0.7196856730011514 0.999999999999721 1.99953473834168e-15
0.868511373751352 0.9999999999999992 5.3399303865697314e-18
1.0481131341546852 1.0 0.0
1.2648552168552958 1.0 0.0
1.5264179671752318 1.0 0.0
1.8420699693267144 1.0 0.0
2.2229964825261934 1.0 0.0
2.6826957952797246 1.0 0.0
3.2374575428176433 1.0 0.0
3.906939937054613 1.0 0.0
4.714866363457389 1.0 0.0
5.689866029018293 1.0 0.0
6.866488450042998 1.0 0.0
8.286427728546842 1.0 0.0
10.0 1.0 0.0
