0.001 9.089637458994533e-05 5.824557260191701e-07
0.0012067926406393288 0.00015812405921187623 9.984218095725446e-07
0.0014563484775012444 0.0002702683434393638 1.674722431624599e-06
0.0017575106248547913 0.0004656978352768234 2.943554447048705e-06
0.0021209508879201904 0.0008025030148237546 4.877682808370002e-06
0.002559547922699536 0.0013502014512893278 8.009140794412842e-06
0.0030888435964774815 0.002306806049308346 1.3911990091375522e-05
0.003727593720314938 0.003827268627349588 2.2005751464589394e-05
0.004498432668969444 0.006429000777129348 3.6088764338498646e-05
0.005428675439323859 0.010591724646618677 5.84957864960925e-05
0.006551285568595509 0.01706252849798903 8.608228174212611e-05
0.0079060432109077 0.027580531446191093 0.00013351471622143478
0.009540954763499945 0.043521332276482874 0.00020009786872109115
0.01151395399326447 0.06694439682325681 0.00028304654651768594
0.013894954943731374 0.1009739946953397 0.00038572512124477736
0.016768329368110076 0.14883053439948674 0.0005161309638855197
0.020235896477251564 0.2121118644326401 0.0006493958058570373
0.02442053094548651 0.2927264873549891 0.0007617819772323732
0.029470517025518096 0.3881041319252661 0.0008174489577843318
0.03556480306223128 0.4975580499420886 0.0008447209571952388
0.04291934260128776 0.6120372168081322 0.0007950383895217371
0.0517947467923121 0.7220128307860031 0.0006735158431365233
0.0625055192527397 0.8161647636890325 0.0005016715019622041
0.07543120063354615 0.891097175613438 0.00033903776451436787
0.09102981779915217 0.9427888192632472 0.0001990360112636521
0.10985411419875583 0.9737439996474774 9.791233478907974e-05
0.13257113655901082 0.9898690187095286 4.122639039350368e-05
0.15998587196060574 0.9967630948713709 1.3808687301020846e-05
0.19306977288832497 0.9991875872516641 3.720226050925201e-06
0.2329951810515372 0.9998463059066802 7.502931700949678e-07
0.2811768697974228 0.9999792053430069 1.0685037111953124e-07
0.3393221771895326 0.9999981474057007 1.0227353002046975e-08
0.4094915062380423 0.9999998998567997 5.938180966220527e-10
0.49417133613238334 0.9999999969414562 1.8882013485132223e-11
0.5963623316594643 0.9999999999553354 2.9712271492160275e-13
0.7196856730011514 0.9999999999997264 1.9463078563962336e-15
0.868511373751352 0.9999999999999992 5.340726677152199e-18
1.0481131341546852 1.0 0.0
1.2648552168552958 1.0 0.0
1.5264179671752318 1.0 0.0
1.8420699693267144 1.0 0.0
2.2229964825261934 1.0 0.0
2.6826957952797246 1.0 0.0
3.2374575428176433 1.0 0.0
3.906939937054613 1.0 0.0
4.714866363457389 1.0 0.0
5.689866029018293 1.0 0.0
6.866488450042998 1.0 0.0
8.286427728546842 1.0 0.0
10.0 1.0 0.0
