0.001 0.13440549704717122 0.0009344769852710142
0.0012067926406393288 0.17702145809991063 0.0011670612520129167
0.0014563484775012444 0.22541244509031913 0.001431975921860004
0.0017575106248547913 0.28831656240064096 0.0017134577267561729
0.0021209508879201904 0.3582391679421342 0.0019891080295169113
0.002559547922699536 0.43176790506584795 0.002230453327988047
0.0030888435964774815 0.5125296394526541 0.002416476871008466
0.003727593720314938 0.5899821244243302 0.002535828120074424
0.004498432668969444 0.6677622944855957 0.002541856216338873
0.005428675439323859 0.7373976050766238 0.002486361592644555
0.006551285568595509 0.7943750410213103 0.002363490847430829
0.0079060432109077 0.8446890417006286 0.002180890076833508
0.009540954763499945 0.8837562432328068 0.0019913547202149674
0.01151395399326447 0.9137727546911103 0.0017401869791023158
0.013894954943731374 0.9376683494985304 0.0015239868688653058
0.016768329368110076 0.9536545033202299 0.0013418663784666041
0.020235896477251564 0.9669245171368788 0.0011360885167807787
0.02442053094548651 0.9747877740457549 0.00105147294199307
0.029470517025518096 0.9828379396315542 0.000830650227705348
0.03556480306223128 0.9873569704123661 0.0007254546309457696
0.04291934260128776 0.9901939914803095 0.0006466477656501501
0.0517947467923121 0.992269800421033 0.0005774771003857643
0.0625055192527397 0.9943673554256515 0.0004913174969231692
0.07543120063354615 0.9959530426231382 0.00044965248146607196
0.09102981779915217 0.9974299202505336 0.00033258455977971295
0.10985411419875583 0.9982429180620284 0.0002609368198987798
0.13257113655901082 0.998398700218066 0.000269934822038242
0.15998587196060574 0.9992855897581844 0.00016142258902750522
0.19306977288832497 0.9991329201033595 0.00019171741065595886
0.2329951810515372 0.9993280627730723 0.00018453758009670166
0.2811768697974228 0.9995895981858232 0.00012119216352281978
0.3393221771895326 0.999823410113201 7.07447540951448e-05
0.4094915062380423 0.9995380915490597 0.00015331831073186786
0.49417133613238334 0.9998413424413324 9.672673314478191e-05
0.5963623316594643 0.9997554755255155 0.00010735634620641035
0.7196856730011514 0.9999169194369004 5.315244683320824e-05
0.868511373751352 0.9999873875865402 7.630466971008289e-06
1.0481131341546852 0.9999668757936714 3.0448142072306004e-05
1.2648552168552958 0.9999767545283647 2.127536609021781e-05
1.5264179671752318 0.9999590162712937 2.348222378637378e-05
1.8420699693267144 0.9999921758638426 7.750252658765278e-06
2.2229964825261934 0.9999999612511623 2.2339086403766776e-08
2.6826957952797246 0.9999999951397476 2.80363736961343e-09
3.2374575428176433 0.9999982510419312 1.0095337215472323e-06
3.906939937054613 0.9999996726894042 2.3141134449135586e-07
4.714866363457389 0.9999999999998341 1.6591870871194287e-13
5.689866029018293 0.9999999945859148 5.413808384405583e-09
6.866488450042998 1.0 1.976206963340387e-17
8.286427728546842 0.9999999999256098 5.2596571572990016e-11
10.0 0.9999999999944484 2.7751789290763603e-12
