0.001 0.1353097911549493 0.0009443592940180308
0.0012067926406393288 0.17668971138167988 0.0011752751411154292
0.0014563484775012444 0.22953714651263313 0.0014462424033449682
0.0017575106248547913 0.290492488748913 0.0017194574781961478
0.0021209508879201904 0.36110102570587527 0.001991863132062824
0.002559547922699536 0.4373164618471809 0.0022359521598140763
0.0030888435964774815 0.5139182255364487 0.002422295673875528
0.003727593720314938 0.5936589137933505 0.002521134990952336
0.004498432668969444 0.6650805862936102 0.0025800434697360163
0.005428675439323859 0.7358519318770195 0.002495546131330093
0.006551285568595509 0.7978906697752236 0.002354444563974899
0.0079060432109077 0.843883789408817 0.0021881996590989313
0.009540954763499945 0.8874462553625683 0.0019193544975958249
0.01151395399326447 0.9134833279929356 0.001764589616665055
0.013894954943731374 0.9381488000590914 0.0015057114946661451
0.016768329368110076 0.9520587993583728 0.0013767525191337178
0.020235896477251564 0.9682056711511219 0.001125735459425523
0.02442053094548651 0.975615325587354 0.001006093159460192
0.029470517025518096 0.9827465120807745 0.0008398071920517723
0.03556480306223128 0.9875875854208293 0.0007222861746229239
0.04291934260128776 0.9902204532944253 0.0006651770650108001
0.0517947467923121 0.9927463076365948 0.0005316187017756949
0.0625055192527397 0.9949872311712569 0.00047006900993353543
0.07543120063354615 0.9962659214812382 0.0004128104292708672
0.09102981779915217 0.9974460206977347 0.0003435770995103324
0.10985411419875583 0.998041184563387 0.0002774100302519601
0.13257113655901082 0.9987803563142145 0.00021448871802941187
0.15998587196060574 0.9986080512832707 0.0002488507628679047
0.19306977288832497 0.9990818018139882 0.00020946387423996055
0.2329951810515372 0.999660070357264 0.00011842715445603371
0.2811768697974228 0.9996202665484331 0.00013825500142288348
0.3393221771895326 0.9998296269488939 4.7755419499833247e-05
0.4094915062380423 0.9997525234361381 7.571347526120455e-05
0.49417133613238334 0.9999197229414344 6.479968835418894e-05
0.5963623316594643 0.9999202812545065 3.236250678764392e-05
0.7196856730011514 0.999937255772983 4.668447470428233e-05
0.868511373751352 0.9999193817672858 5.102472865513043e-05
1.0481131341546852 0.999992527199481 3.6860284592730935e-06
1.2648552168552958 0.9999620172623165 2.4982418547838e-05
1.5264179671752318 0.9999775197832454 1.5215917990732686e-05
1.8420699693267144 0.9999997870873129 9.510044718335017e-08
2.2229964825261934 0.9999999999671694 1.8919717785354883e-11
2.6826957952797246 0.999998927582181 1.0716090796020056e-06
3.2374575428176433 0.9999993130433642 4.855547797710974e-07
3.906939937054613 0.9999999139608814 8.60264130626334e-08
4.714866363457389 0.999999951796919 2.7825837016484374e-08
5.689866029018293 0.9999999999999989 6.910481144890567e-16
6.866488450042998 1.0 2.0104541932424522e-18
8.286427728546842 0.9999999999905769 9.422507458909654e-12
10.0 0.9999999999994706 3.742499707990488e-13
