0.001 0.21623077630298113 0.0009490179190169199
0.0012067926406393288 0.2526240877602589 0.001081993660318199
0.0014563484775012444 0.2958232329178036 0.001227899755014979
0.0017575106248547913 0.34259650812800885 0.0013753120304539719
0.0021209508879201904 0.3946385226602572 0.0015317841114329115
0.002559547922699536 0.4501697434313713 0.0016728511464846867
0.0030888435964774815 0.5061576315489424 0.0018022772298701291
0.003727593720314938 0.5669651854411699 0.0018933908750111018
0.004498432668969444 0.6239929875655141 0.0019879895053436345
0.005428675439323859 0.684434006188826 0.0019910109231062187
0.006551285568595509 0.7421836927996217 0.0019616011035525536
0.0079060432109077 0.7905567892324546 0.0019024407485063416
0.009540954763499945 0.8386336608814107 0.0017521553209753269
0.01151395399326447 0.8726469223302491 0.0016637860190464645
0.013894954943731374 0.905008500103295 0.0014778922369663868
0.016768329368110076 0.9261329770725926 0.0013715143656531396
0.020235896477251564 0.9485541050357952 0.0011517455829268785
0.02442053094548651 0.9609478158871356 0.0010388390117865196
0.029470517025518096 0.971394388324628 0.0008831403798413718
0.03556480306223128 0.9798282086952542 0.0007612906675580732
0.04291934260128776 0.9844086240886712 0.00069803101930155
0.0517947467923121 0.9880678846827992 0.0005813040111355101
0.0625055192527397 0.9918602711127813 0.0004970112073458766
0.07543120063354615 0.9942459009091524 0.00043071753791564215
0.09102981779915217 0.9958245803744332 0.00036557947197388716
0.10985411419875583 0.9966966825482064 0.00030704312007755555
0.13257113655901082 0.9978547728510357 0.00024121202501855947
0.15998587196060574 0.998006052457316 0.0002613307525010125
0.19306977288832497 0.9985979270462713 0.00021792654596097485
0.2329951810515372 0.9993213626103857 0.00012982094743107305
0.2811768697974228 0.9994266751598839 0.00014160412447376412
0.3393221771895326 0.9996147410810919 8.164429558303654e-05
0.4094915062380423 0.9995571667641492 0.00010184136770301534
0.49417133613238334 0.9998576399038388 6.428378217149892e-05
0.5963623316594643 0.9998343852860213 5.588089938740894e-05
0.7196856730011514 0.9998775509714828 5.3301989892996874e-05
0.868511373751352 0.9998853242013834 5.994584779374666e-05
1.0481131341546852 0.9999646031816184 1.6215797938334927e-05
1.2648552168552958 0.999925080267285 3.903542008800182e-05
1.5264179671752318 0.9999455691843948 2.9364444761929104e-05
1.8420699693267144 0.9999939179538585 2.6740158065603272e-06
2.2229964825261934 0.9999999398622569 3.307767745548811e-08
2.6826957952797246 0.9999937226638571 6.1039492599844126e-06
3.2374575428176433 0.9999929859512328 4.840261395220889e-06
3.906939937054613 0.9999982632591915 1.7031157121305272e-06
4.714866363457389 0.9999977966889521 1.2705042597662796e-06
5.689866029018293 0.9999999996539176 1.9972849748261284e-10
6.866488450042998 0.9999999999863527 9.64872615242882e-12
8.286427728546842 0.9999999822758815 1.77230074184421e-08
10.0 0.9999999940595506 4.200106831217019e-09
