0.001 0.22248806024213974 0.00026782226630938754
0.0012067926406393288 0.28928239861365945 0.0003220105730595581
0.0014563484775012444 0.3684849428363231 0.0003952466314928716
0.0017575106248547913 0.4579542788083016 0.0004742669624358902
0.0021209508879201904 0.5558512325850727 0.0005061848557165131
0.002559547922699536 0.6527235378104524 0.000590077495825357
0.0030888435964774815 0.7492687616341163 0.000528871177362568
0.003727593720314938 0.8328829375198853 0.0004820039659482876
0.004498432668969444 0.8968783932788925 0.0004788335301630704
0.005428675439323859 0.9435679189351306 0.0003904981473588259
0.006551285568595509 0.9724088809423489 0.0003186663746755534
0.0079060432109077 0.9882417907800902 0.00020800874981887228
0.009540954763499945 0.9954224926758949 0.00014171900559457602
0.01151395399326447 0.9983806195371224 0.00010027868892642611
0.013894954943731374 0.9994502240114169 4.821630609275273e-05
0.016768329368110076 0.9997613537530776 4.42875706241178e-05
0.020235896477251564 0.9999502432253888 6.965546737213529e-06
0.02442053094548651 0.9999859437113526 2.664881819662583e-06
0.029470517025518096 0.9999951227864503 1.0947184210331663e-06
0.03556480306223128 0.9999941437327193 5.0993643427413074e-06
0.04291934260128776 0.9999975336243501 2.3127713672994563e-06
0.0517947467923121 0.9999996610627754 3.0364215839969254e-07
0.0625055192527397 0.9999997299895216 2.6934382002945074e-07
0.07543120063354615 0.9999999359090812 6.40714197485866e-08
0.09102981779915217 0.9999999969070197 2.934960635094099e-09
0.10985411419875583 0.9999999999731483 2.6837236828663846e-11
0.13257113655901082 0.9999999997624649 1.6862824800083609e-10
0.15998587196060574 0.9999999999999971 2.8547291979617336e-15
0.19306977288832497 1.0 1.6330003233044372e-17
0.2329951810515372 0.9999999999999972 1.924738688640725e-15
0.2811768697974228 1.0 1.1517160633621903e-17
0.3393221771895326 1.0 3.845925372767128e-20
0.4094915062380423 1.0 4.4408920985006264e-20
0.49417133613238334 1.0 0.0
0.5963623316594643 1.0 2.2204460492503132e-20
0.7196856730011514 1.0 0.0
0.868511373751352 1.0 0.0
1.0481131341546852 1.0 0.0
1.2648552168552958 1.0 0.0
1.5264179671752318 1.0 0.0
1.8420699693267144 1.0 0.0
2.2229964825261934 1.0 0.0
2.6826957952797246 1.0 0.0
3.2374575428176433 1.0 0.0
3.906939937054613 1.0 0.0
4.714866363457389 1.0 0.0
5.689866029018293 1.0 0.0
6.866488450042998 1.0 0.0
8.286427728546842 1.0 0.0
10.0 1.0 0.0
