0.001 0.02868350161271115 4.8412522858080525e-05
0.0012067926406393288 0.04531053331977423 7.442246424649346e-05
0.0014563484775012444 0.0702426110764994 0.00010902591708767371
0.0017575106248547913 0.10630076183154531 0.00016286037647046182
0.0021209508879201904 0.15602241982152532 0.00023194476485164685
0.002559547922699536 0.2230514603108133 0.00031121243684502456
0.0030888435964774815 0.3078661743699251 0.0003914367033351302
0.003727593720314938 0.40863700701609684 0.0004926868207151124
0.004498432668969444 0.5208145458057433 0.0005638678613602198
0.005428675439323859 0.6365859028689506 0.0006105933948762172
0.006551285568595509 0.7447851031373575 0.0005966967471250945
0.0079060432109077 0.8353718293461679 0.0006116904451934958
0.009540954763499945 0.9049650833310794 0.0005038099459329815
0.01151395399326447 0.9511271820368257 0.0003925107954605535
0.013894954943731374 0.9774930978817602 0.0003246335105316997
0.016768329368110076 0.9909690899010198 0.00018540515554120698
0.020235896477251564 0.9964221567947332 0.00014029028644381027
0.02442053094548651 0.9988641797155122 6.188251623108587e-05
0.029470517025518096 0.9995981056093806 5.5736859727483916e-05
0.03556480306223128 0.999800529007305 4.447223226067314e-05
0.04291934260128776 0.9999729565786116 3.087234102663917e-06
0.0517947467923121 0.9999903311440405 1.9626411131704264e-06
0.0625055192527397 0.999996437351616 2.139895206330195e-06
0.07543120063354615 0.9999985483540699 9.650763307650662e-07
0.09102981779915217 0.9999985920036117 9.706755347104458e-07
0.10985411419875583 0.9999997899057264 2.0463425307260607e-07
0.13257113655901082 0.9999999928426178 6.80000852032344e-09
0.15998587196060574 0.9999999559107108 4.331665850111746e-08
0.19306977288832497 0.9999999991809625 8.186185857730797e-10
0.2329951810515372 0.9999999991548535 7.698177456410761e-10
0.2811768697974228 0.9999999999167134 5.913575011793993e-11
0.3393221771895326 0.9999999999985848 1.4151657865763496e-12
0.4094915062380423 1.0 0.0
0.49417133613238334 1.0 2.1318883999217676e-18
0.5963623316594643 1.0 0.0
0.7196856730011514 1.0 0.0
0.868511373751352 1.0 0.0
1.0481131341546852 1.0 0.0
1.2648552168552958 1.0 0.0
1.5264179671752318 1.0 0.0
1.8420699693267144 1.0 0.0
2.2229964825261934 1.0 0.0
2.6826957952797246 1.0 0.0
3.2374575428176433 1.0 0.0
3.906939937054613 1.0 0.0
4.714866363457389 1.0 0.0
5.689866029018293 1.0 0.0
6.866488450042998 1.0 0.0
8.286427728546842 1.0 0.0
10.0 1.0 0.0
