0.001 0.4249919883553246 0.0020186247092408853
0.0012067926406393288 0.48126136935372804 0.0022009646694660843
0.0014563484775012444 0.5382008579922842 0.0023267717464574077
0.0017575106248547913 0.5990783077118603 0.002422406095589268
0.0021209508879201904 0.6501127323182256 0.0024695701133501673
0.002559547922699536 0.702702236435002 0.002451980748548111
0.0030888435964774815 0.7507040054748105 0.00234779865686131
0.003727593720314938 0.7938702831598952 0.002224983390195155
0.004498432668969444 0.8302240920281685 0.0020604520290348535
0.005428675439323859 0.859297815823772 0.0018848525708114918
0.006551285568595509 0.8893120093875446 0.0016405147111840858
0.0079060432109077 0.9123086153509439 0.0014456143497489666
0.009540954763499945 0.9326516321654648 0.0012088557878030997
0.01151395399326447 0.9502366989044898 0.001012875255598324
0.013894954943731374 0.9638455411918083 0.0008303032194325103
0.016768329368110076 0.9752152012706307 0.0006618332557214152
0.020235896477251564 0.9831711394510506 0.0005176583737297335
0.02442053094548651 0.9889435963404795 0.000403180503695529
0.029470517025518096 0.9936281093216834 0.0002883791982959886
0.03556480306223128 0.9958309431546298 0.00023641126779724394
0.04291934260128776 0.9976228075546398 0.0001815463402755162
0.0517947467923121 0.9986934633894794 0.0001274266461245662
0.0625055192527397 0.9992749427076968 8.762321446586276e-05
0.07543120063354615 0.9995551053642401 7.320418209806178e-05
0.09102981779915217 0.9998380338520682 2.7407496455380654e-05
0.10985411419875583 0.9998330426880835 4.318273308602386e-05
0.13257113655901082 0.9998981075660546 3.574776135316026e-05
0.15998587196060574 0.9999546365179641 1.4190104123586268e-05
0.19306977288832497 0.9999847716109034 6.1357316265179e-06
0.2329951810515372 0.9999841432145972 7.323627423675701e-06
0.2811768697974228 0.9999923086123763 4.382863688731431e-06
0.3393221771895326 0.9999969480212012 1.8577850563387075e-06
0.4094915062380423 0.9999992748667921 5.334786346418795e-07
0.49417133613238334 0.9999974370632339 2.3897002548513677e-06
0.5963623316594643 0.9999999958219612 2.172895030066497e-09
0.7196856730011514 0.9999975241802218 2.058745715691942e-06
0.868511373751352 0.9999996874236197 3.1247659128849733e-07
1.0481131341546852 0.9999999989403093 7.638444717402845e-10
1.2648552168552958 0.9999998955486442 1.044363382680351e-07
1.5264179671752318 0.9999999999999567 4.3372668249636865e-14
1.8420699693267144 0.9999999999999949 5.136201088227331e-15
2.2229964825261934 1.0 0.0
2.6826957952797246 0.9999999999999997 4.62575314398678e-16
3.2374575428176433 0.9999999999976575 2.342295973240079e-12
3.906939937054613 1.0 1.4799272918253337e-17
4.714866363457389 0.9999999999999968 3.1925309292364474e-15
5.689866029018293 1.0 2.1560531138220538e-17
6.866488450042998 1.0 0.0
8.286427728546842 1.0 0.0
10.0 1.0 0.0
