0.001 0.1319830277521141 0.0009256538719889571
0.0012067926406393288 0.17623789604619178 0.0011768698888312708
0.0014563484775012444 0.22641148544271747 0.00143697181363791
0.0017575106248547913 0.28612718542330867 0.0017097485701493434
0.0021209508879201904 0.3576024936539553 0.0020044595644027473
0.002559547922699536 0.43010537459332593 0.0022444169137114025
0.0030888435964774815 0.5096435468378164 0.00241159504385897
0.003727593720314938 0.5926861367810545 0.002496754954601752
0.004498432668969444 0.6658789412923979 0.002556519585506589
0.005428675439323859 0.7331902836847084 0.0025032087568286005
0.006551285568595509 0.7947507149545708 0.0023344606585509815
0.0079060432109077 0.8437546843518465 0.0021604320984385163
0.009540954763499945 0.8820275424031981 0.0020025416661391925
0.01151395399326447 0.9132162078345256 0.0017712021214129042
0.013894954943731374 0.9334744614134243 0.0016125904514967856
0.016768329368110076 0.9531967209411134 0.0013387961906933985
0.020235896477251564 0.9654240910940988 0.0012039175147116885
0.02442053094548651 0.9733172516857765 0.0011136914662948274
0.029470517025518096 0.9821129367949472 0.0008786606028616535
0.03556480306223128 0.9866374107164841 0.0007313259650968698
0.04291934260128776 0.9904530224561938 0.0006271690000225678
0.0517947467923121 0.9925818449701935 0.0005876864364961377
0.0625055192527397 0.9952601450023872 0.0004263123789947397
0.07543120063354615 0.9951836889159964 0.000475267609791646
0.09102981779915217 0.9968484748474686 0.0003748131851236551
0.10985411419875583 0.9973261835151476 0.00034804858127579513
0.13257113655901082 0.9984200244556838 0.0002563890200826346
0.15998587196060574 0.9986863694101942 0.00025739420915054994
0.19306977288832497 0.999115837876136 0.00018909342504761363
0.2329951810515372 0.9994229999931791 0.00018046982560282574
0.2811768697974228 0.999550254339807 0.00015446407563305076
0.3393221771895326 0.9998231258331142 4.852321163331698e-05
0.4094915062380423 0.999849551379126 8.612192701761818e-05
0.49417133613238334 0.9997701512483276 8.929382026270569e-05
0.5963623316594643 0.9998845654621149 6.687385359722926e-05
0.7196856730011514 0.9998565896308733 7.624356684761826e-05
0.868511373751352 0.9998842178660358 6.128200530989994e-05
1.0481131341546852 0.9999559222799242 3.282049892025172e-05
1.2648552168552958 0.9999275331470932 3.988842750986127e-05
1.5264179671752318 0.9999839325876368 1.5002300550580757e-05
1.8420699693267144 0.9999823467359013 1.2416822373541457e-05
2.2229964825261934 0.9999954587485896 4.523906217537903e-06
2.6826957952797246 0.9999979900016628 1.9984792468614117e-06
3.2374575428176433 0.9999999997999919 1.9997194894349554e-10
3.906939937054613 0.9999997831734249 2.167840239237012e-07
4.714866363457389 0.999999999999088 5.264459277937752e-13
5.689866029018293 0.9999999918218971 8.177685539052816e-09
6.866488450042998 0.9999999999999998 5.856531583129634e-17
8.286427728546842 0.9999999999321212 6.787554514878036e-11
10.0 0.9999999999942629 4.056276833212762e-12
