0.001 0.21463668472363023 0.0009458976574712953
0.0012067926406393288 0.2508127840549642 0.0010779835035736698
0.0014563484775012444 0.2943099953971868 0.0012311984642945479
0.0017575106248547913 0.3354647790921762 0.0013784415720750095
0.0021209508879201904 0.3896155780288837 0.001538696263377847
0.002559547922699536 0.4453330823968434 0.001668607802121656
0.0030888435964774815 0.5011907279884259 0.0018123167632911937
0.003727593720314938 0.5584993098462134 0.001905574742747012
0.004498432668969444 0.6220683341212947 0.0019881685817952368
0.005428675439323859 0.6839364054096987 0.0020024648276734907
0.006551285568595509 0.7402027692067337 0.0019550570847958765
0.0079060432109077 0.7883147124109859 0.0019048345348897475
0.009540954763499945 0.836603762841952 0.001756741136155102
0.01151395399326447 0.8713981500008021 0.0016495359838536198
0.013894954943731374 0.9011734961830141 0.0015074507079355795
0.016768329368110076 0.9251714176660797 0.001365437227838071
0.020235896477251564 0.9457214051419854 0.0011875408494496408
0.02442053094548651 0.9594910209606505 0.0010615334443867328
0.029470517025518096 0.9701299610486646 0.0009264236580463435
0.03556480306223128 0.9786767456711309 0.0007855744736775532
0.04291934260128776 0.9847552458332935 0.0006611741629992182
0.0517947467923121 0.9881087993225889 0.0005981589051438825
0.0625055192527397 0.9909574531048257 0.0005294291455621068
0.07543120063354615 0.9939994342910653 0.00040247890405678755
0.09102981779915217 0.9950377862567295 0.00039957088697791557
0.10985411419875583 0.9967374900838033 0.0003118584798575633
0.13257113655901082 0.9974049667360743 0.00028719976849458044
0.15998587196060574 0.9983015685318276 0.0002395661556297132
0.19306977288832497 0.9982750104342398 0.00025537050513848805
0.2329951810515372 0.998955865019737 0.00016535856129505769
0.2811768697974228 0.9992972421148586 0.0001356240691787751
0.3393221771895326 0.9996384939606152 8.931707672873068e-05
0.4094915062380423 0.9996050300801735 0.00012413763817754482
0.49417133613238334 0.9996660206812988 9.502004619932225e-05
0.5963623316594643 0.9998296847388243 6.866982145359758e-05
0.7196856730011514 0.9997563281155364 9.573266184915889e-05
0.868511373751352 0.9999018164559035 5.17568957016503e-05
1.0481131341546852 0.9999632237898777 1.6154040515149237e-05
1.2648552168552958 0.9999473792571505 3.3912292305801386e-05
1.5264179671752318 0.9999791940624545 8.425758833548982e-06
1.8420699693267144 0.999919843309223 3.8873443217112065e-05
2.2229964825261934 0.9999973143099038 1.5017549412899486e-06
2.6826957952797246 0.9999904515069177 9.195026794341903e-06
3.2374575428176433 0.9999997966146839 1.4034689813458732e-07
3.906939937054613 0.9999906056464107 5.354586373862786e-06
4.714866363457389 0.9999984849324134 1.5065340178771678e-06
5.689866029018293 0.9999987329519696 8.94730933954906e-07
6.866488450042998 0.9999997778671122 2.220791018945704e-07
8.286427728546842 0.9999999999938347 3.5589718998869457e-12
10.0 0.9999999863345536 1.3664710278637495e-08
