0.001 0.21541011009011832 0.0009438174149470213
0.0012067926406393288 0.25294987581541084 0.001078512993862256
0.0014563484775012444 0.29241059476637465 0.0012223842191312457
0.0017575106248547913 0.3408072549900747 0.0013753058505038178
0.0021209508879201904 0.39250324984148577 0.0015276237710080075
0.002559547922699536 0.4461657547550197 0.0016693094313514805
0.0030888435964774815 0.5053291100466981 0.001798801927765832
0.003727593720314938 0.5638623222594521 0.0019062331716833772
0.004498432668969444 0.6258521503340432 0.001956828952182044
0.005428675439323859 0.6858903092455518 0.0019841564875607647
0.006551285568595509 0.7393217394898344 0.0019673599271351036
0.0079060432109077 0.7912567657170212 0.0018970725357523729
0.009540954763499945 0.8358764459949727 0.001805596113021027
0.01151395399326447 0.8719551904352191 0.0016471623626203701
0.013894954943731374 0.904337085906481 0.0014882561898310472
0.016768329368110076 0.9274510260790249 0.00134184846739503
0.020235896477251564 0.9468845123051044 0.0011670764226646663
0.02442053094548651 0.9599269595316595 0.0010722741301700063
0.029470517025518096 0.971717278219157 0.000878325598840473
0.03556480306223128 0.979227900361966 0.0007674380435427807
0.04291934260128776 0.9841855277091325 0.0006829204153124329
0.0517947467923121 0.9877649011441816 0.0006142642999614384
0.0625055192527397 0.9911875352888141 0.0005237054130094605
0.07543120063354615 0.9938441523884225 0.0004615670619718939
0.09102981779915217 0.9957908778958088 0.00035654002950675405
0.10985411419875583 0.9969012935825152 0.0002902715795968099
0.13257113655901082 0.9975159216115497 0.00028290319957357515
0.15998587196060574 0.9986844339501897 0.00018537701340926255
0.19306977288832497 0.9986048778767507 0.00020651776556563156
0.2329951810515372 0.9990050084820276 0.0001885586125589178
0.2811768697974228 0.9992970839456595 0.00013923150398866886
0.3393221771895326 0.9996527315571324 8.755114915106901e-05
0.4094915062380423 0.9994076862755721 0.0001544995195059708
0.49417133613238334 0.9997787893870133 9.256820795760716e-05
0.5963623316594643 0.9996736694055766 0.00011007856465689459
0.7196856730011514 0.9998620913405324 6.13364159436866e-05
0.868511373751352 0.9999465895455205 2.1413975229334384e-05
1.0481131341546852 0.9999466099779476 3.78905720414722e-05
1.2648552168552958 0.9999542226322005 3.0854276232092125e-05
1.5264179671752318 0.9999261672727309 4.0159493403103645e-05
1.8420699693267144 0.9999807580479386 1.714574651645309e-05
2.2229964825261934 0.9999979668725504 1.1388112889706793e-06
2.6826957952797246 0.9999992805786615 4.0275050076214997e-07
3.2374575428176433 0.9999865060921717 7.750686410628627e-06
3.906939937054613 0.9999952622793559 3.3289730298539313e-06
4.714866363457389 0.9999999976261672 2.3517000938330266e-09
5.689866029018293 0.9999995738005573 4.253993794942972e-07
6.866488450042998 0.9999999999273499 3.631537241588476e-11
8.286427728546842 0.9999999295683585 4.979719237144448e-08
10.0 0.9999999727927985 1.3600856934976637e-08
