0.001 0.21307450464116628 0.0009392090492844303
0.0012067926406393288 0.25226339720339164 0.0010823203162730914
0.0014563484775012444 0.2931539890780107 0.0012274261897802841
0.0017575106248547913 0.33919201450693015 0.0013737549040774664
0.0021209508879201904 0.39173703439284924 0.0015433613862652351
0.002559547922699536 0.444481496165797 0.001689738516830183
0.0030888435964774815 0.5029821338728361 0.0017939854075005603
0.003727593720314938 0.5655977726141596 0.001877966155173462
0.004498432668969444 0.6244333836054606 0.0019627469208388943
0.005428675439323859 0.6823223210613066 0.001995283232073877
0.006551285568595509 0.7392477572201598 0.0019402236021570285
0.0079060432109077 0.7900531289288725 0.0018831390381871956
0.009540954763499945 0.8335989741068157 0.0018136374192955834
0.01151395399326447 0.8719062551559049 0.0016693090820987227
0.013894954943731374 0.9003348167811515 0.001557556144754768
0.016768329368110076 0.9265255908075247 0.001342052487089824
0.020235896477251564 0.9459144978960591 0.0012133729597699648
0.02442053094548651 0.9590629392692759 0.0011183852874248118
0.029470517025518096 0.9709357622923304 0.0009116019243285288
0.03556480306223128 0.9781847732116361 0.0007831633207817509
0.04291934260128776 0.9844906192252049 0.000668660360896219
0.0517947467923121 0.9882632557374625 0.0006120294828379659
0.0625055192527397 0.9919713396094539 0.00047260977492263894
0.07543120063354615 0.9929620018729863 0.0004911267695393168
0.09102981779915217 0.9950480072935459 0.00039301826940048616
0.10985411419875583 0.9959875643488955 0.0003661865588576032
0.13257113655901082 0.9974439888170576 0.0002787561150775459
0.15998587196060574 0.998051123050262 0.00026155263013582543
0.19306977288832497 0.9985605709211984 0.00020946113344945345
0.2329951810515372 0.9991450603516431 0.0001786885524619556
0.2811768697974228 0.9992932381830435 0.0001555848032891991
0.3393221771895326 0.9995612636389034 8.307177435005924e-05
0.4094915062380423 0.9997474493614955 8.798466434752247e-05
0.49417133613238334 0.9996260734417541 0.00010278000606661698
0.5963623316594643 0.9998031455770068 7.369209428403685e-05
0.7196856730011514 0.9997921781378111 8.231898299650647e-05
0.868511373751352 0.9998182151020281 7.189722197855963e-05
1.0481131341546852 0.9999121992370085 4.314120956904651e-05
1.2648552168552958 0.999882990440263 5.496282297279399e-05
1.5264179671752318 0.9999648128583296 2.5170109561004642e-05
1.8420699693267144 0.9999614531331424 2.587356035176687e-05
2.2229964825261934 0.9999863924621761 1.2863877234035941e-05
2.6826957952797246 0.9999901969197559 8.422788044345574e-06
3.2374575428176433 0.9999999173385676 8.166934926660176e-08
3.906939937054613 0.9999972304024058 2.7129115772308888e-06
4.714866363457389 0.9999999904171473 5.512762306938593e-09
5.689866029018293 0.9999994762247503 5.230008079534554e-07
6.866488450042998 0.9999999998306527 6.911326722926396e-11
8.286427728546842 0.9999999524228343 4.757229029359004e-08
10.0 0.9999999804425231 1.3827800502773508e-08
