0.001 0.015988252512638215 0.00017941044075741108
0.0012067926406393288 0.02494419309874617 0.0002598581090781226
0.0014563484775012444 0.039114571570082704 0.00039424958643696995
0.0017575106248547913 0.0591845544144722 0.0005569764993053851
0.0021209508879201904 0.08825427095884258 0.0007949893965973837
0.002559547922699536 0.1272974303024364 0.0010705246418498502
0.0030888435964774815 0.17605725739425318 0.0013771455608098393
0.003727593720314938 0.23911876044046468 0.0017466225721598791
0.004498432668969444 0.31079211374994525 0.0020951763100944916
0.005428675439323859 0.39421076474194316 0.0023905714866568413
0.006551285568595509 0.485027799240792 0.0026133505421011304
0.0079060432109077 0.5698173728215439 0.0027666071665309305
0.009540954763499945 0.6572872220960834 0.0027508123966839748
0.01151395399326447 0.7270500713398329 0.0027111993897982996
0.013894954943731374 0.7922486598205605 0.00253663033516556
0.016768329368110076 0.8387698119807226 0.002373704864686334
0.020235896477251564 0.8854272680116996 0.002056752206467067
0.02442053094548651 0.9135111918798512 0.0018616987879857619
0.029470517025518096 0.9357363844200756 0.0016170111094411424
0.03556480306223128 0.9549946373296769 0.0013967484978907722
0.04291934260128776 0.9657889916816211 0.0012438122382922607
0.0517947467923121 0.9731127785944483 0.0011067623032906069
0.0625055192527397 0.9818918826356628 0.0009112120031400093
0.07543120063354615 0.987437170433381 0.0007837907199854289
0.09102981779915217 0.9907816072229374 0.00065436783944956
0.10985411419875583 0.9924999553860118 0.0005884700786467099
0.13257113655901082 0.9950537920104844 0.0004691467091495408
0.15998587196060574 0.9957445019035582 0.00048252375654371917
0.19306977288832497 0.9969682086361882 0.0003903146429295193
0.2329951810515372 0.9983875456514631 0.0002483040806945661
0.2811768697974228 0.9987711611785135 0.00024973862908102967
0.3393221771895326 0.999029619270499 0.0001948745181864183
0.4094915062380423 0.9989511076889248 0.00022310377246350773
0.49417133613238334 0.999675074710149 0.00011361092251327037
0.5963623316594643 0.9995898964969064 0.00013308174475966405
0.7196856730011514 0.9997066640505021 0.00010775591484925505
0.868511373751352 0.9997502040163314 0.00012134286853197463
1.0481131341546852 0.999901492106059 4.487371601380064e-05
1.2648552168552958 0.999817097050468 9.014443823825264e-05
1.5264179671752318 0.9998608861648752 7.197285351939937e-05
1.8420699693267144 0.999981967628814 7.926605769651761e-06
2.2229964825261934 0.9999998196196037 9.921412641695905e-08
2.6826957952797246 0.9999822631325369 1.721789022398122e-05
3.2374575428176433 0.9999796528277671 1.402963481871145e-05
3.906939937054613 0.9999948763107049 5.022830942543123e-06
4.714866363457389 0.9999934383883945 3.7836185861004017e-06
5.689866029018293 0.9999999989617537 5.991848014002942e-10
6.866488450042998 0.9999999999590579 2.8946176479167738e-11
8.286427728546842 0.9999999468370675 5.3159599191096935e-08
10.0 0.9999999821791811 1.25999462399909e-08
