0.001 0.015993455285146115 0.00017470406749479065
0.0012067926406393288 0.025162973831524976 0.00027277938695313155
0.0014563484775012444 0.03859545359936842 0.0003858989492778608
0.0017575106248547913 0.05847068348687542 0.0005562963448486678
0.0021209508879201904 0.08711660616694311 0.0007785297413676986
0.002559547922699536 0.12477104871719494 0.00106377739762437
0.0030888435964774815 0.1765234526665885 0.001386166790270845
0.003727593720314938 0.2345417669751312 0.001722346099346136
0.004498432668969444 0.3136069728853372 0.002063634499390211
0.005428675439323859 0.3950116886927805 0.0023876192699538554
0.006551285568595509 0.4815070925694299 0.00263048573292077
0.0079060432109077 0.5720289407315188 0.0027495917957272016
0.009540954763499945 0.6510919285184978 0.0027921124240037577
0.01151395399326447 0.7290482807681826 0.002680616493533986
0.013894954943731374 0.7847094453869378 0.0025750759258898466
0.016768329368110076 0.8369690619006626 0.0023597421777741302
0.020235896477251564 0.8761067241279968 0.0021677075041900457
0.02442053094548651 0.9122056849082321 0.0018995224729122064
0.029470517025518096 0.9345335471799421 0.001689325730201116
0.03556480306223128 0.9527966714801276 0.0014338036340489288
0.04291934260128776 0.9660589635646883 0.0012130866442975456
0.0517947467923121 0.9747543235583851 0.001080132712381674
0.0625055192527397 0.9812900448903883 0.0009391106152872672
0.07543120063354615 0.986357057653758 0.000819200191005572
0.09102981779915217 0.9903914794091543 0.0006872608398062872
0.10985411419875583 0.9928769581139584 0.0005860485648104771
0.13257113655901082 0.9952442040810383 0.00048478424886351854
0.15998587196060574 0.9959335877524698 0.0004284943706622256
0.19306977288832497 0.9974619260337763 0.00037074121133195503
0.2329951810515372 0.9978722238513623 0.0003238113159719389
0.2811768697974228 0.9980160280878557 0.0003402074046100231
0.3393221771895326 0.9985943865314528 0.0002556241847598916
0.4094915062380423 0.9993578315104303 0.00015080826187434724
0.49417133613238334 0.999711663014118 9.80056974729437e-05
0.5963623316594643 0.9995940025947246 0.0001268457465547501
0.7196856730011514 0.9998227176536487 7.40623936366783e-05
0.868511373751352 0.9996465312273318 0.0001196122555940733
1.0481131341546852 0.999669294477471 0.00014588019888940314
1.2648552168552958 0.9999601210113757 2.162194161050598e-05
1.5264179671752318 0.9999699798642365 1.4561062054058159e-05
1.8420699693267144 0.9998253290250183 8.121325800787443e-05
2.2229964825261934 0.9999980955493898 1.6870508824058148e-06
2.6826957952797246 0.9999610001536597 2.713465385015665e-05
3.2374575428176433 0.999976649735514 1.6057724598736917e-05
3.906939937054613 0.9999939692536176 5.929974988891562e-06
4.714866363457389 0.9999973094109998 2.675099244723563e-06
5.689866029018293 0.9999989838539802 1.0155681846129705e-06
6.866488450042998 0.9999996858058064 3.1417847384709117e-07
8.286427728546842 0.9999999999987554 1.2443978717618985e-12
10.0 0.9999999862608369 1.3738407043818994e-08
