0.001 0.015341307489927004 0.00016951304286627971
0.0012067926406393288 0.024907543335060605 0.0002680273305823208
0.0014563484775012444 0.03830177501754513 0.0003934534030053193
0.0017575106248547913 0.05782127939340329 0.0005566099638036647
0.0021209508879201904 0.08711507487459708 0.0007847821182048687
0.002559547922699536 0.12412125718290715 0.0010617373983019746
0.0030888435964774815 0.17294052170887333 0.0013563586398097646
0.003727593720314938 0.23640954538827555 0.0017032007583451811
0.004498432668969444 0.3097217373241861 0.0020690868412933604
0.005428675439323859 0.39146781052830704 0.0023928634107647493
0.006551285568595509 0.47882252675077697 0.002607773957593064
0.0079060432109077 0.567591767176698 0.0027609534587674095
0.009540954763499945 0.6506563135763413 0.0027837635256541993
0.01151395399326447 0.7255215649263874 0.0027025774616955727
0.013894954943731374 0.7855566599167622 0.00258883606940303
0.016768329368110076 0.8380927183328524 0.00235013790815138
0.020235896477251564 0.8815034195403949 0.0021208933811907144
0.02442053094548651 0.9118057411437701 0.0019091298149674035
0.029470517025518096 0.9354831843764019 0.0016314055371838849
0.03556480306223128 0.9511496422616763 0.0014549601545446728
0.04291934260128776 0.9653127579590522 0.001244805090859585
0.0517947467923121 0.9743241727940606 0.0010881557667861744
0.0625055192527397 0.9817310353989546 0.0009060357775546537
0.07543120063354615 0.9849865438437868 0.0008818794241451835
0.09102981779915217 0.9890735182057889 0.0007257572874010464
0.10985411419875583 0.9913351396872134 0.0006669279511865468
0.13257113655901082 0.994297328588479 0.000523280096430029
0.15998587196060574 0.9958420283027015 0.00045964649782107784
0.19306977288832497 0.9967850112560256 0.0003960873745496815
0.2329951810515372 0.998203721422757 0.0002987648313492396
0.2811768697974228 0.9984684361128441 0.00026859947536487817
0.3393221771895326 0.99887603052995 0.00019934429167389227
0.4094915062380423 0.9994337875850658 0.00015798668848570095
0.49417133613238334 0.999151810377411 0.00020627242784339566
0.5963623316594643 0.9995486699988578 0.00014393499074185026
0.7196856730011514 0.9995499506073097 0.00015756589809874107
0.868511373751352 0.9995901240996138 0.00014679587492335555
1.0481131341546852 0.9997865655939707 9.428557826176216e-05
1.2648552168552958 0.9997305389627349 0.00012055643818170108
1.5264179671752318 0.9999119771546026 5.9489838150337084e-05
1.8420699693267144 0.9999032298771472 6.437367551541883e-05
2.2229964825261934 0.9999639304800432 3.386419725684969e-05
2.6826957952797246 0.9999726600529634 2.321623024659009e-05
3.2374575428176433 0.9999997522157653 2.448080341360031e-07
3.906939937054613 0.9999919100303496 7.919970169396178e-06
4.714866363457389 0.9999999712523535 1.6537760470638437e-08
5.689866029018293 0.9999984368666616 1.5608104354782448e-06
6.866488450042998 0.9999999994919581 2.073397431549573e-10
8.286427728546842 0.999999857336393 1.4264898456841987e-07
10.0 0.9999999413333069 4.147934509925167e-08
