0.001 0.04144362416089821 4.7302495571084015e-05
0.0012067926406393288 0.05763415335584558 6.357908180853676e-05
0.0014563484775012444 0.0798858172651496 8.682453712954395e-05
0.0017575106248547913 0.10906047379770967 0.00011242703524340833
0.0021209508879201904 0.1476021896985906 0.00014701148802387856
0.002559547922699536 0.19675527661166792 0.00018499741496384503
0.0030888435964774815 0.25785362038982623 0.00022342376392727156
0.003727593720314938 0.3306264003191053 0.00026242938986489656
0.004498432668969444 0.41594402642357836 0.0002944933898615942
0.005428675439323859 0.5109936052277749 0.000319116536401361
0.006551285568595509 0.6104210457382816 0.00032105714916988063
0.0079060432109077 0.7078863664138048 0.00029799025782571974
0.009540954763499945 0.7976975198771993 0.00025841331019873907
0.01151395399326447 0.8720877940489005 0.00020079210859649227
0.013894954943731374 0.9274920374958172 0.00013592099821329462
0.016768329368110076 0.9642173177997143 8.124926207947957e-05
0.020235896477251564 0.9849541666127539 4.1170136169749305e-05
0.02442053094548651 0.9947029326647909 1.6659247288805035e-05
0.029470517025518096 0.998523767437095 5.36728642690047e-06
0.03556480306223128 0.9996819376828209 1.3071356640854452e-06
0.04291934260128776 0.9999510495683428 2.284969833361325e-07
0.0517947467923121 0.9999948542475555 2.7061069618340383e-08
0.0625055192527397 0.99999965469287 2.0060130057620156e-09
0.07543120063354615 0.9999999865322061 8.353436084436064e-11
0.09102981779915217 0.9999999997361674 1.7977197085376657e-12
0.10985411419875583 0.9999999999976708 1.7029652827731923e-14
0.13257113655901082 0.9999999999999918 6.154190449208887e-17
0.15998587196060574 1.0 1.0961449567756783e-18
0.19306977288832497 1.0 1.9325535822211313e-18
0.2329951810515372 1.0 1.993708325252812e-18
0.2811768697974228 1.0 1.7445698552811854e-18
0.3393221771895326 1.0 0.0
0.4094915062380423 1.0 0.0
0.49417133613238334 1.0 0.0
0.5963623316594643 1.0 0.0
0.7196856730011514 1.0 0.0
0.868511373751352 1.0 0.0
1.0481131341546852 1.0 0.0
1.2648552168552958 1.0 0.0
1.5264179671752318 1.0 0.0
1.8420699693267144 1.0 0.0
2.2229964825261934 1.0 0.0
2.6826957952797246 1.0 0.0
3.2374575428176433 1.0 0.0
3.906939937054613 1.0 0.0
4.714866363457389 1.0 0.0
5.689866029018293 1.0 0.0
6.866488450042998 1.0 0.0
8.286427728546842 1.0 0.0
10.0 1.0 0.0
