0.001 0.058487816404308876 5.419384246247531e-05
0.0012067926406393288 0.08078808952241852 7.222738586096509e-05
0.0014563484775012444 0.11071091101008887 9.656344378021261e-05
0.0017575106248547913 0.14941636970586075 0.00012375232358071103
0.0021209508879201904 0.1990610832891372 0.0001560602688190666
0.002559547922699536 0.2606460610688011 0.0001913266161724652
0.0030888435964774815 0.3345386985275999 0.00022237340408617752
0.003727593720314938 0.420757823578168 0.0002526417141762274
0.004498432668969444 0.5156784376449672 0.00026874628011370707
0.005428675439323859 0.6151268947576835 0.00026948773358681554
0.006551285568595509 0.7133849441443845 0.00025452396344011175
0.0079060432109077 0.801807033842986 0.00021676319920236532
0.009540954763499945 0.8754635105221987 0.00016808441821898823
0.01151395399326447 0.9300512150655728 0.00011427582570686311
0.013894954943731374 0.965645854736786 6.733639055184333e-05
0.016768329368110076 0.9856673145385959 3.342956227736564e-05
0.020235896477251564 0.9950767538928283 1.3624058446771268e-05
0.02442053094548651 0.9986539379789592 4.3641925119068505e-06
0.029470517025518096 0.9997190649961097 1.0390405831788672e-06
0.03556480306223128 0.9999573645713031 1.780694158407951e-07
0.04291934260128776 0.9999956784593458 2.0777506424211713e-08
0.0517947467923121 0.9999997237427329 1.4855182459676863e-09
0.0625055192527397 0.9999999898464477 5.943417058478637e-11
0.07543120063354615 0.9999999998112982 1.2216909153472277e-12
0.09102981779915217 0.999999999998438 1.0638257153871124e-14
0.10985411419875583 0.9999999999999951 1.6515024374407515e-16
0.13257113655901082 1.0 1.1988352521091171e-18
0.15998587196060574 1.0 1.8711128520172167e-18
0.19306977288832497 1.0 1.8942890599441466e-18
0.2329951810515372 1.0 1.7719103822653187e-18
0.2811768697974228 1.0 0.0
0.3393221771895326 1.0 0.0
0.4094915062380423 1.0 0.0
0.49417133613238334 1.0 0.0
0.5963623316594643 1.0 0.0
0.7196856730011514 1.0 0.0
0.868511373751352 1.0 0.0
1.0481131341546852 1.0 0.0
1.2648552168552958 1.0 0.0
1.5264179671752318 1.0 0.0
1.8420699693267144 1.0 0.0
2.2229964825261934 1.0 0.0
2.6826957952797246 1.0 0.0
3.2374575428176433 1.0 0.0
3.906939937054613 1.0 0.0
4.714866363457389 1.0 0.0
5.689866029018293 1.0 0.0
6.866488450042998 1.0 0.0
8.286427728546842 1.0 0.0
10.0 1.0 0.0
