0.001 0.030844191951610492 4.113030845945783e-05
0.0012067926406393288 0.043369206557825814 5.66153273741758e-05
0.0014563484775012444 0.06036166695774536 7.675422598145497e-05
0.0017575106248547913 0.08330575230590291 0.00010206002252238536
0.0021209508879201904 0.11391388284317504 0.00013540566960320406
0.002559547922699536 0.15351053677758747 0.00017386096994231138
0.0030888435964774815 0.2040370657278509 0.00021670060545470691
0.003727593720314938 0.2664443737388402 0.00026023696040328105
0.004498432668969444 0.3418870246596483 0.0003094693854222791
0.005428675439323859 0.42896386578437595 0.0003447337188555077
0.006551285568595509 0.524125872882459 0.00036501654888535206
0.0079060432109077 0.6234886415416877 0.0003641018840201431
0.009540954763499945 0.7210110208354774 0.0003366115817580947
0.01151395399326447 0.8081285098829396 0.0002836933236312451
0.013894954943731374 0.8803254811267776 0.00021620264182961862
0.016768329368110076 0.9331781058808292 0.00014594288514234484
0.020235896477251564 0.9674893790683277 8.451209374521167e-05
0.02442053094548651 0.9865136639898945 4.135898184030076e-05
0.029470517025518096 0.9954131761433549 1.6441034459502205e-05
0.03556480306223128 0.9987625168963957 5.146586028111251e-06
0.04291934260128776 0.9997413676153457 1.1946065120242652e-06
0.0517947467923121 0.9999612532788312 2.002229721458925e-07
0.0625055192527397 0.9999961131361504 2.2578701174306844e-08
0.07543120063354615 0.999999750044209 1.5531396206992764e-09
0.09102981779915217 0.9999999907771349 6.071666866664468e-11
0.10985411419875583 0.9999999998307069 1.2151094502556737e-12
0.13257113655901082 0.9999999999986219 1.0413985890693907e-14
0.15998587196060574 0.9999999999999958 3.3160910283956395e-17
0.19306977288832497 1.0 1.0857504387471597e-18
0.2329951810515372 1.0 1.9343386159295926e-18
0.2811768697974228 1.0 1.9011738637245998e-18
0.3393221771895326 1.0 1.7080123638663902e-18
0.4094915062380423 1.0 0.0
0.49417133613238334 1.0 0.0
0.5963623316594643 1.0 0.0
0.7196856730011514 1.0 0.0
0.868511373751352 1.0 0.0
1.0481131341546852 1.0 0.0
1.2648552168552958 1.0 0.0
1.5264179671752318 1.0 0.0
1.8420699693267144 1.0 0.0
2.2229964825261934 1.0 0.0
2.6826957952797246 1.0 0.0
3.2374575428176433 1.0 0.0
3.906939937054613 1.0 0.0
4.714866363457389 1.0 0.0
5.689866029018293 1.0 0.0
6.866488450042998 1.0 0.0
8.286427728546842 1.0 0.0
10.0 1.0 0.0
