0.001 0.12247922070997215 7.143620660302616e-05
0.0012067926406393288 0.1456857771886974 8.302411710857477e-05
0.0014563484775012444 0.17330912398257856 9.865463624250788e-05
0.0017575106248547913 0.20499434351794493 0.00011257655955761029
0.0021209508879201904 0.2419944829559553 0.00013109656128439313
0.002559547922699536 0.284260975560729 0.0001492367350792534
0.0030888435964774815 0.332076477150763 0.0001659980102317582
0.003727593720314938 0.38490585038123054 0.00018321386229909177
0.004498432668969444 0.4436467687022997 0.00019818534206128194
0.005428675439323859 0.5073569327621544 0.00021331380517879055
0.006551285568595509 0.5743215772058958 0.00022084483634336255
0.0079060432109077 0.6427616522172466 0.00021990949024133368
0.009540954763499945 0.7114801657636858 0.000214969154630853
0.01151395399326447 0.7767830257472036 0.00019975167892525742
0.013894954943731374 0.8359624307087011 0.00017263624720445517
0.016768329368110076 0.8871961150312242 0.00014281828910198206
0.020235896477251564 0.9281786535390002 0.00010976540567329228
0.02442053094548651 0.9580056440413574 7.48197628962897e-05
0.029470517025518096 0.9781159079307238 4.584128552400011e-05
0.03556480306223128 0.9899601763487824 2.4513645372042774e-05
0.04291934260128776 0.9961095518236313 1.1087330216568432e-05
0.0517947467923121 0.9987562735633942 4.123901193037352e-06
0.0625055192527397 0.9996830726042987 1.2119854795021797e-06
0.07543120063354615 0.9999383891034417 2.6336188354952506e-07
0.09102981779915217 0.9999915752188159 4.119207605725435e-08
0.10985411419875583 0.9999992271143429 4.232089175279391e-09
0.13257113655901082 0.9999999558724423 2.650620782636567e-10
0.15998587196060574 0.9999999985871727 9.13666284460508e-12
0.19306977288832497 0.9999999999776992 1.5432234021910191e-13
0.2329951810515372 0.999999999999853 1.095528882308146e-15
0.2811768697974228 0.9999999999999998 2.815351346586169e-18
0.3393221771895326 1.0 0.0
0.4094915062380423 1.0 0.0
0.49417133613238334 1.0 0.0
0.5963623316594643 1.0 0.0
0.7196856730011514 1.0 0.0
0.868511373751352 1.0 0.0
1.0481131341546852 1.0 0.0
1.2648552168552958 1.0 0.0
1.5264179671752318 1.0 0.0
1.8420699693267144 1.0 0.0
2.2229964825261934 1.0 0.0
2.6826957952797246 1.0 0.0
3.2374575428176433 1.0 0.0
3.906939937054613 1.0 0.0
4.714866363457389 1.0 0.0
5.689866029018293 1.0 0.0
6.866488450042998 1.0 0.0
8.286427728546842 1.0 0.0
10.0 1.0 0.0
