0.001 0.13352344549795808 7.079514194723278e-05
0.0012067926406393288 0.15882002199531464 8.293614463793552e-05
0.0014563484775012444 0.1882348778598971 9.586909156626526e-05
0.0017575106248547913 0.22268384035195218 0.00011228046425544517
0.0021209508879201904 0.2621106420155227 0.000128310769806328
0.002559547922699536 0.30706127489525736 0.00014476151608951808
0.0030888435964774815 0.3577875361475628 0.00016306220660389892
0.003727593720314938 0.4136890674746804 0.00017783536798623138
0.004498432668969444 0.4749449449213611 0.0001901302957644676
0.005428675439323859 0.5404422699409536 0.00020122949508366263
0.006551285568595509 0.6083879079491415 0.00020463612514108322
0.0079060432109077 0.6773250424233024 0.00020227327270015818
0.009540954763499945 0.7445695580955861 0.0001928469604485467
0.01151395399326447 0.807097694343837 0.0001734254310049546
0.013894954943731374 0.862582895047685 0.000147150414804785
0.016768329368110076 0.9087117816181197 0.00011664383901990272
0.020235896477251564 0.9442700381390566 8.477945046190902e-05
0.02442053094548651 0.9693165792763558 5.581753310714155e-05
0.029470517025518096 0.9849805943809784 3.184435453611203e-05
0.03556480306223128 0.9936332980634884 1.5654690099557766e-05
0.04291934260128776 0.9977455789526879 6.475672379071827e-06
0.0517947467923121 0.999358022248005 2.1742620232474248e-06
0.0625055192527397 0.9998574716715426 5.542999797848338e-07
0.07543120063354615 0.9999764711079823 1.0257466011137823e-07
0.09102981779915217 0.9999973289819422 1.3134030380271519e-08
0.10985411419875583 0.9999998072625338 1.0561524516999057e-09
0.13257113655901082 0.9999999917224537 4.9704617837389595e-11
0.15998587196060574 0.9999999998142793 1.201516214011372e-12
0.19306977288832497 0.9999999999980842 1.3345011821538425e-14
0.2329951810515372 0.9999999999999923 5.704644826833209e-17
0.2811768697974228 1.0 3.3306690738754693e-20
0.3393221771895326 1.0 0.0
0.4094915062380423 1.0 0.0
0.49417133613238334 1.0 0.0
0.5963623316594643 1.0 0.0
0.7196856730011514 1.0 0.0
0.868511373751352 1.0 0.0
1.0481131341546852 1.0 0.0
1.2648552168552958 1.0 0.0
1.5264179671752318 1.0 0.0
1.8420699693267144 1.0 0.0
2.2229964825261934 1.0 0.0
2.6826957952797246 1.0 0.0
3.2374575428176433 1.0 0.0
3.906939937054613 1.0 0.0
4.714866363457389 1.0 0.0
5.689866029018293 1.0 0.0
6.866488450042998 1.0 0.0
8.286427728546842 1.0 0.0
10.0 1.0 0.0
