0.001 0.14687934806332922 7.052825955355783e-05
0.0012067926406393288 0.17442396554312561 8.200232140164769e-05
0.0014563484775012444 0.2067375923961204 9.642756163529637e-05
0.0017575106248547913 0.24370905927609665 0.00011017313982807252
0.0021209508879201904 0.28621384882583706 0.00012565298997214617
0.002559547922699536 0.33422733789822434 0.0001418286860012071
0.0030888435964774815 0.3877014989119472 0.0001550599385714718
0.003727593720314938 0.4469180076335491 0.00016988571445899548
0.004498432668969444 0.5104755170448506 0.00017960613855235024
0.005428675439323859 0.5774874004611075 0.00018550111109800465
0.006551285568595509 0.6466812778132282 0.00018820077424469813
0.0079060432109077 0.7146879096179044 0.00018102238946723792
0.009540954763499945 0.7798553044113913 0.0001680031244351128
0.01151395399326447 0.838888910926852 0.00014643371005911614
0.013894954943731374 0.889359610061399 0.00011984682489858335
0.016768329368110076 0.9297259247399708 9.026235080765144e-05
0.020235896477251564 0.9593837274770025 6.25247096698015e-05
0.02442053094548651 0.97900643708653 3.835423316153459e-05
0.029470517025518096 0.9905024066964916 2.0210574221402816e-05
0.03556480306223128 0.9963358698240908 9.07942816542697e-06
0.04291934260128776 0.9988482153418726 3.393652235819433e-06
0.0517947467923121 0.9997127319889935 9.789634350401323e-07
0.0625055192527397 0.9999457502811426 2.1015121801088264e-07
0.07543120063354615 0.9999927392285833 3.1909546259878437e-08
0.09102981779915217 0.9999993532781275 3.2002801650109803e-09
0.10985411419875583 0.9999999649863454 2.0474202383771232e-10
0.13257113655901082 0.9999999989550803 7.489472039394063e-12
0.15998587196060574 0.999999999984534 1.5270101866220226e-13
0.19306977288832497 0.9999999999999046 6.7206125302601185e-16
0.2329951810515372 1.0 2.5342284515470507e-18
0.2811768697974228 1.0 2.2204460492503132e-20
0.3393221771895326 1.0 0.0
0.4094915062380423 1.0 0.0
0.49417133613238334 1.0 0.0
0.5963623316594643 1.0 0.0
0.7196856730011514 1.0 0.0
0.868511373751352 1.0 0.0
1.0481131341546852 1.0 0.0
1.2648552168552958 1.0 0.0
1.5264179671752318 1.0 0.0
1.8420699693267144 1.0 0.0
2.2229964825261934 1.0 0.0
2.6826957952797246 1.0 0.0
3.2374575428176433 1.0 0.0
3.906939937054613 1.0 0.0
4.714866363457389 1.0 0.0
5.689866029018293 1.0 0.0
6.866488450042998 1.0 0.0
8.286427728546842 1.0 0.0
10.0 1.0 0.0
