0.001 0.0024009726684006685 4.010726064837775e-06
0.0012067926406393288 0.004039426669965787 6.649219172625788e-06
0.0014563484775012444 0.006722459954150489 1.0785551236224597e-05
0.0017575106248547913 0.011128231498654089 1.7682784107523673e-05
0.0021209508879201904 0.01813924731573162 2.7922049220157756e-05
0.002559547922699536 0.02914808586163351 4.315834193847851e-05
0.0030888435964774815 0.04609096434518349 6.574855827574158e-05
0.003727593720314938 0.07119666108579777 9.57017806896002e-05
0.004498432668969444 0.10765677083489938 0.00013423467012308132
0.005428675439323859 0.15851614041010242 0.00018339962999348275
0.006551285568595509 0.22595945155162034 0.0002355565973059601
0.0079060432109077 0.31157584811201844 0.00028735957454678786
0.009540954763499945 0.4136152531719572 0.0003293532710050677
0.01151395399326447 0.526482313915079 0.00034641270709906603
0.013894954943731374 0.6423675297616561 0.0003339214590451906
0.016768329368110076 0.7507476616571914 0.0002926155476105844
0.020235896477251564 0.8421586974201085 0.00022872050801315869
0.02442053094548651 0.9108360198820031 0.0001581356001315739
0.029470517025518096 0.9556451353711094 9.294325307877307e-05
0.03556480306223128 0.9810285493345052 4.643025305228079e-05
0.04291934260128776 0.9932532280442008 1.9349118846104745e-05
0.0517947467923121 0.9980754446247502 6.515462079740115e-06
0.0625055192527397 0.9995724851709632 1.6624893522741239e-06
0.07543120063354615 0.9999294153003991 3.077116472804411e-07
0.09102981779915217 0.9999919869724047 3.940191012260876e-08
0.10985411419875583 0.9999994217877467 3.168456310730881e-09
0.13257113655901082 0.9999999751673607 1.49113851437731e-10
0.15998587196060574 0.9999999994428374 3.604548642027104e-12
0.19306977288832497 0.9999999999942525 4.003503546635787e-14
0.2329951810515372 0.9999999999999766 1.7111839926439007e-16
0.2811768697974228 1.0 9.992007221626409e-20
0.3393221771895326 1.0 0.0
0.4094915062380423 1.0 0.0
0.49417133613238334 1.0 0.0
0.5963623316594643 1.0 0.0
0.7196856730011514 1.0 0.0
0.868511373751352 1.0 0.0
1.0481131341546852 1.0 0.0
1.2648552168552958 1.0 0.0
1.5264179671752318 1.0 0.0
1.8420699693267144 1.0 0.0
2.2229964825261934 1.0 0.0
2.6826957952797246 1.0 0.0
3.2374575428176433 1.0 0.0
3.906939937054613 1.0 0.0
4.714866363457389 1.0 0.0
5.689866029018293 1.0 0.0
6.866488450042998 1.0 0.0
8.286427728546842 1.0 0.0
10.0 1.0 0.0
