0.001 0.004718177135107413 3.957765047328539e-05
0.0010473708979594498 0.004963020652259287 4.158431599584515e-05
0.001096985797892384 0.005208501466685691 4.3601117353489276e-05
0.0011489510001873086 0.005392892855237777 4.544386784280304e-05
0.0012033778407775893 0.005566420822258693 4.7149715450747005e-05
0.0012603829296797275 0.005969067401932036 4.9841740690791395e-05
0.001320088400831418 0.006302312522808737 5.198903526153014e-05
0.0013826221737646563 0.006531136911610659 5.4546316801833894e-05
0.001448118227674533 0.006777985465320489 5.69153128507006e-05
0.0015167168884709225 0.007184717206312953 6.003003044346524e-05
0.0015885651294280528 0.00741861846053952 6.212382714477872e-05
0.001663816886076129 0.007844998760514747 6.536399522849841e-05
0.0017426333860096508 0.008204663731015874 6.947596170309172e-05
0.0018251834943190425 0.008681545500979269 7.288119603118454e-05
0.0019116440753857017 0.008940801397036555 7.50994884246213e-05
0.0020022003718155844 0.009617592505310395 7.938752370277584e-05
0.002097046401323233 0.009882846086956198 8.317211216566344e-05
0.002196385372416547 0.010277741116537238 8.643715234241865e-05
0.002300430119772917 0.010896942617944527 9.1130236470756e-05
0.0024094035602395245 0.011200420202997441 9.35846302790281e-05
0.0025235391704347657 0.01179150308005773 9.895931420420267e-05
0.0026430814869741054 0.012460729065541408 0.00010333812211716949
0.0027682866303920667 0.013053688413985054 0.00010977438274449241
0.002899422853882875 0.013625565129073217 0.0001128192226440428
0.0030367711180354575 0.014357638617347467 0.00011976124514934445
0.0031806256927941192 0.014908121066808559 0.00012433531654985758
0.0033312947879346735 0.01547550011892119 0.00012987958457675908
0.0034891012134067737 0.01622610841226918 0.00013589065997425447
0.0036543830709572546 0.016984454314286107 0.00014062114829368507
0.003827494478516311 0.017895455852704266 0.0001492670493453754
0.004008806328898464 0.018422367351489832 0.00015522194085488346
0.00419870708444391 0.019637308442488094 0.00016228354070402042
0.004397603609302721 0.02050963031759964 0.00017119355169169606
0.004605922041145104 0.021436862756405637 0.0001779704069844552
0.004824108704165369 0.02234218628985154 0.00018516932335214657
0.00505263106533568 0.023378990545139665 0.00019596162262875775
0.005291978735958442 0.024423559175742238 0.00020501887844932672
0.005542664520663107 0.025691548371669565 0.00021412531707520606
0.005805225516094896 0.02683345482878255 0.00022125946119474344
0.006080224261649427 0.027869370841490604 0.0002330823347685688
0.006368249944718587 0.029570015051710273 0.00024361743999160837
0.006669919663030122 0.030838534612106963 0.0002539792195213175
0.0069858797467852495 0.03201383474154247 0.0002668185388046774
0.007316807143427192 0.03371081471559369 0.00027686904326225175
0.007663410868007463 0.03523930566713816 0.0002928950504876008
0.008026433522257174 0.036620094613429036 0.0003044322091832415
0.008406652885618326 0.038271666645397565 0.00031371108430346546
0.008804883581643464 0.03996899950934084 0.0003281425628617431
0.009221978823334321 0.04169132960708719 0.00034560887636633455
0.009658832241158708 0.04434871486440307 0.00035938509023428103
0.01011637979766207 0.04624982756076891 0.0003815115486598686
0.010595601792776159 0.048167526458690046 0.00038892725965526177
0.011097524964120722 0.04996110418266478 0.00040674967263407065
0.011623224686798524 0.052238694532098555 0.00042808212165448964
0.012173827277396614 0.05437552450473376 0.0004423788707897243
0.012750512407130135 0.05803958989699206 0.0004650403172685797
0.013354515629298987 0.06000266338526178 0.000484549951506779
0.013987131026472387 0.06195347276780214 0.0005093467468956496
0.014649713983072856 0.06516015242675662 0.0005326729028423921
0.015343684089300124 0.06809642891567604 0.0005511257039884569
0.01607052818261639 0.07059185176993309 0.0005722974859807687
0.016831803533309566 0.07382932063852475 0.0005990178660084333
0.01762914118095948 0.07795886778891112 0.0006300673404246346
0.018464249428955436 0.08150016520508767 0.0006491746638538206
0.01933891750455231 0.08476437061480799 0.0006784029686342914
0.020255019392306676 0.08812173481182445 0.0007067410277452711
0.021214517849106298 0.09157053908473897 0.0007350133215315697
0.02221946860939524 0.09547647750603358 0.000762909192732394
0.023272024789604086 0.10016012877353223 0.0008045251586727464
0.024374441501222206 0.10512139692394847 0.0008260032322142291
0.025529080682395178 0.11029984082239812 0.0008752617293851483
0.026738416158399468 0.11497950299025765 0.000908221947333773
0.02800503894183631 0.11923858591063824 0.0009264747527286246
0.02933166278390044 0.12315815266630646 0.0009808131645573516
0.030721129988617576 0.12993172768419536 0.0010138551316939942
0.03217641750250737 0.13256340226223048 0.0010436080907151996
0.03370064329271928 0.14212049503568705 0.0010921090237650496
0.0352970730273065 0.14557180235113953 0.0011256033563712873
0.036969127071950283 0.14944409112912554 0.0011583925098930547
0.03872038781812555 0.15757656227235797 0.0011997622277590341
0.040554607358408296 0.16242159275570867 0.0012460900280013031
0.04247571552536898 0.1718689703311126 0.001310286455383206
0.04448782831127585 0.17730906914443273 0.0013398565889052524
0.046595256686646824 0.18330226875523242 0.001391406367883332
0.04880251583654431 0.19241961353900833 0.0014287486653387883
0.051114334834401684 0.20046644831019725 0.0014880572927917371
0.053535666774107246 0.20936134746320995 0.0015354377827823268
0.05607169938205458 0.21498796987549346 0.0015828760938391684
0.05872786613189483 0.2233189891218098 0.0016488929510235853
0.061509857885805014 0.23143088879873822 0.001694571665171044
0.06442363508721373 0.23953802970238472 0.0017293590097952557
0.06747544053110693 0.24876199567899412 0.001784173274404138
0.07067181273927492 0.25748578072518336 0.0018469338580020165
0.07401959996915644 0.2677380461737769 0.0018938128572967687
0.0775259748862946 0.2777895002153898 0.0019603323606124097
0.08119844993184012 0.28407238213714875 0.002013095291642598
0.08504489341802678 0.29594144678226303 0.0020657894657272534
0.0890735463861044 0.3069865456592881 0.002103084577205838
0.09329304026284686 0.31881894802572536 0.002171725596465608
0.09771241535346496 0.32402188343737204 0.0022103601324947484
0.10234114021054527 0.3376968861048095 0.002271603581488876
0.10718913192051276 0.34619196814388026 0.0023197967420774176
0.11226677735108136 0.36220726055027536 0.002391367191738621
0.1175849554052157 0.37049225278767767 0.0024398433352128975
0.12315506032928261 0.38371866176350805 0.0024824275034144544
0.1289890261253308 0.3921764945187804 0.002507544754063083
0.13509935211980265 0.39907320359759824 0.002572166322268411
0.1414991297434576 0.41452481159650206 0.002620402700585156
0.14820207057988585 0.42789453174792996 0.00265898202441804
0.1552225357427048 0.4369448573869353 0.002690102084870327
0.1625755666443795 0.4517495540569709 0.002738519636975659
0.17027691722258995 0.46122155261562287 0.002767432410235647
0.17834308769319093 0.4781328867283939 0.0027933246269443547
0.1867913599020783 0.4850826979686125 0.0028183221945879823
0.19563983435170648 0.4945714937584822 0.002865617188808353
0.20490746898158482 0.5105027475287096 0.002874760327265782
0.21461411978584036 0.5227329384873399 0.0029124224257979607
0.22478058335487253 0.5316832357097392 0.0029534130579177754
0.2354286414322418 0.546227080300781 0.0029856870606417506
0.2465811075822604 0.5596089911035532 0.002987640792827698
0.2582618760682677 0.5683314200408596 0.0030252172316229484
0.27049597304631345 0.5788604778022359 0.0030377316915594075
0.2833096101839324 0.5892828096764926 0.0030516171435231317
0.29673024081888694 0.6001223551699888 0.0030614937945891525
0.3107866187782014 0.605357644577913 0.003089703378625273
0.325508859983506 0.6263986042891638 0.003048312030233623
0.3409285069746811 0.6327573185361494 0.003097210557789118
0.35707859649004625 0.6465558507940214 0.0030738039775947633
0.3739937302478798 0.6524983633102899 0.003078961117107315
0.39171014908092605 0.6631151209738748 0.003073327621132007
0.41026581058271944 0.6730138748794865 0.0030718093722338123
0.4297004704320839 0.6792814096877093 0.003102390352806509
0.4500557675700497 0.7003374947329903 0.0030216822084060237
0.4713753134116724 0.7083566463232172 0.003012362484716056
0.4937047852839004 0.7125137223806922 0.0030314410841325605
0.517092024289676 0.7257443280337541 0.003003577908457991
0.5415871378079471 0.7220712288562873 0.003071252054041799
0.5672426068491978 0.7368298647170821 0.003000108580123934
0.5941133984965034 0.7469401198366193 0.0029732302941176876
0.6222570836730231 0.7573234786810699 0.0029273070643817474
0.6517339604882427 0.7628942653543789 0.002941130183512079
0.6826071834272386 0.7763531044826792 0.0028730933910168133
0.7149428986597577 0.7781406594341826 0.0028730565376519136
0.7488103857590023 0.7866480497661933 0.0028570968047032757
0.7842822061337682 0.7919974866465609 0.0028523761383469157
0.821434358491943 0.799763743326123 0.0028065978800783102
0.8603464416684501 0.8130655086195183 0.0027242362078071136
0.9011018251665018 0.8102092494741934 0.002791158669246495
0.9437878277775381 0.8223407069839279 0.00270404761952226
0.9884959046625587 0.8248235369916458 0.002700518859298836
1.0353218432956626 0.8322804163531978 0.0026618601208906983
1.0843659686896108 0.8427369979842566 0.0025694987793714874
1.135733358343105 0.8462585120157433 0.0025640864049016688
1.1895340673703196 0.8486762603742549 0.002559991220069063
1.2458833642950082 0.853038410272805 0.002559780094548768
1.3049019780144029 0.8601308090739607 0.002499476467503428
1.3667163564620073 0.8675552280682602 0.0024332425503899168
1.4314589375234785 0.8693046605276521 0.0024293054375889504
1.4992684327860455 0.8714370052601378 0.0024442473563169613
1.5702901247293775 0.8755972704385884 0.002405387135480083
1.6446761779946644 0.885106230721115 0.00231115699578379
1.7225859653987874 0.8878477911764685 0.0022884736725874754
1.8041864093920719 0.8900846854015132 0.0022845754489222076
1.8896523396912097 0.8947868350627963 0.002229317926423458
1.9791668678535574 0.8948329929434814 0.0022511980762183674
2.072921779595372 0.8974784988453295 0.0022214313933483555
2.171117945694505 0.9026205101351569 0.0021865538122296368
2.2739657523579275 0.9054419219410822 0.002134621594782251
2.381685551976158 0.9135911745080432 0.002058552397448632
2.4945081352303164 0.9129141554941894 0.00207769650744366
2.612675225563329 0.9111379192919321 0.002104324466675897
2.736439997074672 0.9196750744378432 0.0019863010008315677
2.8660676169482504 0.9195198514601146 0.0020079016175770874
3.001835813575589 0.9243284201752802 0.001956388240142767
3.1440354715915 0.9263316148429332 0.0019483029289795062
3.2929712550971515 0.9305600613972224 0.001868569858894851
3.44896226040576 0.9319500232155359 0.0018810760584716227
3.6123426997094303 0.9367472981470737 0.0017860481314712314
3.7834626171319288 0.9352196109759774 0.0018233953783699146
3.9626886387014784 0.9417384579665855 0.0017370583397893385
4.150404757850477 0.9388376495064557 0.0017876604366720153
4.347013158125026 0.9466438336499235 0.0016497430706180392
4.552935074866948 0.9496055105672995 0.0016078031919106671
4.768611697714469 0.9481938773599864 0.0016237821395682073
4.99450511585514 0.9484527141174575 0.0016630868968546162
5.2310993080562636 0.9524374573698627 0.0015787137184080187
5.478901179593945 0.9522837163981749 0.0015882180813793132
5.738441648302393 0.9563510777581323 0.001539045170641998
6.010276782070382 0.9580699654757052 0.0014748138731485343
6.294988990221888 0.9576299102395951 0.0014967964835587648
6.593188271333548 0.9564245980357289 0.001549362453934362
6.905513520162331 0.9613155553695047 0.0014327709366110902
7.2326338964835335 0.9627286279337576 0.0014306132940551516
7.575250258771913 0.9625021297936303 0.0014406862073614685
7.934096665797492 0.9643250448657301 0.0013930275551553679
8.309941949353396 0.9670258996154669 0.0013028596445420371
8.703591361485167 0.9686983812806484 0.0012965130003869377
9.115888299750829 0.9699453501902552 0.0012926799646401218
9.547716114208056 0.968896157758761 0.0012832781124740961
10.0 0.970398840814952 0.001267103858313214
