0.001 3.8350111406936885e-07 7.758891573753748e-09
0.0010473708979594498 4.473592234640897e-07 9.160190269181052e-09
0.001096985797892384 5.132583248116759e-07 1.0302212826321815e-08
0.0011489510001873086 5.773620104363343e-07 1.1744309258955086e-08
0.0012033778407775893 6.443491168165193e-07 1.3385481363492898e-08
0.0012603829296797275 7.668744700482344e-07 1.5264457006618742e-08
0.001320088400831418 8.878814846353937e-07 1.78268218004581e-08
0.0013826221737646563 1.0103282952145913e-06 2.0439624407209388e-08
0.001448118227674533 1.1405831418672185e-06 2.32565504367776e-08
0.0015167168884709225 1.349067400166971e-06 2.747376897860046e-08
0.0015885651294280528 1.4881421772306788e-06 3.036861976064578e-08
0.001663816886076129 1.753910393649927e-06 3.6188115174869614e-08
0.0017426333860096508 2.049702845143e-06 4.155076540051953e-08
0.0018251834943190425 2.3936105068747555e-06 4.833751741551662e-08
0.0019116440753857017 2.6184489059550322e-06 5.350665712879737e-08
0.0020022003718155844 3.1443193012431736e-06 6.22393948689135e-08
0.002097046401323233 3.549896661659358e-06 7.252108118405873e-08
0.002196385372416547 3.973153343365905e-06 7.999738541819334e-08
0.002300430119772917 4.6987821319908484e-06 9.424659773554593e-08
0.0024094035602395245 5.096823302822824e-06 1.032405532221753e-07
0.0025235391704347657 6.009020666966849e-06 1.228989784896873e-07
0.0026430814869741054 6.891250836920132e-06 1.3702435933353733e-07
0.0027682866303920667 8.151074911346385e-06 1.637563581477092e-07
0.002899422853882875 9.035165081132662e-06 1.825277606858303e-07
0.0030367711180354575 1.0709905269741646e-05 2.1628516998840088e-07
0.0031806256927941192 1.19481925925229e-05 2.3713643652182868e-07
0.0033312947879346735 1.3529180324111778e-05 2.7182743633966104e-07
0.0034891012134067737 1.5536105002061172e-05 3.132716564147621e-07
0.0036543830709572546 1.7469316205201246e-05 3.5055661287736284e-07
0.003827494478516311 2.0689321883983983e-05 4.1597890689513605e-07
0.004008806328898464 2.3033770108399083e-05 4.678167243486412e-07
0.00419870708444391 2.6842776639934206e-05 5.298952736832024e-07
0.004397603609302721 3.118260350167998e-05 6.266838419116614e-07
0.004605922041145104 3.516041022219276e-05 6.976275989631143e-07
0.004824108704165369 3.980482951204376e-05 7.905512354783602e-07
0.00505263106533568 4.6468388092906895e-05 9.287097947942019e-07
0.005291978735958442 5.306995978555433e-05 1.0526831828765208e-06
0.005542664520663107 6.119201585005512e-05 1.2255844791131412e-06
0.005805225516094896 6.815599133007655e-05 1.3502383232752542e-06
0.006080224261649427 7.858972096648786e-05 1.583886265991029e-06
0.006368249944718587 9.093247114756269e-05 1.7857818937061137e-06
0.006669919663030122 0.00010385072041556838 2.0876184208367902e-06
0.0069858797467852495 0.00011797808729934744 2.334663493361856e-06
0.007316807143427192 0.0001338209006522696 2.596487828718472e-06
0.007663410868007463 0.00015641959873796864 3.1081966832798077e-06
0.008026433522257174 0.00017626286930206287 3.5360800811082516e-06
0.008406652885618326 0.00019551899633091954 3.829940857449584e-06
0.008804883581643464 0.00022324376689267103 4.397615619422908e-06
0.009221978823334321 0.00025807811244445334 5.078695768008867e-06
0.009658832241158708 0.0002975165186965346 5.724379973148011e-06
0.01011637979766207 0.0003486274970172405 6.789419375614658e-06
0.010595601792776159 0.00037796181326712087 7.2030809737849175e-06
0.011097524964120722 0.00042940007205922255 8.341463941878433e-06
0.011623224686798524 0.0004954601746568593 9.604109939002165e-06
0.012173827277396614 0.0005524113639122678 1.0702403357511627e-05
0.012750512407130135 0.0006542983861414717 1.2443538564223426e-05
0.013354515629298987 0.000729596174530883 1.3822117323869967e-05
0.013987131026472387 0.0008347127912255224 1.638305216597242e-05
0.014649713983072856 0.0009575533115705678 1.846628843032477e-05
0.015343684089300124 0.0010693846663534005 2.0136966399027515e-05
0.01607052818261639 0.0012002416657640172 2.2894231309195347e-05
0.016831803533309566 0.0013717308594225724 2.6141739991639212e-05
0.01762914118095948 0.001603493849176682 3.0364936047722436e-05
0.018464249428955436 0.0017836967044102163 3.320839394381104e-05
0.01933891750455231 0.0020191590642579895 3.734903887825872e-05
0.020255019392306676 0.002282236270780704 4.264439197448257e-05
0.021214517849106298 0.002560485340497203 4.7348649204331015e-05
0.02221946860939524 0.0028892151677792446 5.4184429371529307e-05
0.023272024789604086 0.0033552397293824705 6.208474366486834e-05
0.024374441501222206 0.0037300779868893754 6.770314154525727e-05
0.025529080682395178 0.0043567228447964484 7.822304899986416e-05
0.026738416158399468 0.0049010170631397735 8.806941925689443e-05
0.02800503894183631 0.00532565789896563 9.450342456158734e-05
0.02933166278390044 0.006109090952448501 0.00010965596805857798
0.030721129988617576 0.00693841694084621 0.00012333640895036428
0.03217641750250737 0.007489669353082604 0.0001343672243099822
0.03370064329271928 0.008793186626794009 0.00015090690904943473
0.0352970730273065 0.009583283168541791 0.00016731827313179405
0.036969127071950283 0.010399509157517984 0.00018117541486357706
0.03872038781812555 0.011830467570063584 0.0002028664782402159
0.040554607358408296 0.013111624033744001 0.00022560735174316553
0.04247571552536898 0.015378748675234425 0.0002616117078624466
0.04448782831127585 0.016576245871799414 0.0002783841956542237
0.046595256686646824 0.0183989272035711 0.00030504615193359895
0.04880251583654431 0.020572994095980224 0.0003361711232031089
0.051114334834401684 0.023238207394870692 0.00037964235316392987
0.053535666774107246 0.025896044391897903 0.00041347060458091326
0.05607169938205458 0.02822554613633921 0.0004519727697112316
0.05872786613189483 0.03177821370648111 0.0005093929296247735
0.061509857885805014 0.034791214831001574 0.0005465819270152312
0.06442363508721373 0.037698417668306186 0.0005810091121325023
0.06747544053110693 0.04175211623029438 0.0006374336475305928
0.07067181273927492 0.04628405981375101 0.0007062183178700456
0.07401959996915644 0.0509118509307526 0.0007641515744842509
0.0775259748862946 0.05638840642233628 0.0008255330051818663
0.08119844993184012 0.0607789596084539 0.0008966348532787549
0.08504489341802678 0.0668712496909267 0.0009600454939296503
0.0890735463861044 0.07285875649971328 0.0010360630620767143
0.09329304026284686 0.08080954659106664 0.0011339001957517288
0.09771241535346496 0.0849696814869736 0.0011869818375703726
0.10234114021054527 0.09405811653074006 0.0012813351819705083
0.10718913192051276 0.1007395649225374 0.001366035374726971
0.11226677735108136 0.1125231125488241 0.0014759915003582289
0.1175849554052157 0.1198266269800682 0.001561525800650568
0.12315506032928261 0.12995057203497612 0.0016562490627202583
0.1289890261253308 0.1364481801480458 0.0017144052193459947
0.13509935211980265 0.1452852658341135 0.0018312466676110438
0.1414991297434576 0.1582841826599599 0.0019333377201118437
0.14820207057988585 0.17015837627196626 0.0020347836627186574
0.1552225357427048 0.17900061621802374 0.0021210911323292685
0.1625755666443795 0.19352750115616946 0.002218575159964265
0.17027691722258995 0.20345669561085156 0.002310676105686863
0.17834308769319093 0.21958839352620171 0.0024264153306045883
0.1867913599020783 0.22735613191999426 0.0024777587921336426
0.19563983435170648 0.2399015699153431 0.002584399936224791
0.20490746898158482 0.2556800701341596 0.0026787408652992452
0.21461411978584036 0.2705959986311324 0.0027688017945813378
0.22478058335487253 0.2834162981213752 0.0028685819307112353
0.2354286414322418 0.30184229191671413 0.0029842600404419977
0.2465811075822604 0.31645617918290836 0.003038792270206751
0.2582618760682677 0.3296223653571155 0.003106887116345775
0.27049597304631345 0.34359750289182417 0.0031896285122552646
0.2833096101839324 0.3573653702955709 0.0032524164774035526
0.29673024081888694 0.37199232058906184 0.00332707729135383
0.3107866187782014 0.3814269146697431 0.0033815170021442393
0.325508859983506 0.4048474464773618 0.0034272417712071577
0.3409285069746811 0.4185635659502546 0.0035064150462885755
0.35707859649004625 0.4354689453792512 0.0035467652544206242
0.3739937302478798 0.4446129474289778 0.0035808311088513334
0.39171014908092605 0.45951966378375536 0.0036175269686267992
0.41026581058271944 0.4745137774849707 0.003660125936011617
0.4297004704320839 0.48651054768224755 0.0036818782735779727
0.4500557675700497 0.5113779847787355 0.0036832319085952285
0.4713753134116724 0.5238376623582851 0.003713889918132946
0.4937047852839004 0.5324113448246263 0.003739377251825091
0.517092024289676 0.5523015121661783 0.0037662155943969065
0.5415871378079471 0.5525226945051762 0.0037899267210930797
0.5672426068491978 0.5710506915522523 0.0037832995506963045
0.5941133984965034 0.5859089690607583 0.0037793074053687225
0.6222570836730231 0.5999962833057576 0.0037593509027535913
0.6517339604882427 0.6119213458777062 0.0037868041925359576
0.6826071834272386 0.6302985178104072 0.003757067987370341
0.7149428986597577 0.6339260975468939 0.0037664909916124084
0.7488103857590023 0.6483840739861936 0.00374971119836795
0.7842822061337682 0.6584310778776169 0.0037557095803685153
0.821434358491943 0.6691694793542441 0.0037245316620494163
0.8603464416684501 0.6875064027602523 0.0036515324891011015
0.9011018251665018 0.6882761641853659 0.0036959072970095853
0.9437878277775381 0.7048323776381265 0.0036345329417046446
0.9884959046625587 0.7096951573413663 0.0036328843216663492
1.0353218432956626 0.7216188424182356 0.00360053814817298
1.0843659686896108 0.7353222110883496 0.003533929236727898
1.135733358343105 0.7423603191070364 0.0035169815301349964
1.1895340673703196 0.7472590649662674 0.003513740038216281
1.2458833642950082 0.7566608580142193 0.003486523697596724
1.3049019780144029 0.7666050953295813 0.0034194441940277108
1.3667163564620073 0.7772771968813235 0.00336528361843215
1.4314589375234785 0.7811385104631752 0.0033671002237984937
1.4992684327860455 0.7873514861431243 0.0033611241146794834
1.5702901247293775 0.7931340438504236 0.003319858396187739
1.6446761779946644 0.8069857302146897 0.003231073714612113
1.7225859653987874 0.8114955565437769 0.0032069209638334343
1.8041864093920719 0.8163997370803635 0.0031890734581057328
1.8896523396912097 0.8228122616088643 0.003140699198779059
1.9791668678535574 0.8248828669686195 0.0031472863687179104
2.072921779595372 0.8286686713873798 0.0031199678296692885
2.171117945694505 0.8377593971197858 0.0030486022966109733
2.2739657523579275 0.8405024781769447 0.0030191165363235217
2.381685551976158 0.8545058967958986 0.002923241948132556
2.4945081352303164 0.8541604360255307 0.0029309144713551187
2.612675225563329 0.8519632400187683 0.0029612122696805803
2.736439997074672 0.86394658164787 0.0028439603398158126
2.8660676169482504 0.865009325527021 0.002843187718082755
3.001835813575589 0.8732590809500121 0.0027826652717859186
3.1440354715915 0.877524568061277 0.0027485702464814877
3.2929712550971515 0.8822175129591269 0.0026751535269714456
3.44896226040576 0.8867551066586832 0.0026671178333295673
3.6123426997094303 0.8922248553025783 0.0025722499805114346
3.7834626171319288 0.891306503583809 0.0026249390113442708
3.9626886387014784 0.9015889387763526 0.0024857501270247866
4.150404757850477 0.8976391372431953 0.002548433822437676
4.347013158125026 0.9086228325678161 0.0023947901015035707
4.552935074866948 0.9137921212495835 0.0023403446973050907
4.768611697714469 0.9112936856064081 0.0023852360566770344
4.99450511585514 0.914009698642078 0.0023612353891953454
5.2310993080562636 0.9193495530432058 0.0022831429095636602
5.478901179593945 0.9195591250416799 0.002293559048619968
5.738441648302393 0.9270017219953617 0.00219637581681664
6.010276782070382 0.9280635339607537 0.0021688004465883802
6.294988990221888 0.9281757673953287 0.0021748387698676316
6.593188271333548 0.9277887930757557 0.0021923273529082855
6.905513520162331 0.9340539100330276 0.002076640320446922
7.2326338964835335 0.9376848064364849 0.0020457077906286827
7.575250258771913 0.9376438653329462 0.0020549001912607014
7.934096665797492 0.9398647253368241 0.002006346911755316
8.309941949353396 0.942590563310952 0.001940900801773662
8.703591361485167 0.9465964580937467 0.0018834306502071403
9.115888299750829 0.9495356996898683 0.0018437350467640405
9.547716114208056 0.9465338442880687 0.0018845442788134506
10.0 0.9496456250642786 0.0018419986513329232
