0.001 0.003883477584351604 4.198511143992746e-05
0.0012067926406393288 0.005609146617142807 6.010297581985526e-05
0.0014563484775012444 0.00799236115263125 8.420821361479034e-05
0.0017575106248547913 0.01109234861806862 0.00011796145037454921
0.0021209508879201904 0.015502677912305944 0.00016592556922024056
0.002559547922699536 0.022393342490451596 0.00023153737046788958
0.0030888435964774815 0.030856460701374853 0.00031497702544472676
0.003727593720314938 0.042831581595830094 0.0004307421560830614
0.004498432668969444 0.05811815784913329 0.0005730471710228063
0.005428675439323859 0.07813818595063649 0.0007500124686551418
0.006551285568595509 0.10661035997951944 0.000987045849631539
0.0079060432109077 0.14011439882386703 0.0012585854090470378
0.009540954763499945 0.1808025134645963 0.0015663932509753858
0.01151395399326447 0.2278732828286355 0.001893252900338163
0.013894954943731374 0.27845809095289303 0.002202922701156986
0.016768329368110076 0.3404360397211693 0.002543789674839642
0.020235896477251564 0.4139940844812808 0.002849851796530194
0.02442053094548651 0.4772848660745566 0.0030554665184078346
0.029470517025518096 0.5384035587033511 0.0032508155714333874
0.03556480306223128 0.59691474426317 0.0033300024756408608
0.04291934260128776 0.6582847494934927 0.003334213670994675
0.0517947467923121 0.7027663834336454 0.0033324732583105672
0.0625055192527397 0.7498427746075956 0.0032263391353849025
0.07543120063354615 0.7887503568744596 0.003072998533492607
0.09102981779915217 0.8194088226797163 0.0029404972152998242
0.10985411419875583 0.8413482914625383 0.002854427816164433
0.13257113655901082 0.8721214417059846 0.002624973742603831
0.15998587196060574 0.891918808030112 0.0024435099402180054
0.19306977288832497 0.9022129493697896 0.0023878797649803697
0.2329951810515372 0.9240156120146896 0.0021302056787621403
0.2811768697974228 0.9334281109894184 0.002004683262138037
0.3393221771895326 0.9417211057213668 0.001902416490459994
0.4094915062380423 0.9473683623879043 0.001833636421637894
0.49417133613238334 0.9557685899235321 0.0016931819455615093
0.5963623316594643 0.9610674903855648 0.001604295320933029
0.7196856730011514 0.9679142736263595 0.0014824635321854678
0.868511373751352 0.9700221823206772 0.0014278872884081252
1.0481131341546852 0.9757409099636704 0.0012936211424059874
1.2648552168552958 0.9772417463002865 0.0012507812492452209
1.5264179671752318 0.9801299556195586 0.0011774169398484989
1.8420699693267144 0.9843458681357743 0.0010385793000284027
2.2229964825261934 0.9843176176581717 0.0010543185788597495
2.6826957952797246 0.9869194211365774 0.000985094529742002
3.2374575428176433 0.9883340369249763 0.000919020662947064
3.906939937054613 0.9884592322332066 0.0009306242117342148
4.714866363457389 0.9912274703063125 0.0007968924511979531
5.689866029018293 0.9918760056176972 0.000787334845787587
6.866488450042998 0.9928228318676494 0.0007633970853371568
8.286427728546842 0.9934637183270836 0.0007150265785671606
10.0 0.9935804129187947 0.0007233364771935869
