0.001 0.030756759845142836 0.0002031714579601865
0.0012067926406393288 0.03668168712482052 0.0002463175146343523
0.0014563484775012444 0.04420656451262949 0.00029313255595698725
0.0017575106248547913 0.05320026434805922 0.00035190446614001515
0.0021209508879201904 0.06324066061339392 0.0004218834803407941
0.002559547922699536 0.07637875016572397 0.0005044385155451374
0.0030888435964774815 0.09030052962491944 0.0005960536351384962
0.003727593720314938 0.10805717536408745 0.0007066202016062728
0.004498432668969444 0.1290374208975783 0.0008257787082809995
0.005428675439323859 0.15305272183716073 0.0009581302705310201
0.006551285568595509 0.17765328097841063 0.0011173464374855664
0.0079060432109077 0.21035595588536962 0.0012795653888501687
0.009540954763499945 0.24463331596314097 0.0014643759199556444
0.01151395399326447 0.28650645994715895 0.0016701493484667783
0.013894954943731374 0.32629589147371874 0.0018693556829790692
0.016768329368110076 0.37038824899089107 0.0020814648940600455
0.020235896477251564 0.4211164373325962 0.002277725970333282
0.02442053094548651 0.4753132599823484 0.0024584644884354276
0.029470517025518096 0.5263963315267268 0.00258766384102463
0.03556480306223128 0.5818517342865698 0.002689360366067436
0.04291934260128776 0.6317828752516732 0.002769597201560475
0.0517947467923121 0.6817290091691868 0.0027915467963624658
0.0625055192527397 0.7253522121439757 0.002788443921410887
0.07543120063354615 0.7640041958885658 0.002715475195663512
0.09102981779915217 0.7982986864505014 0.0026510010158668873
0.10985411419875583 0.8288252087468262 0.002536782556357579
0.13257113655901082 0.8512934286908433 0.0024428493283323257
0.15998587196060574 0.8760740851335895 0.0022961738767436055
0.19306977288832497 0.8919189259815564 0.0022258434595972816
0.2329951810515372 0.911966460529864 0.002019897961121363
0.2811768697974228 0.9246505410187321 0.0018848682548128555
0.3393221771895326 0.93448936142938 0.001816823548718206
0.4094915062380423 0.943711772121107 0.0017144108211883816
0.49417133613238334 0.9503427908170997 0.001639377949085944
0.5963623316594643 0.9598436545225366 0.001436374423162951
0.7196856730011514 0.9649393255434472 0.0013776192868279358
0.868511373751352 0.9710421444751611 0.0012531046757471318
1.0481131341546852 0.9738785007452878 0.001233666368335373
1.2648552168552958 0.9771771463788176 0.0011404630779596055
1.5264179671752318 0.9802868630454915 0.0010849672952872582
1.8420699693267144 0.9814322934526736 0.0010839338735184718
2.2229964825261934 0.9867431745921318 0.0008901055552742968
2.6826957952797246 0.9873953749778978 0.0008969872520636496
3.2374575428176433 0.9885704232636874 0.0008497617529138804
3.906939937054613 0.9905549726842532 0.0007812221120909491
4.714866363457389 0.9892273392030132 0.0008709777779284493
5.689866029018293 0.9914480512244452 0.0007769234537547312
6.866488450042998 0.9914567597476175 0.0007932013978518177
8.286427728546842 0.9930178441205959 0.000723807543969841
10.0 0.9932518035998246 0.0007290579279457434
