0.001 7.040859921565895e-05 1.031630468441113e-06
0.0012067926406393288 0.0001221867768613672 1.8182378253562147e-06
0.0014563484775012444 0.00020981939900791984 3.0754169991228047e-06
0.0017575106248547913 0.0003644055364105364 5.2831356989338945e-06
0.0021209508879201904 0.0006179243978948329 8.967127516103576e-06
0.002559547922699536 0.0010717584268154247 1.5164272575199932e-05
0.0030888435964774815 0.001771154525427996 2.5205841286514092e-05
0.003727593720314938 0.0029888568804293013 4.1809162902747016e-05
0.004498432668969444 0.004952595008800748 6.83949609992212e-05
0.005428675439323859 0.008018376887624752 0.00010746764251370116
0.006551285568595509 0.012551865401532346 0.000166003776101941
0.0079060432109077 0.019941340873450897 0.0002528749447928651
0.009540954763499945 0.030737496313836862 0.00038192979283103556
0.01151395399326447 0.04761247976877354 0.0005623593871806942
0.013894954943731374 0.0687968850514978 0.0007889770486752585
0.016768329368110076 0.09844781781309328 0.0010973399994587579
0.020235896477251564 0.13820185487728934 0.0014490394536822598
0.02442053094548651 0.189269637964343 0.0018554406636553515
0.029470517025518096 0.24446994910204825 0.0022420968254156623
0.03556480306223128 0.3120009596891596 0.0026211610333669037
0.04291934260128776 0.3826755062040145 0.0029932161657961003
0.0517947467923121 0.4566021661891593 0.0032423487094631266
0.0625055192527397 0.5275125871258726 0.003429443184375239
0.07543120063354615 0.5894207547967978 0.0035033366804278214
0.09102981779915217 0.6494232996126243 0.0035307121140787934
0.10985411419875583 0.7013687371565113 0.003470779489291574
0.13257113655901082 0.7412085864425415 0.0033854133297327085
0.15998587196060574 0.7843514887916891 0.003246349802608262
0.19306977288832497 0.8150075260843058 0.003114234745468683
0.2329951810515372 0.8469186140149068 0.0028918907242534483
0.2811768697974228 0.8683935330411027 0.0027310320069269213
0.3393221771895326 0.8882726016189616 0.0025915156621218495
0.4094915062380423 0.9047399809572285 0.002425247500653963
0.49417133613238334 0.9172699697941049 0.002308654403958413
0.5963623316594643 0.9302961597956313 0.0020990087486175957
0.7196856730011514 0.940480380240495 0.0019659185128306452
0.868511373751352 0.9506874305093037 0.0018143658151553454
1.0481131341546852 0.9570052905471382 0.0017045425976766082
1.2648552168552958 0.961897303234822 0.0016138721812739894
1.5264179671752318 0.9680158044768956 0.001505316806763392
1.8420699693267144 0.9709513246680255 0.0014619134523581698
2.2229964825261934 0.9782175914358388 0.0012378988227670935
2.6826957952797246 0.9801824388410921 0.0012040254905847688
3.2374575428176433 0.9818381841828375 0.0011486390414523937
3.906939937054613 0.9852008999146791 0.0010443589289320602
4.714866363457389 0.9841435232628355 0.0011014326945349524
5.689866029018293 0.9873409872847194 0.0009778419449636999
6.866488450042998 0.9877436217492414 0.0009680001039150101
8.286427728546842 0.9900828995311076 0.0008690504418590323
10.0 0.9908085384650073 0.0008444193283221169
