0.001 6.802340444356224e-05 1.0011689107057238e-06
0.0012067926406393288 0.00011940487834123508 1.7653878548829608e-06
0.0014563484775012444 0.0001986636759044982 2.9709172901309852e-06
0.0017575106248547913 0.00034228399431345636 5.018003889152915e-06
0.0021209508879201904 0.0005888093503641249 8.539143216683608e-06
0.002559547922699536 0.0010052205293158895 1.4390724429597826e-05
0.0030888435964774815 0.0016882477059945438 2.4354042768825242e-05
0.003727593720314938 0.0027921489124339543 3.9423212423776694e-05
0.004498432668969444 0.0046797557373965855 6.456754672590554e-05
0.005428675439323859 0.007692210607997254 0.00010230716315179354
0.006551285568595509 0.012073653482728867 0.00015878337246443724
0.0079060432109077 0.01920748597934792 0.0002454370464496339
0.009540954763499945 0.02967890894916851 0.00036968107943644973
0.01151395399326447 0.044244913824088156 0.0005466454336079863
0.013894954943731374 0.06720116920185096 0.0007816259392833755
0.016768329368110076 0.09711300839960472 0.0010725048739499993
0.020235896477251564 0.1359845966608479 0.0014286429563516601
0.02442053094548651 0.18008413394583245 0.001791576593092179
0.029470517025518096 0.23777181962248092 0.002236483406869602
0.03556480306223128 0.3045640365895079 0.002614389701915383
0.04291934260128776 0.3760692163005472 0.002963102995595674
0.0517947467923121 0.44858593929720136 0.003240493249429873
0.0625055192527397 0.5146754634515838 0.0034205331062866734
0.07543120063354615 0.5804157694711537 0.0035089629830988276
0.09102981779915217 0.6383294941564334 0.003552362403428913
0.10985411419875583 0.689801934788241 0.0035291906945700583
0.13257113655901082 0.7423878924353472 0.0033822906733248755
0.15998587196060574 0.7811047849827211 0.0032379506052450753
0.19306977288832497 0.812725632592531 0.0031163944799055833
0.2329951810515372 0.8394036069057749 0.0029681203790460756
0.2811768697974228 0.8621766559261516 0.00281029481995077
0.3393221771895326 0.882410124855921 0.002662061376105824
0.4094915062380423 0.8988974148159979 0.0024995510017823807
0.49417133613238334 0.9177805581444267 0.002264561064415801
0.5963623316594643 0.9281863433838776 0.0021602432569740584
0.7196856730011514 0.9365065287228195 0.0020475020287496395
0.868511373751352 0.9479625522987207 0.0018847477817723595
1.0481131341546852 0.9558097827652633 0.0017277457939174035
1.2648552168552958 0.9602419421980097 0.0016446244730705382
1.5264179671752318 0.9645374634174694 0.0016053091241129325
1.8420699693267144 0.9713387207160993 0.0014037439669990228
2.2229964825261934 0.9706500300301683 0.001463347611141622
2.6826957952797246 0.9766541622117251 0.001311536015352867
3.2374575428176433 0.9805737772813318 0.001183134511024686
3.906939937054613 0.984683706129526 0.00105114044839446
4.714866363457389 0.9824670388331908 0.0011420258507294217
5.689866029018293 0.9862242251436885 0.0010176302589511613
6.866488450042998 0.9884874530620334 0.0009306985996819772
8.286427728546842 0.9910204332547422 0.0008271702984221925
10.0 0.9892203397283394 0.0009197715247792593
