0.001 6.510325806847149e-05 9.812499645219381e-07
0.0012067926406393288 0.00011571632643234833 1.6968218445121481e-06
0.0014563484775012444 0.00020110344648135964 2.963052080309185e-06
0.0017575106248547913 0.0003443509769112267 5.047387383601644e-06
0.0021209508879201904 0.0005767400384543838 8.431880816878164e-06
0.002559547922699536 0.0009840481153416283 1.395619561960558e-05
0.0030888435964774815 0.0016681794292954623 2.3696559697652633e-05
0.003727593720314938 0.0027624389229505557 3.897828392135222e-05
0.004498432668969444 0.004485486016169818 6.310684224305113e-05
0.005428675439323859 0.007417576462741252 0.00010009270249741608
0.006551285568595509 0.011869423739213064 0.0001574710385396874
0.0079060432109077 0.01906618923260204 0.0002483399276913879
0.009540954763499945 0.029417659438958344 0.00037234677452492127
0.01151395399326447 0.0444319962961603 0.0005375178523494813
0.013894954943731374 0.06492042005062455 0.0007683135409802546
0.016768329368110076 0.09347229209763336 0.0010535419336101652
0.020235896477251564 0.13143568351993962 0.0014028773499308572
0.02442053094548651 0.1787711262633536 0.0017735652492350106
0.029470517025518096 0.23726892835580943 0.002197903512023104
0.03556480306223128 0.3041234709602046 0.002617258319686208
0.04291934260128776 0.369750453722824 0.002944878935165754
0.0517947467923121 0.44324494373626405 0.0032310700925501684
0.0625055192527397 0.5134293823453885 0.003424684099994534
0.07543120063354615 0.5760083557706306 0.0035481947844309696
0.09102981779915217 0.6415149702523983 0.0035443763288776566
0.10985411419875583 0.6890138752255273 0.0035288301972999864
0.13257113655901082 0.7338929359973623 0.0034312862311625795
0.15998587196060574 0.7780301731195256 0.0032833519063548526
0.19306977288832497 0.8094496435303116 0.0031421323776719317
0.2329951810515372 0.8405421132893556 0.0029598337876780303
0.2811768697974228 0.8663223912480671 0.0027702592638613067
0.3393221771895326 0.8801525082679622 0.0027018228626187035
0.4094915062380423 0.8983308944832883 0.00250482790484246
0.49417133613238334 0.9149186123733569 0.0023129705475322397
0.5963623316594643 0.926665529783073 0.0021819825172418096
0.7196856730011514 0.9378488659836012 0.0020290950099295314
0.868511373751352 0.9455291904596237 0.0019206806511286964
1.0481131341546852 0.9500406428302053 0.0018677148018700226
1.2648552168552958 0.9557851471332577 0.0017784886572149278
1.5264179671752318 0.9637970895082206 0.001589229349452998
1.8420699693267144 0.9694011619279985 0.0014829311860414924
2.2229964825261934 0.973730780232999 0.0013733767019064166
2.6826957952797246 0.9768493331047996 0.001315674612130465
3.2374575428176433 0.9816422249023946 0.0011680742017810568
3.906939937054613 0.9817182008163798 0.0011683921248759322
4.714866363457389 0.9835328345374109 0.0011045584244436838
5.689866029018293 0.98578019045855 0.0010406176460178661
6.866488450042998 0.9877332019631593 0.0009723709279528793
8.286427728546842 0.990117387055572 0.00084795156876129
10.0 0.9905346804334704 0.0008506608519746392
