0.001 6.886957696731483e-05 1.0120865012927745e-06
0.0012067926406393288 0.00012264422599983954 1.8216514489900192e-06
0.0014563484775012444 0.00021534324573776017 3.120532632865454e-06
0.0017575106248547913 0.00035908895675995964 5.1883156737812815e-06
0.0021209508879201904 0.000615886797344051 8.91070650647925e-06
0.002559547922699536 0.0010414037847791089 1.4633988672181404e-05
0.0030888435964774815 0.0017158770111031633 2.441841555139092e-05
0.003727593720314938 0.0028183065448059205 3.971914591071762e-05
0.004498432668969444 0.0047956310576549935 6.633154405866447e-05
0.005428675439323859 0.00785080795904893 0.00010587105475227206
0.006551285568595509 0.012473632404047419 0.00016378138452219994
0.0079060432109077 0.01970533413944277 0.0002525019876606705
0.009540954763499945 0.030748923705727692 0.00038574870144912897
0.01151395399326447 0.046033852032139666 0.0005555830104107105
0.013894954943731374 0.06877772274308956 0.0007956507537341905
0.016768329368110076 0.09902976468843616 0.001089241379809574
0.020235896477251564 0.13872415116906783 0.001437145702537384
0.02442053094548651 0.18803387052653206 0.0018393495969341008
0.029470517025518096 0.24374273121341503 0.0022314360837139614
0.03556480306223128 0.31244537966432934 0.002631706168204711
0.04291934260128776 0.3811123086080862 0.0029762809076137654
0.0517947467923121 0.45379359167874217 0.0032410359015806038
0.0625055192527397 0.5259065460372784 0.0034021235341041077
0.07543120063354615 0.5841301339538567 0.0035010562327231405
0.09102981779915217 0.6516542925184846 0.0035090899835235985
0.10985411419875583 0.6928168651735954 0.0034822389869687293
0.13257113655901082 0.7401297671567983 0.0033981523040422052
0.15998587196060574 0.7829250059994621 0.003234088035118909
0.19306977288832497 0.818505189063536 0.0030667555657634803
0.2329951810515372 0.8461169231234015 0.0028991036488921124
0.2811768697974228 0.8633603519900315 0.0027905447982595356
0.3393221771895326 0.8816006888021831 0.002666216627196752
0.4094915062380423 0.9050278783667791 0.0024247906492886437
0.49417133613238334 0.9142616275478173 0.0023236610557232844
0.5963623316594643 0.9287068637160093 0.002143440764477017
0.7196856730011514 0.9384684806093414 0.001993565619673907
0.868511373751352 0.9509458196143954 0.0018259818806031622
1.0481131341546852 0.9551833564351091 0.0017445440175789368
1.2648552168552958 0.9616046689045521 0.0016305977278812886
1.5264179671752318 0.9654792829144894 0.0015715206283829144
1.8420699693267144 0.9730506339866842 0.0013687175563380893
2.2229964825261934 0.9750804993452337 0.0013352847750635524
2.6826957952797246 0.9760282200905199 0.0013208490170298296
3.2374575428176433 0.9809552175208526 0.0011733761976845279
3.906939937054613 0.9822950376514902 0.001137897805923602
4.714866363457389 0.9857518000048129 0.001016282725798734
5.689866029018293 0.9872071957873559 0.0009752355670991222
6.866488450042998 0.9883578843348075 0.0009649105267817722
8.286427728546842 0.9900661281414971 0.0008859217428110864
10.0 0.9908611161476465 0.0008445325319489724
