0.001 0.30272904843138515 0.0016770262237440234
0.0012067926406393288 0.3481400735317661 0.0018852376660526715
0.0014563484775012444 0.39800114695762545 0.0020983577993838784
0.0017575106248547913 0.45101692025705836 0.0022894281204219745
0.0021209508879201904 0.5029877947363671 0.0024598191678649457
0.002559547922699536 0.5560184698206263 0.002609793598371494
0.0030888435964774815 0.6028639797010481 0.002734795192011475
0.003727593720314938 0.6560385038441123 0.00276674673582174
0.004498432668969444 0.7047823579556781 0.002712974976723521
0.005428675439323859 0.7443961395714598 0.0026674346352784286
0.006551285568595509 0.7846191702089604 0.002487498810264089
0.0079060432109077 0.8189870471353444 0.002333713001580363
0.009540954763499945 0.8478506359749054 0.0021499037052752626
0.01151395399326447 0.8718167881672146 0.001923648513885018
0.013894954943731374 0.8966476035692543 0.0017342562480637098
0.016768329368110076 0.9161373296630125 0.0015415201039924778
0.020235896477251564 0.9346124473821322 0.0013382662963992403
0.02442053094548651 0.9511616023860467 0.001136827824340636
0.029470517025518096 0.9655301438359939 0.0009099807070877432
0.03556480306223128 0.9731948570013464 0.0008304487232097392
0.04291934260128776 0.9804620714337452 0.0006997972683447027
0.0517947467923121 0.9862563089141609 0.0005781450707554302
0.0625055192527397 0.9912934613751211 0.0004616863215884408
0.07543120063354615 0.9931543113514528 0.00040740995985751526
0.09102981779915217 0.9952752348208141 0.00032109008653584105
0.10985411419875583 0.996728894404582 0.000263062914341787
0.13257113655901082 0.9979242219938751 0.0002029942372922441
0.15998587196060574 0.998637028162964 0.00016096933771378482
0.19306977288832497 0.9994501036058078 7.127137483738939e-05
0.2329951810515372 0.9993696319398918 0.00010486108519031957
0.2811768697974228 0.9996796332582991 6.811034330618429e-05
0.3393221771895326 0.999732929522192 6.861774567227594e-05
0.4094915062380423 0.9998250018108028 6.154639993799423e-05
0.49417133613238334 0.999902865634891 3.332615415713124e-05
0.5963623316594643 0.9999635634409962 1.8839856998831784e-05
0.7196856730011514 0.9999739351681576 1.6153510151433202e-05
0.868511373751352 0.999973420055905 1.5043007889527686e-05
1.0481131341546852 0.9999925146145433 5.229008778140341e-06
1.2648552168552958 0.9999708400864891 1.5861430397565037e-05
1.5264179671752318 0.9999997583282697 1.282533601255232e-07
1.8420699693267144 0.9999997466041416 1.7986843432821314e-07
2.2229964825261934 0.9999998370481277 1.615955023960305e-07
2.6826957952797246 0.9999998059819929 1.9332891919331951e-07
3.2374575428176433 0.9999999986446565 1.3451323099071401e-09
3.906939937054613 0.9999999998677307 1.3226006722017814e-10
4.714866363457389 0.9999999982905189 1.7008163809701781e-09
5.689866029018293 0.9999999959970292 3.988178963369215e-09
6.866488450042998 1.0 2.2204460492503132e-20
8.286427728546842 0.9999999999995849 4.147994201961405e-13
10.0 1.0 0.0
