0.001 0.051563666453540824 0.0004871255092767643
0.0012067926406393288 0.07645983368472258 0.0007053625475248493
0.0014563484775012444 0.11203920396876314 0.0009909033804669277
0.0017575106248547913 0.1578895757078775 0.0013748733069915478
0.0021209508879201904 0.21269976830115767 0.0017874775726126543
0.002559547922699536 0.27852475748461186 0.002249478301721475
0.0030888435964774815 0.35420409068905356 0.0027166772350444225
0.003727593720314938 0.41924707539828676 0.0031444566433650027
0.004498432668969444 0.49233647825527516 0.003485656160052174
0.005428675439323859 0.5615694824909153 0.0036636021284301335
0.006551285568595509 0.6141433988957712 0.0037520469459144416
0.0079060432109077 0.6596168651422448 0.003695387350910303
0.009540954763499945 0.7030763959356615 0.0034990934896671133
0.01151395399326447 0.7465045075626527 0.003316007369640384
0.013894954943731374 0.791042716718517 0.0030017368338236842
0.016768329368110076 0.8306908855466769 0.0026718210582474438
0.020235896477251564 0.865831838723826 0.0023649622693690604
0.02442053094548651 0.8888835547333159 0.002157845695707132
0.029470517025518096 0.9187226920719721 0.0018329179771781848
0.03556480306223128 0.9373163764956433 0.0016483508953473972
0.04291934260128776 0.9545904783437383 0.00136070809622039
0.0517947467923121 0.9671005322514937 0.0011799110502949991
0.0625055192527397 0.9759518524726047 0.0009831966718076657
0.07543120063354615 0.9839526548544006 0.0008024017646703386
0.09102981779915217 0.988041141834959 0.0007102019876190446
0.10985411419875583 0.9926116702907806 0.000522145916462038
0.13257113655901082 0.9954708845552602 0.00037668404827118535
0.15998587196060574 0.9964977365664061 0.0003422594390879745
0.19306977288832497 0.9977275533441471 0.00030131018864221795
0.2329951810515372 0.9986316653808702 0.00022649950693188516
0.2811768697974228 0.9986873546247118 0.000230258139794388
0.3393221771895326 0.9993025248714829 0.00013059136429556656
0.4094915062380423 0.9997629488695203 8.89459742149519e-05
0.49417133613238334 0.9996968394776701 0.00010378565127141757
0.5963623316594643 0.9999476066771856 2.163035785107833e-05
0.7196856730011514 0.9998899248057627 5.515750814278237e-05
0.868511373751352 0.9999677567479732 1.950125441000583e-05
1.0481131341546852 0.9999541020594501 3.15270316752525e-05
1.2648552168552958 0.999982368333183 8.320907341741273e-06
1.5264179671752318 0.9999972048541785 1.99123264434217e-06
1.8420699693267144 0.9999999502400398 3.08719291896937e-08
2.2229964825261934 0.9999999685625659 2.957735370051138e-08
2.6826957952797246 0.9999997535753719 1.9780737325016279e-07
3.2374575428176433 0.9999931801795303 6.777380438105436e-06
3.906939937054613 0.9999813447171937 1.8653569151406386e-05
4.714866363457389 0.9999999992090812 7.388950569768164e-10
5.689866029018293 0.9999999999445237 5.1071319041036866e-11
6.866488450042998 0.9999999999979691 2.0299166176154077e-12
8.286427728546842 1.0 0.0
10.0 1.0 0.0
