0.001 6.626657088822649e-06 9.028975676527449e-08
0.0012067926406393288 9.828634046975784e-06 1.3235257618592187e-07
0.0014563484775012444 1.4024597637809758e-05 1.8923074576262393e-07
0.0017575106248547913 2.0192338099618275e-05 2.737439093892818e-07
0.0021209508879201904 2.9857103892417248e-05 4.073566127315229e-07
0.002559547922699536 4.267119604755676e-05 5.827460654924586e-07
0.0030888435964774815 6.307948795526968e-05 8.514154776424776e-07
0.003727593720314938 9.157786069247493e-05 1.2218243648969284e-06
0.004498432668969444 0.00012672323237129427 1.7297555991548193e-06
0.005428675439323859 0.00019012173080359783 2.5789308637875787e-06
0.006551285568595509 0.0002765181788799634 3.7310498983157674e-06
0.0079060432109077 0.00039522854217117744 5.354106698151225e-06
0.009540954763499945 0.0005767338863399592 7.782236673746528e-06
0.01151395399326447 0.0008157056568701353 1.0983691365040378e-05
0.013894954943731374 0.0011816992112584498 1.6238505987899525e-05
0.016768329368110076 0.0017258478241304993 2.3231875309819514e-05
0.020235896477251564 0.002490558037040339 3.342694220190886e-05
0.02442053094548651 0.0036757758562559226 4.8462424804725506e-05
0.029470517025518096 0.004954986796910256 6.558771823857499e-05
0.03556480306223128 0.007351269414622634 9.493341391561907e-05
0.04291934260128776 0.010086069558803758 0.00013025922620967632
0.0517947467923121 0.014319448046276786 0.00018195434291958342
0.0625055192527397 0.02043356015722958 0.0002534115397496136
0.07543120063354615 0.02818230309530171 0.00034661717823135477
0.09102981779915217 0.03929205239892684 0.00046550991805552734
0.10985411419875583 0.052116457114198905 0.0006167675713062077
0.13257113655901082 0.07229662373559675 0.0008147560663852791
0.15998587196060574 0.09414426233697837 0.0010381099127593555
0.19306977288832497 0.12348778339962234 0.001320938260468911
0.2329951810515372 0.16178996049974093 0.0016308569238242588
0.2811768697974228 0.20289350643398377 0.001970892104289099
0.3393221771895326 0.24848901389131833 0.00231393018161396
0.4094915062380423 0.3022698012035955 0.002626530607106627
0.49417133613238334 0.36703834687137876 0.0029236659203639042
0.5963623316594643 0.4276604935935879 0.0031553348937562926
0.7196856730011514 0.4804818214644417 0.0033248599300091863
0.868511373751352 0.5442614707566716 0.003461599713249237
1.0481131341546852 0.5984002973446604 0.003481918065940868
1.2648552168552958 0.6448056354312838 0.0034868002185552828
1.5264179671752318 0.6883349811111822 0.0034744277845746726
1.8420699693267144 0.7374352385417162 0.0033309307712678688
2.2229964825261934 0.7747317000876331 0.0031962534798237836
2.6826957952797246 0.8016097435002751 0.0030770279594621625
3.2374575428176433 0.8375714782993909 0.002846900167507025
3.906939937054613 0.8579048420635523 0.0027338222154017528
4.714866363457389 0.877384858264464 0.0025848275427237917
5.689866029018293 0.8971260856603487 0.0024020088280832597
6.866488450042998 0.910605325536678 0.002277456328510705
8.286427728546842 0.9218977335047408 0.0021462443035460323
10.0 0.9366606392596306 0.001923891634344545
