0.7366921772259589 0.0 0.7768788732066751 0
0.8629846700166391 0.0 0.8774227019508873 0
0.9072382500594084 0.0 0.9127026235398119 0
0.9296531947039903 0.0 0.9330034538771229 0
0.9429417617310898 0.0 0.9436617680395213 0
0.9521545586568679 0.0 0.9523022539644441 0
0.9585610734407753 0.0 0.9579954454023591 0
0.9633035545874863 0.0 0.9623336699246694 0
0.9670405177879703 0.0 0.9657366917571888 0
0.9700210837844709 0.0 0.9663723801491239 0
0.9717586759992891 0.0 0.9705727743404762 0
0.9742689078788276 0.0 0.9726056500254684 0
0.975490346338489 0.0 0.9742211796532088 0
0.9767939289119382 0.0 0.9736216942362138 0
0.9789539705785033 0.0 0.9766306237505411 0
0.9801731648559302 0.0 0.9779978783108263 0
0.9804422017177173 0.0 0.9783914583017881 0
0.9821117675097103 0.0 0.9801864339652445 0
0.9820434948871203 0.0 0.9794096984084215 0
