0.7315912665399663 0.0 0.7700766805495581 0
0.8588308405979073 0.0 0.870960645408366 0
0.9032090908427602 0.0 0.9079856208490051 0
0.9267299814829606 0.0 0.9266628009218772 0
0.9407136006208537 0.0 0.9397064728002401 0
0.9496897670021122 0.0 0.9468699610886664 0
0.9562380972689312 0.0 0.9539356063191176 0
0.9611211736735603 0.0 0.9585402368940342 0
0.9639036795296472 0.0 0.9616600878458568 0
0.9672626557173339 0.0 0.9647246984116943 0
0.9706127943157212 0.0 0.9676620276632223 0
0.9718881511259093 0.0 0.96925534076859 0
0.9746240574211019 0.0 0.9715654022310429 0
0.9759653178351093 0.0 0.9731157200171736 0
0.9775378955075914 0.0 0.9745099058591145 0
0.9787270064861796 0.0 0.9757302627381645 0
0.9795780407640224 0.0 0.9768069323356439 0
0.980722377384111 0.0 0.977800604253214 0
0.9815707992831539 0.0 0.9786877280222147 0
