0.7259285422600686 0.0 0.7593177623717463 0
0.8547184463367739 0.0 0.8619630871333254 0
0.9008918555677204 0.0 0.9024934055092326 0
0.9236704092562905 0.0 0.9226079606237814 0
0.9374630680818588 0.0 0.9346133407449065 0
0.9474019942691921 0.0 0.9438096823882212 0
0.9534664375749508 0.0 0.949911600892977 0
0.9591903538572403 0.0 0.9551548820300432 0
0.9631976155115007 0.0 0.9590195323020918 0
0.9658648559206146 0.0 0.9609131573898032 0
0.9686813198217026 0.0 0.9647057660120447 0
0.9703778668582911 0.0 0.9665707365662716 0
0.9725950474671933 0.0 0.9679073240377479 0
0.9746701744997089 0.0 0.9706249167329761 0
0.975305059488863 0.0 0.9714892145407928 0
0.9768121000139427 0.0 0.9729075150967671 0
0.9782692981954789 0.0 0.9745284288657331 0
0.9794141243679391 0.0 0.9756195067456143 0
0.9802513801041802 0.0 0.976570575435815 0
