0.7300237056578679 0.0 0.7633098916274041 0
0.8573542355919765 0.0 0.8668649429382553 0
0.9025375975482177 0.0 0.9046409303005534 0
0.9246573936134008 0.0 0.9235548121652231 0
0.937862706881231 0.0 0.9363700073246871 0
0.9479702481315215 0.0 0.9442955124329975 0
0.9546222084282882 0.0 0.9511860945327756 0
0.9594852575126745 0.0 0.955497460783645 0
0.963774286155426 0.0 0.9597330308566525 0
0.9662909897220522 0.0 0.9627906253527985 0
0.9685886542579758 0.0 0.9644993584237135 0
0.970683190580721 0.0 0.9674741239222492 0
0.9731431545593859 0.0 0.9693836917330999 0
0.9740118852178017 0.0 0.9708241632489819 0
0.9765700634208043 0.0 0.9728743005412445 0
0.9772440023792285 0.0 0.9718619687581734 0
0.9788351735390226 0.0 0.9748839922934588 0
0.9798430082005023 0.0 0.9763229830848247 0
0.9801717755428279 0.0 0.9771303723001749 0
