0.7242083678192376 0.0 0.7570277848624611 0
0.8527281548580425 0.0 0.8586845366604423 0
0.8990068335700767 0.0 0.8984683838811349 0
0.9221645582185574 0.0 0.9198513465140076 0
0.9362282298609288 0.0 0.9325744828656306 0
0.9451332351362813 0.0 0.9412171316750572 0
0.95238201469996 0.0 0.9476917491993752 0
0.957210995998018 0.0 0.9528821241680282 0
0.9618114367563834 0.0 0.9570189066080624 0
0.9646145114756152 0.0 0.9600689377172981 0
0.9675242106766474 0.0 0.962769463826008 0
0.970138812204327 0.0 0.9653403683496158 0
0.9718587957197609 0.0 0.9673034178370405 0
0.972623705096856 0.0 0.9684698423307658 0
0.9751828329511744 0.0 0.9706039553949881 0
0.9764571801749852 0.0 0.9719620877179824 0
0.9773304775255116 0.0 0.9721611212739684 0
0.9786188626994082 0.0 0.974272297833225 0
0.9790664894411532 0.0 0.9738772078946526 0
