0.7331386422867304 0.0 0.771855004178019 0
0.8597215535393204 0.0 0.8702742518803213 0
0.9049981169828395 0.0 0.9099935585597424 0
0.9279608495533045 0.0 0.929441978511538 0
0.9413165071019362 0.0 0.9412341593728103 0
0.950195153226701 0.0 0.9477799009728463 0
0.9564827364282324 0.0 0.955128009564405 0
0.9602677357464475 0.0 0.9567383619175094 0
0.9649918899523382 0.0 0.9632391561527087 0
0.968771602867464 0.0 0.9662595047713876 0
0.9710625822563435 0.0 0.9686792000177238 0
0.9733849215361531 0.0 0.9707376722491966 0
0.9751706927575633 0.0 0.9724991851329288 0
0.9767083773152271 0.0 0.9740295783601596 0
0.9778547147033111 0.0 0.9749246140212027 0
0.979136411407267 0.0 0.9765542010844178 0
0.9788321949213077 0.0 0.9742262644699421 0
0.9811084632363402 0.0 0.9785793524455516 0
0.9820247561477201 0.0 0.979284698851993 0
