0.7247537634267851 0.0 0.7594587967370355 0
0.8522707973195354 0.0 0.8603578775213658 0
0.9004100617272554 0.0 0.9010247603906893 0
0.9233816011502011 0.0 0.9213639844179522 0
0.9368101870980207 0.0 0.9334226472572597 0
0.9461035275671943 0.0 0.9424166647489866 0
0.9531874504813037 0.0 0.949080738954333 0
0.9582128761775942 0.0 0.9527670451454061 0
0.9618347320690435 0.0 0.9577790586244007 0
0.9649058648329834 0.0 0.961029183266513 0
0.9680203234699131 0.0 0.9624161792726792 0
0.9702904636932249 0.0 0.9653521214063909 0
0.9713703477980682 0.0 0.9666961154222137 0
0.9741284790212746 0.0 0.9697515945540852 0
0.9752006140775068 0.0 0.9712660105141366 0
0.9769063140034547 0.0 0.9726714949949614 0
0.9776038976957142 0.0 0.9738110185387413 0
0.9788673573894832 0.0 0.9742187542487944 0
0.9795879019626716 0.0 0.9758118473449009 0
