0.7341619196257052 0.0 0.7745418070850202 0
0.8627369440035206 0.0 0.8755320698946624 0
0.9046938026094193 0.0 0.9108696798800859 0
0.9273429506060529 0.0 0.9299267881416055 0
0.9421674649888296 0.0 0.9428144329140112 0
0.9512063563327943 0.0 0.9507804741234975 0
0.9569519605595854 0.0 0.9552478399571794 0
0.9619506823318913 0.0 0.9595257368464007 0
0.965091088227284 0.0 0.9630875852419416 0
0.9694177000591507 0.0 0.9673795661428778 0
0.9718695800861685 0.0 0.969744239591876 0
0.9739704160975912 0.0 0.97163947278803 0
0.9757062651954714 0.0 0.9734696464171513 0
0.9772544600126011 0.0 0.9749630712048096 0
0.9782830916001757 0.0 0.9760115505177818 0
0.9791624278471205 0.0 0.9773050944745033 0
0.9802924327697131 0.0 0.9782234221210746 0
0.9816756343477263 0.0 0.9793919841439083 0
0.9824884713600885 0.0 0.980231194603377 0
