0.001 0.17064907693947917 0.0013495404171770748
0.0012067926406393288 0.2166063454745839 0.0016291329040323574
0.0014563484775012444 0.27370799868022166 0.0018398033380011547
0.0017575106248547913 0.3397352638751016 0.0020792485130955206
0.0021209508879201904 0.40781226922203057 0.0022751154724769415
0.002559547922699536 0.4881016786978518 0.002403520273485055
0.0030888435964774815 0.5665935726075045 0.002437224998427761
0.003727593720314938 0.6433838523269818 0.002394401940307448
0.004498432668969444 0.7179480713127112 0.002279889324881528
0.005428675439323859 0.7810209054761988 0.002085089446667188
0.006551285568595509 0.8390737924055996 0.0018134118837875926
0.0079060432109077 0.8864493626591764 0.0015506927564901852
0.009540954763499945 0.918803468374408 0.0013918649459335798
0.01151395399326447 0.9486322347856853 0.0010983004076559437
0.013894954943731374 0.9677199505964896 0.0009053824677074696
0.016768329368110076 0.9793056779694911 0.0007557478182693315
0.020235896477251564 0.9872405265616889 0.0006133421555617395
0.02442053094548651 0.9918662305536414 0.0005208449419579064
0.029470517025518096 0.9943486004498886 0.00041062418865016873
0.03556480306223128 0.9966895165204509 0.0003194142775868759
0.04291934260128776 0.9976466806054998 0.00023953891267797353
0.0517947467923121 0.9984168749423301 0.00023127683711083753
0.0625055192527397 0.9988675519559456 0.00019055302728950848
0.07543120063354615 0.9994613132233174 0.00013015729894999122
0.09102981779915217 0.999566679834786 0.00012311251853731168
0.10985411419875583 0.9996616293417646 0.00010791610130075645
0.13257113655901082 0.9997788937634796 8.772887995670921e-05
0.15998587196060574 0.9999498014466375 2.575099497602975e-05
0.19306977288832497 0.9999038465617849 5.4558910159604485e-05
0.2329951810515372 0.9999856078700472 9.975602083833756e-06
0.2811768697974228 0.9999713933683441 2.651043021092937e-05
0.3393221771895326 0.999963435740768 3.1574916683617204e-05
0.4094915062380423 0.9999959497705406 3.5773712687439865e-06
0.49417133613238334 0.9999500936431263 4.130663761272568e-05
0.5963623316594643 0.9999995059608066 2.6780180951516893e-07
0.7196856730011514 0.9999999931453701 6.719528460876946e-09
0.868511373751352 0.9999999970374563 2.2442174292689504e-09
1.0481131341546852 0.999999999992171 5.514639073795484e-12
1.2648552168552958 0.9999999999955697 4.387644701981888e-12
1.5264179671752318 0.9999999999999994 4.116606598906536e-16
1.8420699693267144 0.9999999999998619 1.0656328390301093e-13
2.2229964825261934 0.9999999999999992 4.127340663653739e-16
2.6826957952797246 1.0 9.336440972175737e-19
3.2374575428176433 0.9999999999999997 3.040306133709406e-16
3.906939937054613 1.0 2.2204460492503132e-20
4.714866363457389 1.0 3.14018491736755e-20
5.689866029018293 1.0 0.0
6.866488450042998 1.0 0.0
8.286427728546842 1.0 2.2204460492503132e-20
10.0 1.0 0.0
