0.001 0.17155553005000812 0.0013608017048517683
0.0012067926406393288 0.21910827779973524 0.00160545537487624
0.0014563484775012444 0.27423776084152285 0.0018633811991333018
0.0017575106248547913 0.33862697317052415 0.0020816197758383513
0.0021209508879201904 0.4072016656117144 0.002261872782071775
0.002559547922699536 0.4885499057452521 0.0023826465462489775
0.0030888435964774815 0.5642931585998625 0.002441040447718849
0.003727593720314938 0.6462824037008783 0.0024015591860534606
0.004498432668969444 0.7207926195983827 0.0022750032739171505
0.005428675439323859 0.7810088489194379 0.0020840835938593875
0.006551285568595509 0.8412002776105459 0.0018214976066445673
0.0079060432109077 0.8859820456226367 0.0015541687148684983
0.009540954763499945 0.9236731104413899 0.0012838128281727498
0.01151395399326447 0.9476610153229303 0.0011097735704845091
0.013894954943731374 0.9663029869778879 0.0009641371008141361
0.016768329368110076 0.9806933529445867 0.0007449456070081639
0.020235896477251564 0.988276409556693 0.0005747544236231642
0.02442053094548651 0.9922015828711487 0.0004812570463307129
0.029470517025518096 0.9945572855536194 0.0004174814076181469
0.03556480306223128 0.9962076152036938 0.0003533488707098953
0.04291934260128776 0.9978919310010013 0.00024465103575957453
0.0517947467923121 0.99808936125736 0.00026836955323346806
0.0625055192527397 0.9990776885726431 0.00017060926951797378
0.07543120063354615 0.9995298086542511 0.0001020851710548781
0.09102981779915217 0.9993822585866398 0.00016476872337980439
0.10985411419875583 0.9997099772590696 9.725069970229357e-05
0.13257113655901082 0.9998840603529158 4.263228655134021e-05
0.15998587196060574 0.9999007362850114 3.349862731341976e-05
0.19306977288832497 0.9999684750232627 1.7767795004790184e-05
0.2329951810515372 0.9999849163974049 6.720499010210794e-06
0.2811768697974228 0.999971339596444 2.340956137576355e-05
0.3393221771895326 0.999978942425628 1.421652875985729e-05
0.4094915062380423 0.9999991392569632 5.240911179190977e-07
0.49417133613238334 0.9999988586850211 8.581577100812478e-07
0.5963623316594643 0.9999993003685942 5.126502516011391e-07
0.7196856730011514 0.9999999947911976 3.947775601210745e-09
0.868511373751352 0.9999999999321341 4.861983190866623e-11
1.0481131341546852 0.9999999996124911 3.1428686239543164e-10
1.2648552168552958 0.9999999994213161 4.356282450884482e-10
1.5264179671752318 0.9999999999744368 2.4136922079206073e-11
1.8420699693267144 0.9999999999999991 8.844930308300624e-16
2.2229964825261934 0.9999999999970672 2.9186018989106645e-12
2.6826957952797246 1.0 4.965068306494546e-20
3.2374575428176433 0.9999999980339719 1.9659298541191903e-09
3.906939937054613 0.9999999999809781 1.902102238499749e-11
4.714866363457389 1.0 0.0
5.689866029018293 1.0 5.773159728050814e-19
6.866488450042998 1.0 0.0
8.286427728546842 1.0 0.0
10.0 1.0 0.0
