0.001 0.24656352419796468 0.001156639625006317
0.0012067926406393288 0.285350781625937 0.0012881480959799443
0.0014563484775012444 0.3302233709779938 0.0014201225954092905
0.0017575106248547913 0.38165564479863184 0.0015484172437414984
0.0021209508879201904 0.43454073043237684 0.0016916852572043423
0.002559547922699536 0.4907209710695531 0.0017735640556858646
0.0030888435964774815 0.5501999269047779 0.0018264633642878323
0.003727593720314938 0.6115827992177628 0.001847499939544788
0.004498432668969444 0.6714868307286918 0.0018521155415870008
0.005428675439323859 0.7302423952089407 0.0018014528747223191
0.006551285568595509 0.7802641776411872 0.001662720828497834
0.0079060432109077 0.8270944718543569 0.0015252162380298866
0.009540954763499945 0.8672278829155136 0.0013693780299723268
0.01151395399326447 0.9038804904506927 0.001184393346232876
0.013894954943731374 0.9318385569258819 0.0010200013652655834
0.016768329368110076 0.9544800574466376 0.0008127445815429454
0.020235896477251564 0.9685563032582603 0.0007163972011210233
0.02442053094548651 0.9806496046495764 0.0005649683425813561
0.029470517025518096 0.9870339730776794 0.0004954159729579063
0.03556480306223128 0.9912789169937504 0.00043147440486877105
0.04291934260128776 0.9949351750266047 0.0003365820504733972
0.0517947467923121 0.9964332625637322 0.00026242397583297933
0.0625055192527397 0.9975096287915054 0.00023440442148966821
0.07543120063354615 0.9983148024635018 0.0001912522153940081
0.09102981779915217 0.9990639702920273 0.00014313218905492468
0.10985411419875583 0.9992553517336311 0.00013264904146199953
0.13257113655901082 0.9995133276760214 0.00010368562794627048
0.15998587196060574 0.9996629308734182 9.014957459319352e-05
0.19306977288832497 0.9999232716341896 2.038973693011884e-05
0.2329951810515372 0.9998982347079581 2.946676117266895e-05
0.2811768697974228 0.9998486877165953 7.8906990265776e-05
0.3393221771895326 0.9999051636561976 3.8102031203435806e-05
0.4094915062380423 0.9999550184543757 1.8369172368479238e-05
0.49417133613238334 0.9999838271043454 9.419243070986103e-06
0.5963623316594643 0.9999549896891871 2.4140283234737238e-05
0.7196856730011514 0.9999821681060024 1.4916981072443627e-05
0.868511373751352 0.9999979203201906 1.5314217160597462e-06
1.0481131341546852 0.9999999830247678 1.3342870466688864e-08
1.2648552168552958 0.9999999463508248 4.4949058568714735e-08
1.5264179671752318 0.999999999960984 3.422531921559121e-11
1.8420699693267144 0.9999999816487518 1.3322809809341083e-08
2.2229964825261934 0.9999999769957485 2.2533641917525593e-08
2.6826957952797246 0.9999999999992694 4.4294217370943615e-13
3.2374575428176433 0.9999999999992842 6.72847421483205e-13
3.906939937054613 0.9999999999611014 3.889660755828741e-11
4.714866363457389 0.9999999986967528 1.2124327534078077e-09
5.689866029018293 0.9999999999999538 4.620489365148525e-14
6.866488450042998 1.0 2.1094237467877974e-19
8.286427728546842 1.0 0.0
10.0 1.0 0.0
