0.001 0.24705015629597238 0.0011502775014590493
0.0012067926406393288 0.28499977700332635 0.001316694739996719
0.0014563484775012444 0.3310353793554551 0.001424493584320903
0.0017575106248547913 0.3813856514011607 0.001562684977974872
0.0021209508879201904 0.43234225558870504 0.0016813659485761738
0.002559547922699536 0.49209440604498106 0.0017705842514324057
0.0030888435964774815 0.5511273924844045 0.0018251877362217613
0.003727593720314938 0.6107873924990823 0.0018462290547264382
0.004498432668969444 0.6719863637924848 0.0018426907335258366
0.005428675439323859 0.726630063769067 0.0017794400775473387
0.006551285568595509 0.7808791697613019 0.001652847700512485
0.0079060432109077 0.8293539363259983 0.0015086158370202216
0.009540954763499945 0.868101961845098 0.0014022026873092785
0.01151395399326447 0.9050010377408675 0.0011747818803384718
0.013894954943731374 0.9336334432094331 0.0009991987631718313
0.016768329368110076 0.9536961179820496 0.0008429194426787776
0.020235896477251564 0.9696404957993634 0.0006948790570576994
0.02442053094548651 0.9804190101644678 0.0005846593004735559
0.029470517025518096 0.9868531520972612 0.0004836203658203434
0.03556480306223128 0.9922533199185156 0.00037747446830331007
0.04291934260128776 0.9947088286610939 0.00031222885131192786
0.0517947467923121 0.9966143457298318 0.00026931763608811164
0.0625055192527397 0.9977921788432766 0.00022425173965741083
0.07543120063354615 0.9987585067856181 0.00015596010188824035
0.09102981779915217 0.9990331336160154 0.00014237239116096287
0.10985411419875583 0.9993296369043508 0.0001240449971990589
0.13257113655901082 0.9995181094096605 0.00010168155398721899
0.15998587196060574 0.9998325103411398 4.422532071858011e-05
0.19306977288832497 0.9998279550000913 6.52281606898794e-05
0.2329951810515372 0.9999491434651547 2.312484870435452e-05
0.2811768697974228 0.9999413734102626 3.4809928653965424e-05
0.3393221771895326 0.9999335820557494 3.9691920345883525e-05
0.4094915062380423 0.9999799056680502 1.204146983838262e-05
0.49417133613238334 0.999921620184267 4.7453793310428336e-05
0.5963623316594643 0.9999911728083409 4.086699994252041e-06
0.7196856730011514 0.9999994305924818 4.787139805562306e-07
0.868511373751352 0.9999994860113964 3.144475535750961e-07
1.0481131341546852 0.999999975462162 1.615316125984566e-08
1.2648552168552958 0.9999999864174183 1.2151855982721177e-08
1.5264179671752318 0.9999999998156484 1.3329554856280742e-10
1.8420699693267144 0.9999999967494158 2.145033020726146e-09
2.2229964825261934 0.9999999997446226 1.4409333166101081e-10
2.6826957952797246 0.9999999999943576 5.641556064496523e-12
3.2374575428176433 0.9999999998991399 1.0067269268433045e-10
3.906939937054613 1.0 2.412514632510465e-17
4.714866363457389 1.0 1.8218844402993387e-17
5.689866029018293 1.0 0.0
6.866488450042998 1.0 1.1102230246251566e-19
8.286427728546842 0.9999999999999861 1.3833730695882455e-14
10.0 1.0 0.0
