0.001 0.026017156134006767 0.0003789823897521935
0.0012067926406393288 0.03885382481472827 0.0005354571975981452
0.0014563484775012444 0.057628190797014096 0.0007410003596862151
0.0017575106248547913 0.08464675982216156 0.0009867640780300026
0.0021209508879201904 0.12077654934912475 0.00128917552954919
0.002559547922699536 0.16522964028287937 0.001583189016341232
0.0030888435964774815 0.2214462771100189 0.0018930301985735393
0.003727593720314938 0.290139774096717 0.0022005348230303766
0.004498432668969444 0.36923094094388853 0.0024857808480557133
0.005428675439323859 0.45642644431706214 0.0026755434280535963
0.006551285568595509 0.5355377113502378 0.0027144941164946174
0.0079060432109077 0.6190069874704619 0.0026673837717018155
0.009540954763499945 0.696573366873426 0.00251886952105923
0.01151395399326447 0.7725967842439416 0.0022733784860158837
0.013894954943731374 0.834965130610209 0.001996518500250975
0.016768329368110076 0.8863170003738596 0.0016427413463077343
0.020235896477251564 0.9215933379309278 0.0014265788496542187
0.02442053094548651 0.9512546542272514 0.0011451784619856203
0.029470517025518096 0.9678926026845763 0.000990923750297552
0.03556480306223128 0.9788006959795035 0.0008485128155191059
0.04291934260128776 0.9877740580122382 0.0006675974137653321
0.0517947467923121 0.9911756592107281 0.000571260263834827
0.0625055192527397 0.9939746653814379 0.00048231046610865857
0.07543120063354615 0.9959077882467589 0.0003957280126345902
0.09102981779915217 0.9977277859160321 0.00029336492652420085
0.10985411419875583 0.9982323251320424 0.00027835915885355785
0.13257113655901082 0.9988255172382539 0.0002206136448098759
0.15998587196060574 0.9992019841480431 0.0001856970598366994
0.19306977288832497 0.9997819563465608 5.624344742194061e-05
0.2329951810515372 0.999719829683673 7.912643195400013e-05
0.2811768697974228 0.9996967867557666 0.00013188296330804729
0.3393221771895326 0.9997558079691929 9.101503687520602e-05
0.4094915062380423 0.9998748425254971 4.9778725391946024e-05
0.49417133613238334 0.9999540736552841 2.6096358934991943e-05
0.5963623316594643 0.9998814699025886 6.102118866464036e-05
0.7196856730011514 0.999952864951743 3.8719764350255384e-05
0.868511373751352 0.9999938310359854 4.536732386208178e-06
1.0481131341546852 0.9999999490796448 4.0023576397114806e-08
1.2648552168552958 0.9999998391130867 1.3479005508430484e-07
1.5264179671752318 0.9999999998829516 1.0267592356928805e-10
1.8420699693267144 0.9999999449515812 3.9964311298293164e-08
2.2229964825261934 0.9999999310024786 6.758570307967749e-08
2.6826957952797246 0.9999999999978078 1.3288265211252095e-12
3.2374575428176433 0.9999999999978528 2.0185422533721517e-12
3.906939937054613 0.9999999998833043 1.1668977728011268e-10
4.714866363457389 0.9999999960903025 3.6372545375218186e-09
5.689866029018293 0.9999999999998612 1.3861468092886922e-13
6.866488450042998 1.0 6.3282712403633925e-19
8.286427728546842 1.0 0.0
10.0 1.0 0.0
