0.001 0.026073206074500088 0.00038407805176487927
0.0012067926406393288 0.039539412175652114 0.0005572832302605404
0.0014563484775012444 0.05796036381397537 0.0007349505211340508
0.0017575106248547913 0.08494465581030565 0.00098865487722387
0.0021209508879201904 0.11887847613575034 0.0012699449529494408
0.002559547922699536 0.1662090462135249 0.001582491518018671
0.0030888435964774815 0.22228497190305058 0.0018949286515434621
0.003727593720314938 0.2890283579279923 0.0021916478280459917
0.004498432668969444 0.3693071111195428 0.0024770970832319332
0.005428675439323859 0.44897252646518365 0.002640062866036539
0.006551285568595509 0.5361001032641916 0.0027095499644097633
0.0079060432109077 0.6226560723751768 0.0026557555051020415
0.009540954763499945 0.7004923756962187 0.002551098575758566
0.01151395399326447 0.7749258870708016 0.0022661920315567223
0.013894954943731374 0.8386231066452694 0.0019659245286176037
0.016768329368110076 0.8853092869989898 0.0016789953393434565
0.020235896477251564 0.9239266269192696 0.0013914716597001537
0.02442053094548651 0.951026435425445 0.0011490162563557744
0.029470517025518096 0.9671527453550492 0.0009963361381317938
0.03556480306223128 0.9806425226870616 0.0007780205160224793
0.04291934260128776 0.9868074432556121 0.0006784939418335478
0.0517947467923121 0.9917397735372077 0.0005426115777535859
0.0625055192527397 0.9947044049043381 0.0004604530830646494
0.07543120063354615 0.9969120290040122 0.0003232757181906787
0.09102981779915217 0.9976215116430334 0.000286746632582116
0.10985411419875583 0.9983895775421417 0.000250793062175895
0.13257113655901082 0.9988203167513718 0.00020583601307924817
0.15998587196060574 0.9995520105641692 0.00010671110974974728
0.19306977288832497 0.9995958068128089 0.00013467928089010871
0.2329951810515372 0.999862651719435 5.9330537131361344e-05
0.2811768697974228 0.9998566046692243 7.501686284808542e-05
0.3393221771895326 0.9998426666419912 8.404370467364116e-05
0.4094915062380423 0.9999439176794916 3.2527603127377816e-05
0.49417133613238334 0.9998236008838243 9.533853787528763e-05
0.5963623316594643 0.9999740160782511 1.1997067832779514e-05
0.7196856730011514 0.9999982986427525 1.4294621232782168e-06
0.868511373751352 0.999998460999016 9.411665881141309e-07
1.0481131341546852 0.9999999263943151 4.845397800317377e-08
1.2648552168552958 0.9999999592566852 3.6451197377941806e-08
1.5264179671752318 0.9999999994469455 3.998862411566362e-10
1.8420699693267144 0.999999990248385 6.434995528433792e-09
2.2229964825261934 0.9999999992338686 4.322795898590989e-10
2.6826957952797246 0.9999999999830732 1.6924667238745163e-11
3.2374575428176433 0.99999999969742 3.020177739896914e-10
3.906939937054613 1.0 7.237543897531395e-17
4.714866363457389 1.0 5.465653320898016e-17
5.689866029018293 1.0 0.0
6.866488450042998 1.0 3.3306690738754697e-19
8.286427728546842 0.9999999999999585 4.150119206870158e-14
10.0 1.0 0.0
