0.001 0.043088126090253163 2.0404695372573077e-05
0.0012067926406393288 0.06008066641178555 2.8418208464292914e-05
0.0014563484775012444 0.08297586763917096 3.96209876213105e-05
0.0017575106248547913 0.11327559122659155 4.895231918067084e-05
0.0021209508879201904 0.15292933257033575 6.549337375899675e-05
0.002559547922699536 0.2034559793596995 8.003192979656817e-05
0.0030888435964774815 0.2659450967562853 9.672217986471504e-05
0.003727593720314938 0.34154268936432947 0.00011734718777725411
0.004498432668969444 0.42840526769786774 0.0001311954654740054
0.005428675439323859 0.5238353075919859 0.00013505225770309604
0.006551285568595509 0.6241104583118077 0.00013738990466320825
0.0079060432109077 0.7217352850953813 0.0001321177921667449
0.009540954763499945 0.8092770644385878 0.00010809433111695925
0.01151395399326447 0.8815164332474429 8.422524412554881e-05
0.013894954943731374 0.9343602007239115 5.703123608343356e-05
0.016768329368110076 0.9684107667737492 3.3451383971388134e-05
0.020235896477251564 0.9871197664907156 1.643319814829339e-05
0.02442053094548651 0.9956881528586308 6.506878324606919e-06
0.029470517025518096 0.9988615225721005 2.0387122580642185e-06
0.03556480306223128 0.9997738169468856 4.760300955986194e-07
0.04291934260128776 0.9999677243613674 7.756904216941909e-08
0.0517947467923121 0.9999969452911806 8.504357458667918e-09
0.0625055192527397 0.999999822192488 5.702817281179346e-10
0.07543120063354615 0.9999999942110788 2.0844827029544908e-11
0.09102981779915217 0.9999999999070058 3.740508943729978e-13
0.10985411419875583 0.9999999999993652 2.8529020082409107e-15
0.13257113655901082 0.9999999999999988 6.99303035820538e-18
0.15998587196060574 1.0 2.053162307825366e-18
0.19306977288832497 1.0 8.358438485664404e-19
0.2329951810515372 1.0 2.0609519491122023e-18
0.2811768697974228 1.0 1.911132122898175e-18
0.3393221771895326 1.0 0.0
0.4094915062380423 1.0 0.0
0.49417133613238334 1.0 0.0
0.5963623316594643 1.0 0.0
0.7196856730011514 1.0 0.0
0.868511373751352 1.0 0.0
1.0481131341546852 1.0 0.0
1.2648552168552958 1.0 0.0
1.5264179671752318 1.0 0.0
1.8420699693267144 1.0 0.0
2.2229964825261934 1.0 0.0
2.6826957952797246 1.0 0.0
3.2374575428176433 1.0 0.0
3.906939937054613 1.0 0.0
4.714866363457389 1.0 0.0
5.689866029018293 1.0 0.0
6.866488450042998 1.0 0.0
8.286427728546842 1.0 0.0
10.0 1.0 0.0
