0.001 0.06812066527379686 2.4673666008234767e-05
0.0012067926406393288 0.09368247700452609 3.280730171307583e-05
0.0014563484775012444 0.1274835668821289 4.282396231660768e-05
0.0017575106248547913 0.17102737986121716 5.407596063202879e-05
0.0021209508879201904 0.22623837535294047 6.768930162335719e-05
0.002559547922699536 0.29381472933696084 8.184970478521341e-05
0.0030888435964774815 0.3735694291016318 9.322101334142537e-05
0.003727593720314938 0.4646571959316936 0.00010391229878570826
0.004498432668969444 0.562724832826935 0.00010741833261863773
0.005428675439323859 0.6624400532349737 0.00010509704049033372
0.006551285568595509 0.7573765926557681 9.592517328390113e-05
0.0079060432109077 0.8396748055468867 7.924099834266149e-05
0.009540954763499945 0.9044110806255566 5.7783201879455514e-05
0.01151395399326447 0.9497999057263862 3.757897031714688e-05
0.013894954943731374 0.977226874377099 2.0439183573996318e-05
0.016768329368110076 0.991373784959118 9.303580348652687e-06
0.020235896477251564 0.9973611555028072 3.394789237608398e-06
0.02442053094548651 0.9993748017774368 9.664621239179412e-07
0.029470517025518096 0.9998905200001834 1.9900990583129707e-07
0.03556480306223128 0.9999866564874803 2.8487833246962663e-08
0.04291934260128776 0.9999989487103803 2.6051312150741334e-09
0.0517947467923121 0.9999999508399909 1.3951691362262476e-10
0.0625055192527397 0.9999999987794108 3.933387451854806e-12
0.07543120063354615 0.9999999999857022 5.0707403126141345e-14
0.09102981779915217 0.9999999999999338 2.6198176967534473e-16
0.10985411419875583 1.0 9.632744363711803e-19
0.13257113655901082 1.0 2.0906416366728586e-18
0.15998587196060574 1.0 2.025723530333434e-18
0.19306977288832497 1.0 2.1443117780087328e-18
0.2329951810515372 1.0 0.0
0.2811768697974228 1.0 0.0
0.3393221771895326 1.0 0.0
0.4094915062380423 1.0 0.0
0.49417133613238334 1.0 0.0
0.5963623316594643 1.0 0.0
0.7196856730011514 1.0 0.0
0.868511373751352 1.0 0.0
1.0481131341546852 1.0 0.0
1.2648552168552958 1.0 0.0
1.5264179671752318 1.0 0.0
1.8420699693267144 1.0 0.0
2.2229964825261934 1.0 0.0
2.6826957952797246 1.0 0.0
3.2374575428176433 1.0 0.0
3.906939937054613 1.0 0.0
4.714866363457389 1.0 0.0
5.689866029018293 1.0 0.0
6.866488450042998 1.0 0.0
8.286427728546842 1.0 0.0
10.0 1.0 0.0
