0.001 0.17538438774553206 2.9547655688621163e-05
0.0012067926406393288 0.20762994234117085 3.459826728549315e-05
0.0014563484775012444 0.24482875164538664 3.947423312001297e-05
0.0017575106248547913 0.28744317603697794 4.485488806346724e-05
0.0021209508879201904 0.3357161365833513 5.109118377072562e-05
0.002559547922699536 0.38949261392542706 5.5297675537945464e-05
0.0030888435964774815 0.4487350438001326 6.0918557221676775e-05
0.003727593720314938 0.5127449410338032 6.533708991611873e-05
0.004498432668969444 0.5799569565315497 6.69715029587371e-05
0.005428675439323859 0.6489722039531587 6.761435485673425e-05
0.006551285568595509 0.7173818442838373 6.609991160591724e-05
0.0079060432109077 0.7821072622537578 5.937257343497057e-05
0.009540954763499945 0.841097460267725 5.298235128718223e-05
0.01151395399326447 0.8913495889084988 4.352737680195507e-05
0.013894954943731374 0.9313191174157411 3.303273222316561e-05
0.016768329368110076 0.9605723750708587 2.2931546976239836e-05
0.020235896477251564 0.9797596214449166 1.4002797335184228e-05
0.02442053094548651 0.9909498037220422 7.462374630229732e-06
0.029470517025518096 0.9965836550649512 3.410686017284036e-06
0.03556480306223128 0.9989436851150029 1.2450507691038352e-06
0.04291934260128776 0.9997425026238179 3.52049118491022e-07
0.0517947467923121 0.9999534733316772 7.660463379384365e-08
0.0625055192527397 0.9999940512615391 1.1364747542940597e-08
0.07543120063354615 0.9999995033946756 1.1046074941508839e-09
0.09102981779915217 0.9999999751975958 6.43804731252408e-11
0.10985411419875583 0.9999999993293324 1.984680966486183e-12
0.13257113655901082 0.9999999999913749 2.8991227434088394e-14
0.15998587196060574 0.9999999999999549 1.7101074497721324e-16
0.19306977288832497 1.0 9.572414769642932e-19
0.2329951810515372 1.0 0.0
0.2811768697974228 1.0 0.0
0.3393221771895326 1.0 0.0
0.4094915062380423 1.0 0.0
0.49417133613238334 1.0 0.0
0.5963623316594643 1.0 0.0
0.7196856730011514 1.0 0.0
0.868511373751352 1.0 0.0
1.0481131341546852 1.0 0.0
1.2648552168552958 1.0 0.0
1.5264179671752318 1.0 0.0
1.8420699693267144 1.0 0.0
2.2229964825261934 1.0 0.0
2.6826957952797246 1.0 0.0
3.2374575428176433 1.0 0.0
3.906939937054613 1.0 0.0
4.714866363457389 1.0 0.0
5.689866029018293 1.0 0.0
6.866488450042998 1.0 0.0
8.286427728546842 1.0 0.0
10.0 1.0 0.0
