0.001 0.12514986389316393 3.060031035778141e-05
0.0012067926406393288 0.1490857622163389 3.676226838317324e-05
0.0014563484775012444 0.177047597294168 4.4354596215791204e-05
0.0017575106248547913 0.20945357018641747 4.868425716209591e-05
0.0021209508879201904 0.24699183192160568 5.7788315089091276e-05
0.002559547922699536 0.28990509531120534 6.420900348997984e-05
0.0030888435964774815 0.33829310044619754 7.147686143035738e-05
0.003727593720314938 0.3926868378707465 8.15467885379251e-05
0.004498432668969444 0.4521106198620335 8.810945863456942e-05
0.005428675439323859 0.5159021596346455 9.023667245019025e-05
0.006551285568595509 0.5835494540908447 9.468891100800235e-05
0.0079060432109077 0.6526255095638498 9.845558499857303e-05
0.009540954763499945 0.7205660605342862 9.079517047454635e-05
0.01151395399326447 0.7854352113193865 8.507646407060181e-05
0.013894954943731374 0.8438615824393823 7.43362972832631e-05
0.016768329368110076 0.8936918721999129 6.077064210660065e-05
0.020235896477251564 0.9331072241298088 4.587232720640518e-05
0.02442053094548651 0.9617154186995064 3.113988695721713e-05
0.029470517025518096 0.9804821637828259 1.907508369363325e-05
0.03556480306223128 0.9913485945383259 9.977979290841323e-06
0.04291934260128776 0.9967456705252483 4.382196084151954e-06
0.0517947467923121 0.9990031491016552 1.5884499287262526e-06
0.0625055192527397 0.9997607489052781 4.514544429007889e-07
0.07543120063354615 0.9999570934138725 9.419377623674659e-08
0.09102981779915217 0.9999946047830228 1.374700350638865e-08
0.10985411419875583 0.9999995589686627 1.310289646757607e-09
0.13257113655901082 0.9999999782351743 7.225860693265366e-11
0.15998587196060574 0.9999999994253218 2.1538996526329455e-12
0.19306977288832497 0.9999999999928124 3.017087682326576e-14
0.2329951810515372 0.9999999999999635 1.683677990777941e-16
0.2811768697974228 1.0 9.555660614490875e-19
0.3393221771895326 1.0 0.0
0.4094915062380423 1.0 0.0
0.49417133613238334 1.0 0.0
0.5963623316594643 1.0 0.0
0.7196856730011514 1.0 0.0
0.868511373751352 1.0 0.0
1.0481131341546852 1.0 0.0
1.2648552168552958 1.0 0.0
1.5264179671752318 1.0 0.0
1.8420699693267144 1.0 0.0
2.2229964825261934 1.0 0.0
2.6826957952797246 1.0 0.0
3.2374575428176433 1.0 0.0
3.906939937054613 1.0 0.0
4.714866363457389 1.0 0.0
5.689866029018293 1.0 0.0
6.866488450042998 1.0 0.0
8.286427728546842 1.0 0.0
10.0 1.0 0.0
