0.001 0.22217974021726222 0.00027528089692318344
0.0012067926406393288 0.28903333478924204 0.00033684749825372976
0.0014563484775012444 0.3686497352689288 0.00039693160335358443
0.0017575106248547913 0.4580804159698424 0.00046307346289105355
0.0021209508879201904 0.5555770816281486 0.0005083979776667493
0.002559547922699536 0.6542002599811684 0.0005444438200372733
0.0030888435964774815 0.7489452890100607 0.0005429657826871454
0.003727593720314938 0.8317912556308629 0.00052257553255483
0.004498432668969444 0.897425350863021 0.0004480389247832956
0.005428675439323859 0.9433701983339026 0.0004021472679761912
0.006551285568595509 0.9725601217000535 0.00029258431360300736
0.0079060432109077 0.9881543007520824 0.00021528622940703956
0.009540954763499945 0.9956117596465122 0.00014014801299545238
0.01151395399326447 0.9983341007165273 9.976919651602902e-05
0.013894954943731374 0.9994683106725691 5.21854908463836e-05
0.016768329368110076 0.9998403475830537 1.8928086717268192e-05
0.020235896477251564 0.9998747926032807 4.293484503070157e-05
0.02442053094548651 0.9999840337456295 4.624162069930242e-06
0.029470517025518096 0.9999922583543616 5.452419782237723e-06
0.03556480306223128 0.9999987125541276 1.0275089627334912e-06
0.04291934260128776 0.9999998960151868 3.9418946124672106e-08
0.0517947467923121 0.9999991077682302 8.808404036747622e-07
0.0625055192527397 0.9999999991648838 4.07925862371555e-10
0.07543120063354615 0.9999999981318594 1.7307213149694997e-09
0.09102981779915217 0.9999999998530917 1.427219262235199e-10
0.10985411419875583 0.9999999988039564 1.1959566991478e-09
0.13257113655901082 0.9999999998910233 1.089703756241648e-10
0.15998587196060574 1.0 2.4424906541753445e-19
0.19306977288832497 0.9999999999999978 2.1662476668991338e-15
0.2329951810515372 1.0 5.324307383146477e-17
0.2811768697974228 1.0 3.845925372767128e-20
0.3393221771895326 1.0 0.0
0.4094915062380423 1.0 2.2204460492503132e-20
0.49417133613238334 1.0 2.2204460492503132e-20
0.5963623316594643 1.0 0.0
0.7196856730011514 1.0 0.0
0.868511373751352 1.0 0.0
1.0481131341546852 1.0 0.0
1.2648552168552958 1.0 0.0
1.5264179671752318 1.0 0.0
1.8420699693267144 1.0 0.0
2.2229964825261934 1.0 0.0
2.6826957952797246 1.0 0.0
3.2374575428176433 1.0 0.0
3.906939937054613 1.0 0.0
4.714866363457389 1.0 0.0
5.689866029018293 1.0 0.0
6.866488450042998 1.0 0.0
8.286427728546842 1.0 0.0
10.0 1.0 0.0
