0.001 0.028645126166083133 5.094944153567236e-05
0.0012067926406393288 0.04533811440335045 7.728326148908712e-05
0.0014563484775012444 0.07041523554641528 0.00011378106236065887
0.0017575106248547913 0.10631575502306523 0.00016513374311087468
0.0021209508879201904 0.15666347238479017 0.00023073937250992507
0.002559547922699536 0.22325567569183705 0.000310577949655874
0.0030888435964774815 0.3082702849181448 0.0003971582064912347
0.003727593720314938 0.40974127110578645 0.0004938401462017453
0.004498432668969444 0.5216682883304385 0.0005532525058312083
0.005428675439323859 0.6363312525667689 0.0006399024339975344
0.006551285568595509 0.7439262449991408 0.0006371854453203157
0.0079060432109077 0.8351665184721867 0.0006131515930023085
0.009540954763499945 0.9053067616606688 0.0005141338533140044
0.01151395399326447 0.9504413736880886 0.0004340214889648636
0.013894954943731374 0.9774850161317074 0.0002992385489658064
0.016768329368110076 0.991044304537558 0.00018842887454236215
0.020235896477251564 0.996438937232611 0.00016604399686582412
0.02442053094548651 0.9989154879622285 6.585395333888935e-05
0.029470517025518096 0.9996253717160029 4.482089217593613e-05
0.03556480306223128 0.9998984889293664 1.8990879392699678e-05
0.04291934260128776 0.9999639820653203 5.548812908683376e-06
0.0517947467923121 0.9999754170805824 1.5772276255009825e-05
0.0625055192527397 0.9999983970005649 5.000085230205531e-07
0.07543120063354615 0.9999988602303369 7.474129011515717e-07
0.09102981779915217 0.9999997230118355 2.0982206358381659e-07
0.10985411419875583 0.9999993941753089 5.981819220982705e-07
0.13257113655901082 0.9999998186352872 1.807302859743025e-07
0.15998587196060574 0.9999999999923691 5.309226905516491e-12
0.19306977288832497 0.9999999991930819 8.061234752911242e-10
0.2329951810515372 0.9999999997884527 1.4532399868351205e-10
0.2811768697974228 0.9999999999996999 3.000809084641813e-13
0.3393221771895326 1.0 2.0650148258027914e-18
0.4094915062380423 0.9999999999999746 2.544200850427026e-14
0.49417133613238334 0.9999999999999998 2.2291053492431305e-16
0.5963623316594643 1.0 0.0
0.7196856730011514 1.0 0.0
0.868511373751352 1.0 0.0
1.0481131341546852 1.0 0.0
1.2648552168552958 1.0 0.0
1.5264179671752318 1.0 0.0
1.8420699693267144 1.0 0.0
2.2229964825261934 1.0 0.0
2.6826957952797246 1.0 0.0
3.2374575428176433 1.0 0.0
3.906939937054613 1.0 0.0
4.714866363457389 1.0 0.0
5.689866029018293 1.0 0.0
6.866488450042998 1.0 0.0
8.286427728546842 1.0 0.0
10.0 1.0 0.0
