0.001 0.01466132665126664 0.0003463956339351436
0.0012067926406393288 0.019487836337356332 0.0004450927503983591
0.0014563484775012444 0.027163985958621413 0.000608314679185146
0.0017575106248547913 0.03553402269207036 0.0007566827304301678
0.0021209508879201904 0.046884649210427405 0.0009636362429403216
0.002559547922699536 0.06301975959709916 0.0011912195433212396
0.0030888435964774815 0.07922229106862717 0.001392564033989342
0.003727593720314938 0.1006622355247593 0.0016447385303431775
0.004498432668969444 0.13131448868191642 0.0019563420097409075
0.005428675439323859 0.15952715453914446 0.002136905572807611
0.006551285568595509 0.19392038770587428 0.0023235986440635066
0.0079060432109077 0.2322192982109361 0.0025381702380762256
0.009540954763499945 0.27524582832358 0.0026773879678987293
0.01151395399326447 0.3302442041034289 0.002900422966042997
0.013894954943731374 0.3857179857428653 0.0030377320571724677
0.016768329368110076 0.441706325201385 0.003204809636383594
0.020235896477251564 0.5015385395247051 0.003324245666044882
0.02442053094548651 0.5588840165162049 0.0033714887044411167
0.029470517025518096 0.6194072185976903 0.003382649778694904
0.03556480306223128 0.6694451366291296 0.0033749630527883175
0.04291934260128776 0.7190699109281035 0.003298457683469746
0.0517947467923121 0.7628774805417371 0.003165766503797818
0.0625055192527397 0.7949896609898085 0.003054964968844022
0.07543120063354615 0.822467011512008 0.0029391860749834577
0.09102981779915217 0.8519405684906433 0.0027530611587812497
0.10985411419875583 0.8743099323935517 0.002611796777336415
0.13257113655901082 0.8923090280223068 0.002475018640870471
0.15998587196060574 0.9137463416518733 0.002224985366643896
0.19306977288832497 0.9224806255532141 0.0021720951289518325
0.2329951810515372 0.9345859306613802 0.0020024009920059566
0.2811768697974228 0.9426322739660451 0.0018908375237926304
0.3393221771895326 0.9508244519317667 0.0017603184476153038
0.4094915062380423 0.9576822949113941 0.001687734534347599
0.49417133613238334 0.9644038670682786 0.0015369507741491211
0.5963623316594643 0.9689560858542218 0.001432194660865736
0.7196856730011514 0.9723856524859639 0.0013788345484398218
0.868511373751352 0.977474399397627 0.0012466631547916791
1.0481131341546852 0.9792020665980538 0.0011734420346644799
1.2648552168552958 0.9799984140750537 0.0011954369698710435
1.5264179671752318 0.9833213485467559 0.0011025446370221514
1.8420699693267144 0.9853715944755431 0.0010359370284693508
2.2229964825261934 0.9884360637835613 0.000911809539892857
2.6826957952797246 0.9888830671917637 0.0009085939636275702
3.2374575428176433 0.9895667535219833 0.0008903074383982741
3.906939937054613 0.9910098871162616 0.0008162874166844612
4.714866363457389 0.9915393952166244 0.0008099934461137956
5.689866029018293 0.9925600760209331 0.0007444061639325516
6.866488450042998 0.9927534580884189 0.0007650493872719136
8.286427728546842 0.9952803882957189 0.0006048962139464875
10.0 0.9947040401121898 0.0006682469979488899
