0.001 0.01416137283999634 0.00034211965214255675
0.0012067926406393288 0.019425973393531904 0.0004498252901730802
0.0014563484775012444 0.025934450628661766 0.0005731031587796539
0.0017575106248547913 0.035786791023732493 0.0007532456152702752
0.0021209508879201904 0.04712938778452678 0.0009523561946053
0.002559547922699536 0.0602160296825413 0.0011509624970666072
0.0030888435964774815 0.07779169720078664 0.001382231499966581
0.003727593720314938 0.10093791797136904 0.0016262858823053656
0.004498432668969444 0.12308567895809551 0.001826274928475656
0.005428675439323859 0.158022980658268 0.002136734855714853
0.006551285568595509 0.1914305394784381 0.002339302220411159
0.0079060432109077 0.2322708454274425 0.002528981183255198
0.009540954763499945 0.27627447785416015 0.002710431645793464
0.01151395399326447 0.3309951775477306 0.002873422364315302
0.013894954943731374 0.3826016605825681 0.003074951095059238
0.016768329368110076 0.4433315295891992 0.0032276140837715363
0.020235896477251564 0.49675361968937276 0.0033003732554636846
0.02442053094548651 0.5613815555095282 0.003377408163730537
0.029470517025518096 0.6109285143998117 0.003396635098173157
0.03556480306223128 0.6687592319903692 0.003384851646161273
0.04291934260128776 0.7100419088861545 0.0033340666207880214
0.0517947467923121 0.7558830287378185 0.0032253594608869255
0.0625055192527397 0.7919526506540894 0.003061158564238164
0.07543120063354615 0.8221672250969928 0.002945463986792647
0.09102981779915217 0.8516039088593843 0.0027565304228879804
0.10985411419875583 0.8719515359590155 0.0026292845309672987
0.13257113655901082 0.8912700118045743 0.0024800767668997875
0.15998587196060574 0.9063205023616534 0.0023547663064030834
0.19306977288832497 0.9211234488935883 0.0021639313641833306
0.2329951810515372 0.9320461429819661 0.0020308935582113727
0.2811768697974228 0.9405175767929775 0.0019478037403735024
0.3393221771895326 0.9489273546525039 0.001802599759912712
0.4094915062380423 0.9599536506426343 0.0016013156950722253
0.49417133613238334 0.9626917941771554 0.0015816056652917718
0.5963623316594643 0.9668429761771226 0.0014909149813155096
0.7196856730011514 0.9731345398163678 0.0013467079671404664
0.868511373751352 0.9766921180350935 0.001266015430272698
1.0481131341546852 0.9771660475552695 0.0012623598515619965
1.2648552168552958 0.9788084752624836 0.001237592210225116
1.5264179671752318 0.9819061283320544 0.0011561623065165266
1.8420699693267144 0.9870649882633886 0.0009581136473514197
2.2229964825261934 0.9887178645416727 0.0008907033884901445
2.6826957952797246 0.9887629071946287 0.0009063605421885152
3.2374575428176433 0.9901530652287358 0.0008489190888970169
3.906939937054613 0.9922034413951242 0.0007597748314476382
4.714866363457389 0.991901206255354 0.0007733815688842389
5.689866029018293 0.9918567286995953 0.0008125899388181317
6.866488450042998 0.9928667441103806 0.000742349559099102
8.286427728546842 0.9922077257246805 0.0007996525512367372
10.0 0.9949713553781223 0.0006538522779934574
