0.001 0.04957801644815067 0.0005475444246928894
0.0012067926406393288 0.05992314817711515 0.0006557580487402668
0.0014563484775012444 0.07146761441048255 0.0007586253301528384
0.0017575106248547913 0.08368181477021074 0.0008688765772176406
0.0021209508879201904 0.09972313213692009 0.0010176787159009747
0.002559547922699536 0.11802825820716861 0.0011738030332970315
0.0030888435964774815 0.13585051985260008 0.0013233884536010937
0.003727593720314938 0.15992184425271286 0.0014898873490328294
0.004498432668969444 0.1860112011497784 0.0016530867773389272
0.005428675439323859 0.2156769513390183 0.0018247712083336448
0.006551285568595509 0.24844947416022245 0.0020151820264650384
0.0079060432109077 0.28634209037956737 0.0021412048924679883
0.009540954763499945 0.3227962286113286 0.002307566939883082
0.01151395399326447 0.36565580257992497 0.0024200020399206138
0.013894954943731374 0.41112237228208887 0.0025956776205614818
0.016768329368110076 0.4528699516766845 0.002634446179890309
0.020235896477251564 0.5051048080270323 0.002767185234288041
0.02442053094548651 0.5531739531852619 0.002820380869028226
0.029470517025518096 0.5994445499934005 0.0028562199792623224
0.03556480306223128 0.6460389703596273 0.0028764765792333637
0.04291934260128776 0.692128248874199 0.0028691675566518745
0.0517947467923121 0.7378626194881555 0.002770310667881894
0.0625055192527397 0.764760495718618 0.0027728818813369605
0.07543120063354615 0.8031627153294288 0.0026468705804614896
0.09102981779915217 0.8329281759814717 0.002558336898722839
0.10985411419875583 0.858447710315523 0.0023990271730368125
0.13257113655901082 0.8793731138702807 0.002279808405502539
0.15998587196060574 0.8964490121577674 0.002165117431499203
0.19306977288832497 0.9146098458221209 0.0019900102309931976
0.2329951810515372 0.928654699509597 0.0018352730675985742
0.2811768697974228 0.9372091400890031 0.001774212680283061
0.3393221771895326 0.9444928941541981 0.0016999303770871086
0.4094915062380423 0.9561931019553089 0.0015285416140418736
0.49417133613238334 0.9618915957880426 0.0014296768343941158
0.5963623316594643 0.9671003750399058 0.0013584768720806063
0.7196856730011514 0.9702948992577972 0.0013036416412347332
0.868511373751352 0.9726063291486451 0.0012891767666945533
1.0481131341546852 0.9761037811772983 0.001176159451678217
1.2648552168552958 0.9796419080880385 0.0011034219001123241
1.5264179671752318 0.9828749458776758 0.0010149520576718636
1.8420699693267144 0.9854739859235345 0.0009658176521300827
2.2229964825261934 0.9878070289231213 0.0008806791571977362
2.6826957952797246 0.9875680767610735 0.0008991089265539284
3.2374575428176433 0.9891005838478326 0.0008442013178189085
3.906939937054613 0.9910828060463098 0.0007777275237091447
4.714866363457389 0.991360195867766 0.0007601303660652564
5.689866029018293 0.9936151106274167 0.0006738558427983316
6.866488450042998 0.9921929930911129 0.0007867515920816779
8.286427728546842 0.992339854142954 0.0007684906143316722
10.0 0.993541993844032 0.0007332759231894265
