0.001 0.0009778828888597285 3.934674321254529e-05
0.0012067926406393288 0.0016340148665300361 6.124630780394443e-05
0.0014563484775012444 0.0026597293726354186 9.704574276974139e-05
0.0017575106248547913 0.003909685032665034 0.00013838242232420365
0.0021209508879201904 0.006269648343298974 0.00020893001495978224
0.002559547922699536 0.009492959806219423 0.00031424165886603084
0.0030888435964774815 0.015230650830996114 0.00047523617847779654
0.003727593720314938 0.021156959847677376 0.0006263503636941103
0.004498432668969444 0.02935177771547049 0.0008247181908159822
0.005428675439323859 0.040662073048615834 0.0010655477832976106
0.006551285568595509 0.05688722321257997 0.0013391253860915995
0.0079060432109077 0.07579334817586773 0.0016225032021329737
0.009540954763499945 0.09479615123149747 0.0018481274830639506
0.01151395399326447 0.12191920454298666 0.002093045163356532
0.013894954943731374 0.15531242532957576 0.002320666339091234
0.016768329368110076 0.20143696956805499 0.00261216904689764
0.020235896477251564 0.24340125745756713 0.0027650517138732684
0.02442053094548651 0.3006121976144036 0.0030139463347889257
0.029470517025518096 0.356555856929228 0.0031853531800717207
0.03556480306223128 0.4196373785484158 0.0033459558631615516
0.04291934260128776 0.48018462570054754 0.003466404998207489
0.0517947467923121 0.5453732715053319 0.003568253314849158
0.0625055192527397 0.6094632926088831 0.0035206129717185552
0.07543120063354615 0.6615576305383895 0.003523288759038768
0.09102981779915217 0.7157486840378988 0.003420348732091133
0.10985411419875583 0.7519456928223832 0.0033408474321693377
0.13257113655901082 0.791621317078406 0.00320308269066986
0.15998587196060574 0.8222248595159408 0.003054654518009391
0.19306977288832497 0.8493662996958535 0.0028630471133143627
0.2329951810515372 0.8720573146909854 0.0027092012089724215
0.2811768697974228 0.8911234588675839 0.0025741404814443826
0.3393221771895326 0.9067583514694528 0.002414529188872722
0.4094915062380423 0.9214416271370305 0.002226543318598825
0.49417133613238334 0.932660356159979 0.0020770278616826137
0.5963623316594643 0.9449282412425811 0.001901500830911276
0.7196856730011514 0.9509034310142218 0.0018218887029454222
0.868511373751352 0.9535007339945518 0.0017881931287934921
1.0481131341546852 0.9605882419529015 0.0016601344525212875
1.2648552168552958 0.9687830248121231 0.0014852740319125097
1.5264179671752318 0.9706742007324892 0.0014578631330971576
1.8420699693267144 0.9762643987759028 0.0012962591863485307
2.2229964825261934 0.9772643127468565 0.0013026360818782403
2.6826957952797246 0.9844550986292144 0.0010511874583562135
3.2374575428176433 0.9855415194173994 0.0010462614698930081
3.906939937054613 0.985785248279256 0.00105287436786419
4.714866363457389 0.9878006551124621 0.0009562872610650917
5.689866029018293 0.9869294002290812 0.0010152181457421465
6.866488450042998 0.990142020498308 0.0008818762484743539
8.286427728546842 0.9914756064255871 0.0008161497200770486
10.0 0.9929155445291397 0.000742242916975115
