0.001 0.0009662476988957863 3.8888532815194076e-05
0.0012067926406393288 0.0015636782494345145 6.0482602905589895e-05
0.0014563484775012444 0.002422933446459279 8.709666705495508e-05
0.0017575106248547913 0.0040253771836024415 0.0001459760771970763
0.0021209508879201904 0.006285966400914948 0.0002169233763211583
0.002559547922699536 0.009266347388609302 0.00031171054065753294
0.0030888435964774815 0.013804905987994144 0.000438322729862267
0.003727593720314938 0.020393014741419233 0.0006030355307349606
0.004498432668969444 0.02773719470254029 0.0007880744466899001
0.005428675439323859 0.04185163189954963 0.0010890294458376555
0.006551285568595509 0.055571569105393175 0.0013270532301774027
0.0079060432109077 0.07357812802943313 0.001597209911600129
0.009540954763499945 0.09502195635708603 0.0018542671667663858
0.01151395399326447 0.12262646256141736 0.0020964607503820842
0.013894954943731374 0.1567420195804595 0.0023827500907154554
0.016768329368110076 0.1980382707219383 0.0026173621370028143
0.020235896477251564 0.235942953914285 0.0027527151600216042
0.02442053094548651 0.29311619694209057 0.0029788453436150686
0.029470517025518096 0.3435310551022062 0.0031428316828342765
0.03556480306223128 0.4130305057684653 0.0033418507973712657
0.04291934260128776 0.47167257377366006 0.0034957851357014054
0.0517947467923121 0.5393868968722229 0.003569862902821335
0.0625055192527397 0.5966492351242569 0.0036027048685051866
0.07543120063354615 0.6517578085536233 0.0035722094083525256
0.09102981779915217 0.7044562748323497 0.0034829305859757926
0.10985411419875583 0.745027873372083 0.003377872597005617
0.13257113655901082 0.7851229512186235 0.0032397424700960574
0.15998587196060574 0.8188351058635003 0.0030984970434214955
0.19306977288832497 0.8435647874827371 0.0029226278989959494
0.2329951810515372 0.8657559876488103 0.0027646538305787886
0.2811768697974228 0.8866460722145577 0.0026098193717352873
0.3393221771895326 0.9023926072148948 0.002461839199375915
0.4094915062380423 0.9208462144866184 0.0022191403959487786
0.49417133613238334 0.9301884568028165 0.00213154901047454
0.5963623316594643 0.9387258252812352 0.0020263085141924105
0.7196856730011514 0.9497411205927808 0.0018402689085943607
0.868511373751352 0.9567854784651388 0.001716928496853989
1.0481131341546852 0.9591582009708407 0.0016951117680858343
1.2648552168552958 0.9632809483853846 0.0016209490686096056
1.5264179671752318 0.9695034492861534 0.001494643330665146
1.8420699693267144 0.9761854019018381 0.001291706438052341
2.2229964825261934 0.979288432209137 0.001213031287004943
2.6826957952797246 0.9804141888193106 0.00119519863788441
3.2374575428176433 0.9828860184869607 0.001120762965304719
3.906939937054613 0.9868266434463303 0.0009959609445227382
4.714866363457389 0.9861991860371822 0.00101662472163315
5.689866029018293 0.9876793384915451 0.0009864062926085888
6.866488450042998 0.9886151431894634 0.0009416062457000277
8.286427728546842 0.9880688537109829 0.0009646802184673653
10.0 0.9924183497782584 0.0007690151331094604
