0.001 0.08003854011069779 0.0002722783859709026
0.0012067926406393288 0.10993097253558744 0.00036622113341046336
0.0014563484775012444 0.14708369340263422 0.0004263061833858234
0.0017575106248547913 0.19536922801645282 0.0005056418524815834
0.0021209508879201904 0.2557878953680774 0.0005857957543367926
0.002559547922699536 0.3278878148103261 0.0006384451520650046
0.0030888435964774815 0.41255211930641716 0.0006819073279203282
0.003727593720314938 0.504860843230605 0.0006583253404979581
0.004498432668969444 0.6042476687645679 0.0006376645508729262
0.005428675439323859 0.7001186096966113 0.0005097463267087902
0.006551285568595509 0.7892882186073035 0.0003906559937518795
0.0079060432109077 0.8649214051170285 0.00027519854841199587
0.009540954763499945 0.9223498665650619 0.0001725545425162332
0.01151395399326447 0.9606840532994758 9.020706874619668e-05
0.013894954943731374 0.9829913750818284 4.04691542782403e-05
0.016768329368110076 0.9939016997523394 1.5003240846162252e-05
0.020235896477251564 0.9982581879696886 4.548333344003167e-06
0.02442053094548651 0.9996152677167606 9.92751527057225e-07
0.029470517025518096 0.999938768102544 1.6514092368374622e-07
0.03556480306223128 0.9999933092051615 1.8035931934988294e-08
0.04291934260128776 0.9999995379514909 1.242676588757847e-09
0.0517947467923121 0.9999999818278097 5.124746240842518e-11
0.0625055192527397 0.9999999996294504 1.0402293542431618e-12
0.07543120063354615 0.9999999999966349 9.549561396979445e-15
0.09102981779915217 0.9999999999999886 3.4231458105984767e-17
0.10985411419875583 1.0 8.390818541177929e-19
0.13257113655901082 1.0 1.0148677349187841e-18
0.15998587196060574 1.0 1.0165666657133341e-18
0.19306977288832497 1.0 1.6984598089975773e-18
0.2329951810515372 1.0 0.0
0.2811768697974228 1.0 0.0
0.3393221771895326 1.0 0.0
0.4094915062380423 1.0 0.0
0.49417133613238334 1.0 0.0
0.5963623316594643 1.0 0.0
0.7196856730011514 1.0 0.0
0.868511373751352 1.0 0.0
1.0481131341546852 1.0 0.0
1.2648552168552958 1.0 0.0
1.5264179671752318 1.0 0.0
1.8420699693267144 1.0 0.0
2.2229964825261934 1.0 0.0
2.6826957952797246 1.0 0.0
3.2374575428176433 1.0 0.0
3.906939937054613 1.0 0.0
4.714866363457389 1.0 0.0
5.689866029018293 1.0 0.0
6.866488450042998 1.0 0.0
8.286427728546842 1.0 0.0
10.0 1.0 0.0
