0.001 0.08036247885655406 0.0002818501136290227
0.0012067926406393288 0.10936341552226383 0.0003499986817449914
0.0014563484775012444 0.14702010254072265 0.00042056268228192456
0.0017575106248547913 0.1963143732310012 0.0005281726410626679
0.0021209508879201904 0.2565466649102152 0.0006036082854455638
0.002559547922699536 0.32724306380099194 0.0006216661852837818
0.0030888435964774815 0.4146172333788751 0.000735785324379409
0.003727593720314938 0.5046128645466155 0.0006545104537983346
0.004498432668969444 0.6031859009127744 0.000613418355371464
0.005428675439323859 0.7011772389708602 0.0005364061846192672
0.006551285568595509 0.7896574645320928 0.0003980545234275167
0.0079060432109077 0.8646653878892441 0.00027124936360947894
0.009540954763499945 0.9219941528006836 0.00016505555488312951
0.01151395399326447 0.9605359789624861 8.708523777527592e-05
0.013894954943731374 0.9829817744175645 4.010597520141667e-05
0.016768329368110076 0.9938765695511612 1.4576049571552191e-05
0.020235896477251564 0.9982517466073411 4.392119434985621e-06
0.02442053094548651 0.9996156488196571 9.85937449379962e-07
0.029470517025518096 0.999938564949649 1.590159219448424e-07
0.03556480306223128 0.9999933131686546 1.772044562414698e-08
0.04291934260128776 0.9999995412685588 1.2614098571002785e-09
0.0517947467923121 0.9999999818105815 5.002857267731357e-11
0.0625055192527397 0.9999999996301476 1.0198940251241788e-12
0.07543120063354615 0.9999999999966609 9.682817062852995e-15
0.09102981779915217 0.9999999999999883 3.299552944177825e-17
0.10985411419875583 1.0 1.8922057059347083e-18
0.13257113655901082 1.0 1.1019767492894734e-18
0.15998587196060574 1.0 1.9179564668309683e-18
0.19306977288832497 1.0 1.7062795135414645e-18
0.2329951810515372 1.0 0.0
0.2811768697974228 1.0 0.0
0.3393221771895326 1.0 0.0
0.4094915062380423 1.0 0.0
0.49417133613238334 1.0 0.0
0.5963623316594643 1.0 0.0
0.7196856730011514 1.0 0.0
0.868511373751352 1.0 0.0
1.0481131341546852 1.0 0.0
1.2648552168552958 1.0 0.0
1.5264179671752318 1.0 0.0
1.8420699693267144 1.0 0.0
2.2229964825261934 1.0 0.0
2.6826957952797246 1.0 0.0
3.2374575428176433 1.0 0.0
3.906939937054613 1.0 0.0
4.714866363457389 1.0 0.0
5.689866029018293 1.0 0.0
6.866488450042998 1.0 0.0
8.286427728546842 1.0 0.0
10.0 1.0 0.0
