0.001 0.0055422586228305905 4.346510724739246e-05
0.0012067926406393288 0.009294268496690617 7.25555417870245e-05
0.0014563484775012444 0.014877731023646222 0.00010436978159004718
0.0017575106248547913 0.023870570561831117 0.00015406810231126508
0.0021209508879201904 0.03785256808026161 0.00022376452770711314
0.002559547922699536 0.0585923456251802 0.0003088907797299881
0.0030888435964774815 0.08940594532676018 0.0004228636625605505
0.003727593720314938 0.1317536478514323 0.0005321426904987043
0.004498432668969444 0.19121076842399062 0.0006838054083334016
0.005428675439323859 0.264535331850541 0.0007260484951111587
0.006551285568595509 0.35600251315857506 0.0007625046118961411
0.0079060432109077 0.4625618728838333 0.0007667914569586995
0.009540954763499945 0.5769958166982077 0.0007074818359673136
0.01151395399326447 0.6887404937279756 0.0005621234613453889
0.013894954943731374 0.7898801600545569 0.00041439486030711944
0.016768329368110076 0.8717636583990807 0.0002705564507625223
0.020235896477251564 0.9307466289129632 0.00016035149579563424
0.02442053094548651 0.967171568640774 7.652365419576757e-05
0.029470517025518096 0.9868869811723072 3.2558418507392094e-05
0.03556480306223128 0.9956581872335005 1.0861379764277417e-05
0.04291934260128776 0.9988586621070231 2.8765053027764762e-06
0.0517947467923121 0.9997743685638026 6.000960175869771e-07
0.0625055192527397 0.9999677543460448 8.476374560720077e-08
0.07543120063354615 0.9999969295228226 8.171046071652518e-09
0.09102981779915217 0.9999998205026505 4.852943121391932e-10
0.10985411419875583 0.9999999941667764 1.6301715732540668e-11
0.13257113655901082 0.9999999999069212 2.7065767084333417e-13
0.15998587196060574 0.9999999999993595 1.838867161535512e-15
0.19306977288832497 0.9999999999999986 4.612398807467741e-18
0.2329951810515372 1.0 0.0
0.2811768697974228 1.0 0.0
0.3393221771895326 1.0 0.0
0.4094915062380423 1.0 0.0
0.49417133613238334 1.0 0.0
0.5963623316594643 1.0 0.0
0.7196856730011514 1.0 0.0
0.868511373751352 1.0 0.0
1.0481131341546852 1.0 0.0
1.2648552168552958 1.0 0.0
1.5264179671752318 1.0 0.0
1.8420699693267144 1.0 0.0
2.2229964825261934 1.0 0.0
2.6826957952797246 1.0 0.0
3.2374575428176433 1.0 0.0
3.906939937054613 1.0 0.0
4.714866363457389 1.0 0.0
5.689866029018293 1.0 0.0
6.866488450042998 1.0 0.0
8.286427728546842 1.0 0.0
10.0 1.0 0.0
