0.001 0.06236338279790516 2.5554057300964286e-05
0.0012067926406393288 0.08604531745259049 3.479879346067083e-05
0.0014563484775012444 0.11739899764041616 4.4833180732459335e-05
0.0017575106248547913 0.15817008528804563 5.7105121639854727e-05
0.0021209508879201904 0.20997597233044626 7.155034205793172e-05
0.002559547922699536 0.2742097957920195 8.817367528446394e-05
0.0030888435964774815 0.35111456464077984 0.00010410757250332652
0.003727593720314938 0.4390521547478095 0.00011560584628414107
0.004498432668969444 0.5357782005201052 0.00012343593086643198
0.005428675439323859 0.6356498191976829 0.00012132198790084868
0.006551285568595509 0.7326373376004329 0.00011589198754342028
0.0079060432109077 0.8187180591240021 9.412365217522656e-05
0.009540954763499945 0.888680481706619 7.136209671335529e-05
0.01151395399326447 0.9393314043269787 4.8462085873295634e-05
0.013894954943731374 0.9713227810188604 2.7797988474329215e-05
0.016768329368110076 0.9885383935783888 1.3273116498848259e-05
0.020235896477251564 0.9962707229803535 5.21360908588532e-06
0.02442053094548651 0.9990454269740174 1.5767189862692389e-06
0.029470517025518096 0.9998159467665293 3.484552473582068e-07
0.03556480306223128 0.9999752678082902 5.6865237584842256e-08
0.04291934260128776 0.9999977818606253 5.959434471805002e-09
0.0517947467923121 0.9999998792504635 3.7588671221099935e-10
0.0625055192527397 0.9999999963600681 1.2756589772043377e-11
0.07543120063354615 0.9999999999469888 2.1027914720553466e-13
0.09102981779915217 0.9999999999996743 1.425631874134337e-15
0.10985411419875583 0.9999999999999997 2.9485985233101975e-18
0.13257113655901082 1.0 2.069069724543201e-18
0.15998587196060574 1.0 7.32410687763558e-19
0.19306977288832497 1.0 9.206152481068432e-19
0.2329951810515372 1.0 0.0
0.2811768697974228 1.0 0.0
0.3393221771895326 1.0 0.0
0.4094915062380423 1.0 0.0
0.49417133613238334 1.0 0.0
0.5963623316594643 1.0 0.0
0.7196856730011514 1.0 0.0
0.868511373751352 1.0 0.0
1.0481131341546852 1.0 0.0
1.2648552168552958 1.0 0.0
1.5264179671752318 1.0 0.0
1.8420699693267144 1.0 0.0
2.2229964825261934 1.0 0.0
2.6826957952797246 1.0 0.0
3.2374575428176433 1.0 0.0
3.906939937054613 1.0 0.0
4.714866363457389 1.0 0.0
5.689866029018293 1.0 0.0
6.866488450042998 1.0 0.0
8.286427728546842 1.0 0.0
10.0 1.0 0.0
