0.001 0.15206836788269154 3.262081559747733e-05
0.0012067926406393288 0.1805422208925442 3.872015655328822e-05
0.0014563484775012444 0.21358213701020845 4.40430603356366e-05
0.0017575106248547913 0.25167006973922873 5.01093452304255e-05
0.0021209508879201904 0.29516539228040495 5.6904823743115985e-05
0.002559547922699536 0.34442723355138316 6.470196284589285e-05
0.0030888435964774815 0.39936389074817175 7.206022846898966e-05
0.003727593720314938 0.45926912696501293 7.747612743957544e-05
0.004498432668969444 0.5238779759677372 8.264131342866935e-05
0.005428675439323859 0.5914809423448628 8.408428595735756e-05
0.006551285568595509 0.6606727211353007 8.729594090423556e-05
0.0079060432109077 0.7284315938478277 8.03089926331743e-05
0.009540954763499945 0.7925779808039001 7.357971165670044e-05
0.01151395399326447 0.8502235000894549 6.498430595062937e-05
0.013894954943731374 0.8988740492565612 5.2440680939550635e-05
0.016768329368110076 0.9369574530657403 3.8807316511470654e-05
0.020235896477251564 0.9644107849809028 2.652600585444313e-05
0.02442053094548651 0.9821229602397298 1.5803057869743317e-05
0.029470517025518096 0.9921871930598529 7.99130858204615e-06
0.03556480306223128 0.9971482807530272 3.576561497965433e-06
0.04291934260128776 0.999149321335537 1.2712984910723903e-06
0.0517947467923121 0.999802451850214 3.507375253856513e-07
0.0625055192527397 0.9999658812450921 7.017883881674315e-08
0.07543120063354615 0.9999959125405082 9.814212308307836e-09
0.09102981779915217 0.9999996821896966 8.792237322182604e-10
0.10985411419875583 0.9999999855019387 4.650551270182712e-11
0.13257113655901082 0.9999999996492397 1.2889968771162251e-12
0.15998587196060574 0.9999999999960062 1.6308968925819135e-14
0.19306977288832497 0.999999999999982 8.143461213965382e-17
0.2329951810515372 1.0 0.0
0.2811768697974228 1.0 0.0
0.3393221771895326 1.0 0.0
0.4094915062380423 1.0 0.0
0.49417133613238334 1.0 0.0
0.5963623316594643 1.0 0.0
0.7196856730011514 1.0 0.0
0.868511373751352 1.0 0.0
1.0481131341546852 1.0 0.0
1.2648552168552958 1.0 0.0
1.5264179671752318 1.0 0.0
1.8420699693267144 1.0 0.0
2.2229964825261934 1.0 0.0
2.6826957952797246 1.0 0.0
3.2374575428176433 1.0 0.0
3.906939937054613 1.0 0.0
4.714866363457389 1.0 0.0
5.689866029018293 1.0 0.0
6.866488450042998 1.0 0.0
8.286427728546842 1.0 0.0
10.0 1.0 0.0
