0.001 0.13802742694951395 3.388078327053542e-05
0.0012067926406393288 0.16401102124418468 3.8522724266623226e-05
0.0014563484775012444 0.19444354812493608 4.522627840139564e-05
0.0017575106248547913 0.22969433289916352 5.2438445032935215e-05
0.0021209508879201904 0.2701252559533476 5.908597586185395e-05
0.002559547922699536 0.3161469162774664 6.756739934497609e-05
0.0030888435964774815 0.36771964141363894 7.457480714391295e-05
0.003727593720314938 0.4250142319286222 8.19737747784433e-05
0.004498432668969444 0.4872625139193978 8.89702101052354e-05
0.005428675439323859 0.5533965329029562 9.312691421850487e-05
0.006551285568595509 0.6217585200542828 9.421684892528796e-05
0.0079060432109077 0.6906895088475181 9.30278659999993e-05
0.009540954763499945 0.7573708318622128 8.847537139799964e-05
0.01151395399326447 0.8187955258678667 7.790206035761821e-05
0.013894954943731374 0.8727596995884773 6.562877295181071e-05
0.016768329368110076 0.9169364844967917 5.216417344645506e-05
0.020235896477251564 0.9503724447772925 3.760498861646609e-05
0.02442053094548651 0.9732856292267443 2.3590498064744537e-05
0.029470517025518096 0.9873677857799599 1.3503858209417373e-05
0.03556480306223128 0.9948604023578725 6.394216891109324e-06
0.04291934260128776 0.9982669217784572 2.5519627990674367e-06
0.0517947467923121 0.9995345955633629 8.159930342001282e-07
0.0625055192527397 0.9999042563064177 1.9623486831851227e-07
0.07543120063354615 0.9999857252687092 3.358527124986116e-08
0.09102981779915217 0.9999985737445857 3.94032709375597e-09
0.10985411419875583 0.9999999113131273 2.847917360209169e-10
0.13257113655901082 0.9999999968639477 1.1433773964215555e-11
0.15998587196060574 0.9999999999437932 2.263535606293606e-13
0.19306977288832497 0.9999999999995658 1.9597661502525343e-15
0.2329951810515372 0.9999999999999988 6.343212396638115e-18
0.2811768697974228 1.0 0.0
0.3393221771895326 1.0 0.0
0.4094915062380423 1.0 0.0
0.49417133613238334 1.0 0.0
0.5963623316594643 1.0 0.0
0.7196856730011514 1.0 0.0
0.868511373751352 1.0 0.0
1.0481131341546852 1.0 0.0
1.2648552168552958 1.0 0.0
1.5264179671752318 1.0 0.0
1.8420699693267144 1.0 0.0
2.2229964825261934 1.0 0.0
2.6826957952797246 1.0 0.0
3.2374575428176433 1.0 0.0
3.906939937054613 1.0 0.0
4.714866363457389 1.0 0.0
5.689866029018293 1.0 0.0
6.866488450042998 1.0 0.0
8.286427728546842 1.0 0.0
10.0 1.0 0.0
