0.001 0.003521453130959508 2.3356283364219503e-06
0.0012067926406393288 0.00589307031877578 3.914342073991703e-06
0.0014563484775012444 0.009755591922019052 6.2031347981335426e-06
0.0017575106248547913 0.015959357556990874 9.778460232337584e-06
0.0021209508879201904 0.025744499419323358 1.5268878780339682e-05
0.002559547922699536 0.04090307608172035 2.3648609123869618e-05
0.0030888435964774815 0.06375788367779162 3.5372573532783893e-05
0.003727593720314938 0.09695615735574832 5.0268539496672e-05
0.004498432668969444 0.14388554409630552 6.979866827631953e-05
0.005428675439323859 0.20705570064408324 9.000603355714603e-05
0.006551285568595509 0.2885283065977429 0.00011734349969956846
0.0079060432109077 0.386656593825995 0.00012972150442477283
0.009540954763499945 0.4980107522389839 0.00014030213881387394
0.01151395399326447 0.6147176423933539 0.00014237684118339745
0.013894954943731374 0.7263416945061613 0.00012802162340314746
0.016768329368110076 0.8225872966111865 0.00010272405944356716
0.020235896477251564 0.897007436225843 7.427749258891838e-05
0.02442053094548651 0.9473292961076366 4.582025711717147e-05
0.029470517025518096 0.9767461236399133 2.3624434328323377e-05
0.03556480306223128 0.9914695986858147 1.0672790835334228e-05
0.04291934260128776 0.997450182800582 3.807939430768909e-06
0.0517947467923121 0.9994074763085696 1.0518373457598916e-06
0.0625055192527397 0.9998976473752528 2.105237814426283e-07
0.07543120063354615 0.9999877376745371 2.944242700962465e-08
0.09102981779915217 0.9999990465694156 2.6376697729099218e-09
0.10985411419875583 0.999999956505817 1.3951653473891323e-10
0.13257113655901082 0.9999999989477201 3.8669906313390855e-12
0.15998587196060574 0.9999999999880185 4.8926906758809856e-14
0.19306977288832497 0.9999999999999459 2.443018349256084e-16
0.2329951810515372 1.0 0.0
0.2811768697974228 1.0 0.0
0.3393221771895326 1.0 0.0
0.4094915062380423 1.0 0.0
0.49417133613238334 1.0 0.0
0.5963623316594643 1.0 0.0
0.7196856730011514 1.0 0.0
0.868511373751352 1.0 0.0
1.0481131341546852 1.0 0.0
1.2648552168552958 1.0 0.0
1.5264179671752318 1.0 0.0
1.8420699693267144 1.0 0.0
2.2229964825261934 1.0 0.0
2.6826957952797246 1.0 0.0
3.2374575428176433 1.0 0.0
3.906939937054613 1.0 0.0
4.714866363457389 1.0 0.0
5.689866029018293 1.0 0.0
6.866488450042998 1.0 0.0
8.286427728546842 1.0 0.0
10.0 1.0 0.0
