0.001 0.08640049853854101 0.0005645167776306237
0.0012067926406393288 0.1021802049469747 0.0006648797514070267
0.0014563484775012444 0.12310924439084939 0.0007768920518219876
0.0017575106248547913 0.14725589639590822 0.0009291616988858753
0.0021209508879201904 0.17228275437242616 0.0010552090814036708
0.002559547922699536 0.20088305721788757 0.0012022314654886474
0.0030888435964774815 0.23789669699652233 0.0013709694505006126
0.003727593720314938 0.27375009211513396 0.0015440281310042823
0.004498432668969444 0.3199280347904438 0.0017113240139161464
0.005428675439323859 0.36583841960243063 0.0019173145233619088
0.006551285568595509 0.4156837946976146 0.0020683444277686163
0.0079060432109077 0.46540217154640384 0.002233589655335376
0.009540954763499945 0.526341701258136 0.0023343244651328724
0.01151395399326447 0.5802404283988364 0.0024388951178243887
0.013894954943731374 0.6334829644570931 0.00254911771647527
0.016768329368110076 0.6842375627211644 0.0025355996353122272
0.020235896477251564 0.7260957254337004 0.002561741799309591
0.02442053094548651 0.7731179443225522 0.0024998475468858902
0.029470517025518096 0.8086634343882776 0.002440034954450092
0.03556480306223128 0.8444811664978995 0.002310379495843601
0.04291934260128776 0.8679423464299001 0.0022322300500305843
0.0517947467923121 0.8919248557553243 0.0020837927309720196
0.0625055192527397 0.9105781396628545 0.001963572391856768
0.07543120063354615 0.9266203293785479 0.0018356445388954315
0.09102981779915217 0.9399512483450754 0.001663241821059829
0.10985411419875583 0.9470801577039659 0.0015946300985476402
0.13257113655901082 0.9575069845942069 0.0014559857235169954
0.15998587196060574 0.962074143231868 0.0014130700888051644
0.19306977288832497 0.9691842100830609 0.0012733162773767017
0.2329951810515372 0.9742401145486134 0.0011621482353688477
0.2811768697974228 0.9761497287035036 0.0011647538723969198
0.3393221771895326 0.9782154343708774 0.0011231085550839238
0.4094915062380423 0.9818012508361037 0.0010338955230164315
0.49417133613238334 0.9858574782897469 0.0009062027464562744
0.5963623316594643 0.9880746402499407 0.0008507912548093591
0.7196856730011514 0.9889559864355654 0.0008353314339317819
0.868511373751352 0.990959533042833 0.0007284835484983032
1.0481131341546852 0.9924988529976047 0.0006787188022461296
1.2648552168552958 0.9930093728330143 0.0006925551706018492
1.5264179671752318 0.9933101105969249 0.0006713714421510354
1.8420699693267144 0.9947206135425857 0.0006019857241389219
2.2229964825261934 0.9959594530448889 0.0005223171615705636
2.6826957952797246 0.9950740039550119 0.000604702665988008
3.2374575428176433 0.9952729538702235 0.0006100818186129941
3.906939937054613 0.9959848303762104 0.0005724391423903105
4.714866363457389 0.9967178754786385 0.0004884927215622673
5.689866029018293 0.9955698471941556 0.000618545172840372
6.866488450042998 0.9971639470912967 0.0005122854038681384
8.286427728546842 0.9972099306535714 0.0005022073029730861
10.0 0.9974669250035691 0.00048053021319067205
