0.001 0.001673710690805024 4.2648004257945093e-05
0.0012067926406393288 0.0027139515549142066 6.541742431760217e-05
0.0014563484775012444 0.0045108411171331094 0.00010184211470156844
0.0017575106248547913 0.007739659401346178 0.0001715230816667357
0.0021209508879201904 0.011778075291421037 0.000242920428583498
0.002559547922699536 0.017906647562012695 0.00033911804915892976
0.0030888435964774815 0.028252879820243573 0.0004936018045848266
0.003727593720314938 0.04147692651495346 0.000658584123310476
0.004498432668969444 0.06178218077162066 0.0008584729112776547
0.005428675439323859 0.08987774777139543 0.0011461560780289927
0.006551285568595509 0.12441226956666997 0.0014154798082943057
0.0079060432109077 0.16744935917042844 0.0016947260483529936
0.009540954763499945 0.22613790663000127 0.0020346795106537725
0.01151395399326447 0.2900179637095267 0.0023734751702845975
0.013894954943731374 0.3648284241911402 0.002733803272901529
0.016768329368110076 0.4363716665377253 0.0029575349625854696
0.020235896477251564 0.50676312151824 0.003188192395387655
0.02442053094548651 0.5852783370859832 0.003284507545346859
0.029470517025518096 0.6497320311415978 0.0033219396495065335
0.03556480306223128 0.7135459235411518 0.003238586619939674
0.04291934260128776 0.7594408863518711 0.003171360571932519
0.0517947467923121 0.80303888062493 0.0030057096739773592
0.0625055192527397 0.8387409748623242 0.002836124110076198
0.07543120063354615 0.8691216904303745 0.002640575080421309
0.09102981779915217 0.8918592429831222 0.0024501687328077988
0.10985411419875583 0.9060043613706293 0.002341385319547589
0.13257113655901082 0.9248398914893858 0.002112504783428847
0.15998587196060574 0.9345942514725075 0.002021939292492122
0.19306977288832497 0.9464532482549921 0.0018369991231777306
0.2329951810515372 0.9549356579437466 0.0016895895486321608
0.2811768697974228 0.9601606584912559 0.0016371229682848978
0.3393221771895326 0.9640389670804606 0.001582253562362557
0.4094915062380423 0.9701213346858709 0.0014515663049091878
0.49417133613238334 0.9764033328228298 0.0012764210609155485
0.5963623316594643 0.9805880446955536 0.001169902388037825
0.7196856730011514 0.9825329393317155 0.0011279758117946792
0.868511373751352 0.9849237166610332 0.0010292729935552295
1.0481131341546852 0.987860096761638 0.0009354044981810786
1.2648552168552958 0.9894622814458925 0.000886063939461319
1.5264179671752318 0.9897488278306921 0.0008721159694747531
1.8420699693267144 0.9920091179153642 0.0007723764418866925
2.2229964825261934 0.9937612410895644 0.0006734768215995475
2.6826957952797246 0.9929646522392528 0.0007361040229853463
3.2374575428176433 0.9935793583831884 0.0007105207917265298
3.906939937054613 0.994734838824927 0.0006541490142873898
4.714866363457389 0.9951626906839333 0.000598430830282486
5.689866029018293 0.9945151928507406 0.0006716933211403708
6.866488450042998 0.9967840138521142 0.0005293043285013475
8.286427728546842 0.996716310250784 0.0005201628403509127
10.0 0.9970462559389213 0.0004912275107937234
