0.001 0.014329549358749877 0.00010116736533435068
0.0012067926406393288 0.017329608466468478 0.00012233643018597846
0.0014563484775012444 0.020698231146354513 0.0001447824091062166
0.0017575106248547913 0.02520727019427487 0.0001763092585329568
0.0021209508879201904 0.029978846639671757 0.00020936572987948182
0.002559547922699536 0.03600989930936192 0.000247977276406728
0.0030888435964774815 0.04361835346638599 0.0002981911369165856
0.003727593720314938 0.051947354093884436 0.00035755375840217584
0.004498432668969444 0.062242583393119756 0.00043388969773953636
0.005428675439323859 0.07486087078570645 0.0005095495840422257
0.006551285568595509 0.08843896868561674 0.0005972442935966425
0.0079060432109077 0.10565243628529836 0.0007100523805914677
0.009540954763499945 0.12583540714822206 0.0008271457063115502
0.01151395399326447 0.14899436038853206 0.0009766388732720447
0.013894954943731374 0.17797637439731734 0.0011431393750561828
0.016768329368110076 0.2070371148467168 0.001305892324585167
0.020235896477251564 0.23956342546665924 0.0014852534033937292
0.02442053094548651 0.2755436162912904 0.001675850145745323
0.029470517025518096 0.3185352137203773 0.001885420611438782
0.03556480306223128 0.3670478093524207 0.002080965677427947
0.04291934260128776 0.41181354347024773 0.002264471379353918
0.0517947467923121 0.4665046021508426 0.002430925702373915
0.0625055192527397 0.5202482557320898 0.0025716813771011144
0.07543120063354615 0.5729599483421973 0.0027050275688984536
0.09102981779915217 0.6248597575995802 0.0027848818334640503
0.10985411419875583 0.6748461904142036 0.0027908006464557283
0.13257113655901082 0.7133233746280012 0.002770459930258444
0.15998587196060574 0.7560076047420736 0.0027379841564449904
0.19306977288832497 0.792586116499676 0.0026415818448994556
0.2329951810515372 0.8205763567129356 0.0025595187889483144
0.2811768697974228 0.8527537501799733 0.0024216724595231857
0.3393221771895326 0.8720578518533052 0.0023115677702584335
0.4094915062380423 0.8890247344174932 0.002201936688174589
0.49417133613238334 0.902924337470909 0.0021491551686300954
0.5963623316594643 0.9232904690897743 0.0019303257019786097
0.7196856730011514 0.9344413817681032 0.0018261305895293295
0.868511373751352 0.9403859065932527 0.0017624826044276294
1.0481131341546852 0.9510472271350799 0.0016170430644685389
1.2648552168552958 0.9575254954250638 0.0015099597607715193
1.5264179671752318 0.9632506481299602 0.0014360557746931901
1.8420699693267144 0.9693200781568254 0.0013196545784381767
2.2229964825261934 0.9722056301378712 0.0012659195514769842
2.6826957952797246 0.9771522794555126 0.0011642867016227621
3.2374575428176433 0.9796649807761465 0.0011243251143955354
3.906939937054613 0.980748175457941 0.0011044544662523437
4.714866363457389 0.9848804047994776 0.000962640494824617
5.689866029018293 0.9879724144057487 0.0008491067391432943
6.866488450042998 0.9867276548523872 0.0009183726373119973
8.286427728546842 0.9902070154662704 0.0008028862057207326
10.0 0.9909028252660768 0.0007898034130866676
