0.001 0.01466482570239444 0.00010196429444808599
0.0012067926406393288 0.017520031459779234 0.00012149796556011516
0.0014563484775012444 0.02128926941343534 0.00014640112204521716
0.0017575106248547913 0.025334175352355562 0.0001769170216361641
0.0021209508879201904 0.030497271161631163 0.0002119965652035104
0.002559547922699536 0.03657046580503189 0.0002553178757089567
0.0030888435964774815 0.044137053938375664 0.00030080713938052036
0.003727593720314938 0.05318234178504073 0.00035988944903376873
0.004498432668969444 0.06273920012807363 0.0004295988094522541
0.005428675439323859 0.0752496457328183 0.0005098667939182809
0.006551285568595509 0.08983020517115628 0.0006015877655705529
0.0079060432109077 0.10647414393908257 0.0007115774759510692
0.009540954763499945 0.12737761839435258 0.00083305279097926
0.01151395399326447 0.14997306116511314 0.0009716855192675059
0.013894954943731374 0.17556429758401135 0.0011284607957278408
0.016768329368110076 0.20610666110415224 0.001305083777621349
0.020235896477251564 0.2420911376349567 0.0014975989879516115
0.02442053094548651 0.282568340806834 0.0016978899594911271
0.029470517025518096 0.32336628444134075 0.0018900973560786022
0.03556480306223128 0.37055345964058417 0.002088978694146629
0.04291934260128776 0.41900657113817763 0.0022710740555528645
0.0517947467923121 0.46879547548265693 0.002434292329975872
0.0625055192527397 0.524344460737464 0.002598991521350152
0.07543120063354615 0.5748370942523844 0.002676255676209644
0.09102981779915217 0.6245164748578304 0.0027713919781435026
0.10985411419875583 0.6763871799521716 0.0027630050550086875
0.13257113655901082 0.7201753197562177 0.0027758398715307677
0.15998587196060574 0.7560801825594895 0.0027518808190729995
0.19306977288832497 0.7920948691847964 0.002668348272695106
0.2329951810515372 0.8254040362985763 0.0025433090714989557
0.2811768697974228 0.8512588728698047 0.002413041698142415
0.3393221771895326 0.8755592432114081 0.00227558826283007
0.4094915062380423 0.8936916882202258 0.002155714917762571
0.49417133613238334 0.9071327085285026 0.0020869027807894343
0.5963623316594643 0.9204979917784485 0.0019515574754761628
0.7196856730011514 0.934430937402536 0.0018066345460825714
0.868511373751352 0.9467535933055832 0.0016515263740809608
1.0481131341546852 0.9552116661178692 0.0015700102842716801
1.2648552168552958 0.9617606346614023 0.0014385690247392155
1.5264179671752318 0.9629591921213229 0.0014502683863282597
1.8420699693267144 0.9683418481637487 0.0013485961711286998
2.2229964825261934 0.9759618058973976 0.0011684504078740348
2.6826957952797246 0.9764310383792197 0.0012075580420543306
3.2374575428176433 0.979741623617136 0.0010947537761161333
3.906939937054613 0.983792412888981 0.0010026049716186877
4.714866363457389 0.9829921950091102 0.0010606275806558196
5.689866029018293 0.9867455089390849 0.0009424555354324766
6.866488450042998 0.988294839893269 0.0008588138077857113
8.286427728546842 0.9887858226161724 0.0008700486204169744
10.0 0.9916047534772293 0.0007583727305100469
