0.001 7.417436109712571e-06 1.2626948460905508e-07
0.0012067926406393288 1.2981294615735628e-05 2.1594712122070347e-07
0.0014563484775012444 2.288952076583975e-05 3.825896134938705e-07
0.0017575106248547913 3.872258467031114e-05 6.504609336591503e-07
0.0021209508879201904 6.73366519254032e-05 1.1113474834125415e-06
0.002559547922699536 0.00011732158758451041 1.909558951394724e-06
0.0030888435964774815 0.0001974179721072371 3.1894491073586937e-06
0.003727593720314938 0.0003424739274140152 5.40500980494739e-06
0.004498432668969444 0.0005988364139467037 9.655873655136186e-06
0.005428675439323859 0.0009884039973508606 1.562525780057394e-05
0.006551285568595509 0.0016315475489249297 2.588972424915118e-05
0.0079060432109077 0.0027726379232328293 4.290019999751264e-05
0.009540954763499945 0.004504965403171522 6.815624993782147e-05
0.01151395399326447 0.00724141826787221 0.00010894275813939976
0.013894954943731374 0.01167065446171387 0.00016944049041076197
0.016768329368110076 0.019062146643515823 0.00026771527100365736
0.020235896477251564 0.02908575525529322 0.0003987327760808996
0.02442053094548651 0.04332246454969013 0.0005693716093047632
0.029470517025518096 0.06423609096503032 0.0007991656140550827
0.03556480306223128 0.09090240133999676 0.0010814998227027706
0.04291934260128776 0.13158382448551903 0.0014460274911420614
0.0517947467923121 0.17427486884841045 0.0018328444417234078
0.0625055192527397 0.23373217825931852 0.0022532049075397894
0.07543120063354615 0.29316077993799383 0.002617845513428444
0.09102981779915217 0.36100045409695525 0.0029428426378128635
0.10985411419875583 0.42082955905428326 0.003234613860195755
0.13257113655901082 0.4905898223101924 0.0034156082588724735
0.15998587196060574 0.5632789648962568 0.0035275530276404534
0.19306977288832497 0.6253255690573878 0.0035290998791148226
0.2329951810515372 0.6774938432665344 0.0035123974536427093
0.2811768697974228 0.7237983696754948 0.003430957238764692
0.3393221771895326 0.7636835178413771 0.0033125316726771875
0.4094915062380423 0.7942763319181311 0.0032050392089232227
0.49417133613238334 0.8324149006311617 0.003000137923925244
0.5963623316594643 0.8581408520091552 0.0028180739388452697
0.7196856730011514 0.8783871949608433 0.002658358075596729
0.868511373751352 0.8971055762485154 0.002513859177783709
1.0481131341546852 0.9152498024472284 0.00230378189797483
1.2648552168552958 0.9196423706048489 0.0022897686980454957
1.5264179671752318 0.9340480156655493 0.002098157929832138
1.8420699693267144 0.943243095482635 0.001968012265148153
2.2229964825261934 0.9521968938232307 0.0018017826768290453
2.6826957952797246 0.9577428231659615 0.0017220798028037185
3.2374575428176433 0.964753177330934 0.0015945122413884778
3.906939937054613 0.967947159600427 0.001518384927041698
4.714866363457389 0.9724683012953171 0.0014066425368724803
5.689866029018293 0.9751990294052999 0.0013726733844445101
6.866488450042998 0.9799932313464919 0.0012341786171020613
8.286427728546842 0.9816808421105998 0.0011620332025824983
10.0 0.9841821208918576 0.0010661172413761718
