0.001 7.446798969499577e-06 1.247599882604861e-07
0.0012067926406393288 1.3343431922406452e-05 2.1968713986550766e-07
0.0014563484775012444 2.231091950531029e-05 3.688305908345243e-07
0.0017575106248547913 3.985685465716309e-05 6.50730549127617e-07
0.0021209508879201904 6.785116943471058e-05 1.1133810944730976e-06
0.002559547922699536 0.0001190817884226561 1.93686316824854e-06
0.0030888435964774815 0.00020179979506619868 3.2435715970030323e-06
0.003727593720314938 0.0003476930518900196 5.607197260457965e-06
0.004498432668969444 0.0005909173824944452 9.333095753055364e-06
0.005428675439323859 0.0010148801005675796 1.5749959580485226e-05
0.006551285568595509 0.001737264806121744 2.674736056053846e-05
0.0079060432109077 0.0027852532816374114 4.2997195664621104e-05
0.009540954763499945 0.004533028306103279 6.89816207012276e-05
0.01151395399326447 0.0074477208323644175 0.00010907921284951552
0.013894954943731374 0.012057538743680079 0.00017313976552196537
0.016768329368110076 0.01875969500559037 0.0002666752607627904
0.020235896477251564 0.029012145953225245 0.00039251002462142815
0.02442053094548651 0.04473609457532093 0.0005813654637101253
0.029470517025518096 0.06503426268223274 0.000817467925875152
0.03556480306223128 0.09327021799727381 0.001107403570330662
0.04291934260128776 0.1302185240453957 0.001456563227565971
0.0517947467923121 0.17687282464579124 0.0018648598538184462
0.0625055192527397 0.23436467776241338 0.002246047825878152
0.07543120063354615 0.2961161689098304 0.0026286652656442593
0.09102981779915217 0.3642512710993978 0.002977866905103314
0.10985411419875583 0.4294432350784805 0.0032478658675065436
0.13257113655901082 0.4962522158123536 0.00343145521307109
0.15998587196060574 0.5629796158241673 0.0035524568723354203
0.19306977288832497 0.6302760202122456 0.0035286330840083864
0.2329951810515372 0.6809082310748054 0.0035086785269403953
0.2811768697974228 0.7273282000505256 0.003411165259364318
0.3393221771895326 0.7679821654065113 0.003303182530942319
0.4094915062380423 0.8054116844784894 0.0031425341283686592
0.49417133613238334 0.8353629327944376 0.002969982518926483
0.5963623316594643 0.8562816434094682 0.002834273837911378
0.7196856730011514 0.8855677263531947 0.0025901376602899943
0.868511373751352 0.8994306068653668 0.002481239658966954
1.0481131341546852 0.9146255227933149 0.002308457894981377
1.2648552168552958 0.9272276498961197 0.0021894018460953003
1.5264179671752318 0.9314975473595191 0.002124917869803641
1.8420699693267144 0.9431081604615589 0.001963446173250024
2.2229964825261934 0.950758352363622 0.0018374674520989839
2.6826957952797246 0.9612810470403658 0.0016521168153328443
3.2374575428176433 0.9614485056230291 0.0016637165215753367
3.906939937054613 0.9725780153779 0.0014066004095105635
4.714866363457389 0.9716706847786883 0.001450181535538889
5.689866029018293 0.9745218764013939 0.0013700093645491282
6.866488450042998 0.978770314771187 0.0012548890576219766
8.286427728546842 0.9821691024293897 0.001144826043179777
10.0 0.9848080762605781 0.0010905253395459892
