0.001 0.00010248840766826386 1.5032311247091054e-06
0.0012067926406393288 0.000153137817151557 2.25698786776368e-06
0.0014563484775012444 0.0002150703639587169 3.193716813143e-06
0.0017575106248547913 0.00030231473552902466 4.491797675978965e-06
0.0021209508879201904 0.00045678546093516425 6.678972767222473e-06
0.002559547922699536 0.0006447533069089018 9.3076191375599e-06
0.0030888435964774815 0.0009444622091010582 1.385197299539293e-05
0.003727593720314938 0.0013699316798698807 2.0060448739736702e-05
0.004498432668969444 0.0019809953898624077 2.837208798862298e-05
0.005428675439323859 0.002862702412383 4.086381941092185e-05
0.006551285568595509 0.004060185637210774 5.730694480729216e-05
0.0079060432109077 0.005731884814788907 8.11007214513716e-05
0.009540954763499945 0.007962244671774863 0.00011273025314834337
0.01151395399326447 0.01134276652596733 0.0001584570430232044
0.013894954943731374 0.016323150089780976 0.00022107674426173369
0.016768329368110076 0.022846751508270657 0.000302519502787146
0.020235896477251564 0.03125567775096358 0.00041760298154276833
0.02442053094548651 0.04340773993494285 0.0005603766800133023
0.029470517025518096 0.05805235473256541 0.0007290042987208655
0.03556480306223128 0.07666844303332764 0.0009298397363124916
0.04291934260128776 0.10326491769167512 0.0012041025779071955
0.0517947467923121 0.1339359720777145 0.0015202445318762792
0.0625055192527397 0.1664034264315937 0.001816706816590919
0.07543120063354615 0.21071110631928713 0.0021528556581409783
0.09102981779915217 0.26130929008054743 0.002476557319797385
0.10985411419875583 0.31232165152326097 0.002815090460196723
0.13257113655901082 0.3668662147089154 0.0030789694023398285
0.15998587196060574 0.417814016015326 0.00330715810014073
0.19306977288832497 0.4756982788800785 0.003471681151760259
0.2329951810515372 0.5275579599648766 0.0035917390324119304
0.2811768697974228 0.5876512730858636 0.003612075627801208
0.3393221771895326 0.6292261487199483 0.0036415243702741275
0.4094915062380423 0.6719330362361617 0.00359510954022393
0.49417133613238334 0.7179717836679457 0.0035003914464296244
0.5963623316594643 0.7467288883567976 0.003422420028206154
0.7196856730011514 0.7799423573781785 0.0032975171627238654
0.868511373751352 0.8139446470888866 0.0030927843452021415
1.0481131341546852 0.8307497519330534 0.0030188648379321746
1.2648552168552958 0.857550158399927 0.0028347503816652936
1.5264179671752318 0.8722169465451838 0.002748860109478396
1.8420699693267144 0.8897484089592573 0.0025685454343834595
2.2229964825261934 0.903702389968542 0.002423540551781631
2.6826957952797246 0.9155000443778089 0.002292557375979194
3.2374575428176433 0.931597723165526 0.002041026073896172
3.906939937054613 0.9384466267579319 0.00197608891879855
4.714866363457389 0.9461919663102686 0.0018475836799496262
5.689866029018293 0.9546717094456826 0.0016851596104688793
6.866488450042998 0.960577115679795 0.0015933419267250312
8.286427728546842 0.9638223592840248 0.0015248736226295462
10.0 0.9716773908681822 0.0013316932888903946
