0.001 0.00010692365726462106 1.5622379363656214e-06
0.0012067926406393288 0.00015737402656205936 2.288348501896986e-06
0.0014563484775012444 0.0002234128525220923 3.273808645131761e-06
0.0017575106248547913 0.000318871554770206 4.661723801638317e-06
0.0021209508879201904 0.00048108939923142567 7.001601227897727e-06
0.002559547922699536 0.0006736937627853238 9.80525798310202e-06
0.0030888435964774815 0.0009847102285209135 1.4289563626161537e-05
0.003727593720314938 0.0014220670009553185 2.0688705036211422e-05
0.004498432668969444 0.0019570820950551996 2.8073455522834876e-05
0.005428675439323859 0.0028339757383580577 4.0574947407165e-05
0.006551285568595509 0.004237311048649757 5.930788849661208e-05
0.0079060432109077 0.005991708049237744 8.26899005117593e-05
0.009540954763499945 0.00832978542725617 0.00011542702095418341
0.01151395399326447 0.011848122340248438 0.00016299242662557356
0.013894954943731374 0.016898339546488787 0.00022913513455074952
0.016768329368110076 0.0228979671979803 0.0003048264596375463
0.020235896477251564 0.03168648907820087 0.0004212286206354174
0.02442053094548651 0.04367413438199878 0.000557992818095165
0.029470517025518096 0.058659262468729344 0.0007394849026365217
0.03556480306223128 0.07758068125434847 0.0009454172300884432
0.04291934260128776 0.10249422881609871 0.0012041011125969684
0.0517947467923121 0.13455056147828245 0.0015095889857345817
0.0625055192527397 0.1727563557200997 0.0018571262442321666
0.07543120063354615 0.2128866872532367 0.0021566049187212374
0.09102981779915217 0.25981824871407394 0.002488122186476224
0.10985411419875583 0.31798685798826953 0.0028349403085983693
0.13257113655901082 0.37465934359284964 0.003116704317578562
0.15998587196060574 0.42776460049674314 0.0033474596100609216
0.19306977288832497 0.48590413197178633 0.0035063612610264265
0.2329951810515372 0.5337552512518808 0.0035818552395333603
0.2811768697974228 0.5934500438723092 0.003626404123549114
0.3393221771895326 0.6355998827205627 0.0036215653514865983
0.4094915062380423 0.6844890642875958 0.003558427134427087
0.49417133613238334 0.7236049589423637 0.003461052896507922
0.5963623316594643 0.7562892278528863 0.0033671308121406085
0.7196856730011514 0.7882759424729092 0.0032386717109384126
0.868511373751352 0.8182314407931462 0.003070785517681364
1.0481131341546852 0.8391129082827523 0.0029539812140410102
1.2648552168552958 0.8557781386616367 0.002858707799602537
1.5264179671752318 0.8765364660483952 0.002695246779501675
1.8420699693267144 0.8948620302124398 0.002507555744500388
2.2229964825261934 0.9057839727073588 0.0024013829689515397
2.6826957952797246 0.9232470717661687 0.00216834962605665
3.2374575428176433 0.9317259617398564 0.002071966265897627
3.906939937054613 0.9365056926849947 0.0019933801045040746
4.714866363457389 0.9513428659523293 0.0017389771724193699
5.689866029018293 0.956271616575012 0.001684762998959722
6.866488450042998 0.9621084657151133 0.0015755428540119504
8.286427728546842 0.9671213416114435 0.0014318530191265834
10.0 0.9721827271099952 0.0013338397074800156
