0.001 0.00010127828905092869 1.502307528372902e-06
0.0012067926406393288 0.00014378670357067334 2.103949145745301e-06
0.0014563484775012444 0.00021312212137733995 3.150918465548831e-06
0.0017575106248547913 0.00030824898233143566 4.534268333769047e-06
0.0021209508879201904 0.00044799328041081267 6.5425477675647006e-06
0.002559547922699536 0.0006167846666178338 9.103079429406597e-06
0.0030888435964774815 0.000897253144463291 1.3318893511069026e-05
0.003727593720314938 0.0013483819769947818 1.970052239685706e-05
0.004498432668969444 0.0018983624893644463 2.7827105720470514e-05
0.005428675439323859 0.0027701707252747935 4.0489180662651964e-05
0.006551285568595509 0.003917234848499578 5.62588162872729e-05
0.0079060432109077 0.005487646049186562 7.867810159710269e-05
0.009540954763499945 0.007920183635839097 0.00011217690976992926
0.01151395399326447 0.01120771925005706 0.0001557428061350093
0.013894954943731374 0.01564160169252316 0.00021528675922442763
0.016768329368110076 0.022058616296170275 0.00029827912810315713
0.020235896477251564 0.0309822948360705 0.00040438848140200495
0.02442053094548651 0.04214269184147294 0.0005448989691840332
0.029470517025518096 0.0562333176572451 0.0007086692545603009
0.03556480306223128 0.07479977247588272 0.0009276918739259626
0.04291934260128776 0.09823781777562497 0.0011656839088446537
0.0517947467923121 0.12839988053322432 0.0014647075337674799
0.0625055192527397 0.1655323948926822 0.0017947796145794108
0.07543120063354615 0.20781331841698417 0.0021403582300905566
0.09102981779915217 0.2502581955484944 0.0024430034727816827
0.10985411419875583 0.3044029774635134 0.002804459095012207
0.13257113655901082 0.3619302229648828 0.0030813726518060026
0.15998587196060574 0.41198753273802413 0.0033265121566536477
0.19306977288832497 0.4704086270032262 0.003469432856064127
0.2329951810515372 0.5278209360971049 0.0035850049213649515
0.2811768697974228 0.5827035393290221 0.0036351381060409247
0.3393221771895326 0.6233986676582955 0.0036517805387311767
0.4094915062380423 0.6721950668437474 0.0035961980854529356
0.49417133613238334 0.7100267905735368 0.003524264442565131
0.5963623316594643 0.7453994420796489 0.003429172400418763
0.7196856730011514 0.7766862531448556 0.003318548873202889
0.868511373751352 0.8020545400628042 0.003187663133483335
1.0481131341546852 0.8373071265374034 0.0029848981377786315
1.2648552168552958 0.8503295694548684 0.0028999193896375756
1.5264179671752318 0.8688476160306909 0.0027399272909979385
1.8420699693267144 0.8877333930137226 0.0025903252249349757
2.2229964825261934 0.8946652049026216 0.0025317982731725324
2.6826957952797246 0.9145330851090597 0.0022873134206081334
3.2374575428176433 0.9258245985317899 0.002149623430370196
3.906939937054613 0.9365501168360024 0.002009108602335961
4.714866363457389 0.9432306825796605 0.0019020203902155
5.689866029018293 0.950624874371191 0.0017580117354577204
6.866488450042998 0.9593517138863126 0.0016009775348226135
8.286427728546842 0.9639453224736216 0.0015229722737203652
10.0 0.9705456961998788 0.0013639507183442548
