0.001 0.004555046254625765 3.889795352716541e-05
0.0012067926406393288 0.005545639032325743 4.7040179248991914e-05
0.0014563484775012444 0.006597516107469945 5.627263654117223e-05
0.0017575106248547913 0.007876431422678425 6.744465033958271e-05
0.0021209508879201904 0.009710471720050908 8.26815173835861e-05
0.002559547922699536 0.011516944583028075 9.784637069561709e-05
0.0030888435964774815 0.013937548955716974 0.00011863930102121814
0.003727593720314938 0.016743330201557573 0.0001433693690849213
0.004498432668969444 0.019813189415003495 0.00016700363693288026
0.005428675439323859 0.023945246197357002 0.00020121636734022827
0.006551285568595509 0.029440517607693284 0.00024642005796606474
0.0079060432109077 0.03532964384665487 0.00029205209844918663
0.009540954763499945 0.04180046953629362 0.0003468367243886443
0.01151395399326447 0.05017584507198994 0.00041611981257005633
0.013894954943731374 0.0604583401823525 0.0004997502765299397
0.016768329368110076 0.07106310689210356 0.0005844397080755353
0.020235896477251564 0.08447890244368152 0.0006950701584199588
0.02442053094548651 0.10119480396945284 0.0008140820731335232
0.029470517025518096 0.11875512402528603 0.0009589348487091536
0.03556480306223128 0.13980015425329753 0.0011041971337628963
0.04291934260128776 0.16460692117031375 0.0012794184785871908
0.0517947467923121 0.19404820478761312 0.0014779466428650975
0.0625055192527397 0.22706105906550614 0.0016934254425288531
0.07543120063354615 0.26038855902809555 0.0018828768946544797
0.09102981779915217 0.29768404044455776 0.002102232774659723
0.10985411419875583 0.3442971297585631 0.0023344732887413673
0.13257113655901082 0.38973205862313887 0.0025433899594743893
0.15998587196060574 0.43251756833233285 0.002734487430798316
0.19306977288832497 0.48189250921311566 0.0028894415610830225
0.2329951810515372 0.5243482816231144 0.0029816898003538995
0.2811768697974228 0.5777117390121964 0.003067228723462738
0.3393221771895326 0.6175831523072053 0.0031126542357909123
0.4094915062380423 0.6648200494682237 0.003112906256082601
0.49417133613238334 0.7030783946071238 0.0030668393689475704
0.5963623316594643 0.737275255147564 0.0030268588310426703
0.7196856730011514 0.7704453474218703 0.0029364003074420497
0.868511373751352 0.8013223473723796 0.0028108844758807146
1.0481131341546852 0.8238259728559569 0.0027251761027409617
1.2648552168552958 0.843185535234121 0.0026511412604646985
1.5264179671752318 0.8650010847663352 0.0025148850883882417
1.8420699693267144 0.8845310490179581 0.002350450399407521
2.2229964825261934 0.8968204129320184 0.002262383056710421
2.6826957952797246 0.9147433557483636 0.002053845463121243
3.2374575428176433 0.9246110994657938 0.001969871934600781
3.906939937054613 0.9300591405014181 0.0018975018667506264
4.714866363457389 0.9451263533791573 0.0016758935871269537
5.689866029018293 0.9511578604164374 0.0016207111876303795
6.866488450042998 0.9579754034906826 0.0015116291777379
8.286427728546842 0.9631759207258834 0.0013893611760025753
10.0 0.968594835895857 0.0013008211087817772
