0.001 0.004654479003692249 3.933872663449294e-05
0.0012067926406393288 0.00561231333165221 4.7168864200683745e-05
0.0014563484775012444 0.006622450642198495 5.6586975243027106e-05
0.0017575106248547913 0.0081504313291601 6.791554133358086e-05
0.0021209508879201904 0.009735101735355358 8.286772366485093e-05
0.002559547922699536 0.01171608900033146 9.832459205917048e-05
0.0030888435964774815 0.014364492266009958 0.0001209805195790978
0.003727593720314938 0.01697244823923589 0.0001433663266632039
0.004498432668969444 0.020414682150891532 0.00017203973597479497
0.005428675439323859 0.02473145031435613 0.00020632530678909826
0.006551285568595509 0.029711828883924995 0.0002500043213209048
0.0079060432109077 0.03567643157332029 0.0002959412400318435
0.009540954763499945 0.04260377730575869 0.0003508613063039494
0.01151395399326447 0.05086067789526109 0.00042017146141144773
0.013894954943731374 0.06087756159378036 0.0004948100683752286
0.016768329368110076 0.07355843055538074 0.0006045698360839636
0.020235896477251564 0.08689501157898229 0.0006921846921153802
0.02442053094548651 0.10530489648128608 0.0008246566423025151
0.029470517025518096 0.11995121275180574 0.0009535579184993073
0.03556480306223128 0.14252823496756536 0.0011121137479677063
0.04291934260128776 0.16733332799741743 0.0012869034125115933
0.0517947467923121 0.19942890954607165 0.0015024508190494168
0.0625055192527397 0.22966448387669425 0.0016849233244562198
0.07543120063354615 0.26699115710709675 0.0019034242958472988
0.09102981779915217 0.30662116276484697 0.0021250237780437256
0.10985411419875583 0.34695304273686567 0.0023272360993054257
0.13257113655901082 0.3943757463568669 0.002518519996750982
0.15998587196060574 0.4396474122374324 0.002713209486651988
0.19306977288832497 0.48660120946362667 0.0028621472725646117
0.2329951810515372 0.5357109101186944 0.002978745841079607
0.2811768697974228 0.5811291122073254 0.003067331223848291
0.3393221771895326 0.6247670544563663 0.0030695298898984653
0.4094915062380423 0.6640100638118677 0.0031149447628332667
0.49417133613238334 0.7076376467974175 0.0030598706927579245
0.5963623316594643 0.7444959361885202 0.002984620084799663
0.7196856730011514 0.7761291489623744 0.0029018958722548493
0.868511373751352 0.8038196988053876 0.0027839699884804766
1.0481131341546852 0.8263981845107097 0.0027176834491231595
1.2648552168552958 0.8513839978614746 0.002555370411906616
1.5264179671752318 0.8674050749254307 0.0024676113803332087
1.8420699693267144 0.8862710383983234 0.0023328980826476517
2.2229964825261934 0.8977168511844631 0.0022410939165995723
2.6826957952797246 0.915743353748077 0.0020311714794961086
3.2374575428176433 0.9283399320530964 0.001921772759582705
3.906939937054613 0.9370391086927424 0.0018090364160219133
4.714866363457389 0.9449597126299474 0.0016954935347071182
5.689866029018293 0.9529825669131442 0.0015602484132441264
6.866488450042998 0.9591599642988645 0.001472115282551081
8.286427728546842 0.9660930292690462 0.0013289260049006199
10.0 0.9710497017310877 0.001240553795370073
