0.001 0.00469288296065843 3.958363140360386e-05
0.0012067926406393288 0.0057221137966730435 4.862210186156082e-05
0.0014563484775012444 0.006879017999492314 5.718399506589574e-05
0.0017575106248547913 0.008137016105357407 6.873506718119863e-05
0.0021209508879201904 0.01004856046912113 8.381419940558637e-05
0.002559547922699536 0.012052912815991672 9.986545501831428e-05
0.0030888435964774815 0.0145341706566254 0.00012135117165050899
0.003727593720314938 0.01715080655562045 0.00014368787333689494
0.004498432668969444 0.02096612929459787 0.0001740146077752748
0.005428675439323859 0.02563979028525883 0.00021254018218265462
0.006551285568595509 0.030114326326458267 0.00024954655558545233
0.0079060432109077 0.036499157804491485 0.00030164991368624914
0.009540954763499945 0.043145574986481076 0.0003557614003309289
0.01151395399326447 0.05178188506477985 0.0004239231448889941
0.013894954943731374 0.0630843759319465 0.0005087900327811329
0.016768329368110076 0.07428439498572488 0.0006039512380640665
0.020235896477251564 0.08834143537152461 0.0007044890294834561
0.02442053094548651 0.10339252948281062 0.0008252356752996584
0.029470517025518096 0.1252892878524557 0.0009860456247234477
0.03556480306223128 0.1455836594371475 0.0011297502692581229
0.04291934260128776 0.1744815144852855 0.00131321436766657
0.0517947467923121 0.19865921367879974 0.0014986375677432495
0.0625055192527397 0.23471957764890772 0.001719480387784466
0.07543120063354615 0.27278081022574496 0.0019052667184345801
0.09102981779915217 0.3128899073822342 0.00213642533259501
0.10985411419875583 0.3568460340057375 0.0023503969140361573
0.13257113655901082 0.39794266118957733 0.0025435618195597154
0.15998587196060574 0.4450700296469852 0.0027148867487211243
0.19306977288832497 0.4932208648216585 0.0028845077178528246
0.2329951810515372 0.5432201281004573 0.0029728497583250656
0.2811768697974228 0.5881061446366286 0.0030663854609474595
0.3393221771895326 0.6369011501562438 0.0030702444834204323
0.4094915062380423 0.6734658908955083 0.003088490943193196
0.49417133613238334 0.714744897316617 0.0030405665429880328
0.5963623316594643 0.750716569243738 0.0029718975094263733
0.7196856730011514 0.7814542153926685 0.002877854769990767
0.868511373751352 0.8058308627560131 0.00280988225985229
1.0481131341546852 0.8317501444935693 0.0026809694165920656
1.2648552168552958 0.854779343422169 0.00253778046758974
1.5264179671752318 0.8724699932147423 0.0024167380855388996
1.8420699693267144 0.8953840318863893 0.002219981018418601
2.2229964825261934 0.9039544806558264 0.002158972389345135
2.6826957952797246 0.9193237355357429 0.0020187393421533225
3.2374575428176433 0.9295452936223965 0.0018965958572600993
3.906939937054613 0.9397016597946686 0.0017549115240680134
4.714866363457389 0.9486716394488707 0.001625121561641784
5.689866029018293 0.9541572941002072 0.0015603079298652568
6.866488450042998 0.9619247854680252 0.001423362809617749
8.286427728546842 0.9652691047947237 0.0013602149925723965
10.0 0.9732067251448876 0.001214752300950015
