0.001 0.004446225575941617 3.8232930377654796e-05
0.0012067926406393288 0.0054354251843238095 4.6811016254729316e-05
0.0014563484775012444 0.0064558506903650385 5.540671781825456e-05
0.0017575106248547913 0.007644499256778646 6.594137916968512e-05
0.0021209508879201904 0.00944124067876845 8.077790302699261e-05
0.002559547922699536 0.011285865466001443 9.544393340436879e-05
0.0030888435964774815 0.013573996783379255 0.0001170349317984995
0.003727593720314938 0.016403045888737405 0.00014101035627662325
0.004498432668969444 0.01986491424720305 0.0001688771897145327
0.005428675439323859 0.023971138072475782 0.00020340307378796004
0.006551285568595509 0.028728257931616413 0.00024206762161669467
0.0079060432109077 0.03425691241269871 0.0002890981365716171
0.009540954763499945 0.0405463937252772 0.00034268758537577785
0.01151395399326447 0.04870983346933322 0.0004112803586676726
0.013894954943731374 0.05941746650920029 0.0004901377686072555
0.016768329368110076 0.07121520925480179 0.0005805572458324326
0.020235896477251564 0.08377817324420266 0.0006913569707987351
0.02442053094548651 0.10033226541176961 0.000819076314913987
0.029470517025518096 0.11825952578184223 0.000950453033797249
0.03556480306223128 0.13904201932961865 0.0010935855433816164
0.04291934260128776 0.1654200710394214 0.0012813056401780104
0.0517947467923121 0.19265364562122592 0.0014904039490659042
0.0625055192527397 0.22074394726107857 0.0016760623531681888
0.07543120063354615 0.2578330170233945 0.0018878129844675038
0.09102981779915217 0.29986256331951006 0.0020842751206163195
0.10985411419875583 0.3394610815227134 0.002322997121724844
0.13257113655901082 0.3830938036655322 0.002518583650325884
0.15998587196060574 0.424690228004904 0.0027048422458949765
0.19306977288832497 0.4732929629953724 0.002859870003679847
0.2329951810515372 0.5183793939983836 0.0029979387562086455
0.2811768697974228 0.5726324092199236 0.0030547422902841934
0.3393221771895326 0.6114790473725503 0.003127653488913756
0.4094915062380423 0.6536896350109735 0.0031300637418218303
0.49417133613238334 0.6986801055776235 0.0030990190911934475
0.5963623316594643 0.7282297025054922 0.0030581540558045073
0.7196856730011514 0.762353825959086 0.0029830190957722746
0.868511373751352 0.7973440012590051 0.0028310108087249886
1.0481131341546852 0.8159357952443171 0.0027778420668770625
1.2648552168552958 0.8440211677978087 0.0026373561189233386
1.5264179671752318 0.8606170336144191 0.0025599933447676857
1.8420699693267144 0.8792101551541404 0.0024022309730262277
2.2229964825261934 0.8948873391041825 0.0022814146649218236
2.6826957952797246 0.9079051459494604 0.002166707344812879
3.2374575428176433 0.9240265574436245 0.0019394447463717934
3.906939937054613 0.9324737313351737 0.0018738137562272516
4.714866363457389 0.9407409758062271 0.0017589585779132194
5.689866029018293 0.949467354610785 0.0016168477257655664
6.866488450042998 0.9563109410718466 0.0015330642614249232
8.286427728546842 0.9595483457114118 0.0014729254343146718
10.0 0.9678245412476685 0.0013036521238408386
