0.001 0.004405091823953855 3.817830539685799e-05
0.0012067926406393288 0.005282867345488082 4.515726624867148e-05
0.0014563484775012444 0.0063936576932641445 5.553349630236216e-05
0.0017575106248547913 0.007729199304828185 6.647379388549728e-05
0.0021209508879201904 0.009363819310960262 7.981910136424731e-05
0.002559547922699536 0.010915469845205875 9.477261977352874e-05
0.0030888435964774815 0.013199080367520818 0.00011438312189400767
0.003727593720314938 0.01626522422460239 0.00013995493489607562
0.004498432668969444 0.019362926030267118 0.00016624551421086787
0.005428675439323859 0.023407396287624966 0.00020209488984413153
0.006551285568595509 0.028123630271467016 0.00023877945557241077
0.0079060432109077 0.0334251923780112 0.0002837127606396874
0.009540954763499945 0.040360484730612524 0.00034266973870283044
0.01151395399326447 0.048504224702478345 0.0004074342593271614
0.013894954943731374 0.05780470843414123 0.0004834441249686449
0.016768329368110076 0.0691268607632223 0.0005803955625563309
0.020235896477251564 0.08364455190100807 0.0006833072465324765
0.02442053094548651 0.09857530399301473 0.0008080468717213557
0.029470517025518096 0.11622877666389643 0.0009338769213500302
0.03556480306223128 0.13612004013407478 0.0010957093414265637
0.04291934260128776 0.1604339973915371 0.0012531636956271397
0.0517947467923121 0.1878822112805504 0.0014541747193504838
0.0625055192527397 0.2202205559730383 0.0016634558933735035
0.07543120063354615 0.2553697319105831 0.0018799707158730803
0.09102981779915217 0.2898591226446294 0.0020735425041863618
0.10985411419875583 0.33281647904290457 0.002318680002201634
0.13257113655901082 0.3792029624879987 0.0025209276428788813
0.15998587196060574 0.41960422526181246 0.0027296711674628282
0.19306977288832497 0.46913074543112315 0.0028565766078992305
0.2329951810515372 0.5185594531074387 0.0029829136451154487
0.2811768697974228 0.5679316244741504 0.0030648480075668883
0.3393221771895326 0.6066165935042516 0.003132002175150769
0.4094915062380423 0.654027332230974 0.003140269171565287
0.49417133613238334 0.6910443976493047 0.0031166740370379455
0.5963623316594643 0.7262459205402393 0.0030665832770784855
0.7196856730011514 0.7593091296288339 0.0030012633203795893
0.868511373751352 0.7861964352182819 0.002910460466985753
1.0481131341546852 0.8217661462418678 0.0027491145456535193
1.2648552168552958 0.8369451839990428 0.002687460689679547
1.5264179671752318 0.8570991453466855 0.0025497013885119307
1.8420699693267144 0.877167179606987 0.0024264014599728505
2.2229964825261934 0.8857858856523603 0.002377170279317754
2.6826957952797246 0.9071693135822588 0.0021567157792758453
3.2374575428176433 0.9181747257206622 0.0020402078602594804
3.906939937054613 0.9301734322615123 0.0019112663008557793
4.714866363457389 0.937836528341406 0.0018046252007901406
5.689866029018293 0.9451055736885983 0.001691828306592692
6.866488450042998 0.9548993757695787 0.001539441042012222
8.286427728546842 0.9599535358460729 0.0014683713896684704
10.0 0.9665812084531941 0.001332749092230726
