0.001 3.369995715253529e-07 7.022269008915387e-09
0.0012067926406393288 6.128795618121353e-07 1.2680952675772968e-08
0.0014563484775012444 1.0146736024194452e-06 2.1470455083925794e-08
0.0017575106248547913 1.9028256967462503e-06 3.892207319688884e-08
0.0021209508879201904 3.3111844511619817e-06 6.845870069404959e-08
0.002559547922699536 5.795806327153867e-06 1.2033574919579451e-07
0.0030888435964774815 9.665832902479459e-06 1.9694493754823864e-07
0.003727593720314938 1.6712581403461445e-05 3.442395036306861e-07
0.004498432668969444 3.0002347907077576e-05 6.023208954279628e-07
0.005428675439323859 5.209017447119755e-05 1.0581763244407654e-06
0.006551285568595509 9.057618810179433e-05 1.8288407775088393e-06
0.0079060432109077 0.00015366515531659207 3.0924666336945573e-06
0.009540954763499945 0.00026705503982340557 5.247246868164748e-06
0.01151395399326447 0.00046161920169800565 9.068740059712566e-06
0.013894954943731374 0.0007362416395805143 1.440736498842374e-05
0.016768329368110076 0.0012356171763453815 2.4410406408864497e-05
0.020235896477251564 0.002085662697670707 3.9381707872470006e-05
0.02442053094548651 0.003421911272493759 6.322803860203544e-05
0.029470517025518096 0.005683038338058856 0.00010331322745416814
0.03556480306223128 0.009240672136501652 0.0001648187014671826
0.04291934260128776 0.014060726246948952 0.00024274279566456066
0.0517947467923121 0.021490660632961015 0.00036171386301147765
0.0625055192527397 0.03372970690257906 0.0005373619019770135
0.07543120063354615 0.0496927285174018 0.0007458170164857792
0.09102981779915217 0.06969676577802708 0.0010220639488082686
0.10985411419875583 0.1000479322649149 0.001374202085270765
0.13257113655901082 0.13828938650695446 0.0017649128560282461
0.15998587196060574 0.1775745050975004 0.0021091486771225936
0.19306977288832497 0.22906311660555698 0.0025118764084659344
0.2329951810515372 0.2829924751791088 0.002901361443902449
0.2811768697974228 0.3385869579995936 0.0031961289643333024
0.3393221771895326 0.4089330824578826 0.00345239496027626
0.4094915062380423 0.46199208513522527 0.0036690445514498083
0.49417133613238334 0.5187121283525652 0.0037746235350113746
0.5963623316594643 0.5754198324358816 0.003776654381453922
0.7196856730011514 0.6221064542136914 0.003815601733817866
0.868511373751352 0.6656698132315584 0.0037555991835119666
1.0481131341546852 0.7026154724846793 0.003688445587187627
1.2648552168552958 0.7373363470816066 0.003601033989952534
1.5264179671752318 0.778255908716123 0.0034208394652293778
1.8420699693267144 0.8015351146793365 0.003308723221860054
2.2229964825261934 0.8292703746828131 0.0031344528808412335
2.6826957952797246 0.8519152710543935 0.002973949747426428
3.2374575428176433 0.8684661526481184 0.002825251515711538
3.906939937054613 0.8919011743135535 0.0026240247994205245
4.714866363457389 0.902701565594705 0.0024849885811578203
5.689866029018293 0.9170023150662969 0.0023292443642775372
6.866488450042998 0.9262305285919774 0.002208819691232892
8.286427728546842 0.9405906840998767 0.0019658877886017554
10.0 0.9457350720538565 0.0019109990744520374
