0.001 3.743205297338024e-07 7.65297889587257e-09
0.0012067926406393288 6.688138762614218e-07 1.36153889450653e-08
0.0014563484775012444 1.1751552907243997e-06 2.397990522325276e-08
0.0017575106248547913 2.0178028986680643e-06 4.077416199166027e-08
0.0021209508879201904 3.505716797146699e-06 7.116312722286225e-08
0.002559547922699536 6.412260469718273e-06 1.2947683873360196e-07
0.0030888435964774815 1.0935115404093257e-05 2.1673130279332886e-07
0.003727593720314938 1.8866585081591627e-05 3.815890410163513e-07
0.004498432668969444 3.319075308910251e-05 6.657382428075602e-07
0.005428675439323859 5.681101030352207e-05 1.1394335356305979e-06
0.006551285568595509 9.779804139678188e-05 1.9377877793616654e-06
0.0079060432109077 0.00016944621574335592 3.3616170807186137e-06
0.009540954763499945 0.0002958508725782543 5.6958528672312444e-06
0.01151395399326447 0.00048464567227167124 9.345884251766926e-06
0.013894954943731374 0.0008343284732606651 1.5809104263277693e-05
0.016768329368110076 0.0013561748902340743 2.5313970114936238e-05
0.020235896477251564 0.0022063659758584917 4.122112212697602e-05
0.02442053094548651 0.0037277915691939162 6.832625344998776e-05
0.029470517025518096 0.006163574177251236 0.00010865007276880868
0.03556480306223128 0.010030314719959795 0.00017302779102163168
0.04291934260128776 0.015787927498870737 0.00026397333112965096
0.0517947467923121 0.0236634516122505 0.00038551747351875577
0.0625055192527397 0.03682083662367997 0.0005692893260750055
0.07543120063354615 0.05300964157067972 0.0007976862455167165
0.09102981779915217 0.07639592329615584 0.0010671253981051742
0.10985411419875583 0.10624681865310696 0.0014130048818475596
0.13257113655901082 0.14242265434361304 0.001784906459003942
0.15998587196060574 0.18821108614058 0.0021691845889022145
0.19306977288832497 0.23601525708558307 0.002565604523759438
0.2329951810515372 0.3009119385058762 0.0029937418589470383
0.2811768697974228 0.3540107398955196 0.0032445257635602544
0.3393221771895326 0.41930915388000095 0.0035101509659664514
0.4094915062380423 0.4779089606798539 0.003649488254379218
0.49417133613238334 0.5420635234034754 0.0037305303242260706
0.5963623316594643 0.5921634330927561 0.0037855398180838356
0.7196856730011514 0.6383363738598545 0.003752285935635749
0.868511373751352 0.6821030777670251 0.0036936270828332235
1.0481131341546852 0.7187688599725186 0.003619524539365248
1.2648552168552958 0.7641529201099238 0.0034507092488818836
1.5264179671752318 0.7837910834553462 0.0033778369042818646
1.8420699693267144 0.8173154821998189 0.003177139397814055
2.2229964825261934 0.8454660403545542 0.0029726261376788717
2.6826957952797246 0.8629351618517114 0.0028602563375266627
3.2374575428176433 0.8847705088223785 0.002663446036561518
3.906939937054613 0.8920593923667455 0.0025972564416417827
4.714866363457389 0.9099591562856006 0.002417440272437735
5.689866029018293 0.9276630009566592 0.0021686376229902004
6.866488450042998 0.9353476388220268 0.0020604129561626015
8.286427728546842 0.9456198715078046 0.001909651436471382
10.0 0.9504276592840862 0.001819040963192195
