0.001 3.806212720454172e-07 7.651883854791688e-09
0.0012067926406393288 6.623586344643519e-07 1.3342343058723562e-08
0.0014563484775012444 1.1296270058931075e-06 2.3135141096504764e-08
0.0017575106248547913 1.9658633111394374e-06 4.036116225553665e-08
0.0021209508879201904 3.5689532597487043e-06 7.308254586821266e-08
0.002559547922699536 5.878170315762637e-06 1.205764826743674e-07
0.0030888435964774815 1.0316547941792465e-05 2.0573885002695566e-07
0.003727593720314938 1.777262981427653e-05 3.6054809555005854e-07
0.004498432668969444 3.155221571647133e-05 6.416975875717689e-07
0.005428675439323859 5.49561567371788e-05 1.0906693340353064e-06
0.006551285568595509 9.196160598159032e-05 1.8427615249133033e-06
0.0079060432109077 0.00016153696086166217 3.22708469114967e-06
0.009540954763499945 0.0002658315850482009 5.337158759122008e-06
0.01151395399326447 0.0004621676402896109 8.828507187445953e-06
0.013894954943731374 0.0007738839891059412 1.4888955219786474e-05
0.016768329368110076 0.0013389605069150444 2.5614188998399155e-05
0.020235896477251564 0.002218084696184936 4.196424200420838e-05
0.02442053094548651 0.0036795302174837652 6.756243806583708e-05
0.029470517025518096 0.005805851921390648 0.00010451546989264786
0.03556480306223128 0.00990753164693903 0.0001725686752706598
0.04291934260128776 0.015221152993437813 0.00026011675347854243
0.0517947467923121 0.022767378552326523 0.00037653974058342527
0.0625055192527397 0.03422698752990321 0.0005444847009959485
0.07543120063354615 0.05058923832761901 0.000767699748681585
0.09102981779915217 0.0735774348503897 0.0010538529281353334
0.10985411419875583 0.10188581238574052 0.0013881059212978394
0.13257113655901082 0.13785390395967 0.001753223155079739
0.15998587196060574 0.17788007645329737 0.002141357316218151
0.19306977288832497 0.24026674719061275 0.002595514448963357
0.2329951810515372 0.29274081660680995 0.002935895594354204
0.2811768697974228 0.34856061528679333 0.003232737806376412
0.3393221771895326 0.40650379450057017 0.003473924660341257
0.4094915062380423 0.46828697002564457 0.003642523622723054
0.49417133613238334 0.524769166250039 0.0037715709735185034
0.5963623316594643 0.5810980370986427 0.0037903994756508645
0.7196856730011514 0.6303445864742551 0.003770080897778005
0.868511373751352 0.6736365342405436 0.003724220950482558
1.0481131341546852 0.7136078146758993 0.0036442381095647338
1.2648552168552958 0.7490988984017808 0.0035174610826020193
1.5264179671752318 0.7817549140517811 0.003392487718903682
1.8420699693267144 0.8142376376832541 0.003227225437811642
2.2229964825261934 0.8412548886822687 0.0030332471467544742
2.6826957952797246 0.8588716705668923 0.002884639403738942
3.2374575428176433 0.8759643745966438 0.002772516532414759
3.906939937054613 0.8916392981738056 0.0026062232362711124
4.714866363457389 0.9069702129702125 0.002442638807736313
5.689866029018293 0.9230757419361307 0.0022403532367159576
6.866488450042998 0.9311085318952282 0.0021341905972170738
8.286427728546842 0.9398011520743267 0.0020128205882226848
10.0 0.946542355800115 0.001893794795079343
