0.001 0.05777604287354417 2.3755717599229955e-05
0.0012067926406393288 0.07988665940851458 3.317140057346039e-05
0.0014563484775012444 0.10932198564176732 4.0999341931562815e-05
0.0017575106248547913 0.14778455875354576 5.4066762060766216e-05
0.0021209508879201904 0.19695357191180785 6.896518611294099e-05
0.002559547922699536 0.2580481747730295 8.113287919520683e-05
0.0030888435964774815 0.3319021156282043 9.648933945471404e-05
0.003727593720314938 0.4176653093410904 0.00011086870032288358
0.004498432668969444 0.5125397830559745 0.00011707627062385301
0.005428675439323859 0.6127039688590962 0.00011992069510099264
0.006551285568595509 0.7106189377607885 0.00011309785910488443
0.0079060432109077 0.8000582443208122 9.817275821593998e-05
0.009540954763499945 0.8740612429819408 7.482736336988818e-05
0.01151395399326447 0.9292864200231906 5.2190960208992437e-05
0.013894954943731374 0.9653533815105398 3.113098521663517e-05
0.016768329368110076 0.9855686813713308 1.5425338447127497e-05
0.020235896477251564 0.9950513162327997 6.3270299936325096e-06
0.02442053094548651 0.9986556207423007 2.037608539562487e-06
0.029470517025518096 0.9997247455857052 5.032538939005239e-07
0.03556480306223128 0.9999590148202339 8.519902988557972e-08
0.04291934260128776 0.9999959415998526 9.959102988989782e-09
0.0517947467923121 0.9999997501597685 7.122964163505021e-10
0.0625055192527397 0.9999999912745672 2.7941753403361562e-11
0.07543120063354615 0.9999999998490259 5.543300453392727e-13
0.09102981779915217 0.9999999999988594 4.7041465926153645e-15
0.10985411419875583 0.9999999999999971 1.4298189884341404e-17
0.13257113655901082 1.0 9.425786940649384e-19
0.15998587196060574 1.0 2.156006234688298e-18
0.19306977288832497 1.0 9.984602991471686e-19
0.2329951810515372 1.0 4.512479597296521e-19
0.2811768697974228 1.0 0.0
0.3393221771895326 1.0 0.0
0.4094915062380423 1.0 0.0
0.49417133613238334 1.0 0.0
0.5963623316594643 1.0 0.0
0.7196856730011514 1.0 0.0
0.868511373751352 1.0 0.0
1.0481131341546852 1.0 0.0
1.2648552168552958 1.0 0.0
1.5264179671752318 1.0 0.0
1.8420699693267144 1.0 0.0
2.2229964825261934 1.0 0.0
2.6826957952797246 1.0 0.0
3.2374575428176433 1.0 0.0
3.906939937054613 1.0 0.0
4.714866363457389 1.0 0.0
5.689866029018293 1.0 0.0
6.866488450042998 1.0 0.0
8.286427728546842 1.0 0.0
10.0 1.0 0.0
