0.001 0.1347599500595377 3.0370623003933638e-05
0.0012067926406393288 0.16030137692918767 3.555967351034286e-05
0.0014563484775012444 0.19018327127313592 4.2362814744731003e-05
0.0017575106248547913 0.22465270316546476 4.815882541558979e-05
0.0021209508879201904 0.26438282631315346 5.6147264907500426e-05
0.002559547922699536 0.3097813526589907 6.45355746799794e-05
0.0030888435964774815 0.360688024206024 7.130725089002929e-05
0.003727593720314938 0.4171869179929424 7.6983883383431e-05
0.004498432668969444 0.4786427950770516 8.266310493292623e-05
0.005428675439323859 0.544355389453548 8.803525411106119e-05
0.006551285568595509 0.6127264056440921 9.002698342535899e-05
0.0079060432109077 0.681739315426055 8.869659946667432e-05
0.009540954763499945 0.7488084971096458 8.522498587733047e-05
0.01151395399326447 0.8111082624187976 7.689045030256344e-05
0.013894954943731374 0.8661563251603364 6.390940395013917e-05
0.016768329368110076 0.9116105055817921 5.0963493304411215e-05
0.020235896477251564 0.9465295137671274 3.702051879888349e-05
0.02442053094548651 0.9707850610625315 2.411641599356361e-05
0.029470517025518096 0.9859005545870123 1.36577225245446e-05
0.03556480306223128 0.9941534714742968 6.750644176023619e-06
0.04291934260128776 0.9979772035645094 2.746141512626942e-06
0.0517947467923121 0.9994384356579658 9.08197778535464e-07
0.0625055192527397 0.9998799627796136 2.262066599689339e-07
0.07543120063354615 0.9999814359921322 4.141809446013165e-08
0.09102981779915217 0.9999980267797564 5.033202704484661e-09
0.10985411419875583 0.999999868474572 3.8539959296237145e-10
0.13257113655901082 0.999999994995959 1.690850793307553e-11
0.15998587196060574 0.9999999999025804 3.7254788276075254e-13
0.19306977288832497 0.9999999999991515 3.584380637682034e-15
0.2329951810515372 0.9999999999999971 1.2659176551610147e-17
0.2811768697974228 1.0 0.0
0.3393221771895326 1.0 0.0
0.4094915062380423 1.0 0.0
0.49417133613238334 1.0 0.0
0.5963623316594643 1.0 0.0
0.7196856730011514 1.0 0.0
0.868511373751352 1.0 0.0
1.0481131341546852 1.0 0.0
1.2648552168552958 1.0 0.0
1.5264179671752318 1.0 0.0
1.8420699693267144 1.0 0.0
2.2229964825261934 1.0 0.0
2.6826957952797246 1.0 0.0
3.2374575428176433 1.0 0.0
3.906939937054613 1.0 0.0
4.714866363457389 1.0 0.0
5.689866029018293 1.0 0.0
6.866488450042998 1.0 0.0
8.286427728546842 1.0 0.0
10.0 1.0 0.0
