0.001 0.159371447858142 3.0336789173776562e-05
0.0012067926406393288 0.18899883757062813 3.5277682564466266e-05
0.0014563484775012444 0.22343094312053619 4.075876243426744e-05
0.0017575106248547913 0.2628910831796859 4.610296545824681e-05
0.0021209508879201904 0.3080400266767675 5.2573669176062286e-05
0.002559547922699536 0.35876776258843485 5.899759523861168e-05
0.0030888435964774815 0.41487737354691856 6.377600711589566e-05
0.003727593720314938 0.47641674623577357 6.938132705607937e-05
0.004498432668969444 0.5419242543265209 7.22581783609896e-05
0.005428675439323859 0.6100977668186719 7.405630023664317e-05
0.006551285568595509 0.6793114890684973 7.399841194255254e-05
0.0079060432109077 0.7464609015566718 7.073784096017996e-05
0.009540954763499945 0.8089936271755676 6.35870591426289e-05
0.01151395399326447 0.8644587521385658 5.4741261984446097e-05
0.013894954943731374 0.9102329714434422 4.288586776839235e-05
0.016768329368110076 0.9454587128624422 3.1401404810039744e-05
0.020235896477251564 0.970108801248518 2.0439865122194228e-05
0.02442053094548651 0.9855423149315802 1.1955013909974001e-05
0.029470517025518096 0.9939756744670829 5.921430399563045e-06
0.03556480306223128 0.997903892729054 2.4607338309210354e-06
0.04291934260128776 0.9994135246416352 8.135295359841507e-07
0.0517947467923121 0.9998736493684605 2.0582321562670326e-07
0.0625055192527397 0.9999801833284726 3.7640809019041414e-08
0.07543120063354615 0.9999978665014242 4.628018272297585e-09
0.09102981779915217 0.9999998559838943 3.632725757269884e-10
0.10985411419875583 0.9999999944284933 1.6339502723740965e-11
0.13257113655901082 0.9999999998896721 3.716896652453695e-13
0.15998587196060574 0.9999999999990193 3.69820908290017e-15
0.19306977288832497 0.9999999999999969 1.3843025375227395e-17
0.2329951810515372 1.0 0.0
0.2811768697974228 1.0 0.0
0.3393221771895326 1.0 0.0
0.4094915062380423 1.0 0.0
0.49417133613238334 1.0 0.0
0.5963623316594643 1.0 0.0
0.7196856730011514 1.0 0.0
0.868511373751352 1.0 0.0
1.0481131341546852 1.0 0.0
1.2648552168552958 1.0 0.0
1.5264179671752318 1.0 0.0
1.8420699693267144 1.0 0.0
2.2229964825261934 1.0 0.0
2.6826957952797246 1.0 0.0
3.2374575428176433 1.0 0.0
3.906939937054613 1.0 0.0
4.714866363457389 1.0 0.0
5.689866029018293 1.0 0.0
6.866488450042998 1.0 0.0
8.286427728546842 1.0 0.0
10.0 1.0 0.0
