0.001 0.0031191751961796134 2.0962028748172877e-06
0.0012067926406393288 0.005230048509011335 3.6841362647235566e-06
0.0014563484775012444 0.008683530314972437 5.396641436185343e-06
0.0017575106248547913 0.014253966008037583 8.917668419375469e-06
0.0021209508879201904 0.023083953901007297 1.4215767259486871e-05
0.002559547922699536 0.03676274133281371 2.0600799366993713e-05
0.0030888435964774815 0.05753705265536155 3.098396911279764e-05
0.003727593720314938 0.08812217921988875 4.551591774380804e-05
0.004498432668969444 0.13147213456029 6.208199063085456e-05
0.005428675439323859 0.19095825388672838 8.328290487472366e-05
0.006551285568595509 0.2678154145385335 0.00010591420283167914
0.0079060432109077 0.3625722592961656 0.0001257406850038812
0.009540954763499945 0.4712545138728477 0.00013611961074407814
0.01151395399326447 0.5875646165288853 0.00013962516311476577
0.013894954943731374 0.701274045188775 0.0001289957611825668
0.016768329368110076 0.8019292654901785 0.000105296307246347
0.020235896477251564 0.88174206529269 7.769155462607404e-05
0.02442053094548651 0.937596338984142 4.968130145674625e-05
0.029470517025518096 0.9715864801214211 2.7886769070750088e-05
0.03556480306223128 0.9890106534613248 1.254613356782569e-05
0.04291934260128776 0.9965458783620368 4.742512861888136e-06
0.0517947467923121 0.9991457278114405 1.3943413710205668e-06
0.0625055192527397 0.9998410304140994 3.005009728842688e-07
0.07543120063354615 0.9999792299470928 4.639330026056182e-08
0.09102981779915217 0.9999982100771353 4.6862844965163415e-09
0.10985411419875583 0.9999999057909453 2.72714739477331e-10
0.13257113655901082 0.9999999973419793 8.936228089958285e-12
0.15998587196060574 0.9999999999637266 1.369804411566575e-13
0.19306977288832497 0.999999999999794 8.512574954397752e-16
0.2329951810515372 0.9999999999999998 3.945792607345783e-18
0.2811768697974228 1.0 0.0
0.3393221771895326 1.0 0.0
0.4094915062380423 1.0 0.0
0.49417133613238334 1.0 0.0
0.5963623316594643 1.0 0.0
0.7196856730011514 1.0 0.0
0.868511373751352 1.0 0.0
1.0481131341546852 1.0 0.0
1.2648552168552958 1.0 0.0
1.5264179671752318 1.0 0.0
1.8420699693267144 1.0 0.0
2.2229964825261934 1.0 0.0
2.6826957952797246 1.0 0.0
3.2374575428176433 1.0 0.0
3.906939937054613 1.0 0.0
4.714866363457389 1.0 0.0
5.689866029018293 1.0 0.0
6.866488450042998 1.0 0.0
8.286427728546842 1.0 0.0
10.0 1.0 0.0
