0.001 0.00031818910536072733 5.320283197639274e-06
0.0012067926406393288 0.0005345636663357832 8.825825943670277e-06
0.0014563484775012444 0.0008901429933512237 1.4852313365287721e-05
0.0017575106248547913 0.0014993308252320874 2.4448292555787247e-05
0.0021209508879201904 0.0024783550961180977 3.960678883388956e-05
0.002559547922699536 0.004133082575778842 6.568863554477241e-05
0.0030888435964774815 0.006588435957796679 0.00010240152325431355
0.003727593720314938 0.01057907813835285 0.0001596374273733633
0.004498432668969444 0.016877857058627068 0.00024357137380825515
0.005428675439323859 0.026645359269349207 0.00037101154771063
0.006551285568595509 0.03986106746273753 0.0005328870665530557
0.0079060432109077 0.05954029395834335 0.0007677103029039541
0.009540954763499945 0.08573735547042376 0.001038750591521124
0.01151395399326447 0.11848089879543738 0.001342004145804775
0.013894954943731374 0.16954204725637498 0.001751709225045818
0.016768329368110076 0.216245705670944 0.002100815382040176
0.020235896477251564 0.28276077829647084 0.0024938910240472094
0.02442053094548651 0.3472122612037887 0.002830898895372411
0.029470517025518096 0.4194961557518623 0.0031092684506130825
0.03556480306223128 0.490603191590407 0.003334237836967824
0.04291934260128776 0.565473264427614 0.0034273007497042734
0.0517947467923121 0.6306219430136898 0.0034251008854749828
0.0625055192527397 0.6788336733325865 0.0034553566057953754
0.07543120063354615 0.7319388448158772 0.003313381471290386
0.09102981779915217 0.77290055479254 0.0031992488407661945
0.10985411419875583 0.8153678285915311 0.0030208354447856557
0.13257113655901082 0.8426699813184019 0.00288764397443245
0.15998587196060574 0.8621079313582761 0.0027595591861787317
0.19306977288832497 0.888383066819142 0.002529539114719602
0.2329951810515372 0.9097276438430354 0.0023399162857795585
0.2811768697974228 0.9220847165307728 0.0022142408201662727
0.3393221771895326 0.9325592413065628 0.002054679618290216
0.4094915062380423 0.9421698282511796 0.00195430356619874
0.49417133613238334 0.9559453145190037 0.0017136360800228806
0.5963623316594643 0.9584672313677669 0.0016851368570572354
0.7196856730011514 0.9631648867020355 0.0016039127226346983
0.868511373751352 0.96982447558149 0.0014468807575386117
1.0481131341546852 0.9727040146097837 0.0013969806264447116
1.2648552168552958 0.9764928896754332 0.0012957880779546124
1.5264179671752318 0.9816341701910167 0.0011352941234666957
1.8420699693267144 0.9840961216710484 0.0010737395722654364
2.2229964825261934 0.9834076714704332 0.00111644065717824
2.6826957952797246 0.9865376619238557 0.000999546848414728
3.2374575428176433 0.9875549633768018 0.0009922908771107012
3.906939937054613 0.9891735767214191 0.0009074633852219583
4.714866363457389 0.9905282050190878 0.0008565602159854995
5.689866029018293 0.9918199006367995 0.0007871730205811947
6.866488450042998 0.9913996488532554 0.0008031360396788821
8.286427728546842 0.993781235516071 0.0006964614908439848
10.0 0.9951609662533765 0.0006027924461945296
