0.001 0.00032065007304548715 5.399455783470486e-06
0.0012067926406393288 0.0005516344494318247 9.04947963713927e-06
0.0014563484775012444 0.0009151612988628478 1.5202449209292423e-05
0.0017575106248547913 0.0015714612329595333 2.545378339009935e-05
0.0021209508879201904 0.0026359098497791833 4.2536005727011056e-05
0.002559547922699536 0.004304771175687827 6.681571210246074e-05
0.0030888435964774815 0.007057858541909052 0.00010620176643411316
0.003727593720314938 0.011360214520277558 0.0001668817260081326
0.004498432668969444 0.018192319270734992 0.0002624080117699899
0.005428675439323859 0.027158793134141542 0.00037438867094732355
0.006551285568595509 0.0414182485232004 0.0005420270209620081
0.0079060432109077 0.06286598801095858 0.0007866823289634818
0.009540954763499945 0.08878955802693186 0.0010429760292292908
0.01151395399326447 0.12667030860065387 0.0013924228669132004
0.013894954943731374 0.1683243773262906 0.001732019383610597
0.016768329368110076 0.22957412910355024 0.0021773498617202167
0.020235896477251564 0.28742601133551077 0.002507756001627167
0.02442053094548651 0.35557482996372347 0.0028483685159601613
0.029470517025518096 0.43195395244716056 0.003120363617526842
0.03556480306223128 0.4990198952707899 0.0033329444945542947
0.04291934260128776 0.5751273803889834 0.003404483271140407
0.0517947467923121 0.631051888122812 0.0034470396935904475
0.0625055192527397 0.6922095552794003 0.003376924722310223
0.07543120063354615 0.7446841400112004 0.0032323353016959822
0.09102981779915217 0.7755558965140631 0.003182251847191225
0.10985411419875583 0.8166437191312534 0.0029995844623418645
0.13257113655901082 0.8518284739947661 0.0027831710441544094
0.15998587196060574 0.8751665761255375 0.002635452566040049
0.19306977288832497 0.8949211264977385 0.002474036438205113
0.2329951810515372 0.9070376988335951 0.002368785921151368
0.2811768697974228 0.9287096715004937 0.0021047879025809383
0.3393221771895326 0.9350858437045712 0.0020531561689123294
0.4094915062380423 0.9472084421219698 0.001835352597636444
0.49417133613238334 0.9548613159583729 0.001741631899218336
0.5963623316594643 0.9622039104574447 0.0015970285873194755
0.7196856730011514 0.9636810467354151 0.0015729721034576857
0.868511373751352 0.9715258120976057 0.001412836636088285
1.0481131341546852 0.9767064984240132 0.001294956327798456
1.2648552168552958 0.9778290827271269 0.0012782590473659036
1.5264179671752318 0.98156623045128 0.0011510440597975052
1.8420699693267144 0.984757630633293 0.0010683460401562344
2.2229964825261934 0.9869304479149063 0.000977942128650515
2.6826957952797246 0.9875347146588765 0.0009731377846338732
3.2374575428176433 0.9893721964590914 0.0009029594866822138
3.906939937054613 0.9902499062278792 0.0008712713025272086
4.714866363457389 0.9917057755539378 0.0007871599159340271
5.689866029018293 0.9917312582767197 0.0008062166793588737
6.866488450042998 0.9932609929674382 0.0007428560622476471
8.286427728546842 0.9942064084520067 0.000687058180256658
10.0 0.9941817086348478 0.0006861036393563787
