0.001 0.000306235087449103 5.2201583866119e-06
0.0012067926406393288 0.0005200908976752027 8.737754764458318e-06
0.0014563484775012444 0.0009055119322542492 1.4983008970775764e-05
0.0017575106248547913 0.001505752782661162 2.5233852259736956e-05
0.0021209508879201904 0.002554822814561307 4.107077933554421e-05
0.002559547922699536 0.004138541817417266 6.503096863166475e-05
0.0030888435964774815 0.006689828619094358 0.00010141472736860408
0.003727593720314938 0.010653901721726288 0.00015870841192084672
0.004498432668969444 0.017330553027822014 0.00024391426385452823
0.005428675439323859 0.02631742096282305 0.0003648430784599891
0.006551285568595509 0.04050116691057051 0.0005383617988708275
0.0079060432109077 0.05923682705237005 0.0007509005445274675
0.009540954763499945 0.08649294485633185 0.001030693423632826
0.01151395399326447 0.12147392785493437 0.0013621551683636371
0.013894954943731374 0.17202688829385962 0.0017568679837390105
0.016768329368110076 0.21811041669228698 0.002114391097724552
0.020235896477251564 0.2794151611240596 0.0024699369358765822
0.02442053094548651 0.35546466711910224 0.002853040713373381
0.029470517025518096 0.4163999296579032 0.003120748576838529
0.03556480306223128 0.4929938969622852 0.0032978977966038863
0.04291934260128776 0.5589115849524036 0.003441403003713993
0.0517947467923121 0.6280206281667366 0.0034488330680099693
0.0625055192527397 0.6871182151764543 0.003396939709215123
0.07543120063354615 0.7246304956406096 0.003387441599476999
0.09102981779915217 0.7805488145607969 0.0031528998299096473
0.10985411419875583 0.8141068732263197 0.0030141067291410573
0.13257113655901082 0.8408297730680013 0.0029002026071966074
0.15998587196060574 0.8666861402466611 0.002708435264824196
0.19306977288832497 0.8890507428675394 0.002544701392754256
0.2329951810515372 0.9046126315761694 0.002422175623831585
0.2811768697974228 0.9247858916348599 0.0021650386194826997
0.3393221771895326 0.9320689207674097 0.0020791123563337548
0.4094915062380423 0.939339794224969 0.002011649377471069
0.49417133613238334 0.951262063288962 0.0017976761709023797
0.5963623316594643 0.9577783717584721 0.0017036937480533279
0.7196856730011514 0.963752643693895 0.0016041440343270608
0.868511373751352 0.9717029836949128 0.0014121892875054653
1.0481131341546852 0.9720909256545 0.0014090076484120817
1.2648552168552958 0.9783833234055032 0.0012372213211639732
1.5264179671752318 0.9803082166958762 0.001198392494872134
1.8420699693267144 0.983635654396223 0.0010987923553136792
2.2229964825261934 0.9860066160936573 0.0009981892424745966
2.6826957952797246 0.9868322211691286 0.000996255608525531
3.2374575428176433 0.9895068512406 0.0008781501946674543
3.906939937054613 0.9897140295629997 0.000878845249535232
4.714866363457389 0.9909475489240751 0.0008373477349148975
5.689866029018293 0.9920021492709052 0.0007724484832804727
6.866488450042998 0.9921345474198966 0.0007915356817323456
8.286427728546842 0.9929394914772429 0.0007662884812706261
10.0 0.9942602701025985 0.0006698457861592436
