0.001 0.002227646440053557 2.678620843796262e-05
0.0012067926406393288 0.0033358830877888252 3.861816149529284e-05
0.0014563484775012444 0.0046266837380674304 5.467486851593939e-05
0.0017575106248547913 0.006597234303345429 7.708352752230171e-05
0.0021209508879201904 0.009402512884418018 0.00010849055648040866
0.002559547922699536 0.013347487689499017 0.00015376645129214827
0.0030888435964774815 0.01862976308092437 0.0002111848601709109
0.003727593720314938 0.02619734421973411 0.0002910907703873894
0.004498432668969444 0.03618317820450779 0.00039422770222763485
0.005428675439323859 0.04900540519490723 0.0005307069768260803
0.006551285568595509 0.06773716537611545 0.0007099258543756354
0.0079060432109077 0.08986364933232151 0.0009137101314297953
0.009540954763499945 0.11907593752854921 0.0011728082169656336
0.01151395399326447 0.15467027596746322 0.0014662325668862647
0.013894954943731374 0.1966125668851409 0.0017897698922297236
0.016768329368110076 0.24649348701395393 0.002134951300756271
0.020235896477251564 0.30753174685211015 0.0024654401011616487
0.02442053094548651 0.36399995779942856 0.0027534753761694697
0.029470517025518096 0.42686465135303026 0.003010500002723428
0.03556480306223128 0.4992703208805582 0.0031979505706942394
0.04291934260128776 0.5627493469655501 0.003332090875766663
0.0517947467923121 0.6071330821884073 0.003415775095298559
0.0625055192527397 0.6688215935712223 0.0033623167153883525
0.07543120063354615 0.7134926230366745 0.003317772459007359
0.09102981779915217 0.7532729056710983 0.0032401037643975685
0.10985411419875583 0.7858979417069349 0.0031387402835038364
0.13257113655901082 0.8177978302584669 0.0029981179383996885
0.15998587196060574 0.8511126464507006 0.0027798427907935034
0.19306977288832497 0.8708046891991622 0.002663830851254206
0.2329951810515372 0.8855686868549548 0.002558578511758611
0.2811768697974228 0.9006895889214646 0.002424118162412842
0.3393221771895326 0.9159957779575169 0.002268443871902644
0.4094915062380423 0.9278276209292189 0.0021093311547811452
0.49417133613238334 0.9399484307604835 0.0019572020021650107
0.5963623316594643 0.9500151226083815 0.0017867480987135628
0.7196856730011514 0.952934308728685 0.0017617946422469133
0.868511373751352 0.9597106111722591 0.0016440518953967933
1.0481131341546852 0.9653953854152704 0.0015636231485998489
1.2648552168552958 0.9673148277200943 0.001495001270527698
1.5264179671752318 0.9729259833397471 0.0013749999929015724
1.8420699693267144 0.9765743426497796 0.0012867025216835662
2.2229964825261934 0.9803595997085492 0.0011898750355179043
2.6826957952797246 0.9809535298324923 0.0011802303817880103
3.2374575428176433 0.9835899291399862 0.0011076469323297656
3.906939937054613 0.9856098176987321 0.001030911104174033
4.714866363457389 0.9864346094979594 0.0009970742197920588
5.689866029018293 0.9880881724513545 0.000950387213316996
6.866488450042998 0.9890450842394066 0.0009370387015033044
8.286427728546842 0.9899749189114031 0.0008899503829920488
10.0 0.9920149957390934 0.0007959760318941959
