0.001 0.002210641852115722 2.6657876684924494e-05
0.0012067926406393288 0.0031397614497449496 3.7394251020131596e-05
0.0014563484775012444 0.004581789168157816 5.343396610750888e-05
0.0017575106248547913 0.006604812804063983 7.694083032472837e-05
0.0021209508879201904 0.00926343592785345 0.00010828321863520194
0.002559547922699536 0.012965820203973456 0.00014934284200503143
0.0030888435964774815 0.018524130076981653 0.00021120146450434016
0.003727593720314938 0.02562652391644681 0.00028921577952295953
0.004498432668969444 0.03524706355836142 0.00038800036213717924
0.005428675439323859 0.04816515037117344 0.0005229787100168582
0.006551285568595509 0.06571042219463119 0.0006929836135327259
0.0079060432109077 0.09036635712578935 0.0009136215962409621
0.009540954763499945 0.11838653339658886 0.0011601747532768603
0.01151395399326447 0.15180865063175583 0.0014614121247799184
0.013894954943731374 0.19574755095227178 0.0017848364257800622
0.016768329368110076 0.24646155359171906 0.0021174907155288984
0.020235896477251564 0.30267723881191233 0.002464342162639265
0.02442053094548651 0.3614158963699596 0.0027637312327007985
0.029470517025518096 0.4254654308683947 0.003029324148390134
0.03556480306223128 0.48401820826264685 0.0032100547004297797
0.04291934260128776 0.5491018617956038 0.003368077687118143
0.0517947467923121 0.6066785001036592 0.003415979443316347
0.0625055192527397 0.669557050861373 0.0033692962930335136
0.07543120063354615 0.7118975764983496 0.0033353929039579037
0.09102981779915217 0.7401080040091806 0.003307411587424079
0.10985411419875583 0.783457320109552 0.0031756516013562554
0.13257113655901082 0.824388107587392 0.002948578411258178
0.15998587196060574 0.8457762273403532 0.0028416917464667794
0.19306977288832497 0.8631685711858829 0.002749608118473275
0.2329951810515372 0.8897181923734689 0.002504563419537812
0.2811768697974228 0.9020470364028488 0.002396442471500844
0.3393221771895326 0.9155473047594944 0.0022532236226996544
0.4094915062380423 0.9265830510761148 0.0021435245297419204
0.49417133613238334 0.9363426439774397 0.0020207414650449235
0.5963623316594643 0.9438632415760867 0.001925456016313841
0.7196856730011514 0.9516590459484758 0.0017675687715078372
0.868511373751352 0.9575914729270868 0.0016819091506886758
1.0481131341546852 0.9656380710359627 0.0015384736248604172
1.2648552168552958 0.9688741995551973 0.0014744753483464143
1.5264179671752318 0.9714162587702011 0.0014218700833054957
1.8420699693267144 0.977237133324162 0.0012476832833049907
2.2229964825261934 0.9768133693311991 0.0012957233671178187
2.6826957952797246 0.9806715257672739 0.0011838776767298296
3.2374575428176433 0.9843039137040538 0.0010624974067187
3.906939937054613 0.9842363455637545 0.0010680335594513114
4.714866363457389 0.9886137897073922 0.0009040374316018349
5.689866029018293 0.9876338328950566 0.0009687193823557595
6.866488450042998 0.9898330835210559 0.0008850812929343542
8.286427728546842 0.9909955248899752 0.0008330348472488866
10.0 0.992082004115075 0.0007849188650219635
