0.001 0.023005486139688912 0.00016409314796584032
0.0012067926406393288 0.027614169712768182 0.0001960988242753762
0.0014563484775012444 0.03317122875702857 0.00023673275989887171
0.0017575106248547913 0.039892460303802856 0.000281485708860736
0.0021209508879201904 0.04789460442349661 0.00033541652128591206
0.002559547922699536 0.05791627697105561 0.0004016045042548336
0.0030888435964774815 0.06856544762044285 0.00047541323400944403
0.003727593720314938 0.08158104046586569 0.0005593588363076241
0.004498432668969444 0.09792673845117376 0.0006657107331791893
0.005428675439323859 0.11596368195547156 0.0007899511568243801
0.006551285568595509 0.13767981311354455 0.0009270989544271411
0.0079060432109077 0.1617465798494537 0.0010667605329102363
0.009540954763499945 0.19094487872266885 0.0012475911650268745
0.01151395399326447 0.22182759217310954 0.0014167811159347165
0.013894954943731374 0.25858339086394827 0.0016197171172731223
0.016768329368110076 0.2954863653912916 0.0018028259781116462
0.020235896477251564 0.34626154832664824 0.001993686432510662
0.02442053094548651 0.3866260184788061 0.002239648797886511
0.029470517025518096 0.4427954335930186 0.0024241902990636767
0.03556480306223128 0.4935878705555475 0.0025803395781248024
0.04291934260128776 0.548009192606182 0.002688585823684522
0.0517947467923121 0.5923840255188194 0.002806634110628782
0.0625055192527397 0.6400196914670587 0.0028797667478360715
0.07543120063354615 0.6894362644077583 0.002861607929531493
0.09102981779915217 0.7346875904024759 0.002808949742782835
0.10985411419875583 0.7670311032079163 0.002781904295629298
0.13257113655901082 0.7998990375628805 0.00269528786175555
0.15998587196060574 0.83213640053316 0.002572422862353951
0.19306977288832497 0.8548146665835151 0.002449807282547904
0.2329951810515372 0.8780836021523646 0.0023139744856088707
0.2811768697974228 0.8972825940336716 0.00216554026168585
0.3393221771895326 0.9109500794258054 0.002064286719952754
0.4094915062380423 0.9251250682816735 0.001933227972720038
0.49417133613238334 0.9367376125861221 0.0017817336529743987
0.5963623316594643 0.9458161162802802 0.0016784907569733362
0.7196856730011514 0.9515015750632845 0.0016289173311165432
0.868511373751352 0.9578048031074979 0.0015152328822825567
1.0481131341546852 0.9627459582790329 0.0014860292645392389
1.2648552168552958 0.9667256621953662 0.0014104955979676224
1.5264179671752318 0.9716382630516136 0.0013035162437687667
1.8420699693267144 0.9754786662229733 0.0012357345425562604
2.2229964825261934 0.9796496296621741 0.0011242774128887325
2.6826957952797246 0.9819729022979351 0.0010922162616747173
3.2374575428176433 0.9828790702970928 0.0010662764212957612
3.906939937054613 0.9853472998991403 0.0009699893553244756
4.714866363457389 0.9885473745702169 0.0008462923248910886
5.689866029018293 0.9880501833941091 0.0008977687227125176
6.866488450042998 0.9888205435505882 0.0009009044737383962
8.286427728546842 0.9903043469255621 0.0008529530453316131
10.0 0.9918874306656222 0.0007681256854935528
