0.001 0.021901557881285557 0.00015995741724890482
0.0012067926406393288 0.026907502898445443 0.00019316923381094799
0.0014563484775012444 0.032566713434091454 0.00023286317218862494
0.0017575106248547913 0.039175462366571136 0.00027872726119606086
0.0021209508879201904 0.04611499515818679 0.00033072213970367087
0.002559547922699536 0.05537960024168459 0.0003912750466794862
0.0030888435964774815 0.06633165028242505 0.0004617191363621214
0.003727593720314938 0.07961753959091106 0.0005575347424226822
0.004498432668969444 0.09302386098086504 0.0006542528183293373
0.005428675439323859 0.11105855589031535 0.0007730317249687471
0.006551285568595509 0.1318572281663616 0.0009096887926533315
0.0079060432109077 0.1576663306673379 0.0010558048445392298
0.009540954763499945 0.18540449862705058 0.0012238637196135057
0.01151395399326447 0.21692229300410987 0.0014077006108528228
0.013894954943731374 0.2491715218579689 0.0015941125343777432
0.016768329368110076 0.28812038978681687 0.0017997452110933715
0.020235896477251564 0.33470288249731767 0.0020057325367828028
0.02442053094548651 0.37973223291054675 0.0022112388154108737
0.029470517025518096 0.42810156447234565 0.002394822849109966
0.03556480306223128 0.47828799703168645 0.0025974020592585715
0.04291934260128776 0.5346689140799493 0.002697013487521263
0.0517947467923121 0.5807384689648224 0.0028177557932976068
0.0625055192527397 0.6264075701691804 0.002895284379164973
0.07543120063354615 0.680041038926866 0.0028743928439260236
0.09102981779915217 0.7146376778621117 0.002886262218252829
0.10985411419875583 0.7602644585701492 0.0028077054494749583
0.13257113655901082 0.7936290042240107 0.00273718580574814
0.15998587196060574 0.8193926344649329 0.002657006899584918
0.19306977288832497 0.8429812841049167 0.0025949603203228298
0.2329951810515372 0.8689920902651853 0.0023936078249854028
0.2811768697974228 0.8876821681360623 0.0022781974421617955
0.3393221771895326 0.9007401653195182 0.0022070680474112576
0.4094915062380423 0.9121419040519957 0.002111013129258724
0.49417133613238334 0.9303721602377584 0.001878255756732619
0.5963623316594643 0.9342891988016223 0.0019030761229201264
0.7196856730011514 0.9456183749320773 0.0017142754305950758
0.868511373751352 0.9529490986828006 0.0016199846377262237
1.0481131341546852 0.9554338883367789 0.0016114559096801287
1.2648552168552958 0.9636506101104989 0.0014749688084949445
1.5264179671752318 0.9704392625093664 0.001321024181276789
1.8420699693267144 0.9717453559858643 0.0012950273461763654
2.2229964825261934 0.9736256107242627 0.0012943751796077182
2.6826957952797246 0.9776816166722392 0.0011821299311226053
3.2374575428176433 0.980612407176898 0.0011038456471360438
3.906939937054613 0.9824024900196445 0.0010867248033394178
4.714866363457389 0.9863446813911297 0.0009363000466797291
5.689866029018293 0.9865880050009961 0.000947538425135657
6.866488450042998 0.9870266647062103 0.0009489483913507417
8.286427728546842 0.9897352441548425 0.0008623406696669493
10.0 0.9900691565277256 0.0008673822528103552
