0.001 3.219773595079135e-05 5.288225755871829e-07
0.0012067926406393288 5.5808066093023414e-05 9.180527496048417e-07
0.0014563484775012444 9.855319856602227e-05 1.5951863640105526e-06
0.0017575106248547913 0.0001666439903753176 2.748464156186542e-06
0.0021209508879201904 0.00028694515963725327 4.662168122803907e-06
0.002559547922699536 0.0004800926149643862 7.741696914819906e-06
0.0030888435964774815 0.0008062921523456098 1.3065493833174756e-05
0.003727593720314938 0.0013958119422436827 2.2086624106544736e-05
0.004498432668969444 0.0022876646024288607 3.529116606139693e-05
0.005428675439323859 0.003905198603144416 5.8783816748355156e-05
0.006551285568595509 0.006238944190532734 9.323169778277483e-05
0.0079060432109077 0.010182556969614922 0.0001474011157886341
0.009540954763499945 0.016187389276402096 0.00022944019335842644
0.01151395399326447 0.02509097160698716 0.0003413722006413885
0.013894954943731374 0.03841507755931711 0.0005098536001466201
0.016768329368110076 0.05626767152970106 0.0007135812785105293
0.020235896477251564 0.08170851385595096 0.0009905984221675133
0.02442053094548651 0.11533043527312875 0.0013343905118194514
0.029470517025518096 0.15939343042221354 0.0017110946412113692
0.03556480306223128 0.2094737879225335 0.002097875500160362
0.04291934260128776 0.2740273792051009 0.0025283250262619723
0.0517947467923121 0.33573556305495533 0.0028705004502035444
0.0625055192527397 0.4022706400240901 0.0031733790248451837
0.07543120063354615 0.46952702473359686 0.003382860182960307
0.09102981779915217 0.5426185705504271 0.0035053794738373256
0.10985411419875583 0.602123803889446 0.0035869006268720053
0.13257113655901082 0.6558337109307424 0.0035614236174318077
0.15998587196060574 0.7040737995376845 0.003485329353479737
0.19306977288832497 0.7446108162487824 0.003415522755083617
0.2329951810515372 0.7841412497398921 0.0032541459126884742
0.2811768697974228 0.8138354339824726 0.0031415694671334594
0.3393221771895326 0.8418902656553587 0.0029720518042221245
0.4094915062380423 0.8646073171895586 0.002820801107641338
0.49417133613238334 0.8886513612286708 0.002587599092632993
0.5963623316594643 0.9036165346638596 0.002451465463004123
0.7196856730011514 0.9205699426624491 0.002252372026530388
0.868511373751352 0.9289235602738845 0.0021693315556670983
1.0481131341546852 0.9405771266035748 0.001989414186073965
1.2648552168552958 0.9468788918325579 0.001910529336893118
1.5264179671752318 0.9544979548120617 0.001779887902338304
1.8420699693267144 0.9601776505958763 0.0016815877336823304
2.2229964825261934 0.9680959641592157 0.0014875975747952283
2.6826957952797246 0.9676093904019605 0.0015308878815907818
3.2374575428176433 0.9694817974427584 0.0015030020385108254
3.906939937054613 0.9771688808777619 0.0013013174394748606
4.714866363457389 0.9795333698673255 0.0012376774439460513
5.689866029018293 0.980872031580351 0.0012070559364155023
6.866488450042998 0.9831182516461072 0.0011426224017507729
8.286427728546842 0.9861222974868696 0.0010224444496277495
10.0 0.9876120178826033 0.0009859489689479522
