0.001 2.979893808484067e-05 5.04966035616782e-07
0.0012067926406393288 5.3794238236830335e-05 8.960094796523018e-07
0.0014563484775012444 9.469016189082643e-05 1.5544611077567631e-06
0.0017575106248547913 0.0001632051680450374 2.6372110147751976e-06
0.0021209508879201904 0.000269392380410881 4.424645408309513e-06
0.002559547922699536 0.00045668190151229815 7.403649027273376e-06
0.0030888435964774815 0.0007673915350677916 1.220602878951546e-05
0.003727593720314938 0.0013360228087234312 2.122589777063781e-05
0.004498432668969444 0.002143365710890089 3.407888992800852e-05
0.005428675439323859 0.0035670599420516724 5.4844562747653956e-05
0.006551285568595509 0.0059153237897285405 9.068956492832219e-05
0.0079060432109077 0.009652568123695342 0.00014281490508798403
0.009540954763499945 0.015370171332193991 0.0002226092671158426
0.01151395399326447 0.023905953261803153 0.00033028224770985186
0.013894954943731374 0.03549862201950068 0.00048178075637706185
0.016768329368110076 0.053051435022757845 0.0006917348256857604
0.020235896477251564 0.07865925321357213 0.0009691152950577932
0.02442053094548651 0.11038582667618697 0.001277647006278463
0.029470517025518096 0.15098307437898761 0.001666643705871808
0.03556480306223128 0.20253745699848053 0.0020841769055931453
0.04291934260128776 0.26218305753360394 0.0024624593095232826
0.0517947467923121 0.32309990312151815 0.002836298077483076
0.0625055192527397 0.3875245703965708 0.0031423797191372483
0.07543120063354615 0.46273043330896146 0.0033729844998695124
0.09102981779915217 0.5196136443388223 0.0035376571500307552
0.10985411419875583 0.5919922253396785 0.0035983095966417035
0.13257113655901082 0.6482739842570215 0.003587174344360594
0.15998587196060574 0.6928885489356652 0.00355210338554442
0.19306977288832497 0.7368429219464011 0.003482547501738705
0.2329951810515372 0.7761485937283961 0.003298673951040286
0.2811768697974228 0.8093376159022064 0.0031583926793675565
0.3393221771895326 0.8340995113620673 0.0030359668202998126
0.4094915062380423 0.854116353016518 0.0029137439884379893
0.49417133613238334 0.8819916314116457 0.0026534864289458
0.5963623316594643 0.8933356762836351 0.0025935089568569466
0.7196856730011514 0.9096051401809544 0.002397094116069747
0.868511373751352 0.9226598725764288 0.0022543679401161474
1.0481131341546852 0.9285659974603592 0.0022028839563768706
1.2648552168552958 0.94212543108632 0.0019997815862900768
1.5264179671752318 0.9521386532065513 0.0018173677670115715
1.8420699693267144 0.9543345877790363 0.0017821788456650629
2.2229964825261934 0.9591826818718028 0.001723015273829851
2.6826957952797246 0.9649224700730689 0.0015910169288044836
3.2374575428176433 0.9696977948804941 0.001504262362924491
3.906939937054613 0.9734095631067406 0.001402261797259699
4.714866363457389 0.9787327447032836 0.0012650565562539325
5.689866029018293 0.9796207376637993 0.001237292438327246
6.866488450042998 0.9807366721507608 0.0012110533007340936
8.286427728546842 0.9851852266573363 0.0010693073297342018
10.0 0.986180232194965 0.0010459676527606661
