0.001 3.136355922976102e-05 5.274028597747078e-07
0.0012067926406393288 5.6895145644153676e-05 9.184435013216692e-07
0.0014563484775012444 9.506260664117007e-05 1.566567168575492e-06
0.0017575106248547913 0.00016310069409139713 2.659748070428525e-06
0.0021209508879201904 0.00028021610995889004 4.52594183560076e-06
0.002559547922699536 0.00048312189231187997 7.848165621212857e-06
0.0030888435964774815 0.000807860050737237 1.2928893267658124e-05
0.003727593720314938 0.0013711580753672469 2.162486289018147e-05
0.004498432668969444 0.0022751073184995745 3.544250012563076e-05
0.005428675439323859 0.003717616104789203 5.752758869558589e-05
0.006551285568595509 0.006223433824701454 9.38281679839893e-05
0.0079060432109077 0.009846753926797734 0.00014460850164834698
0.009540954763499945 0.015720101116173366 0.00022477085186428208
0.01151395399326447 0.024466245608124104 0.00034031788984547793
0.013894954943731374 0.03716843567885273 0.0005032174893955136
0.016768329368110076 0.05552429250927702 0.0007136174863708015
0.020235896477251564 0.08218665174126837 0.0009929744274479193
0.02442053094548651 0.11334769487903225 0.0013077753997550693
0.029470517025518096 0.15519220895654065 0.00169309433140638
0.03556480306223128 0.21048181824824877 0.002091873917553295
0.04291934260128776 0.2729590603429289 0.0025193763951148235
0.0517947467923121 0.3271299534116911 0.0028528613197113506
0.0625055192527397 0.401249359836432 0.0031596571408190268
0.07543120063354615 0.46808828432475813 0.003390703499364427
0.09102981779915217 0.5309282908113728 0.003507327658438499
0.10985411419875583 0.5906902727009685 0.0035997715598445
0.13257113655901082 0.6487126376478812 0.0035944609909242535
0.15998587196060574 0.706334888518723 0.0034896971495569124
0.19306977288832497 0.7476504216836782 0.003394786697683715
0.2329951810515372 0.779302768813068 0.0032955078201005344
0.2811768697974228 0.8103921584139341 0.0031606156725500277
0.3393221771895326 0.841579263925827 0.0029860646036970573
0.4094915062380423 0.8619099459672712 0.0028264830795248037
0.49417133613238334 0.8856327556608851 0.0026227143629051074
0.5963623316594643 0.9028703533050739 0.002435277230079058
0.7196856730011514 0.9132821498664998 0.0023650854179519056
0.868511373751352 0.9258838620900697 0.002206259731003157
1.0481131341546852 0.9381448781957039 0.002038412149865288
1.2648552168552958 0.9413658759973299 0.0020047139479277133
1.5264179671752318 0.9519973725040891 0.0018319215038404392
1.8420699693267144 0.9586470044582558 0.001708165527555127
2.2229964825261934 0.9656841494078695 0.001565696719704716
2.6826957952797246 0.9675672273048436 0.0015362402156276446
3.2374575428176433 0.972814041579215 0.0014219180167508471
3.906939937054613 0.9751326682841487 0.0013426882771989152
4.714866363457389 0.9769003297507174 0.001308086567134418
5.689866029018293 0.9806892167959992 0.0012134741379884613
6.866488450042998 0.9830672001167373 0.0011452155037092863
8.286427728546842 0.98422839585816 0.0011035861075251391
10.0 0.9872470561617896 0.0009882506446656863
