0.001 0.17057657735111115 0.001667507021641012
0.0012067926406393288 0.20908452158557633 0.001968576857560135
0.0014563484775012444 0.2588402653407684 0.0023214919913111002
0.0017575106248547913 0.32066948047137567 0.0026755658898886996
0.0021209508879201904 0.3787485834624607 0.002954377804551184
0.002559547922699536 0.4433266288820946 0.0031829050094931573
0.0030888435964774815 0.49758191024025566 0.0033230816306885707
0.003727593720314938 0.5608160881988727 0.0034055218737875643
0.004498432668969444 0.6170661950579963 0.003402266419590721
0.005428675439323859 0.6682634463001447 0.0033649644018871206
0.006551285568595509 0.7161479439144728 0.00323360369780042
0.0079060432109077 0.7630161564280792 0.003062160699704653
0.009540954763499945 0.7946192767090563 0.0029566468269113587
0.01151395399326447 0.8307295840485925 0.0027569871768967098
0.013894954943731374 0.8562209375572966 0.002618799975181249
0.016768329368110076 0.8803730276573689 0.002445807297343427
0.020235896477251564 0.9042500279969133 0.0022116496367306504
0.02442053094548651 0.9171668237848691 0.0021038949184381357
0.029470517025518096 0.9333669639105472 0.0019299995275097797
0.03556480306223128 0.9452188934122844 0.0017452966194215454
0.04291934260128776 0.9562059291315931 0.0016062814408001418
0.0517947467923121 0.9619170312321188 0.0014877954468172161
0.0625055192527397 0.9669187611285591 0.0014297362169586338
0.07543120063354615 0.9707632244001984 0.001378062051604375
0.09102981779915217 0.9773271468559173 0.001200231573552874
0.10985411419875583 0.9800886556155588 0.0011394187003021337
0.13257113655901082 0.9841216792898089 0.0010379350143141606
0.15998587196060574 0.9855317978795961 0.0009710020119030727
0.19306977288832497 0.9882408060734255 0.0008815963374714496
0.2329951810515372 0.9894493326352735 0.0008482790969755674
0.2811768697974228 0.9902490417929021 0.0008414097712002504
0.3393221771895326 0.9916375012230078 0.000765260044602149
0.4094915062380423 0.9935784130850885 0.0006818025338283101
0.49417133613238334 0.9943332221014459 0.0006351322263113666
0.5963623316594643 0.9952898062309777 0.0005852870073528441
0.7196856730011514 0.9957876575302312 0.0005688093887686259
0.868511373751352 0.996457749885062 0.0005135677554312613
1.0481131341546852 0.9962885641917426 0.0005356296360359792
1.2648552168552958 0.9971914410472961 0.0004754394548484657
1.5264179671752318 0.9977449522044881 0.0004273382444253845
1.8420699693267144 0.9961462821888135 0.0005734316576090561
2.2229964825261934 0.9973991211463814 0.0004684371752260748
2.6826957952797246 0.9978657928811908 0.00042256741902285975
3.2374575428176433 0.9980809448011627 0.00041852492155014764
3.906939937054613 0.9982356299269335 0.00039451382920546133
4.714866363457389 0.9981809566894976 0.0004074947552613949
5.689866029018293 0.9975425080267037 0.00048311218287151037
6.866488450042998 0.9981573870294423 0.0004171038243064968
8.286427728546842 0.998521709231638 0.00037566155018954947
10.0 0.9978905687093844 0.0004577848700652806
