0.001 0.1714557340185639 0.0016766723850167523
0.0012067926406393288 0.21949573840364386 0.002038775473636963
0.0014563484775012444 0.26610433403257 0.0023428194577165776
0.0017575106248547913 0.3213414261143644 0.0026593941632913577
0.0021209508879201904 0.3857683404679568 0.0029714245566198404
0.002559547922699536 0.452268902837379 0.0031954418031561664
0.0030888435964774815 0.5031961738806974 0.0033167844316713936
0.003727593720314938 0.5663738375899081 0.003381290160096164
0.004498432668969444 0.6248583173057912 0.003357249778652389
0.005428675439323859 0.6764379327272035 0.003322237511646806
0.006551285568595509 0.7197486040095408 0.003217142899970783
0.0079060432109077 0.7718245791091 0.002977098713159847
0.009540954763499945 0.8022121965536059 0.002882296887180472
0.01151395399326447 0.8349868173518294 0.002694111606443521
0.013894954943731374 0.8591414174323138 0.0025765818376720074
0.016768329368110076 0.8858124101379341 0.0024066205173050993
0.020235896477251564 0.9070726806283781 0.0021763910636694995
0.02442053094548651 0.9228076270698108 0.0020263530044199586
0.029470517025518096 0.9353261918771415 0.0018972300358384854
0.03556480306223128 0.9482435646865109 0.0017203509467921126
0.04291934260128776 0.9572931502481348 0.001582532617713945
0.0517947467923121 0.9640299375626068 0.0014820037023349963
0.0625055192527397 0.9688233644000332 0.0013827140686503091
0.07543120063354615 0.974646301791794 0.0012834774487614797
0.09102981779915217 0.9807439221099763 0.0010915552280388971
0.10985411419875583 0.9815563780239845 0.0010804805492918472
0.13257113655901082 0.9857214372676766 0.0009658397181459773
0.15998587196060574 0.9880547628079294 0.0008805816947034484
0.19306977288832497 0.9896076920290536 0.0008403232168783559
0.2329951810515372 0.9911052344751617 0.0007756474780519312
0.2811768697974228 0.9917992933793396 0.0007601763430152696
0.3393221771895326 0.9940263051687093 0.0006421934895391396
0.4094915062380423 0.9936332479346316 0.0006557977616843798
0.49417133613238334 0.995123281198097 0.0005997354163142359
0.5963623316594643 0.9952564795166571 0.0005939425222417289
0.7196856730011514 0.9957076471167567 0.0005588843435972724
0.868511373751352 0.9959317971150111 0.0005774087350666704
1.0481131341546852 0.9957687050792648 0.0005712833185605457
1.2648552168552958 0.9966498156176614 0.0005321405401277127
1.5264179671752318 0.9970013334017964 0.0005151791986936503
1.8420699693267144 0.9976848885733474 0.00044651540235464854
2.2229964825261934 0.9980708646690116 0.0003836351162243183
2.6826957952797246 0.998257414293928 0.0003849587675535081
3.2374575428176433 0.9980069483432115 0.000429089733419649
3.906939937054613 0.998639168942018 0.00034926412062825994
4.714866363457389 0.9973193863194225 0.0005120997014100678
5.689866029018293 0.9980719042204935 0.00042826041028239315
6.866488450042998 0.9982872088065325 0.00041199556304447293
8.286427728546842 0.9979923960171196 0.0004467718267450564
10.0 0.9986976885221766 0.00036032103706742273
