0.001 0.23216933542832136 0.001535027560291192
0.0012067926406393288 0.2630257798513279 0.0017294082282987232
0.0014563484775012444 0.3088085505797238 0.0019453596083536758
0.0017575106248547913 0.3537976341079618 0.0021493017997259536
0.0021209508879201904 0.4024075178477179 0.0023364445971357888
0.002559547922699536 0.45047993014231125 0.0025136546133387298
0.0030888435964774815 0.5009115654463042 0.0026390727431182116
0.003727593720314938 0.5502614886423719 0.0027339774561761553
0.004498432668969444 0.5937049702714333 0.0028136507392762223
0.005428675439323859 0.6442248242266242 0.002834743883689906
0.006551285568595509 0.693764601896349 0.002803511484341104
0.0079060432109077 0.7331292561175341 0.0027602429548823928
0.009540954763499945 0.7680879990668057 0.002668408262564773
0.01151395399326447 0.8072586171366202 0.0025060605411191513
0.013894954943731374 0.8395799922645163 0.0023618643481899235
0.016768329368110076 0.8622431526632743 0.0022398598088715234
0.020235896477251564 0.8889812997926376 0.002040328085690589
0.02442053094548651 0.9065234241023445 0.001937187219602913
0.029470517025518096 0.9221091980996527 0.0017943483030608825
0.03556480306223128 0.9350541644561874 0.0016935510124307365
0.04291934260128776 0.9479369992038499 0.0015371697199652976
0.0517947467923121 0.9581993357460744 0.001377449458838137
0.0625055192527397 0.96417962840801 0.0013289222271119405
0.07543120063354615 0.9676504282170827 0.0012961676282659768
0.09102981779915217 0.975436120852048 0.0011002123642558047
0.10985411419875583 0.9784489055086225 0.001080862550160278
0.13257113655901082 0.9811477637050557 0.001012369845311597
0.15998587196060574 0.9851200502498426 0.0008828501135031039
0.19306977288832497 0.9871795494269784 0.0008456993795483088
0.2329951810515372 0.9872345090490968 0.0008664280171223526
0.2811768697974228 0.9903249912393872 0.0007475685260490376
0.3393221771895326 0.9907132679919921 0.0007541405104507959
0.4094915062380423 0.9922314635972194 0.0006788696330299761
0.49417133613238334 0.9948021184361014 0.0005542155496942164
0.5963623316594643 0.9953771854319164 0.0005420496418980855
0.7196856730011514 0.9954549579512401 0.0005309512213541978
0.868511373751352 0.9961095060913835 0.0005066070488913395
1.0481131341546852 0.9957509592892253 0.0005561898106694606
1.2648552168552958 0.9959871234416637 0.0005461011264885809
1.5264179671752318 0.996531764902283 0.0005339674802102236
1.8420699693267144 0.9961607408534703 0.0005699146949784705
2.2229964825261934 0.9981015346043567 0.00039174904860750105
2.6826957952797246 0.9980872869389185 0.00038958478232262015
3.2374575428176433 0.9979933103529529 0.0004147309212381968
3.906939937054613 0.9976804375564461 0.0004642920591328361
4.714866363457389 0.9975314775905284 0.00047347110108963844
5.689866029018293 0.9977574446182054 0.00045235340690489434
6.866488450042998 0.9979016571791992 0.0004491560432012487
8.286427728546842 0.9980481217203545 0.000427093136219707
10.0 0.9978488224719516 0.00045862808774852984
