0.001 0.23151763915488055 0.0015421388755998758
0.0012067926406393288 0.27081811676143697 0.0017602671025063951
0.0014563484775012444 0.3084486658579654 0.001937625070921439
0.0017575106248547913 0.35206013385691615 0.0021342742762527713
0.0021209508879201904 0.4026715148422165 0.0023473738854453254
0.002559547922699536 0.4558401393870109 0.002526979210046426
0.0030888435964774815 0.4990362508170948 0.002645083304510195
0.003727593720314938 0.5529875541815034 0.00273908971329254
0.004498432668969444 0.6049453499759535 0.0027790702041166865
0.005428675439323859 0.6530700056881684 0.0028238758871085966
0.006551285568595509 0.6944559289511638 0.0027941985320105206
0.0079060432109077 0.7435403192864467 0.00264425558403745
0.009540954763499945 0.7753662878382384 0.0025983938232495094
0.01151395399326447 0.8083791171637991 0.0024669322296758944
0.013894954943731374 0.8347193788612761 0.0023863144552767846
0.016768329368110076 0.8641820168784159 0.0022575558112217045
0.020235896477251564 0.8869964490627146 0.002066278880089179
0.02442053094548651 0.9065472393753767 0.001933831500625454
0.029470517025518096 0.9216568777489101 0.001821913372721839
0.03556480306223128 0.9367737574291414 0.0016630123904208427
0.04291934260128776 0.9474139156869996 0.0015390745439074931
0.0517947467923121 0.9564405226818533 0.0014396113682316608
0.0625055192527397 0.9626431878283296 0.0013427147603644446
0.07543120063354615 0.9697810793100516 0.0012448847627127306
0.09102981779915217 0.9766927439212625 0.001071292177046867
0.10985411419875583 0.9781344689306778 0.0010574893800776885
0.13257113655901082 0.9830265345329171 0.0009448517417833417
0.15998587196060574 0.9858495871258305 0.0008664913008292953
0.19306977288832497 0.9881037426689909 0.0008190585996077224
0.2329951810515372 0.9896203428751276 0.0007650429508190447
0.2811768697974228 0.9907514030045673 0.0007411104464015121
0.3393221771895326 0.9930059006938027 0.0006360825457912456
0.4094915062380423 0.9927512483575051 0.0006520624417206913
0.49417133613238334 0.9945119083678327 0.0005876389498847957
0.5963623316594643 0.994675299582487 0.0005912196745659864
0.7196856730011514 0.9951326481988368 0.000560532554296482
0.868511373751352 0.9954812334746442 0.0005729035102228674
1.0481131341546852 0.9953301316709572 0.0005700298446385187
1.2648552168552958 0.9963784966975332 0.000531792003610499
1.5264179671752318 0.996700974952577 0.0005208837555621837
1.8420699693267144 0.9974891683747719 0.00045104357074352794
2.2229964825261934 0.9978223873912475 0.0003921501838650377
2.6826957952797246 0.9980338213453377 0.0003926465821240793
3.2374575428176433 0.9978803005812853 0.00043321216211897177
3.906939937054613 0.9984520895183158 0.0003550586454109503
4.714866363457389 0.9972597567343728 0.0005128040573216213
5.689866029018293 0.9979593578077868 0.0004303377338303272
6.866488450042998 0.9982393029222995 0.0004124864400717307
8.286427728546842 0.9979445415447935 0.0004470363216348238
10.0 0.9986739071154436 0.00036042065220719376
