0.001 0.030048642829339292 0.0004212028385784038
0.0012067926406393288 0.043063500330039826 0.0005921691461973622
0.0014563484775012444 0.06343156797706917 0.0008393101398809795
0.0017575106248547913 0.09364860951754582 0.0011605139160526551
0.0021209508879201904 0.12916073397311198 0.001533602213042769
0.002559547922699536 0.17559148151911771 0.0019471078617707624
0.0030888435964774815 0.22280466774307978 0.002334899281751745
0.003727593720314938 0.2852132266417993 0.002752539454687548
0.004498432668969444 0.34796810230514036 0.003087176321273562
0.005428675439323859 0.414581057396305 0.0033726078753664205
0.006551285568595509 0.47690900719087115 0.003531225930562443
0.0079060432109077 0.5415136195480164 0.003591691971626951
0.009540954763499945 0.5948964130555293 0.0036192446849895848
0.01151395399326447 0.6520921139377567 0.0035417596472082868
0.013894954943731374 0.6989800080428236 0.00344711627913653
0.016768329368110076 0.7439536406196009 0.0033035072867102
0.020235896477251564 0.7882768320687944 0.003110174992264282
0.02442053094548651 0.8170561227169958 0.0029653478778109356
0.029470517025518096 0.8529857653128678 0.0027459561262633946
0.03556480306223128 0.8760976222768712 0.002560681984534261
0.04291934260128776 0.902453027461546 0.0023226990275954217
0.0517947467923121 0.9148760804243379 0.0022023872089368063
0.0625055192527397 0.9301615712751594 0.0020533162881942405
0.07543120063354615 0.9409194302008347 0.0019250935605277478
0.09102981779915217 0.9527556277760943 0.0017262492610163366
0.10985411419875583 0.9602613141998155 0.001616932261415397
0.13257113655901082 0.9685208402898985 0.0014401854136110994
0.15998587196060574 0.9708820340975288 0.001392601522924946
0.19306977288832497 0.9766990095293507 0.001258893866248757
0.2329951810515372 0.9799845211461323 0.0011840287124989476
0.2811768697974228 0.982417594578128 0.0011192521027717588
0.3393221771895326 0.9846255157931108 0.001048945733598427
0.4094915062380423 0.9886208153123589 0.0009134747446401098
0.49417133613238334 0.9895782548722469 0.0008640988486112797
0.5963623316594643 0.9917098520605614 0.0007830782436053055
0.7196856730011514 0.9927909489527305 0.0007291945957619845
0.868511373751352 0.9936017086521202 0.000677398549628217
1.0481131341546852 0.9938699687654896 0.0006843134621504154
1.2648552168552958 0.9953821803062795 0.000587414489439026
1.5264179671752318 0.9962237349119507 0.000526546414830487
1.8420699693267144 0.9944535871993306 0.0006695925131947854
2.2229964825261934 0.9963923334015208 0.0005524895873685522
2.6826957952797246 0.9967320104072959 0.0005048536224756627
3.2374575428176433 0.9974643796809449 0.00046108993298510663
3.906939937054613 0.9974897308345462 0.0004502119403353623
4.714866363457389 0.9975177380149615 0.0004496145987720111
5.689866029018293 0.9969685204670355 0.0005110024301243576
6.866488450042998 0.9976785358268633 0.000443815380726935
8.286427728546842 0.9980564557164482 0.000396344489458417
10.0 0.9977370050786604 0.00046052002313839795
