0.001 0.030069280995801563 0.0004242882361735105
0.0012067926406393288 0.044804660392383226 0.0006060632245439313
0.0014563484775012444 0.06514912324745513 0.0008548021727959137
0.0017575106248547913 0.09462999064557276 0.0011776356817485426
0.0021209508879201904 0.12993018401049608 0.0015144196026077553
0.002559547922699536 0.18041348018905898 0.0019682915164197495
0.0030888435964774815 0.22745936974351538 0.0023608534843372235
0.003727593720314938 0.28762196215551655 0.002741791438046321
0.004498432668969444 0.35233655323993873 0.003092000204951992
0.005428675439323859 0.410640231821735 0.0033440218702323597
0.006551285568595509 0.47863133089966214 0.003511601763256429
0.0079060432109077 0.5357917777263963 0.003619722806955478
0.009540954763499945 0.5999865271231972 0.0036065024927221102
0.01151395399326447 0.6558434694540505 0.003538774807530139
0.013894954943731374 0.7059634804266298 0.0034257615639944456
0.016768329368110076 0.7489690689093617 0.0032704881138120767
0.020235896477251564 0.7949912490972215 0.0030683435278859696
0.02442053094548651 0.8260735505214074 0.0028871998288065455
0.029470517025518096 0.8570117530138357 0.0026834625003650235
0.03556480306223128 0.8838262893835521 0.0024817357288903015
0.04291934260128776 0.9046953257924757 0.002298076327202215
0.0517947467923121 0.9168181411102482 0.0021913840925992826
0.0625055192527397 0.9340232040666481 0.0019810288105734045
0.07543120063354615 0.9457315627744863 0.0018013575139439863
0.09102981779915217 0.9534445909858454 0.0017000520349311743
0.10985411419875583 0.9610960242557738 0.0015666487173387723
0.13257113655901082 0.9700642499466234 0.001383572777290909
0.15998587196060574 0.973240050137905 0.0013435802942522257
0.19306977288832497 0.975627997220615 0.0012833806643998522
0.2329951810515372 0.977549903917908 0.0012419165289584476
0.2811768697974228 0.9824602457134102 0.0011042511972191287
0.3393221771895326 0.9863877476554415 0.000986168113916635
0.4094915062380423 0.9884657485019396 0.000897212261317464
0.49417133613238334 0.9883149132586474 0.0009257843710338605
0.5963623316594643 0.9905247564520184 0.0008521386207739143
0.7196856730011514 0.9931365252458494 0.0006977592278768889
0.868511373751352 0.9936015539853558 0.0006814315475714819
1.0481131341546852 0.993883048703588 0.0006842305729789286
1.2648552168552958 0.9951555831664715 0.0006015307428691326
1.5264179671752318 0.9952950008357792 0.0006050444918807714
1.8420699693267144 0.9950933804230663 0.0006064304208403667
2.2229964825261934 0.9968656659944419 0.000477009245393004
2.6826957952797246 0.996242019223175 0.0005519654774766828
3.2374575428176433 0.9971858710486952 0.00047194144214072255
3.906939937054613 0.9972734336971425 0.0004926665607769532
4.714866363457389 0.9963771523913155 0.0005497720127268073
5.689866029018293 0.9982289126545698 0.00038136304670759695
6.866488450042998 0.9974921358496392 0.0004810344422795585
8.286427728546842 0.9986662622177979 0.0003502578450328662
10.0 0.9976917474741381 0.0004700193598096224
