0.001 0.09928820709392303 0.0010097773541395487
0.0012067926406393288 0.13314400683914684 0.0012355097479194623
0.0014563484775012444 0.17174608805909938 0.001467795254186547
0.0017575106248547913 0.2208344023248208 0.001739321116845342
0.0021209508879201904 0.2749359777045771 0.001998452916976227
0.002559547922699536 0.33960688949904405 0.0022540640148413556
0.0030888435964774815 0.4096121712931563 0.0025108404109477466
0.003727593720314938 0.47585109647424223 0.0026584149151627147
0.004498432668969444 0.5555462337913822 0.0027587523467519294
0.005428675439323859 0.6284002405363577 0.002806807163959936
0.006551285568595509 0.6892554601891571 0.0028270837842466496
0.0079060432109077 0.7467123407880191 0.0027514074996917133
0.009540954763499945 0.799834471566035 0.0026436337254461205
0.01151395399326447 0.8393994100825781 0.0024929146064562816
0.013894954943731374 0.8746388176757295 0.002250339704701936
0.016768329368110076 0.9043688317357795 0.0020424647323050286
0.020235896477251564 0.9233560427180153 0.001879003577916791
0.02442053094548651 0.940278113438183 0.001724385001353573
0.029470517025518096 0.9511884423941949 0.001588562335800839
0.03556480306223128 0.9640191297565285 0.0013651696552523418
0.04291934260128776 0.9706126318205028 0.0012569343428765283
0.0517947467923121 0.9757462207472095 0.0011444765379069089
0.0625055192527397 0.9804094413113696 0.0010520858502323118
0.07543120063354615 0.9818241393623581 0.0010742353817800336
0.09102981779915217 0.9861023339282999 0.0009199552740602472
0.10985411419875583 0.9889278137852172 0.0008415108009290851
0.13257113655901082 0.9895777391157724 0.0008351632848120137
0.15998587196060574 0.991547006170901 0.000756989400007846
0.19306977288832497 0.9939528349623539 0.0006220743065601301
0.2329951810515372 0.9952764605668802 0.0005492546469567229
0.2811768697974228 0.9950936303544333 0.0005848580237428035
0.3393221771895326 0.9958784770086412 0.0005329823093200626
0.4094915062380423 0.9964923669223543 0.0005125780308825052
0.49417133613238334 0.9973368138140946 0.00041693349167786143
0.5963623316594643 0.9979620289652552 0.00037037638962989666
0.7196856730011514 0.9973662364486696 0.00044956862387931796
0.868511373751352 0.9980081855414246 0.00041262288632988613
1.0481131341546852 0.9980419518163571 0.00037910155462821024
1.2648552168552958 0.998115080606658 0.00037479969155915395
1.5264179671752318 0.9989421027044784 0.0002924837136561781
1.8420699693267144 0.9991472120586848 0.000252493269188886
2.2229964825261934 0.9983895326293354 0.0003882518959389915
2.6826957952797246 0.9980475693514828 0.0004357364908744225
3.2374575428176433 0.9984830249927434 0.0003870475064674711
3.906939937054613 0.9979881659331666 0.00044677128630024815
4.714866363457389 0.9979971633632977 0.0004467656376704916
5.689866029018293 0.9984995078350958 0.00038700759584226244
6.866488450042998 0.9993937248940263 0.0002449517292180821
8.286427728546842 0.9984999847672674 0.0003870077459776884
10.0 0.9982999993464758 0.0004119599492400385
