0.001 0.10139480747433466 0.001030445634679124
0.0012067926406393288 0.13408662241033142 0.001251013496417317
0.0014563484775012444 0.17177425140388522 0.0014752044706175676
0.0017575106248547913 0.2210034239208083 0.0017501620000141627
0.0021209508879201904 0.2759313656032053 0.0020094422688974483
0.002559547922699536 0.3364495106456572 0.0022632560107990925
0.0030888435964774815 0.4081377624170358 0.002475383535957115
0.003727593720314938 0.47924784892209593 0.0026726353951728077
0.004498432668969444 0.552740329914071 0.0027621795278679013
0.005428675439323859 0.6271120022650676 0.0028272614330573115
0.006551285568595509 0.6914945221694042 0.002832807092721215
0.0079060432109077 0.7476494891449004 0.002730996689649629
0.009540954763499945 0.7989916085676902 0.0026028808264422594
0.01151395399326447 0.8412989857786389 0.002463234438663673
0.013894954943731374 0.8761685353774866 0.0022500582455785736
0.016768329368110076 0.9012657573648816 0.002088665685720574
0.020235896477251564 0.9226547682355017 0.0018827097415918992
0.02442053094548651 0.9406300700316635 0.0016993251886779567
0.029470517025518096 0.9544245564699251 0.001513145665149677
0.03556480306223128 0.9613171231759343 0.0014335225429676355
0.04291934260128776 0.9696563140899592 0.001294427334098492
0.0517947467923121 0.975309331303551 0.001182150891111326
0.0625055192527397 0.980212026817831 0.001075399730243074
0.07543120063354615 0.9860742905419467 0.0008837598726385223
0.09102981779915217 0.9861744825519623 0.0009220861633847967
0.10985411419875583 0.988553157017678 0.0008368300940057741
0.13257113655901082 0.9906358053348424 0.0007828389363597313
0.15998587196060574 0.9914228207714161 0.0007535368826705098
0.19306977288832497 0.994267643585746 0.0005981431455626901
0.2329951810515372 0.9951294445144544 0.0005517997855970614
0.2811768697974228 0.9960087554938575 0.0005173272137138215
0.3393221771895326 0.9959275758692474 0.0005333481299074289
0.4094915062380423 0.9965197365975519 0.0005026230875440944
0.49417133613238334 0.9970093163334248 0.00046062480311941133
0.5963623316594643 0.9979739779682572 0.00037398435633974255
0.7196856730011514 0.9971485587234452 0.00047428166896560937
0.868511373751352 0.9979630433610435 0.00040185346005360673
1.0481131341546852 0.9987304610689989 0.0003047483884009883
1.2648552168552958 0.9981136851943414 0.0003853602536076372
1.5264179671752318 0.9989698500188618 0.0002918997055910861
1.8420699693267144 0.9989399344668188 0.00027578608904316724
2.2229964825261934 0.998940917990927 0.00030252126350829677
2.6826957952797246 0.9984100012213285 0.00038761866829851413
3.2374575428176433 0.9986791956410905 0.0003603879147897639
3.906939937054613 0.999383815848562 0.0002449048714351926
4.714866363457389 0.9988968000675748 0.0003314804952944613
5.689866029018293 0.9984988155326204 0.0003870074134284802
6.866488450042998 0.9986997827423604 0.0003603206164723468
8.286427728546842 0.9987999795152773 0.00034620224598025303
10.0 0.9989999982808975 0.00031606961204210665
