0.001 0.09946173581894335 0.0010077405060692519
0.0012067926406393288 0.13173607168084123 0.0012172114968786777
0.0014563484775012444 0.16986565573642826 0.0014832109020980646
0.0017575106248547913 0.21622030726331515 0.001735709764803198
0.0021209508879201904 0.2739016864575903 0.0020038284235852385
0.002559547922699536 0.3377767398294704 0.0022701392489570477
0.0030888435964774815 0.4057229607785894 0.0024936196177836774
0.003727593720314938 0.47862676032901097 0.002669913966030741
0.004498432668969444 0.550170642635935 0.002775040236322113
0.005428675439323859 0.6253897731014662 0.0028343380642467868
0.006551285568595509 0.6931418935094089 0.0028163492753000997
0.0079060432109077 0.7487024751703132 0.0027352654862392613
0.009540954763499945 0.7999965484221969 0.002627327500172449
0.01151395399326447 0.837175454215258 0.0024929430060771085
0.013894954943731374 0.8707350282836629 0.0023217150389952335
0.016768329368110076 0.9073995001871809 0.0019992994162090372
0.020235896477251564 0.9219200713374855 0.0018975867723603206
0.02442053094548651 0.941361451983866 0.0016803570880794113
0.029470517025518096 0.9511071823640538 0.0015893774245057954
0.03556480306223128 0.961884600079811 0.0014244101268489104
0.04291934260128776 0.9700592076593877 0.001285743185223484
0.0517947467923121 0.9739331643824486 0.0012237407145470898
0.0625055192527397 0.9795856361169477 0.0010760792068011298
0.07543120063354615 0.9839562343555808 0.0009917778835637704
0.09102981779915217 0.9867081997426289 0.0009168904995084614
0.10985411419875583 0.9893393963590623 0.0008199149649235071
0.13257113655901082 0.989541773719241 0.0008197143655164639
0.15998587196060574 0.9915689498720905 0.0007467517798871849
0.19306977288832497 0.9939844001671101 0.0006334701174052558
0.2329951810515372 0.9954561578995396 0.0005404514054447657
0.2811768697974228 0.9959059417587312 0.0005355810685897764
0.3393221771895326 0.9959379812137525 0.0005349581608106187
0.4094915062380423 0.9966043237445555 0.0004962985913017857
0.49417133613238334 0.9962700168464699 0.0005217840276469922
0.5963623316594643 0.9976592705338797 0.0004164502273933873
0.7196856730011514 0.9968223873925947 0.0004957666756485227
0.868511373751352 0.9977320375719136 0.0004136820336892867
1.0481131341546852 0.9982674356150781 0.0003727113146500961
1.2648552168552958 0.9982957569856437 0.0003618623862502982
1.5264179671752318 0.9983773994594701 0.0003736883123885278
1.8420699693267144 0.9983191605928592 0.0003911005238767661
2.2229964825261934 0.9985455566020711 0.00036275261666381467
2.6826957952797246 0.9984213972571819 0.00038763141051667294
3.2374575428176433 0.9986343728294803 0.0003605804419515195
3.906939937054613 0.9986885771842886 0.00036033663424458936
4.714866363457389 0.9983944085289491 0.0003996812124316851
5.689866029018293 0.9983400560241317 0.00040386796494481966
6.866488450042998 0.9991996958272615 0.00028272947835649803
8.286427728546842 0.9979999604763021 0.0004467661405148398
10.0 0.998499997740213 0.0003870077509853022
