0.001 0.1753854829064689 0.0010160391669424677
0.0012067926406393288 0.20710197224712307 0.0011520291245350005
0.0014563484775012444 0.2410211786122945 0.00131928046829588
0.0017575106248547913 0.27978862181005104 0.0014776948299418888
0.0021209508879201904 0.3253571695905167 0.0016419934863114722
0.002559547922699536 0.37416373111957235 0.0018116452618706703
0.0030888435964774815 0.4251177526324741 0.0019505347465926797
0.003727593720314938 0.47982956402789895 0.0020818889327587414
0.004498432668969444 0.5348741650807993 0.002162217560534106
0.005428675439323859 0.5954298337749665 0.0022467442084243582
0.006551285568595509 0.6525268978829194 0.0022844137317159633
0.0079060432109077 0.7026949325935787 0.0022833331728486774
0.009540954763499945 0.7537220401439736 0.00226115596115732
0.01151395399326447 0.7940738880101639 0.0022150905703533594
0.013894954943731374 0.8323209760955309 0.0021160726125136944
0.016768329368110076 0.8746219304567043 0.0018731313868819604
0.020235896477251564 0.8946647713608532 0.0018131732494897528
0.02442053094548651 0.9200107696105031 0.001628906021549251
0.029470517025518096 0.9346554056815382 0.0015509766026646278
0.03556480306223128 0.9488430446964702 0.0013973400110641255
0.04291934260128776 0.9601295577589266 0.0012664660989222562
0.0517947467923121 0.9662172527567955 0.0012060867823252641
0.0625055192527397 0.9736813024723475 0.001067847316752155
0.07543120063354615 0.9793418701363582 0.0009777412449646786
0.09102981779915217 0.9832820863905867 0.0009025620734128995
0.10985411419875583 0.9866539304636545 0.000810360068999504
0.13257113655901082 0.987583265016753 0.0008073011737425649
0.15998587196060574 0.989837372567553 0.0007352737553218623
0.19306977288832497 0.9926440787550671 0.0006354138169825002
0.2329951810515372 0.9944147856556154 0.0005366388777860162
0.2811768697974228 0.9951000151030855 0.0005292662399704933
0.3393221771895326 0.9952006115620429 0.0005344008618488899
0.4094915062380423 0.9960937282885041 0.0004955758248804572
0.49417133613238334 0.9958532256307839 0.0005179613833974831
0.5963623316594643 0.997224832268622 0.0004168416295697513
0.7196856730011514 0.9965238184443966 0.0004948952130113046
0.868511373751352 0.9975225008946113 0.00041547535345108915
1.0481131341546852 0.9980206620853235 0.00037950304778316756
1.2648552168552958 0.9980985958454368 0.00037024375657543525
1.5264179671752318 0.9982259854586513 0.00037942006472901153
1.8420699693267144 0.9981639134181951 0.00039623109108384303
2.2229964825261934 0.9983987608847786 0.00036843014060562696
2.6826957952797246 0.9982954993413737 0.00039067952615466856
3.2374575428176433 0.99847352666804 0.00036348379578022373
3.906939937054613 0.9986379047430682 0.00036085021915165187
4.714866363457389 0.998351828014012 0.0003999000078694359
5.689866029018293 0.9983135534927898 0.00040354996375539375
6.866488450042998 0.9991880380149997 0.0002827441756824101
8.286427728546842 0.997995852335506 0.0004467657769742562
10.0 0.9984992234009024 0.0003870075481627832
