0.001 0.012544604346068328 0.0002739187860979273
0.0012067926406393288 0.018725263227686237 0.0003753577324463439
0.0014563484775012444 0.02908464518802231 0.0005219379669720873
0.0017575106248547913 0.043403807447892656 0.0007027185043911014
0.0021209508879201904 0.0646263151394978 0.0009309391443494124
0.002559547922699536 0.08916177103872465 0.0011254493443604754
0.0030888435964774815 0.12803401083872037 0.0014374918789627213
0.003727593720314938 0.1748843108557177 0.0017334496367534399
0.004498432668969444 0.22701970403391683 0.002011435510460453
0.005428675439323859 0.29076034836062703 0.0023360545022455574
0.006551285568595509 0.3702004529726548 0.0026251531768337077
0.0079060432109077 0.4509100828195669 0.002853021129315693
0.009540954763499945 0.5249942908964035 0.0030302056836851816
0.01151395399326447 0.6067075918292505 0.0030597206438183816
0.013894954943731374 0.681106773701532 0.003002312092946052
0.016768329368110076 0.743757553321171 0.002940902000662541
0.020235896477251564 0.7946610477757182 0.0027840174611457637
0.02442053094548651 0.83806069407422 0.0025955199137929668
0.029470517025518096 0.874178193239615 0.0023961417819172493
0.03556480306223128 0.8983584007098291 0.002216151233577302
0.04291934260128776 0.9185749083458344 0.0020441370019627695
0.0517947467923121 0.9367511153888334 0.0018574375659388834
0.0625055192527397 0.9504255163441794 0.0016545216669113295
0.07543120063354615 0.9654209907377377 0.0013699750666617274
0.09102981779915217 0.9685519598665815 0.001369574803430021
0.10985411419875583 0.9764480650707966 0.0011879799942398882
0.13257113655901082 0.9806894736030403 0.0011004933285167463
0.15998587196060574 0.9838185438682132 0.001025185038933707
0.19306977288832497 0.9876585421053559 0.0008912175290520301
0.2329951810515372 0.989219259292567 0.0008463935586711612
0.2811768697974228 0.9915879273100047 0.0007516651968526386
0.3393221771895326 0.9926931922360255 0.0007081269170351033
0.4094915062380423 0.9941592729111142 0.0006294632269286192
0.49417133613238334 0.9936826034751907 0.0006946148523022993
0.5963623316594643 0.9954467140534922 0.0005841661222641605
0.7196856730011514 0.9953850037370421 0.0005828592466769467
0.868511373751352 0.9960637703354827 0.0005355878298784623
1.0481131341546852 0.9963708850141993 0.000541510607597364
1.2648552168552958 0.9983219464031241 0.000365309560310896
1.5264179671752318 0.9984942860933952 0.00033844596638621675
1.8420699693267144 0.9982070624397286 0.00036322144666181674
2.2229964825261934 0.9976789593005737 0.00041344655974567325
2.6826957952797246 0.9987865328792026 0.00030335221000936185
3.2374575428176433 0.9988980308310416 0.0003066011166432741
3.906939937054613 0.9990017372394614 0.00028712116200949
4.714866363457389 0.9991083943561522 0.000283830388578717
5.689866029018293 0.9989229754995531 0.0003168525970705095
6.866488450042998 0.9984843610566124 0.0003870279515977496
8.286427728546842 0.998593632580431 0.00037390495544580363
10.0 0.9983989054316047 0.0003996795834363584
