0.001 0.012338711069395833 0.0002700139061651101
0.0012067926406393288 0.019186488553651466 0.0003846871864339396
0.0014563484775012444 0.02843520244276299 0.0005039195095416278
0.0017575106248547913 0.04351688235151682 0.0007116435103119221
0.0021209508879201904 0.06304980493376959 0.000896212639770758
0.002559547922699536 0.08980702285629703 0.0011635241317682048
0.0030888435964774815 0.12597160045948694 0.0014141947718588766
0.003727593720314938 0.17133536512311606 0.0017111088166882574
0.004498432668969444 0.22522635082875322 0.001990893295467246
0.005428675439323859 0.29552612157267916 0.0023450395401917404
0.006551285568595509 0.3700547965823354 0.00263981249606406
0.0079060432109077 0.44242421558669937 0.002819993282896049
0.009540954763499945 0.5252851771225415 0.002993157094592997
0.01151395399326447 0.6063861477678366 0.0030693571915862
0.013894954943731374 0.6768989885360126 0.0030308607282841706
0.016768329368110076 0.7383422944661868 0.0029540011946705526
0.020235896477251564 0.7913635339860288 0.002807207527817742
0.02442053094548651 0.8385275060429173 0.002593363879349262
0.029470517025518096 0.873482878869623 0.00235878882634238
0.03556480306223128 0.898867027542977 0.0022187404656813215
0.04291934260128776 0.9208300528196771 0.001998779100702553
0.0517947467923121 0.9371271924846002 0.001826628731049472
0.0625055192527397 0.9512139311730462 0.0016472226418617541
0.07543120063354615 0.9635089176226053 0.0014147823283527233
0.09102981779915217 0.9674266064611508 0.001382688789214616
0.10985411419875583 0.9737768046146884 0.0012666845443164375
0.13257113655901082 0.9792811714920284 0.0011333191886443755
0.15998587196060574 0.9814966577882315 0.001082740060387129
0.19306977288832497 0.9869441131759661 0.0009040955571486425
0.2329951810515372 0.9890229640640972 0.0008347793653609717
0.2811768697974228 0.9916098310056445 0.0007420782279692534
0.3393221771895326 0.9915931280496556 0.0007427073937627174
0.4094915062380423 0.9934888778300673 0.0006765811432232169
0.49417133613238334 0.9945238102650606 0.000629964708551134
0.5963623316594643 0.9958860968171732 0.0005274789347442837
0.7196856730011514 0.99534257873161 0.0005929269407442442
0.868511373751352 0.9966428945744065 0.0005029386892892495
1.0481131341546852 0.9978200624382582 0.00040791995701211704
1.2648552168552958 0.9969014543819062 0.00048602390002429075
1.5264179671752318 0.9982432012328227 0.000354652152651418
1.8420699693267144 0.9978597421936305 0.0003814595144194641
2.2229964825261934 0.9982364645684852 0.0003553442399582546
2.6826957952797246 0.9978555852063706 0.0004145039372391248
3.2374575428176433 0.9984800093035081 0.0003677710457820033
3.906939937054613 0.9991295273424803 0.0002537895364167393
4.714866363457389 0.9988031789525763 0.0003328292134092959
5.689866029018293 0.9984275833242682 0.0003874279744736683
6.866488450042998 0.998668844442447 0.00036039891370216693
8.286427728546842 0.9987917829646235 0.0003462082410550092
10.0 0.9989976192026494 0.00031606967350294903
