0.6954797211709257 0.0022737638464056225 1.053340665072018 0.002535315985363972
0.7291663126590925 0.002388649932661709 1.076684605891178 0.0026582117336100323
0.7601433707568033 0.0025739441217603673 1.094588582369548 0.0028612125193505805
0.7844789125071188 0.0027421224135146935 1.1165415529573373 0.003071238764493081
0.8080821946946514 0.00287557114243112 1.1298675558538578 0.0032070499544193973
0.8272752386083857 0.002985548710975644 1.1520399171656117 0.0033765375216557444
0.8428254329054764 0.0032069188654721276 1.1645197394474085 0.003589607665815663
0.8536305538039343 0.003317837086144718 1.1879389539111564 0.003752826194323617
0.8653942557635742 0.0035097202730404132 1.1977767949811269 0.0039188149677311865
0.8772642084004287 0.003628153339164359 1.2037703806511175 0.003993523632285294
0.8826182513527261 0.0037672942642472365 1.230550804996754 0.004179149523715416
0.8908143346965531 0.0038675796805329697 1.2410606523833232 0.00423813826107228
0.8983481096155581 0.004045629566544995 1.2470009720372206 0.004337408171835658
0.9032050481960029 0.004129003320162835 1.262202242300841 0.004372044014247968
0.9089055072957996 0.004204595557383964 1.2728281458462056 0.0043712305426267
0.9128617117997152 0.0042621634000615935 1.2912736597677372 0.004387623027625974
0.9162704444043753 0.0043082833773245895 1.299567507098492 0.004351852058940053
0.9185873666380626 0.004352978385728888 1.3027220016909475 0.00430402182881028
0.9188151523692477 0.004410131033605084 1.3207974897935886 0.004322557320493382
0.9166608256183573 0.004422485766939009 1.3302554723300437 0.004283583937207849
0.914751097500644 0.004360406412470918 1.350140838546568 0.004218446457667035
0.9095502758109639 0.004359001438004133 1.358871198678802 0.004187323458649296
0.9021507584392007 0.004167029814733598 1.3839169754813843 0.00401140204155119
0.8961617219614101 0.00413190271433497 1.4013326585711754 0.003992732887207584
0.8896886314266343 0.0040022229413728 1.4263332939417017 0.0039008051037153864
0.8814019196527104 0.003960928948064508 1.4440842733455088 0.0038948976298360887
0.8726949046373939 0.0037999906047162125 1.471606518596175 0.003780636964582222
0.8633954261195391 0.003721074439162559 1.49314012464185 0.0037630160939260146
0.8560649353054577 0.0034557219632582203 1.5299018116985752 0.0035483923693823576
0.850764956013415 0.003409776775826772 1.5524662872663697 0.0035820821800594226
0.8454024345337031 0.0032734637792854932 1.5862409880133037 0.0035048476286948355
0.8423362614500332 0.003143508973535519 1.6159764270682362 0.0034517183123519437
0.8404375410388054 0.0030117049313745335 1.644315815376577 0.003430068368864084
0.8425193439361292 0.0029254167072589135 1.6750348688221708 0.003411452275803903
0.8476133786068868 0.0029019688549914453 1.6967120976340753 0.0035196509086309956
0.85145550730563 0.002851282945398399 1.7195860151587745 0.0035749880557127945
0.8578411851509935 0.0027240579862370527 1.7500870575873833 0.0035006786790837126
0.8699349369868566 0.002724630867354806 1.764240255365282 0.0035923725070678278
0.8768689644007341 0.002563403113535801 1.7936287724794768 0.003463102866683422
0.8900193489013959 0.0026944444971631312 1.7940753611912525 0.0036847992510843056
0.9032426613891811 0.0026099518377328264 1.8145632693426654 0.0036109138844177932
0.9148001647672391 0.00262136744565731 1.821661370521409 0.003654292042175714
0.9283160366058205 0.002723149972363343 1.8210306319094598 0.003766075978787176
0.94181113586308 0.002715449521893233 1.8314484024330693 0.0037407217468694966
0.9534688133286984 0.002748530976633818 1.8333840104251249 0.003751950140450862
0.9641762129528403 0.0026771322292589764 1.8459580849855637 0.0036378918011161117
0.9730768522017168 0.0028310499594104478 1.8327751184594034 0.0037870803287959206
0.9798716481030532 0.0027879232651232626 1.8436505372478575 0.0037198229589696986
0.9859808663768851 0.002889609213866316 1.836308725077413 0.003813665936895889
0.9903539323534017 0.0028213920491472625 1.8457556226799023 0.0037241343268067466
