0.681092367925376 0.002247503818529663 1.0360830192014008 0.0024467747043542807
0.7178873727542207 0.0024165875194099833 1.055998895746378 0.0026201367608723984
0.7480916299576237 0.002589848864061205 1.0750287699060048 0.0028112888013889403
0.778867761656624 0.0025813504249203494 1.0983743967219284 0.002840958781473868
0.8013136166164947 0.0028164207083614173 1.1168070902831937 0.003106405966675528
0.8229951481771788 0.002920965121006681 1.1323856462310524 0.0032352216681986565
0.8359781291350395 0.0029951229656600153 1.1582264404354898 0.003376549027869932
0.8497761264262479 0.0032450962802718928 1.1716225276661634 0.003640425838780274
0.862766091672223 0.0033905275194218063 1.1798027946759435 0.00376546223972868
0.8740752505618966 0.0034536621613509965 1.1946529797532885 0.0038457718852109458
0.8811974425369684 0.0037261965533068016 1.2057088900048805 0.004092471889692104
0.8873794771771337 0.00378570427856528 1.2276418231270652 0.0041806606766914105
0.895527874830247 0.003910590526116878 1.2356069757835484 0.004248701895310272
0.9009057593194135 0.004021813004458118 1.2506394500250095 0.004322439104157067
0.906831565656301 0.004212413823145003 1.257265172603602 0.004429595806842475
0.9128437779888128 0.004276173187323832 1.266277565400834 0.004416583281014893
0.9177463866130833 0.00436629796790486 1.2783112745626504 0.00444113211683808
0.921508696425628 0.00440071617385162 1.289005983033817 0.004405163758854815
0.9236594433262592 0.004485517225608128 1.2956992452095637 0.004407047763039247
0.9235580637922561 0.004478457165609504 1.3066686709754858 0.004349917196116212
0.9226611874952154 0.004456235099070623 1.3231997308933228 0.0042988247339886985
0.919511189925517 0.004502842678156463 1.3301604673794623 0.004304162148801394
0.9166408535533324 0.004365771305368628 1.3593781469797324 0.0041976205474727165
0.9112406017500615 0.00434954859406022 1.3695058486006664 0.0041680190741956325
0.9047796721266593 0.004256522686730435 1.3959128932928866 0.004106613386773493
0.8972362416671229 0.004169294816268368 1.4146026835369219 0.004042663944429099
0.8875633240525858 0.004043062093484586 1.4285180826763426 0.003940184459710992
0.8777828481083573 0.003853667766775369 1.450658718321122 0.003791893077170611
0.8725230668493397 0.0038003357888705814 1.4770369866907087 0.003795565909983961
0.8641165411510333 0.003635639168791483 1.5040791953053985 0.0036896268856879233
0.859782743822004 0.0035013034635563763 1.5411404114454075 0.0036190351090281767
0.8550105395751637 0.003420698078505117 1.5711044881956933 0.0035963452070960525
0.8487190038308204 0.0032783726416235294 1.5905573146387484 0.0035262263149925936
0.8428279651306875 0.003116768224655265 1.6198800613607807 0.0034576559881283725
0.8468356409019796 0.003019876256133997 1.656033566770234 0.0034294379632544532
0.8439119203488826 0.002951826691537973 1.673378044017178 0.003503762879102768
0.8476622375077919 0.0028601738407792905 1.703227769723261 0.003487287012243142
0.8539525512424102 0.0028625920982654042 1.7227389884297766 0.003587669648278282
0.8612753328837838 0.0027939079241713675 1.7442251541240605 0.00361110044770679
0.8690094723553385 0.002749910533598537 1.7661757847857544 0.0036518295926017603
0.878005668115498 0.002643298918874513 1.7875655825246861 0.0035918072021198988
0.8936167306347816 0.0027157048672849684 1.796593768443232 0.003711203014362098
0.9058979703393163 0.0026397302624052224 1.8147119076160543 0.0036446120821446402
0.9177645839331929 0.002725606240398588 1.817846849165813 0.003766072282972988
0.9320855204631385 0.0026871942096988234 1.8292293278632257 0.003717128073046967
0.9441779571990692 0.0027440532235156563 1.828804906000063 0.003767267285706594
0.9562168068665178 0.002737098420876488 1.8372689792148336 0.0037336860705628654
0.9654321871929515 0.002750819119511558 1.8414810854845625 0.00372748952503894
0.9739668666323094 0.002831927166523101 1.8359688732487092 0.0037914311028678653
0.9811743429870117 0.002819737117198014 1.841975946411986 0.0037585355591212245
