0.7054765421932859 0.002451221056905935 1.0629201046963181 0.002738441100229453
0.7368327180279466 0.002478399741408585 1.0929930523157876 0.0028284488324937765
0.7642794415662175 0.0026673677085218535 1.11208907011716 0.0030303512068860505
0.7929477739644761 0.0028618359273886165 1.1236126586291044 0.0031985470713916018
0.8140406668632109 0.0029641198819766765 1.1452881688278518 0.0033446163435046574
0.8331135386131097 0.0031602245840956873 1.1585226100155352 0.0035354481297722846
0.8479744482964939 0.003230422047643909 1.1801094700182082 0.0036581250547346638
0.8576246675326505 0.0034215115440098622 1.1976445289110342 0.003859995262259431
0.8687882999425877 0.0035222197726999314 1.2168610204713095 0.003978123060983169
0.8779299092390987 0.0037263937561289396 1.2268228706457 0.0041394765018057875
0.8872765533517211 0.0038692772304589427 1.2331551020534066 0.004217089233530211
0.8923678360941105 0.004001814905185112 1.249656112481191 0.004315275402265266
0.8989234754757677 0.004054240060027253 1.2639064026676956 0.0043249774660837955
0.9049148816278112 0.004140953433736518 1.2659032766827418 0.004303027672548154
0.9082786825187072 0.004209503445489904 1.2875339205193468 0.0043366910361918
0.9113892775362508 0.004249707801411401 1.3081157475573206 0.004337473733439119
0.9123231291872576 0.00433160997509033 1.3102476323868726 0.0043121315255037615
0.912919071411376 0.004417024680852555 1.3205933755253116 0.0043406785585631815
0.9112537103797693 0.004332077208720562 1.3402201863799763 0.004232510933553812
0.907539436586671 0.004297726023362589 1.3573818634942254 0.004177279154643161
0.9030037215098509 0.004216818108403028 1.372578206849556 0.004080752746199873
0.8970026160012115 0.004135503303065314 1.3935711012054761 0.004006200559518852
0.889046853351522 0.004035870421385954 1.4095394858580979 0.0039189732495336005
0.8826683562362078 0.003961372337470117 1.4331198640488645 0.003871038493934453
0.8759572060638057 0.003873958211051568 1.4583885613696344 0.0038384229095895285
0.8680056203346985 0.0037117028684930673 1.4904557167032844 0.003727642081570184
0.8588124442381803 0.0035852628571490896 1.5079969256635481 0.00365460491365321
0.8535661860052958 0.0034090010786656725 1.545348778269354 0.0035448929789903363
0.8473400493077196 0.0033284030063333286 1.5696236598095268 0.003537981029693397
0.8439479040385388 0.0031938081684068304 1.604168396198408 0.0034910485370570872
0.8446136392485205 0.0030682715127657184 1.6388752576349999 0.003436892371979847
0.8419478608814172 0.0029279990292594977 1.6640323519620215 0.0033964112137971217
0.8449049037803152 0.0028870434532870786 1.6910884484851973 0.0034672044705787207
0.847688812956017 0.0027765742521651906 1.7171413162745226 0.0034382076419889845
0.8561886977462753 0.002797379492569947 1.7370880087758866 0.0035676357503868395
0.8627924890064048 0.0026790219510710142 1.7603366636351563 0.003531899239812188
0.8744311587957935 0.002671708036286014 1.7781305056928352 0.0035870525224384977
0.885225432950809 0.0026463575333874915 1.7937659380184277 0.0036169776941725835
0.8983993037679663 0.002689866441060609 1.8006371303251336 0.0037077221658162454
0.9109920400947804 0.0026694380410324948 1.8148961315454355 0.0037029263983828042
0.9248696362921656 0.002656607679500375 1.8267280743326693 0.0036880387739337047
0.9375124361115816 0.002733238498657944 1.8275968836352419 0.0037672864976009495
0.9488662171790303 0.0027388723229496924 1.8338322637834426 0.0037489548871415136
0.9602636722790897 0.002782977024379195 1.8367457269186067 0.0037727147153548933
0.9699843247981645 0.002797553816947949 1.8369184021069267 0.0037628229279817425
0.9775542114564909 0.0028039467688861625 1.8409786933633496 0.0037447723690196117
0.9838411648635274 0.0028422161784140854 1.8391609909258029 0.003765385736819611
0.989010905269717 0.002859811871387307 1.8398437699374344 0.003766669906224916
0.9922192829482946 0.0028734776798675873 1.8399881021187077 0.0037683054199843555
0.9949726095961325 0.002810179886398455 1.8474473004769107 0.0036894399284957925
