0.7002356547563418 0.002335840965960998 1.0645251491241565 0.0026366304371944864
0.7349288706461339 0.002483534716878317 1.0860613132624164 0.0028027220274095283
0.7604178462963861 0.0027100742451202147 1.104324251892238 0.003034204507253631
0.7887175682585559 0.002865708431314277 1.120741634599627 0.003205443284157786
0.8095470293230322 0.0029854305838031363 1.143224865745776 0.003371928303347569
0.8289381114827008 0.003105672496670035 1.1615189878226557 0.0035171721375997066
0.8437299474630462 0.003236118662004074 1.180129822592019 0.003672629896615258
0.8578604626807127 0.0034039636507450784 1.192467531630429 0.0038334818371238014
0.867607860167528 0.003566265752572253 1.2084537537674076 0.004000107224864962
0.8770487590599846 0.0036926081585389337 1.2188607644871225 0.00409022425851038
0.8866033334966675 0.0038569523471305147 1.2284625181091902 0.004208221583754639
0.8918452618152093 0.00396779932833145 1.2451704349321921 0.004293490111522156
0.8996555355580096 0.00403735365858299 1.2527084376654152 0.0042927041373337135
0.904533924303019 0.00413422533639313 1.2729505342533756 0.0043635700520223706
0.9082633259712277 0.004247346126819781 1.2811117023514031 0.004386294757511757
0.9126487888728619 0.004290884092313418 1.296497207317728 0.004370697072306291
0.9150949075316802 0.004343980728816914 1.2982992516361025 0.0043193082883403
0.9152722391630758 0.004388575797985264 1.3195995362367585 0.004335715432939058
0.9138140323301435 0.004354738171835462 1.3323388031928705 0.004252254568814766
0.9116302548004827 0.00435283644896157 1.3458609813622784 0.004213718429893608
0.9077136310810994 0.004201911149913447 1.367541559973638 0.004070882120396062
0.9022885153639177 0.004229907923796917 1.3814610355790928 0.004087275153040107
0.8956907455990218 0.004174379081351044 1.4022435773018747 0.004048292420858285
0.888210006312044 0.003974386086379406 1.4295451542572093 0.0038720208366408034
0.8813902596321285 0.003899421479668591 1.4536436164386972 0.0038392811197596674
0.8734247585315912 0.003789016347290412 1.471600644434819 0.0037722522696122724
0.8663016494906434 0.0036595129164763295 1.5045243250619909 0.003702052555736404
0.8571473911081845 0.003489327731243231 1.5332971792123216 0.003589439350525953
0.852912602344196 0.0033937385272675732 1.5594405296281038 0.0035735900385235673
0.8467856773948288 0.003247385182256063 1.586894897132879 0.0034818814885353476
0.8425277692391767 0.003099201279474677 1.621692528428614 0.0034102781501313406
0.8412746934102882 0.0030586081495783944 1.640083964465848 0.003498820891657742
0.8431258579623455 0.002927312485217769 1.674040102451533 0.0034418886533106696
0.8478649518368427 0.0028623871325489697 1.7024238833381455 0.0034664455102554692
0.8524853580395276 0.0027845882393718957 1.7285852924569725 0.0034737019361010366
0.8583822006237636 0.0027070015295603336 1.749143434052622 0.0035059501551051703
0.8681791460978359 0.0027044530576279847 1.7680212479861162 0.0035784560495432283
0.8789771822740284 0.0027139521315209195 1.7810522426962319 0.003668377620028584
0.889793881712222 0.0026609512354375847 1.798516907056212 0.003663150300603886
0.9029762584742453 0.0026829562475041624 1.8078646613610245 0.0037134539691072513
0.9175379909224943 0.0026956732413856758 1.8162477515217823 0.003728496923312538
0.9307482449546637 0.002700702074528637 1.82510423174511 0.003739642661631838
0.9421649145982554 0.002672190208739117 1.836901530146532 0.0036821053593988407
0.9538904349587686 0.0027157422624863765 1.83703815914917 0.003703999044085124
0.964079053314481 0.002725691709326181 1.8419399192733275 0.0036977017318644972
0.9731525463701752 0.002797439579874111 1.8382444302798904 0.003751445525052149
0.9801071118863598 0.0027392071433080534 1.8482109644413063 0.0036624054436902153
0.9858195882099171 0.0028760672087657048 1.8376868963067006 0.0037972821712828355
0.9905135904505489 0.002821927585421625 1.8409283006495039 0.003712643710027696
0.993679671404366 0.0028135119124815386 1.846800119310162 0.003698904941868401
