0.9999029667868138 0.00014141479260777425 0.9999999965811239 0.00010000000000000122
0.9999999966011738 0.00014142135599697707 1.0 0.0001
0.9999999999998747 0.00014142135623730064 1.0 0.0001
1.0 0.0001414213562373095 1.0 0.0001
1.0 0.0001414213562373095 1.0 0.0001
1.0 0.0001414213562373095 1.0 0.0001
1.0 0.0001414213562373095 1.0 0.0001
1.0 0.0001414213562373095 1.0 0.0001
1.0 0.0001414213562373095 1.0 0.0001
1.0 0.0001414213562373095 1.0 0.0001
1.0 0.0001414213562373095 1.0 0.0001
1.0 0.0001414213562373095 1.0 0.0001
1.0 0.0001414213562373095 1.0 0.0001
1.0 0.0001414213562373095 1.0 0.0001
1.0 0.0001414213562373095 1.0 0.0001
1.0 0.0001414213562373095 1.0 0.0001
1.0 0.0001414213562373095 1.0 0.0001
1.0 0.0001414213562373095 1.0 0.0001
1.0 0.0001414213562373095 1.0 0.0001
1.0 0.0001414213562373095 1.0 0.0001
1.0 0.0001414213562373095 1.0 0.0001
1.0 0.0001414213562373095 1.0 0.0001
1.0 0.0001414213562373095 1.0 0.0001
1.0 0.0001414213562373095 1.0 0.0001
1.0 0.0001414213562373095 1.0 0.0001
1.0 0.0001414213562373095 1.0 0.0001
1.0 0.0001414213562373095 1.0 0.0001
1.0 0.0001414213562373095 1.0 0.0001
1.0 0.0001414213562373095 1.0 0.0001
1.0 0.0001414213562373095 1.0 0.0001
1.0 0.0001414213562373095 1.0 0.0001
1.0 0.0001414213562373095 1.0 0.0001
1.0 0.0001414213562373095 1.0 0.0001
1.0 0.0001414213562373095 1.0 0.0001
1.0 0.0001414213562373095 1.0 0.0001
1.0 0.0001414213562373095 1.0 0.0001
1.0 0.0001414213562373095 1.0 0.0001
1.0 0.0001414213562373095 1.0 0.0001
1.0 0.0001414213562373095 1.0 0.0001
1.0 0.0001414213562373095 1.0 0.0001
1.0 0.0001414213562373095 1.0 0.0001
1.0 0.0001414213562373095 1.0 0.0001
1.0 0.0001414213562373095 1.0 0.0001
1.0 0.0001414213562373095 1.0 0.0001
1.0 0.0001414213562373095 1.0 0.0001
1.0 0.0001414213562373095 1.0 0.0001
1.0 0.0001414213562373095 1.0 0.0001
1.0 0.0001414213562373095 1.0 0.0001
1.0 0.0001414213562373095 1.0 0.0001
1.0 0.0001414213562373095 1.0 0.0001
1.0 0.0001414213562373095 1.0 0.0001
1.0 0.0001414213562373095 1.0 0.0001
1.0 0.0001414213562373095 1.0 0.0001
1.0 0.0001414213562373095 1.0 0.0001
1.0 0.0001414213562373095 1.0 0.0001
1.0 0.0001414213562373095 1.0 0.0001
1.0 0.0001414213562373095 1.0 0.0001
1.0 0.0001414213562373095 1.0 0.0001
1.0 0.0001414213562373095 1.0 0.0001
1.0 0.0001414213562373095 1.0 0.0001
1.0 0.0001414213562373095 1.0 0.0001
1.0 0.0001414213562373095 1.0 0.0001
1.0 0.0001414213562373095 1.0 0.0001
1.0 0.0001414213562373095 1.0 0.0001
1.0 0.0001414213562373095 1.0 0.0001
1.0 0.0001414213562373095 1.0 0.0001
1.0 0.0001414213562373095 1.0 0.0001
1.0 0.0001414213562373095 1.0 0.0001
1.0 0.0001414213562373095 1.0 0.0001
1.0 0.0001414213562373095 1.0 0.0001
1.0 0.0001414213562373095 1.0 0.0001
1.0 0.0001414213562373095 1.0 0.0001
1.0 0.0001414213562373095 1.0 0.0001
1.0 0.0001414213562373095 1.0 0.0001
1.0 0.0001414213562373095 1.0 0.0001
1.0 0.0001414213562373095 1.0 0.0001
1.0 0.0001414213562373095 1.0 0.0001
1.0 0.0001414213562373095 1.0 0.0001
1.0 0.0001414213562373095 1.0 0.0001
1.0 0.0001414213562373095 1.0 0.0001
1.0 0.0001414213562373095 1.0 0.0001
1.0 0.0001414213562373095 1.0 0.0001
1.0 0.0001414213562373095 1.0 0.0001
1.0 0.0001414213562373095 1.0 0.0001
1.0 0.0001414213562373095 1.0 0.0001
1.0 0.0001414213562373095 1.0 0.0001
1.0 0.0001414213562373095 1.0 0.0001
1.0 0.0001414213562373095 1.0 0.0001
1.0 0.0001414213562373095 1.0 0.0001
1.0 0.0001414213562373095 1.0 0.0001
1.0 0.0001414213562373095 1.0 0.0001
1.0 0.0001414213562373095 1.0 0.0001
1.0 0.0001414213562373095 1.0 0.0001
1.0 0.0001414213562373095 1.0 0.0001
1.0 0.0001414213562373095 1.0 0.0001
1.0 0.0001414213562373095 1.0 0.0001
1.0 0.0001414213562373095 1.0 0.0001
1.0 0.0001414213562373095 1.0 0.0001
1.0 0.0001414213562373095 1.0 0.0001
