0.9996171517925233 0.00014139883285664069 0.9999999468409023 0.00010000000000029334
0.9999999468141196 0.00014142135247670706 0.9999999999999988 0.0001
0.9999999999922915 0.00014142135623676445 1.0 0.0001
0.9999999999999988 0.00014142135623730943 1.0 0.0001
1.0 0.0001414213562373095 1.0 0.0001
1.0 0.0001414213562373095 1.0 0.0001
1.0 0.0001414213562373095 1.0 0.0001
1.0 0.0001414213562373095 1.0 0.0001
1.0 0.0001414213562373095 1.0 0.0001
1.0 0.0001414213562373095 1.0 0.0001
1.0 0.0001414213562373095 1.0 0.0001
1.0 0.0001414213562373095 1.0 0.0001
1.0 0.0001414213562373095 1.0 0.0001
1.0 0.0001414213562373095 1.0 0.0001
1.0 0.0001414213562373095 1.0 0.0001
1.0 0.0001414213562373095 1.0 0.0001
1.0 0.0001414213562373095 1.0 0.0001
1.0 0.0001414213562373095 1.0 0.0001
1.0 0.0001414213562373095 1.0 0.0001
1.0 0.0001414213562373095 1.0 0.0001
1.0 0.0001414213562373095 1.0 0.0001
1.0 0.0001414213562373095 1.0 0.0001
1.0 0.0001414213562373095 1.0 0.0001
1.0 0.0001414213562373095 1.0 0.0001
1.0 0.0001414213562373095 1.0 0.0001
1.0 0.0001414213562373095 1.0 0.0001
1.0 0.0001414213562373095 1.0 0.0001
1.0 0.0001414213562373095 1.0 0.0001
1.0 0.0001414213562373095 1.0 0.0001
1.0 0.0001414213562373095 1.0 0.0001
1.0 0.0001414213562373095 1.0 0.0001
1.0 0.0001414213562373095 1.0 0.0001
1.0 0.0001414213562373095 1.0 0.0001
1.0 0.0001414213562373095 1.0 0.0001
1.0 0.0001414213562373095 1.0 0.0001
1.0 0.0001414213562373095 1.0 0.0001
1.0 0.0001414213562373095 1.0 0.0001
1.0 0.0001414213562373095 1.0 0.0001
1.0 0.0001414213562373095 1.0 0.0001
1.0 0.0001414213562373095 1.0 0.0001
1.0 0.0001414213562373095 1.0 0.0001
1.0 0.0001414213562373095 1.0 0.0001
1.0 0.0001414213562373095 1.0 0.0001
1.0 0.0001414213562373095 1.0 0.0001
1.0 0.0001414213562373095 1.0 0.0001
1.0 0.0001414213562373095 1.0 0.0001
1.0 0.0001414213562373095 1.0 0.0001
1.0 0.0001414213562373095 1.0 0.0001
1.0 0.0001414213562373095 1.0 0.0001
1.0 0.0001414213562373095 1.0 0.0001
1.0 0.0001414213562373095 1.0 0.0001
1.0 0.0001414213562373095 1.0 0.0001
1.0 0.0001414213562373095 1.0 0.0001
1.0 0.0001414213562373095 1.0 0.0001
1.0 0.0001414213562373095 1.0 0.0001
1.0 0.0001414213562373095 1.0 0.0001
1.0 0.0001414213562373095 1.0 0.0001
1.0 0.0001414213562373095 1.0 0.0001
1.0 0.0001414213562373095 1.0 0.0001
1.0 0.0001414213562373095 1.0 0.0001
1.0 0.0001414213562373095 1.0 0.0001
1.0 0.0001414213562373095 1.0 0.0001
1.0 0.0001414213562373095 1.0 0.0001
1.0 0.0001414213562373095 1.0 0.0001
1.0 0.0001414213562373095 1.0 0.0001
1.0 0.0001414213562373095 1.0 0.0001
1.0 0.0001414213562373095 1.0 0.0001
1.0 0.0001414213562373095 1.0 0.0001
1.0 0.0001414213562373095 1.0 0.0001
1.0 0.0001414213562373095 1.0 0.0001
1.0 0.0001414213562373095 1.0 0.0001
1.0 0.0001414213562373095 1.0 0.0001
1.0 0.0001414213562373095 1.0 0.0001
1.0 0.0001414213562373095 1.0 0.0001
1.0 0.0001414213562373095 1.0 0.0001
1.0 0.0001414213562373095 1.0 0.0001
1.0 0.0001414213562373095 1.0 0.0001
1.0 0.0001414213562373095 1.0 0.0001
1.0 0.0001414213562373095 1.0 0.0001
1.0 0.0001414213562373095 1.0 0.0001
1.0 0.0001414213562373095 1.0 0.0001
1.0 0.0001414213562373095 1.0 0.0001
1.0 0.0001414213562373095 1.0 0.0001
1.0 0.0001414213562373095 1.0 0.0001
1.0 0.0001414213562373095 1.0 0.0001
1.0 0.0001414213562373095 1.0 0.0001
1.0 0.0001414213562373095 1.0 0.0001
1.0 0.0001414213562373095 1.0 0.0001
1.0 0.0001414213562373095 1.0 0.0001
1.0 0.0001414213562373095 1.0 0.0001
1.0 0.0001414213562373095 1.0 0.0001
1.0 0.0001414213562373095 1.0 0.0001
1.0 0.0001414213562373095 1.0 0.0001
1.0 0.0001414213562373095 1.0 0.0001
1.0 0.0001414213562373095 1.0 0.0001
1.0 0.0001414213562373095 1.0 0.0001
1.0 0.0001414213562373095 1.0 0.0001
1.0 0.0001414213562373095 1.0 0.0001
1.0 0.0001414213562373095 1.0 0.0001
