0.999999041683999 0.00014142128850443418 0.9999999999996652 0.0001
0.9999999999996626 0.00014142135623728566 1.0 0.0001
1.0 0.0001414213562373095 1.0 0.0001
1.0 0.0001414213562373095 1.0 0.0001
1.0 0.0001414213562373095 1.0 0.0001
1.0 0.0001414213562373095 1.0 0.0001
1.0 0.0001414213562373095 1.0 0.0001
1.0 0.0001414213562373095 1.0 0.0001
1.0 0.0001414213562373095 1.0 0.0001
1.0 0.0001414213562373095 1.0 0.0001
1.0 0.0001414213562373095 1.0 0.0001
1.0 0.0001414213562373095 1.0 0.0001
1.0 0.0001414213562373095 1.0 0.0001
1.0 0.0001414213562373095 1.0 0.0001
1.0 0.0001414213562373095 1.0 0.0001
1.0 0.0001414213562373095 1.0 0.0001
1.0 0.0001414213562373095 1.0 0.0001
1.0 0.0001414213562373095 1.0 0.0001
1.0 0.0001414213562373095 1.0 0.0001
1.0 0.0001414213562373095 1.0 0.0001
1.0 0.0001414213562373095 1.0 0.0001
1.0 0.0001414213562373095 1.0 0.0001
1.0 0.0001414213562373095 1.0 0.0001
1.0 0.0001414213562373095 1.0 0.0001
1.0 0.0001414213562373095 1.0 0.0001
1.0 0.0001414213562373095 1.0 0.0001
1.0 0.0001414213562373095 1.0 0.0001
1.0 0.0001414213562373095 1.0 0.0001
1.0 0.0001414213562373095 1.0 0.0001
1.0 0.0001414213562373095 1.0 0.0001
1.0 0.0001414213562373095 1.0 0.0001
1.0 0.0001414213562373095 1.0 0.0001
1.0 0.0001414213562373095 1.0 0.0001
1.0 0.0001414213562373095 1.0 0.0001
1.0 0.0001414213562373095 1.0 0.0001
1.0 0.0001414213562373095 1.0 0.0001
1.0 0.0001414213562373095 1.0 0.0001
1.0 0.0001414213562373095 1.0 0.0001
1.0 0.0001414213562373095 1.0 0.0001
1.0 0.0001414213562373095 1.0 0.0001
1.0 0.0001414213562373095 1.0 0.0001
1.0 0.0001414213562373095 1.0 0.0001
1.0 0.0001414213562373095 1.0 0.0001
1.0 0.0001414213562373095 1.0 0.0001
1.0 0.0001414213562373095 1.0 0.0001
1.0 0.0001414213562373095 1.0 0.0001
1.0 0.0001414213562373095 1.0 0.0001
1.0 0.0001414213562373095 1.0 0.0001
1.0 0.0001414213562373095 1.0 0.0001
1.0 0.0001414213562373095 1.0 0.0001
1.0 0.0001414213562373095 1.0 0.0001
1.0 0.0001414213562373095 1.0 0.0001
1.0 0.0001414213562373095 1.0 0.0001
1.0 0.0001414213562373095 1.0 0.0001
1.0 0.0001414213562373095 1.0 0.0001
1.0 0.0001414213562373095 1.0 0.0001
1.0 0.0001414213562373095 1.0 0.0001
1.0 0.0001414213562373095 1.0 0.0001
1.0 0.0001414213562373095 1.0 0.0001
1.0 0.0001414213562373095 1.0 0.0001
1.0 0.0001414213562373095 1.0 0.0001
1.0 0.0001414213562373095 1.0 0.0001
1.0 0.0001414213562373095 1.0 0.0001
1.0 0.0001414213562373095 1.0 0.0001
1.0 0.0001414213562373095 1.0 0.0001
1.0 0.0001414213562373095 1.0 0.0001
1.0 0.0001414213562373095 1.0 0.0001
1.0 0.0001414213562373095 1.0 0.0001
1.0 0.0001414213562373095 1.0 0.0001
1.0 0.0001414213562373095 1.0 0.0001
1.0 0.0001414213562373095 1.0 0.0001
1.0 0.0001414213562373095 1.0 0.0001
1.0 0.0001414213562373095 1.0 0.0001
1.0 0.0001414213562373095 1.0 0.0001
1.0 0.0001414213562373095 1.0 0.0001
1.0 0.0001414213562373095 1.0 0.0001
1.0 0.0001414213562373095 1.0 0.0001
1.0 0.0001414213562373095 1.0 0.0001
1.0 0.0001414213562373095 1.0 0.0001
1.0 0.0001414213562373095 1.0 0.0001
1.0 0.0001414213562373095 1.0 0.0001
1.0 0.0001414213562373095 1.0 0.0001
1.0 0.0001414213562373095 1.0 0.0001
1.0 0.0001414213562373095 1.0 0.0001
1.0 0.0001414213562373095 1.0 0.0001
1.0 0.0001414213562373095 1.0 0.0001
1.0 0.0001414213562373095 1.0 0.0001
1.0 0.0001414213562373095 1.0 0.0001
1.0 0.0001414213562373095 1.0 0.0001
1.0 0.0001414213562373095 1.0 0.0001
1.0 0.0001414213562373095 1.0 0.0001
1.0 0.0001414213562373095 1.0 0.0001
1.0 0.0001414213562373095 1.0 0.0001
1.0 0.0001414213562373095 1.0 0.0001
1.0 0.0001414213562373095 1.0 0.0001
1.0 0.0001414213562373095 1.0 0.0001
1.0 0.0001414213562373095 1.0 0.0001
1.0 0.0001414213562373095 1.0 0.0001
1.0 0.0001414213562373095 1.0 0.0001
