0.001 0.03717840172970399 2.207717774659362e-05
0.0012067926406393288 0.052024476056174856 3.0114288499428493e-05
0.0014563484775012444 0.07212192205367607 4.087507881480556e-05
0.0017575106248547913 0.09894190757790268 5.40155905761299e-05
0.0021209508879201904 0.13431968612879028 6.953677240688543e-05
0.002559547922699536 0.1797572191788694 8.820925011948293e-05
0.0030888435964774815 0.23689622782342917 0.00010798521111232225
0.003727593720314938 0.30661739985269687 0.00012870368678276887
0.004498432668969444 0.3891147909562106 0.000150742963079302
0.005428675439323859 0.4814563595412111 0.00016581830545799793
0.006551285568595509 0.580418047125234 0.00017185492075875414
0.0079060432109077 0.6795651696881949 0.00016345603057475071
0.009540954763499945 0.7725411279517485 0.00014570233130473253
0.01151395399326447 0.8518984529401461 0.00011537143225228265
0.013894954943731374 0.9135440170823976 8.353425989901774e-05
0.016768329368110076 0.9555944846166862 5.221673758931991e-05
0.020235896477251564 0.980416683455045 2.7741843581885224e-05
0.02442053094548651 0.9928225346721058 1.2170194845613394e-05
0.029470517025518096 0.9978746353704221 4.181048279722595e-06
0.03556480306223128 0.9995174392908284 1.1237646293744198e-06
0.04291934260128776 0.9999193861484315 2.1620555749439556e-07
0.0517947467923121 0.9999907755739612 2.8719871370874124e-08
0.0625055192527397 0.999999317517152 2.390247510442585e-09
0.07543120063354615 0.9999999708203104 1.1695618544243452e-10
0.09102981779915217 0.9999999993432739 2.9262988503860844e-12
0.10985411419875583 0.9999999999931503 3.2959881577534896e-14
0.13257113655901082 0.9999999999999724 1.4259679979577133e-16
0.15998587196060574 1.0 1.9852824226569074e-18
0.19306977288832497 1.0 2.0326482703839957e-18
0.2329951810515372 1.0 1.954370971813434e-18
0.2811768697974228 1.0 9.699054745056637e-19
0.3393221771895326 1.0 0.0
0.4094915062380423 1.0 0.0
0.49417133613238334 1.0 0.0
0.5963623316594643 1.0 0.0
0.7196856730011514 1.0 0.0
0.868511373751352 1.0 0.0
1.0481131341546852 1.0 0.0
1.2648552168552958 1.0 0.0
1.5264179671752318 1.0 0.0
1.8420699693267144 1.0 0.0
2.2229964825261934 1.0 0.0
2.6826957952797246 1.0 0.0
3.2374575428176433 1.0 0.0
3.906939937054613 1.0 0.0
4.714866363457389 1.0 0.0
5.689866029018293 1.0 0.0
6.866488450042998 1.0 0.0
8.286427728546842 1.0 0.0
10.0 1.0 0.0
