0.001 0.02750973895584693 1.937030799366505e-05
0.0012067926406393288 0.03866519845045638 2.6821476082791123e-05
0.0014563484775012444 0.054046424388309186 3.641141497600117e-05
0.0017575106248547913 0.07474742266703661 4.8771184567473715e-05
0.0021209508879201904 0.10260984625232597 6.39256153219191e-05
0.002559547922699536 0.1390717057580431 8.400185825773772e-05
0.0030888435964774815 0.1857897435599013 0.0001049879574542079
0.003727593720314938 0.24441352599041202 0.0001312157756087062
0.004498432668969444 0.3155661102112891 0.00015226468311992954
0.005428675439323859 0.39863233797385295 0.0001753735564200922
0.006551285568595509 0.4925565322593813 0.00019172485625152817
0.0079060432109077 0.5915141749388205 0.00019374933474744537
0.009540954763499945 0.6907411015270444 0.00018701684697615707
0.01151395399326447 0.7822314908379182 0.00016331829413935355
0.013894954943731374 0.8599817059947602 0.00012995880015195574
0.016768329368110076 0.9192106442849792 9.218112757419396e-05
0.020235896477251564 0.9591096416728971 5.629021239595758e-05
0.02442053094548651 0.9823366192108905 2.9410376764560896e-05
0.029470517025518096 0.9936618723057864 1.2575774517570891e-05
0.03556480306223128 0.9981679802074175 4.179476646439739e-06
0.04291934260128776 0.9995963194018815 1.080791479300838e-06
0.0517947467923121 0.9999349883463188 1.9965429480453868e-07
0.0625055192527397 0.9999928588731102 2.525482461113176e-08
0.07543120063354615 0.9999994963299772 1.9756862748190285e-09
0.09102981779915217 0.9999999794742437 8.872754492101827e-11
0.10985411419875583 0.9999999995661742 2.0353860161632336e-12
0.13257113655901082 0.999999999995914 2.126374796906431e-14
0.15998587196060574 0.9999999999999843 8.374122534348316e-17
0.19306977288832497 1.0 2.0270617257671128e-18
0.2329951810515372 1.0 8.349585768102925e-19
0.2811768697974228 1.0 1.952225460429459e-18
0.3393221771895326 1.0 6.125373197167204e-19
0.4094915062380423 1.0 0.0
0.49417133613238334 1.0 0.0
0.5963623316594643 1.0 0.0
0.7196856730011514 1.0 0.0
0.868511373751352 1.0 0.0
1.0481131341546852 1.0 0.0
1.2648552168552958 1.0 0.0
1.5264179671752318 1.0 0.0
1.8420699693267144 1.0 0.0
2.2229964825261934 1.0 0.0
2.6826957952797246 1.0 0.0
3.2374575428176433 1.0 0.0
3.906939937054613 1.0 0.0
4.714866363457389 1.0 0.0
5.689866029018293 1.0 0.0
6.866488450042998 1.0 0.0
8.286427728546842 1.0 0.0
10.0 1.0 0.0
