0.001 0.04408647411263675 2.3056911463735685e-05
0.0012067926406393288 0.061431473019345505 3.2024765809489746e-05
0.0014563484775012444 0.08471688223260387 4.221399013800304e-05
0.0017575106248547913 0.11568095619083699 5.551417102219776e-05
0.0021209508879201904 0.15608589266653808 7.18879407856705e-05
0.002559547922699536 0.20729727568194936 9.179213514672858e-05
0.0030888435964774815 0.2708768029953013 0.00011079926422096787
0.003727593720314938 0.347074432281176 0.00013009255859828525
0.004498432668969444 0.434610340150801 0.00014655919005653997
0.005428675439323859 0.5308516105322926 0.00015441952574396126
0.006551285568595509 0.6304923541859591 0.00015022563947531597
0.0079060432109077 0.7277954857587491 0.00014220558030634398
0.009540954763499945 0.8148301641735445 0.00011976078685355961
0.01151395399326447 0.885645246073186 9.148752699428899e-05
0.013894954943731374 0.9372614953776467 6.186294917241068e-05
0.016768329368110076 0.9700785632336434 3.548525626113395e-05
0.020235896477251564 0.9879225439177001 1.7078346842898838e-05
0.02442053094548651 0.9960127692850026 6.734555685858388e-06
0.029470517025518096 0.998965335294009 2.054876722802749e-06
0.03556480306223128 0.999797902259434 4.6888309233692937e-07
0.04291934260128776 0.9999719599920692 7.571019067080374e-08
0.0517947467923121 0.9999974095054528 8.036188143240943e-09
0.0625055192527397 0.9999998544069533 5.210626305184913e-10
0.07543120063354615 0.999999995434887 1.8283864517212884e-11
0.09102981779915217 0.9999999999298389 3.120881372719817e-13
0.10985411419875583 0.999999999999539 2.2051847423087624e-15
0.13257113655901082 0.9999999999999989 5.1180197691943024e-18
0.15998587196060574 1.0 2.0385823153155828e-18
0.19306977288832497 1.0 6.089044468994093e-19
0.2329951810515372 1.0 8.452290561089219e-19
0.2811768697974228 1.0 3.14018491736755e-20
0.3393221771895326 1.0 0.0
0.4094915062380423 1.0 0.0
0.49417133613238334 1.0 0.0
0.5963623316594643 1.0 0.0
0.7196856730011514 1.0 0.0
0.868511373751352 1.0 0.0
1.0481131341546852 1.0 0.0
1.2648552168552958 1.0 0.0
1.5264179671752318 1.0 0.0
1.8420699693267144 1.0 0.0
2.2229964825261934 1.0 0.0
2.6826957952797246 1.0 0.0
3.2374575428176433 1.0 0.0
3.906939937054613 1.0 0.0
4.714866363457389 1.0 0.0
5.689866029018293 1.0 0.0
6.866488450042998 1.0 0.0
8.286427728546842 1.0 0.0
10.0 1.0 0.0
