0.001 0.0990324897079741 3.535733828886005e-05
0.0012067926406393288 0.11822302985638705 4.1846822983135306e-05
0.0014563484775012444 0.1409425187422665 4.9114352604400347e-05
0.0017575106248547913 0.16739596243516058 5.7123719065818595e-05
0.0021209508879201904 0.19846634898385843 6.593256117121104e-05
0.002559547922699536 0.2343130550003786 7.679175171912658e-05
0.0030888435964774815 0.275341982069768 8.657431148235577e-05
0.003727593720314938 0.32202460873479566 9.90339396759119e-05
0.004498432668969444 0.37434256631015633 0.00010760791791154982
0.005428675439323859 0.4319668538598793 0.00011864268928231931
0.006551285568595509 0.4950378073081276 0.0001278854068440148
0.0079060432109077 0.5613640834262095 0.00013180128957681516
0.009540954763499945 0.6302033120482622 0.00013520188914685239
0.01151395399326447 0.6987664529850972 0.00013157337978948432
0.013894954943731374 0.764951593682552 0.00012340024902919496
0.016768329368110076 0.8257057915213123 0.00011074860642552853
0.020235896477251564 0.8785037534070868 9.176879218917661e-05
0.02442053094548651 0.921467071713119 7.139870016403342e-05
0.029470517025518096 0.9535647510486278 5.04877277382629e-05
0.03556480306223128 0.9752718331612644 3.119015371092713e-05
0.04291934260128776 0.9884836162655746 1.736843709118822e-05
0.0517947467923121 0.9954085345809777 8.11884209209671e-06
0.0625055192527397 0.9984890487721888 3.1619573000851265e-06
0.07543120063354615 0.9996015921899767 9.596893969916524e-07
0.09102981779915217 0.9999202746524357 2.2049824366738414e-07
0.10985411419875583 0.9999885290273581 3.6092600101209336e-08
0.13257113655901082 0.9999989042970309 4.0174149834389835e-09
0.15998587196060574 0.9999999342065635 2.667448103325682e-10
0.19306977288832497 0.9999999978058709 9.935530979335497e-12
0.2329951810515372 0.9999999999630409 1.794283715452573e-13
0.2811768697974228 0.9999999999997367 1.4047982430603579e-15
0.3393221771895326 0.9999999999999997 4.984184258434347e-18
0.4094915062380423 1.0 0.0
0.49417133613238334 1.0 0.0
0.5963623316594643 1.0 0.0
0.7196856730011514 1.0 0.0
0.868511373751352 1.0 0.0
1.0481131341546852 1.0 0.0
1.2648552168552958 1.0 0.0
1.5264179671752318 1.0 0.0
1.8420699693267144 1.0 0.0
2.2229964825261934 1.0 0.0
2.6826957952797246 1.0 0.0
3.2374575428176433 1.0 0.0
3.906939937054613 1.0 0.0
4.714866363457389 1.0 0.0
5.689866029018293 1.0 0.0
6.866488450042998 1.0 0.0
8.286427728546842 1.0 0.0
10.0 1.0 0.0
