0.001 0.13976415385616725 3.4179031445147666e-05
0.0012067926406393288 0.16605225658002834 3.9308771045700124e-05
0.0014563484775012444 0.1968869098939999 4.629620895894786e-05
0.0017575106248547913 0.23246975372068368 5.334490172169584e-05
0.0021209508879201904 0.273319334854438 6.173749935069348e-05
0.002559547922699536 0.31983871958784954 7.013913723058642e-05
0.0030888435964774815 0.37182067752445175 7.64605008675785e-05
0.003727593720314938 0.4293487865731917 8.504689073340725e-05
0.004498432668969444 0.49169074034429894 8.926390289514586e-05
0.005428675439323859 0.5583969902365525 9.473522649757125e-05
0.006551285568595509 0.6267712536430383 9.54953302935254e-05
0.0079060432109077 0.6954627095970923 9.217288243892343e-05
0.009540954763499945 0.7620544493185666 8.920350325716572e-05
0.01151395399326447 0.8229981733614928 7.722455250337036e-05
0.013894954943731374 0.8762576464295014 6.484007739178184e-05
0.016768329368110076 0.9197347173843351 5.11972115397884e-05
0.020235896477251564 0.9523180017834851 3.654901360482661e-05
0.02442053094548651 0.974582878097311 2.3241526459540076e-05
0.029470517025518096 0.9880954311943894 1.2869698076910057e-05
0.03556480306223128 0.9952260605093879 6.1131483686809434e-06
0.04291934260128776 0.9984128356518862 2.3912301210538e-06
0.0517947467923121 0.9995816022221845 7.5037452607032e-07
0.0625055192527397 0.9999159969214344 1.776900495117148e-07
0.07543120063354615 0.9999878152903275 2.961436875815369e-08
0.09102981779915217 0.9999988133825216 3.320832251863124e-09
0.10985411419875583 0.9999999287663645 2.2896794488451936e-10
0.13257113655901082 0.999999997606059 8.810263974002688e-12
0.15998587196060574 0.9999999999596625 1.6537777168040152e-13
0.19306977288832497 0.9999999999997079 1.3309014588450405e-15
0.2329951810515372 0.9999999999999989 5.1546161722293246e-18
0.2811768697974228 1.0 0.0
0.3393221771895326 1.0 0.0
0.4094915062380423 1.0 0.0
0.49417133613238334 1.0 0.0
0.5963623316594643 1.0 0.0
0.7196856730011514 1.0 0.0
0.868511373751352 1.0 0.0
1.0481131341546852 1.0 0.0
1.2648552168552958 1.0 0.0
1.5264179671752318 1.0 0.0
1.8420699693267144 1.0 0.0
2.2229964825261934 1.0 0.0
2.6826957952797246 1.0 0.0
3.2374575428176433 1.0 0.0
3.906939937054613 1.0 0.0
4.714866363457389 1.0 0.0
5.689866029018293 1.0 0.0
6.866488450042998 1.0 0.0
8.286427728546842 1.0 0.0
10.0 1.0 0.0
