0.001 0.10681077476187766 3.55185907860217e-05
0.0012067926406393288 0.12735512832866244 4.084966596689862e-05
0.0014563484775012444 0.15168108860947266 4.941339905524613e-05
0.0017575106248547913 0.18005758804542543 5.660147756244327e-05
0.0021209508879201904 0.21296559626983702 6.634753161668945e-05
0.002559547922699536 0.25115741480622816 7.643531206604339e-05
0.0030888435964774815 0.2944419823815515 8.506193127143372e-05
0.003727593720314938 0.3434755280155594 9.540655522336098e-05
0.004498432668969444 0.3981576448393462 0.00010579381443218557
0.005428675439323859 0.4582008294651713 0.0001150677439456433
0.006551285568595509 0.5226968443901852 0.00012154105122164237
0.0079060432109077 0.5903254136611428 0.0001255921458877112
0.009540954763499945 0.6592102572373006 0.0001259998657027879
0.01151395399326447 0.7271468552322218 0.00011911480280001466
0.013894954943731374 0.7914892166278303 0.00010922363244391681
0.016768329368110076 0.8492866491330706 9.665099999977208e-05
0.020235896477251564 0.8980091854220061 7.724763886847491e-05
0.02442053094548651 0.9363070450750596 5.7702625662597216e-05
0.029470517025518096 0.9638806534124038 3.8610353138256706e-05
0.03556480306223128 0.9818024609260432 2.3158741301922795e-05
0.04291934260128776 0.992041187013615 1.2011504439117216e-05
0.0517947467923121 0.9970634078168868 5.235359135891327e-06
0.0625055192527397 0.9991162406741457 1.8328346000711772e-06
0.07543120063354615 0.9997933036264991 5.082933919922782e-07
0.09102981779915217 0.999963798574864 1.0170262355254068e-07
0.10985411419875583 0.9999955757952336 1.4199145787403922e-08
0.13257113655901082 0.9999996521022562 1.291579094737038e-09
0.15998587196060574 0.9999999835126393 6.778869589403936e-11
0.19306977288832497 0.9999999995828249 1.8756418306517876e-12
0.2329951810515372 0.9999999999950735 2.4300068875661222e-14
0.2811768697974228 0.9999999999999769 1.2381367650167566e-16
0.3393221771895326 1.0 1.1102230246251566e-20
0.4094915062380423 1.0 0.0
0.49417133613238334 1.0 0.0
0.5963623316594643 1.0 0.0
0.7196856730011514 1.0 0.0
0.868511373751352 1.0 0.0
1.0481131341546852 1.0 0.0
1.2648552168552958 1.0 0.0
1.5264179671752318 1.0 0.0
1.8420699693267144 1.0 0.0
2.2229964825261934 1.0 0.0
2.6826957952797246 1.0 0.0
3.2374575428176433 1.0 0.0
3.906939937054613 1.0 0.0
4.714866363457389 1.0 0.0
5.689866029018293 1.0 0.0
6.866488450042998 1.0 0.0
8.286427728546842 1.0 0.0
10.0 1.0 0.0
