0.001 0.12665397839752165 3.423694434620445e-05
0.0012067926406393288 0.15084303951462397 4.102150484335202e-05
0.0014563484775012444 0.17902485589629294 4.721333177085016e-05
0.0017575106248547913 0.21185417085117725 5.4729482781893046e-05
0.0021209508879201904 0.24980127664500978 6.325142116675464e-05
0.002559547922699536 0.29299450153683193 7.293362558484609e-05
0.0030888435964774815 0.34194591784895795 8.140252589298467e-05
0.003727593720314938 0.3965408631445679 9.015111117229737e-05
0.004498432668969444 0.4562805762832837 9.826891061605561e-05
0.005428675439323859 0.520590424577925 0.00010333931177457948
0.006551285568595509 0.5879418355336795 0.00010395685417312754
0.0079060432109077 0.6571085643697696 0.00010669930441410826
0.009540954763499945 0.725212775843572 0.0001018404704146627
0.01151395399326447 0.789577011135331 9.389226087162419e-05
0.013894954943731374 0.847603546140027 8.240334148427814e-05
0.016768329368110076 0.8966853050212213 6.624947107195164e-05
0.020235896477251564 0.9353079495774631 4.928591550089769e-05
0.02442053094548651 0.9632354220480296 3.372207075482667e-05
0.029470517025518096 0.9814185647677023 2.0097090088647792e-05
0.03556480306223128 0.9918356968655182 1.0439116821594017e-05
0.04291934260128776 0.9969741733162552 4.590314367543971e-06
0.0517947467923121 0.9990850229933982 1.6392551234017414e-06
0.0625055192527397 0.999784477156196 4.569925633944209e-07
0.07543120063354615 0.9999621207808664 9.322617926121099e-08
0.09102981779915217 0.9999953495395574 1.326766620314475e-08
0.10985411419875583 0.999999626788179 1.2007354137271091e-09
0.13257113655901082 0.9999999823041172 6.495129224140404e-11
0.15998587196060574 0.999999999548735 1.844548079894229e-12
0.19306977288832497 0.9999999999946203 2.4504193938813255e-14
0.2329951810515372 0.9999999999999741 1.2883201102109576e-16
0.2811768697974228 1.0 1.570092458683775e-20
0.3393221771895326 1.0 0.0
0.4094915062380423 1.0 0.0
0.49417133613238334 1.0 0.0
0.5963623316594643 1.0 0.0
0.7196856730011514 1.0 0.0
0.868511373751352 1.0 0.0
1.0481131341546852 1.0 0.0
1.2648552168552958 1.0 0.0
1.5264179671752318 1.0 0.0
1.8420699693267144 1.0 0.0
2.2229964825261934 1.0 0.0
2.6826957952797246 1.0 0.0
3.2374575428176433 1.0 0.0
3.906939937054613 1.0 0.0
4.714866363457389 1.0 0.0
5.689866029018293 1.0 0.0
6.866488450042998 1.0 0.0
8.286427728546842 1.0 0.0
10.0 1.0 0.0
