0.001 0.0027351100536591733 2.0750356574229453e-06
0.0012067926406393288 0.004586398027930172 3.360687682734194e-06
0.0014563484775012444 0.007645004120786725 5.55581331569117e-06
0.0017575106248547913 0.012583225188223995 8.926725535409767e-06
0.0021209508879201904 0.02044951578239666 1.4341753469838675e-05
0.002559547922699536 0.032766178634403 2.2231450082916857e-05
0.0030888435964774815 0.05147024781772251 3.260972513730898e-05
0.003727593720314938 0.07924047959421716 4.861081664790552e-05
0.004498432668969444 0.11898965076648349 6.656524224721537e-05
0.005428675439323859 0.17426365739308777 9.063105698171578e-05
0.006551285568595509 0.2463949455638293 0.00011511187387051743
0.0079060432109077 0.33655169423404635 0.00013631773924009278
0.009540954763499945 0.4427285630258511 0.0001582016254451781
0.01151395399326447 0.557585904826067 0.00015888330176634698
0.013894954943731374 0.6729255633228015 0.00015082185357954278
0.016768329368110076 0.7780870830907214 0.0001308551709612872
0.020235896477251564 0.8637045455252681 9.995653032530222e-05
0.02442053094548651 0.9256861133341394 6.642502016412153e-05
0.029470517025518096 0.964714675029908 3.775413685397151e-05
0.03556480306223128 0.9857475602689451 1.817849849391425e-05
0.04291934260128776 0.9952462315134125 7.153038839086075e-06
0.0517947467923121 0.9987453486486931 2.249436292305839e-06
0.0625055192527397 0.9997480128804013 5.329913931031715e-07
0.07543120063354615 0.9999634463426915 8.88412459508995e-08
0.09102981779915217 0.9999964401521189 9.962477010757141e-09
0.10985411419875583 0.9999997862991109 6.869037546202582e-10
0.13257113655901082 0.9999999928181769 2.6430791922008062e-11
0.15998587196060574 0.9999999998789865 4.961333149764735e-13
0.19306977288832497 0.9999999999991238 3.992704520888781e-15
0.2329951810515372 0.9999999999999974 1.1769275246535982e-17
0.2811768697974228 1.0 0.0
0.3393221771895326 1.0 0.0
0.4094915062380423 1.0 0.0
0.49417133613238334 1.0 0.0
0.5963623316594643 1.0 0.0
0.7196856730011514 1.0 0.0
0.868511373751352 1.0 0.0
1.0481131341546852 1.0 0.0
1.2648552168552958 1.0 0.0
1.5264179671752318 1.0 0.0
1.8420699693267144 1.0 0.0
2.2229964825261934 1.0 0.0
2.6826957952797246 1.0 0.0
3.2374575428176433 1.0 0.0
3.906939937054613 1.0 0.0
4.714866363457389 1.0 0.0
5.689866029018293 1.0 0.0
6.866488450042998 1.0 0.0
8.286427728546842 1.0 0.0
10.0 1.0 0.0
