0.001 0.0012226643120450925 1.2800747639578647e-06
0.0012067926406393288 0.002072081545266698 2.0770657792180344e-06
0.0014563484775012444 0.0035010534348493038 3.602398498373501e-06
0.0017575106248547913 0.005855148832579434 5.750280046413843e-06
0.0021209508879201904 0.009687504888096351 9.508569417965863e-06
0.002559547922699536 0.01588767874956249 1.5132367398826992e-05
0.0030888435964774815 0.025591723062985582 2.3041018308910393e-05
0.003727593720314938 0.04061667651961524 3.51283185123596e-05
0.004498432668969444 0.06325521778815595 5.2447258880252224e-05
0.005428675439323859 0.09638254799260892 7.521794054877825e-05
0.006551285568595509 0.1430411592333288 0.00010293062034450053
0.0079060432109077 0.2060011741642033 0.00013541707009734403
0.009540954763499945 0.2867822361081446 0.00016926327797642848
0.01151395399326447 0.3847852683375198 0.00019320449805584607
0.013894954943731374 0.49611744464888935 0.00020893078447209462
0.016768329368110076 0.6128193552197365 0.00021246712569725744
0.020235896477251564 0.724334335360288 0.00018886599188841234
0.02442053094548651 0.8209269054162556 0.00015301697794763565
0.029470517025518096 0.8955518419200256 0.00010817304830103657
0.03556480306223128 0.9464106206277147 6.717034051922055e-05
0.04291934260128776 0.9763173809582717 3.551526654097972e-05
0.0517947467923121 0.9912168888766557 1.5623918923360283e-05
0.0625055192527397 0.9973511651204908 5.4899740673727275e-06
0.07543120063354615 0.9993800467902476 1.5243357050383458e-06
0.09102981779915217 0.9998913999664668 3.0508925895353336e-07
0.10985411419875583 0.9999867274504691 4.259712812668352e-08
0.13257113655901082 0.9999989563071822 3.874735113783509e-09
0.15998587196060574 0.999999950537919 2.033660826576752e-10
0.19306977288832497 0.9999999987484749 5.626925491955396e-12
0.2329951810515372 0.9999999999852198 7.290020605780022e-14
0.2811768697974228 0.9999999999999298 3.712988998548442e-16
0.3393221771895326 1.0 3.3306690738754693e-20
0.4094915062380423 1.0 0.0
0.49417133613238334 1.0 0.0
0.5963623316594643 1.0 0.0
0.7196856730011514 1.0 0.0
0.868511373751352 1.0 0.0
1.0481131341546852 1.0 0.0
1.2648552168552958 1.0 0.0
1.5264179671752318 1.0 0.0
1.8420699693267144 1.0 0.0
2.2229964825261934 1.0 0.0
2.6826957952797246 1.0 0.0
3.2374575428176433 1.0 0.0
3.906939937054613 1.0 0.0
4.714866363457389 1.0 0.0
5.689866029018293 1.0 0.0
6.866488450042998 1.0 0.0
8.286427728546842 1.0 0.0
10.0 1.0 0.0
