0.001 0.0009750336692796223 1.0987528054148888e-06
0.0012067926406393288 0.00165869530631482 1.8636239090606967e-06
0.0014563484775012444 0.0028101614844428537 3.081502199516831e-06
0.0017575106248547913 0.004707347815070878 5.076249584171864e-06
0.0021209508879201904 0.007843620931650006 8.139617372722817e-06
0.002559547922699536 0.012906513333375568 1.3297250667477946e-05
0.0030888435964774815 0.020937365526341713 2.058780302856357e-05
0.003727593720314938 0.03349012576910731 3.233771827663527e-05
0.004498432668969444 0.05258917228182511 4.700260361427252e-05
0.005428675439323859 0.08078801657927923 6.940224420105116e-05
0.006551285568595509 0.12156070002622259 9.719638950444795e-05
0.0079060432109077 0.1771979374710238 0.0001284535999624107
0.009540954763499945 0.2506379642738098 0.00016571627215013283
0.01151395399326447 0.3415557616211407 0.00019760054409907277
0.013894954943731374 0.4479639723407411 0.00022112577224856156
0.016768329368110076 0.563263737892644 0.0002309028365186972
0.020235896477251564 0.6782247689573582 0.0002153591680982892
0.02442053094548651 0.7825605033876564 0.00018362623730062757
0.029470517025518096 0.8671359006705367 0.00013861405206531496
0.03556480306223128 0.9276633251182191 8.93451084940818e-05
0.04291934260128776 0.9658561546763657 5.1020264728047754e-05
0.0517947467923121 0.9862907206357681 2.4156769170189774e-05
0.0625055192527397 0.9954742913100411 9.460646314712013e-06
0.07543120063354615 0.9988052803131717 2.8770957292263022e-06
0.09102981779915217 0.9997608444836745 6.61406176289406e-07
0.10985411419875583 0.9999655875159027 1.0827576945684753e-07
0.13257113655901082 0.9999967128951784 1.2052223737781438e-08
0.15998587196060574 0.999999802619706 8.002343490604045e-10
0.19306977288832497 0.9999999934176124 2.980659293800616e-11
0.2329951810515372 0.9999999998891222 5.382851146104883e-13
0.2811768697974228 0.9999999999992093 4.2143920369110414e-15
0.3393221771895326 0.9999999999999978 1.1354347000574608e-17
0.4094915062380423 1.0 0.0
0.49417133613238334 1.0 0.0
0.5963623316594643 1.0 0.0
0.7196856730011514 1.0 0.0
0.868511373751352 1.0 0.0
1.0481131341546852 1.0 0.0
1.2648552168552958 1.0 0.0
1.5264179671752318 1.0 0.0
1.8420699693267144 1.0 0.0
2.2229964825261934 1.0 0.0
2.6826957952797246 1.0 0.0
3.2374575428176433 1.0 0.0
3.906939937054613 1.0 0.0
4.714866363457389 1.0 0.0
5.689866029018293 1.0 0.0
6.866488450042998 1.0 0.0
8.286427728546842 1.0 0.0
10.0 1.0 0.0
