0.001 0.0015589611845772333 1.4890969997121047e-06
0.0012067926406393288 0.0026442212069651516 2.475087510230541e-06
0.0014563484775012444 0.004443282578392412 4.1285863203587634e-06
0.0017575106248547913 0.007390082776432281 6.732202182130041e-06
0.0021209508879201904 0.01217925265550134 1.065682271014477e-05
0.002559547922699536 0.019792268546741952 1.6809126086966895e-05
0.0030888435964774815 0.03170388863103325 2.568168913600146e-05
0.003727593720314938 0.04991609844167136 3.853753798435491e-05
0.004498432668969444 0.07716989597075166 5.748314078988804e-05
0.005428675439323859 0.11613215828158843 8.155343306022274e-05
0.006551285568595509 0.1701231312331031 0.000110461496253944
0.0079060432109077 0.24114856485829458 0.00013983824305909294
0.009540954763499945 0.3303684439104995 0.00016955171739058763
0.01151395399326447 0.4348838279081863 0.00018802572331844854
0.013894954943731374 0.5499237035014432 0.0001981994717978907
0.016768329368110076 0.6656307358499477 0.00018831443929050908
0.020235896477251564 0.7714390244924634 0.0001619012686856333
0.02442053094548651 0.8586621389810474 0.00012396043147497933
0.029470517025518096 0.9220186968306916 8.176511769681285e-05
0.03556480306223128 0.9625848656803271 4.781689227453777e-05
0.04291934260128776 0.9846763008599911 2.304020641319737e-05
0.0517947467923121 0.9948278742332853 9.247657614806016e-06
0.0625055192527397 0.9985995715115198 2.9134383307610246e-06
0.07543120063354615 0.9997127778337798 7.092401874956603e-07
0.09102981779915217 0.9999573109852714 1.2156657052438539e-07
0.10985411419875583 0.999995687137437 1.3960461504920264e-08
0.13257113655901082 0.9999997275167465 9.87130180482956e-10
0.15998587196060574 0.9999999903580629 3.9614469763070245e-11
0.19306977288832497 0.9999999998273028 7.906810302084687e-13
0.2329951810515372 0.9999999999986247 6.692235243595846e-15
0.2811768697974228 0.999999999999996 2.1341039546942585e-17
0.3393221771895326 1.0 0.0
0.4094915062380423 1.0 0.0
0.49417133613238334 1.0 0.0
0.5963623316594643 1.0 0.0
0.7196856730011514 1.0 0.0
0.868511373751352 1.0 0.0
1.0481131341546852 1.0 0.0
1.2648552168552958 1.0 0.0
1.5264179671752318 1.0 0.0
1.8420699693267144 1.0 0.0
2.2229964825261934 1.0 0.0
2.6826957952797246 1.0 0.0
3.2374575428176433 1.0 0.0
3.906939937054613 1.0 0.0
4.714866363457389 1.0 0.0
5.689866029018293 1.0 0.0
6.866488450042998 1.0 0.0
8.286427728546842 1.0 0.0
10.0 1.0 0.0
