0.001 0.16518606220601836 0.0009316918291323151
0.0012067926406393288 0.19662916087165236 0.0010827934065850992
0.0014563484775012444 0.22880329190182347 0.0012570964403708568
0.0017575106248547913 0.2695772634590749 0.0014238021012408422
0.0021209508879201904 0.3111623008194091 0.001596740721538805
0.002559547922699536 0.35660610454329794 0.0018035741566720836
0.0030888435964774815 0.40654961157125685 0.0019855410484020167
0.003727593720314938 0.46041888987265855 0.0021503241497394855
0.004498432668969444 0.5191105241534931 0.0022786228812186195
0.005428675439323859 0.5712190592974935 0.002423813536990838
0.006551285568595509 0.6245344960357144 0.0025060121349524543
0.0079060432109077 0.6756666885392176 0.0025584507684669254
0.009540954763499945 0.7253848137053517 0.002516035722441902
0.01151395399326447 0.7743024273386295 0.0024803503346280923
0.013894954943731374 0.809062661503088 0.0024052056651036667
0.016768329368110076 0.8433641349771844 0.0022945816572855935
0.020235896477251564 0.8671105048570684 0.0022080958096370395
0.02442053094548651 0.8952386207955667 0.002025735250651307
0.029470517025518096 0.9116074259159374 0.0019111666395520705
0.03556480306223128 0.9253160397388929 0.0017980319557105615
0.04291934260128776 0.9399152902695752 0.0016598593337688137
0.0517947467923121 0.9508268138749587 0.0015130614730490839
0.0625055192527397 0.9562004655585679 0.0014592765553266285
0.07543120063354615 0.966020811626726 0.001300516185683778
0.09102981779915217 0.9707824578558814 0.001214376975341274
0.10985411419875583 0.9749038447388568 0.0011583490759702504
0.13257113655901082 0.9775804171798355 0.0011197568894564063
0.15998587196060574 0.9820238725761518 0.000993130640213813
0.19306977288832497 0.9860550513886328 0.0008626502507363633
0.2329951810515372 0.9862117333170809 0.0008927770352363925
0.2811768697974228 0.9884506789591796 0.0008195537764548088
0.3393221771895326 0.9899752221877414 0.0007818675466667316
0.4094915062380423 0.991524172071644 0.0007102557161760359
0.49417133613238334 0.9925685491362641 0.0006928995233773654
0.5963623316594643 0.9924958593384008 0.0007324778347893615
0.7196856730011514 0.9939581542979369 0.0006447523127081154
0.868511373751352 0.9959860591784229 0.0005044577909621106
1.0481131341546852 0.9948775575208203 0.0005960606665056249
1.2648552168552958 0.9955360652780837 0.0005861320884591112
1.5264179671752318 0.9958056229934462 0.0005880164085977788
1.8420699693267144 0.9972527175327416 0.00045730559408973387
2.2229964825261934 0.9969589750807809 0.0005087452723728401
2.6826957952797246 0.9966899232102112 0.0005345518706571541
3.2374575428176433 0.9978763661466672 0.0004377069370060871
3.906939937054613 0.9973301194121869 0.0005002702856812825
4.714866363457389 0.9977129141814208 0.0004687862036646588
5.689866029018293 0.9974557387438785 0.0004994241918581384
6.866488450042998 0.9977728112581135 0.00046853268814057465
8.286427728546842 0.997394761775867 0.0005092372522824038
10.0 0.9967981228712284 0.0005647786591177911
