0.001 0.00906252607921508 0.00010645548076561102
0.0012067926406393288 0.014592316813718935 0.0001690230278740759
0.0014563484775012444 0.02243249153683457 0.0002569021052918891
0.0017575106248547913 0.03579281313406693 0.00039032759287901904
0.0021209508879201904 0.053420664325563506 0.0005702626768717343
0.002559547922699536 0.07857014091920228 0.000810009032109687
0.0030888435964774815 0.11308189733186448 0.001103765252500731
0.003727593720314938 0.16163102343270302 0.00146526100030585
0.004498432668969444 0.21410093743378922 0.0018445903011335518
0.005428675439323859 0.28021548117874695 0.002243060547512061
0.006551285568595509 0.3474922684508856 0.0026249475254938003
0.0079060432109077 0.4266942826451898 0.0029250644156634596
0.009540954763499945 0.5061914569303508 0.0031442504467378324
0.01151395399326447 0.5796421483664206 0.003287851711241913
0.013894954943731374 0.6500481187909657 0.0033030816149309094
0.016768329368110076 0.7020117787225547 0.003276620841202994
0.020235896477251564 0.7619441168539409 0.003148788257498507
0.02442053094548651 0.800250262885906 0.0030059853481599606
0.029470517025518096 0.8363513098817162 0.0028288883799341747
0.03556480306223128 0.8620911617438846 0.0026898238143040058
0.04291934260128776 0.885593264813135 0.002514066110446007
0.0517947467923121 0.9097326063896717 0.0022796201583150594
0.0625055192527397 0.9269952832021839 0.0020763105993264145
0.07543120063354615 0.9361657468192827 0.001981321702059675
0.09102981779915217 0.9482661328728458 0.0018096307217553753
0.10985411419875583 0.9575737558972225 0.0016484284373084273
0.13257113655901082 0.9620049072297743 0.0015898324070262961
0.15998587196060574 0.9684344391241527 0.0014381857981736023
0.19306977288832497 0.9743256452215108 0.0013078641413606347
0.2329951810515372 0.9770875248335964 0.0012680863598784787
0.2811768697974228 0.9785563712495621 0.0012400082121049136
0.3393221771895326 0.9825120063874925 0.0011284131171614106
0.4094915062380423 0.9873939397697749 0.0009450086496429418
0.49417133613238334 0.9887793495935031 0.0008802915086023613
0.5963623316594643 0.9905661461647405 0.0008202493628524418
0.7196856730011514 0.9895360127676668 0.0008830774621675841
0.868511373751352 0.9918924384182004 0.0007781820137001375
1.0481131341546852 0.9935614771183453 0.0006941545845753354
1.2648552168552958 0.9933565797281735 0.00072928693663075
1.5264179671752318 0.9948231845868081 0.0006290642310034135
1.8420699693267144 0.9956492019897236 0.0005750075087417979
2.2229964825261934 0.9954980779920245 0.000600436189364457
2.6826957952797246 0.9955926994824138 0.0006086177635030046
3.2374575428176433 0.9959004459047343 0.0005951398035184801
3.906939937054613 0.9969796612430384 0.000523185815851554
4.714866363457389 0.9974077692028793 0.0004908141578831635
5.689866029018293 0.9971872648089749 0.0005192879382901527
6.866488450042998 0.9974600530564334 0.0004994208842918969
8.286427728546842 0.9978897262148736 0.0004577778227759726
10.0 0.9972965572121196 0.0005189120141429225
