0.001 0.16462964469284733 0.0017548007148511853
0.0012067926406393288 0.20900347194516053 0.0020601270588982423
0.0014563484775012444 0.2547571916205451 0.002310416627808409
0.0017575106248547913 0.3123681056798983 0.0025803883106574705
0.0021209508879201904 0.37095907274529 0.0027397020320182254
0.002559547922699536 0.4394748846562449 0.0028503608077547877
0.0030888435964774815 0.5047412918008386 0.002878674975557263
0.003727593720314938 0.5669684236214481 0.0028894902943798506
0.004498432668969444 0.6323996869556863 0.0028116943521581195
0.005428675439323859 0.7080586320110266 0.0027144085349349286
0.006551285568595509 0.7615401290332963 0.002551510928445891
0.0079060432109077 0.8140565783343798 0.002374276394066575
0.009540954763499945 0.8539389545073202 0.0021961384942329174
0.01151395399326447 0.8893120499375745 0.001972260799773326
0.013894954943731374 0.914923126530935 0.0017935966113505513
0.016768329368110076 0.9414802025374889 0.0014759707400940935
0.020235896477251564 0.9588518148516642 0.0012532436671005716
0.02442053094548651 0.9664596973234094 0.0011585188500488194
0.029470517025518096 0.9765801899982766 0.0009677531832649014
0.03556480306223128 0.9819267505878017 0.0008736078784646844
0.04291934260128776 0.9886417568802939 0.0006416369890751681
0.0517947467923121 0.9910569259342905 0.000602905417653617
0.0625055192527397 0.993820887992161 0.0004923754238691378
0.07543120063354615 0.9953999609921217 0.00042176626971865915
0.09102981779915217 0.9960132653155619 0.0003908650890661032
0.10985411419875583 0.9974601534531237 0.0003155159268247867
0.13257113655901082 0.9983830841500194 0.0002622731573316312
0.15998587196060574 0.9988109906908791 0.00022102351299658945
0.19306977288832497 0.9990148847387774 0.0002114668093682591
0.2329951810515372 0.9994361793881533 0.00013258483193253246
0.2811768697974228 0.999469424513869 0.00012788051351290253
0.3393221771895326 0.9993863074908753 0.00019321502516356432
0.4094915062380423 0.9997646648279173 0.00011608701613408025
0.49417133613238334 0.9998663763169412 6.821878835426383e-05
0.5963623316594643 0.9998869559547544 6.86903190820942e-05
0.7196856730011514 0.9999432099606628 2.5922719918048095e-05
0.868511373751352 0.9999659880005174 2.8452565995710357e-05
1.0481131341546852 0.9999786632189269 1.9462507900391908e-05
1.2648552168552958 0.999985019428771 1.228281476130413e-05
1.5264179671752318 0.9999931359215376 6.752485655762313e-06
1.8420699693267144 0.9999303075460959 4.9260856850210304e-05
2.2229964825261934 0.9999719969707045 2.5344445477572365e-05
2.6826957952797246 0.9999995407482054 4.520100969343934e-07
3.2374575428176433 0.9999999977015311 1.3246733402269603e-09
3.906939937054613 0.9999999758748253 2.4070221951534893e-08
4.714866363457389 0.9999999931152542 4.866246227108892e-09
5.689866029018293 0.9999999993438141 4.6391566739323525e-10
6.866488450042998 1.0 3.845925372767128e-20
8.286427728546842 0.9999999999987497 8.841045281264306e-13
10.0 0.9999999866740474 1.332528623932518e-08
