0.001 0.16431752842014474 0.0017472888970362238
0.0012067926406393288 0.21206125136426368 0.002067782911601837
0.0014563484775012444 0.25841695774346146 0.002351494075829764
0.0017575106248547913 0.3097899193686223 0.0025763483886425812
0.0021209508879201904 0.3749422624131927 0.0027591493831922646
0.002559547922699536 0.4360734199188652 0.002832731892373938
0.0030888435964774815 0.5027093355229748 0.0028693095711154345
0.003727593720314938 0.5767567398456204 0.002893794915973375
0.004498432668969444 0.6439819158016363 0.002788545193295348
0.005428675439323859 0.7095969277523358 0.0026692624007363065
0.006551285568595509 0.7664397662687318 0.0025194530460213283
0.0079060432109077 0.8117152992678873 0.0023750373041391054
0.009540954763499945 0.8595807937431167 0.0021271191604670817
0.01151395399326447 0.8921357128525795 0.0019285341005722226
0.013894954943731374 0.9180034249612589 0.0017285589723121221
0.016768329368110076 0.9385913455357584 0.0015311441517383523
0.020235896477251564 0.9565408233994883 0.001297721877665197
0.02442053094548651 0.9669414059182958 0.001153354755029742
0.029470517025518096 0.976887195260698 0.0009776498617096487
0.03556480306223128 0.9818933739934218 0.0008495443405243556
0.04291934260128776 0.9879292969626681 0.0007191069945699797
0.0517947467923121 0.9900504011423312 0.0006545566121361127
0.0625055192527397 0.9928239182712252 0.0005301898313525935
0.07543120063354615 0.9950840809993975 0.00045252423711026853
0.09102981779915217 0.9966733392580145 0.00037366762746128513
0.10985411419875583 0.9977429826716163 0.0002903287008340313
0.13257113655901082 0.9984873211278499 0.00023690610024849586
0.15998587196060574 0.9987849159785642 0.0002184887988369738
0.19306977288832497 0.9990417669874034 0.00018729835785220468
0.2329951810515372 0.9995461173828802 0.00012944364313130125
0.2811768697974228 0.9995890371751506 0.00012268072081459037
0.3393221771895326 0.9996659946671725 0.00010960022454267588
0.4094915062380423 0.9997984898203865 0.00011213473119928474
0.49417133613238334 0.9999456649184236 3.131392598650839e-05
0.5963623316594643 0.9999326659742396 4.718063408485716e-05
0.7196856730011514 0.9999032411433952 7.7751682539855e-05
0.868511373751352 0.999963277457175 2.753707683754823e-05
1.0481131341546852 0.9999594026110881 2.5500928693076437e-05
1.2648552168552958 0.9999981344137326 1.5972551074821536e-06
1.5264179671752318 0.9999576761691609 4.226526203213593e-05
1.8420699693267144 0.9999972078757638 2.7772636801633076e-06
2.2229964825261934 0.9999988673324961 1.0990626679059276e-06
2.6826957952797246 0.9999992920144699 5.004918030716247e-07
3.2374575428176433 0.9999999999933183 3.842719298747067e-12
3.906939937054613 0.9999999999999072 6.534496295554664e-14
4.714866363457389 0.9999999999999983 8.641137593472442e-16
5.689866029018293 0.9999999998059468 1.9404352360566545e-10
6.866488450042998 0.9999997841589371 2.1582007769962007e-07
8.286427728546842 0.999999999999709 2.909358713776663e-13
10.0 0.999999999999996 3.9803279911103605e-15
