0.001 0.23133063048364183 0.0014903979978466164
0.0012067926406393288 0.26392746745028645 0.0016507919964775311
0.0014563484775012444 0.31051292868508323 0.0018265350808790203
0.0017575106248547913 0.35365671575122754 0.001984937864118421
0.0021209508879201904 0.4021753167741955 0.0021314395825279605
0.002559547922699536 0.4514775158844465 0.00222460196714981
0.0030888435964774815 0.5065960562699409 0.002307928196179589
0.003727593720314938 0.5598205870124268 0.002371469057523822
0.004498432668969444 0.6162463350728499 0.002340135612716393
0.005428675439323859 0.6646534886161612 0.00228302942293969
0.006551285568595509 0.7161633292436845 0.0022230711724467327
0.0079060432109077 0.7647315070263495 0.002098733367870816
0.009540954763499945 0.8114478555021454 0.001970423408180167
0.01151395399326447 0.84736650850069 0.0017951230121125053
0.013894954943731374 0.8803892840434845 0.001688674208984308
0.016768329368110076 0.9091368528339108 0.00150521894823978
0.020235896477251564 0.9292528978688664 0.0013675481382610744
0.02442053094548651 0.9485369547074726 0.0011737206447173156
0.029470517025518096 0.9617560321630261 0.001046166476608563
0.03556480306223128 0.970574011666507 0.0009257025809237703
0.04291934260128776 0.9798553652998111 0.0007606155172169077
0.0517947467923121 0.9848912334732597 0.0006725769562713501
0.0625055192527397 0.9872711199837125 0.0006446616157734696
0.07543120063354615 0.9918119598309119 0.00048673474447251055
0.09102981779915217 0.9944370999628234 0.00041374153501708735
0.10985411419875583 0.9949911331196255 0.00041684443766160003
0.13257113655901082 0.9965897379581687 0.00033584529072120084
0.15998587196060574 0.9976522284531307 0.0002627104812108928
0.19306977288832497 0.9983484978693412 0.0002084374560062481
0.2329951810515372 0.9988491493487544 0.00017698780312686173
0.2811768697974228 0.9991915142739756 0.0001519654112289185
0.3393221771895326 0.9992909595472115 0.0001641893805381185
0.4094915062380423 0.9996465823221828 7.607312754536724e-05
0.49417133613238334 0.9996256547345296 9.313079534508479e-05
0.5963623316594643 0.9998588755636345 4.675471850793615e-05
0.7196856730011514 0.9999103233589831 4.0119756785540586e-05
0.868511373751352 0.9998259966006589 7.673411825494482e-05
1.0481131341546852 0.9999613725520672 2.0251901413340617e-05
1.2648552168552958 0.9999201504384884 5.7663728428061264e-05
1.5264179671752318 0.9999970942396407 1.8338326351068623e-06
1.8420699693267144 0.9999033851996948 6.10723754216264e-05
2.2229964825261934 0.9999996639769554 2.678229009886925e-07
2.6826957952797246 0.9999991870404751 6.640353086080202e-07
3.2374575428176433 0.9999997154123254 2.3353487174730203e-07
3.906939937054613 0.9999999965794523 2.953602045543292e-09
4.714866363457389 0.9999999854501948 1.452098989389757e-08
5.689866029018293 0.9999994995508376 2.888618840335387e-07
6.866488450042998 0.9999999994776388 3.6395221258579983e-10
8.286427728546842 1.0 4.526655252935499e-17
10.0 0.9999999973735614 1.8554506009763014e-09
