0.001 0.2307321469198765 0.0014795836446946276
0.0012067926406393288 0.27232358482327984 0.0016626755872488125
0.0014563484775012444 0.31114032425729826 0.0018362200797496747
0.0017575106248547913 0.3529036388070205 0.001993419310199827
0.0021209508879201904 0.40518863854542997 0.00213721225256744
0.002559547922699536 0.4543802252507789 0.0022156115396669775
0.0030888435964774815 0.5068184274338658 0.0022834612823583577
0.003727593720314938 0.5658668456313009 0.002357256640285266
0.004498432668969444 0.6198079870780909 0.002311992679406899
0.005428675439323859 0.6739771217463094 0.0022546056946754476
0.006551285568595509 0.723342116034078 0.0021694010243484547
0.0079060432109077 0.7662969846831984 0.0020874997071830305
0.009540954763499945 0.8138922889405008 0.0019328186633693464
0.01151395399326447 0.8508286970145915 0.0018042932362358835
0.013894954943731374 0.8818286957170134 0.001658695444296366
0.016768329368110076 0.9092122554171885 0.001509369538111348
0.020235896477251564 0.9333630557496941 0.0013102902960905364
0.02442053094548651 0.9491980180631912 0.0011801431648650114
0.029470517025518096 0.9636890921094963 0.001015232105693923
0.03556480306223128 0.9711632852628829 0.0008958908608327927
0.04291934260128776 0.98040948035162 0.0007566666943054383
0.0517947467923121 0.9845731935691738 0.00068894185309919
0.0625055192527397 0.9885310379201743 0.0005754655814305994
0.07543120063354615 0.9916869250184084 0.00048749532503701836
0.09102981779915217 0.9944266981037123 0.0004024580773305692
0.10985411419875583 0.9960087271282775 0.0003246011568259419
0.13257113655901082 0.9973514604105372 0.0002658813276252337
0.15998587196060574 0.9980063578344436 0.00024308459615155823
0.19306977288832497 0.9983842174928592 0.00021085137384523723
0.2329951810515372 0.9991716399154992 0.00014515176028889233
0.2811768697974228 0.9992669540873627 0.00013841386755789875
0.3393221771895326 0.9994370042849734 0.0001242882548269631
0.4094915062380423 0.999680910708209 0.00010858227987915189
0.49417133613238334 0.9998437177811494 4.6794156203702275e-05
0.5963623316594643 0.9998658688656414 5.493076250495396e-05
0.7196856730011514 0.9998676942200952 7.39040119157553e-05
0.868511373751352 0.9999250033862083 3.891705780550115e-05
1.0481131341546852 0.9999181272868375 4.0298433876559497e-05
1.2648552168552958 0.9999850794027212 8.065701847845424e-06
1.5264179671752318 0.9999525066101905 4.484506146708819e-05
1.8420699693267144 0.9999888273508004 9.982132863850361e-06
2.2229964825261934 0.9999923893321393 6.271452082304288e-06
2.6826957952797246 0.9999929407285254 4.9146906527904335e-06
3.2374575428176433 0.9999999725240821 1.4921724144561572e-08
3.906939937054613 0.9999999973025622 1.7575609112190696e-09
4.714866363457389 0.9999999995136651 2.4001348790493744e-10
5.689866029018293 0.9999999195373294 8.044417061769565e-08
6.866488450042998 0.9999972746512503 2.7066894978301492e-06
8.286427728546842 0.9999999968816412 3.1140958600054838e-09
10.0 0.9999999996357396 3.6424223370547687e-10
