0.001 0.23409755048271727 0.0014953144592631884
0.0012067926406393288 0.26710452779116406 0.0016421303258130921
0.0014563484775012444 0.30904018340795364 0.0018254769005641128
0.0017575106248547913 0.35630944254908137 0.0020051337236876503
0.0021209508879201904 0.4006815280652022 0.0021232807618738704
0.002559547922699536 0.4548838203588012 0.0022337979476088577
0.0030888435964774815 0.5063787793822719 0.002310574452080739
0.003727593720314938 0.5629682951292264 0.0023492639146858586
0.004498432668969444 0.6148869052661811 0.002322252437760638
0.005428675439323859 0.666065553128442 0.0022772356135849756
0.006551285568595509 0.7190298870295475 0.002199337631813994
0.0079060432109077 0.7662835872572643 0.00210145881694679
0.009540954763499945 0.8133113918875065 0.0019763844770338723
0.01151395399326447 0.8506504160225622 0.0018109289455594574
0.013894954943731374 0.8804350686604825 0.0016957981174447914
0.016768329368110076 0.9110965630749218 0.0015153951793340794
0.020235896477251564 0.9313348168662322 0.0013529581819231994
0.02442053094548651 0.9504924971072085 0.0011433038339864266
0.029470517025518096 0.961470138660546 0.0010451633119858627
0.03556480306223128 0.9725890879708826 0.0008918263267241564
0.04291934260128776 0.9801880818427405 0.0007427828400877051
0.0517947467923121 0.9834575420514442 0.0007315802347982621
0.0625055192527397 0.9876717450308897 0.0006219405590114997
0.07543120063354615 0.9921251033145895 0.00046589277206167824
0.09102981779915217 0.9943695475597724 0.0004041911206190673
0.10985411419875583 0.9947110198320402 0.0004251130941628244
0.13257113655901082 0.9970867061627526 0.000298574641020861
0.15998587196060574 0.9980030835443268 0.0002328126507919014
0.19306977288832497 0.9983449547831016 0.00022349111165885608
0.2329951810515372 0.998684723485183 0.00020375069424439452
0.2811768697974228 0.9992005874657092 0.00014833277358460673
0.3393221771895326 0.9993897466662307 0.000131128555094302
0.4094915062380423 0.9994927437895065 0.00012820360637825386
0.49417133613238334 0.9997690107257756 8.95852298132359e-05
0.5963623316594643 0.9998420779777903 5.995810228495593e-05
0.7196856730011514 0.9998546518430222 5.650101289955558e-05
0.868511373751352 0.9998711516738571 5.677349873143154e-05
1.0481131341546852 0.9999364287740485 4.179057439835066e-05
1.2648552168552958 0.9998580460707599 8.101295613473033e-05
1.5264179671752318 0.9999762618990954 1.774188394766511e-05
1.8420699693267144 0.9999875963811533 1.1728882498267561e-05
2.2229964825261934 0.9999982543076305 1.3910350474924098e-06
2.6826957952797246 0.999995016355243 4.445016859973006e-06
3.2374575428176433 0.9999764243155423 2.137239859356066e-05
3.906939937054613 0.9999999954117978 3.178486768888126e-09
4.714866363457389 0.9999999997352095 2.458295628797765e-10
5.689866029018293 0.9999999982955691 1.7039110177644358e-09
6.866488450042998 0.9999999659228154 3.3898632451402155e-08
8.286427728546842 0.9999981021948159 1.8977102776919645e-06
10.0 0.9999983279974151 1.1821655428153717e-06
