0.001 0.031342546115794456 0.0005237985823788554
0.0012067926406393288 0.04675349542366681 0.0007456163783730027
0.0014563484775012444 0.06545539533354079 0.0010073599476655502
0.0017575106248547913 0.09216046608932948 0.0013435093751410498
0.0021209508879201904 0.12414464621336485 0.0016832004899408446
0.002559547922699536 0.16647674670875584 0.002075781505479797
0.0030888435964774815 0.21488246965243124 0.002430715419076396
0.003727593720314938 0.2726232717618769 0.0027423484652288038
0.004498432668969444 0.336564519863661 0.0029442445784743448
0.005428675439323859 0.39816557873969366 0.003035160810062113
0.006551285568595509 0.47277554532367394 0.0030711083008770185
0.0079060432109077 0.5458418219318965 0.003081503826798833
0.009540954763499945 0.6266064080794527 0.0030077853327967817
0.01151395399326447 0.6920521277461353 0.0029219401987476156
0.013894954943731374 0.7503656460904508 0.0027799477518617023
0.016768329368110076 0.8111377626370928 0.0025381563202166468
0.020235896477251564 0.857105369536881 0.002287808475559552
0.02442053094548651 0.8900280757648441 0.002082339231637037
0.029470517025518096 0.9176868613416793 0.0018496495048190653
0.03556480306223128 0.9410525366206072 0.0015962443408953104
0.04291934260128776 0.955674307484556 0.001392676076320153
0.0517947467923121 0.967247250229807 0.001217124331364511
0.0625055192527397 0.9758456604150236 0.0010353293927798685
0.07543120063354615 0.9836351658954114 0.0008613184575410647
0.09102981779915217 0.9861534649536232 0.0007985933757577335
0.10985411419875583 0.9920505031936665 0.0005803334481874518
0.13257113655901082 0.9945540336833953 0.000482051345743589
0.15998587196060574 0.995942508828746 0.0003874074463018953
0.19306977288832497 0.9965178832763382 0.0004147570069002259
0.2329951810515372 0.997833107906888 0.00029572827886013153
0.2811768697974228 0.9984810786453094 0.00026114774605253977
0.3393221771895326 0.9990858765030045 0.00019730167871462935
0.4094915062380423 0.9992607695166211 0.00016646615706060827
0.49417133613238334 0.9994335879960766 0.00013840261534248547
0.5963623316594643 0.9995911905796847 0.00014576859680067206
0.7196856730011514 0.9997734900795214 7.28947515407921e-05
0.868511373751352 0.9996660641921431 0.00010301672354574128
1.0481131341546852 0.999848272952654 6.027267827699608e-05
1.2648552168552958 0.9998933597871729 6.73513343956357e-05
1.5264179671752318 0.9998708686843242 8.911318416059881e-05
1.8420699693267144 0.9999452887184483 3.520533737088475e-05
2.2229964825261934 0.9999188159289064 6.64383936970629e-05
2.6826957952797246 0.9999995792867649 2.0506407341013022e-07
3.2374575428176433 0.9999993151916103 4.4281491329612517e-07
3.906939937054613 0.9999999215203432 7.557303073133427e-08
4.714866363457389 0.9999999722834653 1.9253902564821332e-08
5.689866029018293 0.9999996341717424 2.5623065627256055e-07
6.866488450042998 0.9999999607061951 3.914896972207155e-08
8.286427728546842 0.9999999938406104 6.15907572312771e-09
10.0 0.999999998677853 9.34675267820973e-10
