0.001 0.030714904515605188 0.0005180660978579243
0.0012067926406393288 0.045907566951352445 0.000741453068946526
0.0014563484775012444 0.06455585133968929 0.0010115420380698969
0.0017575106248547913 0.0925698004381239 0.001353319426256848
0.0021209508879201904 0.12474046755523491 0.0017037062704108132
0.002559547922699536 0.1678964902921617 0.002088956729165407
0.0030888435964774815 0.21473744203457268 0.0024326194749732543
0.003727593720314938 0.26638230309506117 0.0027167098284437085
0.004498432668969444 0.3243766102209176 0.0029148428221332694
0.005428675439323859 0.4062531306894016 0.0030860952377581453
0.006551285568595509 0.46629821619064316 0.0030625611413395313
0.0079060432109077 0.544230102276725 0.0030826901419604468
0.009540954763499945 0.6150433240377735 0.0030534337598752933
0.01151395399326447 0.6850590017541024 0.0029443390853404762
0.013894954943731374 0.7467702202381066 0.0028090465861746825
0.016768329368110076 0.8085234200436678 0.002541483962679411
0.020235896477251564 0.85670433117937 0.0022673867889428582
0.02442053094548651 0.8857001298051574 0.002121191966381823
0.029470517025518096 0.9167256860979991 0.0018448822066602821
0.03556480306223128 0.9379439838030837 0.0016502626948576926
0.04291934260128776 0.9555513917078268 0.0013692994012678857
0.0517947467923121 0.9673710663125584 0.0012108884863938412
0.0625055192527397 0.9763386358157834 0.0010227660231740014
0.07543120063354615 0.9826785645365211 0.0008908820538667702
0.09102981779915217 0.9857719716138726 0.0008315410570096789
0.10985411419875583 0.9907093741369889 0.000665062503432952
0.13257113655901082 0.9935271760259827 0.0005294058903296382
0.15998587196060574 0.9952723716287046 0.0004559353807841662
0.19306977288832497 0.9964074950022684 0.0004094060142411324
0.2329951810515372 0.9975390932185535 0.0003277673007525098
0.2811768697974228 0.9978553073663896 0.0003175663406437657
0.3393221771895326 0.9984731319102448 0.00030003293573909536
0.4094915062380423 0.9991349880077552 0.00019263085272950943
0.49417133613238334 0.9993787645855172 0.00015752886866045906
0.5963623316594643 0.9996217396227763 0.00013853960831334042
0.7196856730011514 0.9996534488238281 0.00011352472288389209
0.868511373751352 0.9998193679025067 8.265153057820979e-05
1.0481131341546852 0.9998835296407201 6.7173881394217e-05
1.2648552168552958 0.9998855207346709 5.914219359526092e-05
1.5264179671752318 0.9999503257166976 4.0845368166283165e-05
1.8420699693267144 0.9998392249517783 0.00011050181606030584
2.2229964825261934 0.9998881971381703 7.487410888199411e-05
2.6826957952797246 0.9999865530495033 1.1436551839355916e-05
3.2374575428176433 0.9999985245257001 8.293718819345396e-07
3.906939937054613 0.9999971769726752 2.6740776529403766e-06
4.714866363457389 0.9999979470655332 1.4337663122717876e-06
5.689866029018293 0.9999993693443563 4.433301143726754e-07
6.866488450042998 0.9999999999975425 1.732490650345495e-12
8.286427728546842 0.9999999725890302 1.9365788763074017e-08
10.0 0.9999980094425597 1.9904579099392087e-06
