0.01 0.01159079094883382 0.000285680613202298
0.011513953993264475 0.013724820538319821 0.00033407716394974804
0.013257113655901088 0.01518813922223416 0.0003640022904476369
0.015264179671752334 0.018922314770835665 0.00044649429580365075
0.017575106248547922 0.0211809200087553 0.0005117090001791661
0.020235896477251575 0.023331437683316525 0.0005866403351548962
0.023299518105153717 0.026704553487832544 0.0006593666031643189
0.02682695795279726 0.03104460554941917 0.0007661238432687145
0.030888435964774818 0.03517362200166552 0.0008584572273385118
0.03556480306223128 0.04081726119819866 0.000996245588836664
0.040949150623804255 0.04754301232772478 0.0011710273728836363
0.04714866363457394 0.051302903770239924 0.0012787966747220415
0.054286754393238594 0.06253026365911371 0.0015380815779858312
0.06250551925273973 0.07093769154642152 0.0016749819638609248
0.07196856730011521 0.08263231351468489 0.0019439349309862241
0.08286427728546843 0.09511722027143622 0.0021470741174048845
0.09540954763499938 0.10062968102343497 0.002407574987815973
0.10985411419875583 0.11671759961042114 0.0027064275673125415
0.12648552168552957 0.13989189176589276 0.003102160136722562
0.14563484775012436 0.1578569416703685 0.0034674646091460135
0.16768329368110083 0.16846099818050084 0.0038635585004502485
0.19306977288832497 0.19094372919868913 0.004403887368124251
0.22229964825261944 0.2257885590442157 0.004913557535356678
0.2559547922699536 0.24643381651336835 0.0051772858201106315
0.29470517025518095 0.25752006219427503 0.0057619894209038226
0.3393221771895328 0.29758599174809464 0.006261043160449438
0.3906939937054617 0.3340237864701522 0.006775119096163473
0.44984326689694465 0.3737408309574324 0.007153953408853313
0.517947467923121 0.41541821250529554 0.007648387073901926
0.5963623316594643 0.45298918932627813 0.008154839713457204
0.6866488450043002 0.4873918823395627 0.008289952677556767
0.7906043210907697 0.5059296238099098 0.008744001146894703
0.9102981779915218 0.5441521482202433 0.008896249039515455
1.0481131341546852 0.6069382707316027 0.008897637246072896
1.2067926406393288 0.6263489376897053 0.00917457637144052
1.3894954943731375 0.6592668274452101 0.009468393515315194
1.5998587196060574 0.6988654771838276 0.009141201183402012
1.8420699693267164 0.7155362864438596 0.009078499542409198
2.1209508879201904 0.7541839023550353 0.009122841104485708
2.44205309454865 0.7703695005957673 0.008966866114670104
2.8117686979742307 0.7879024234475621 0.00864237920368571
3.2374575428176433 0.8375174766923558 0.0077771842810552255
3.727593720314938 0.8265536665895125 0.008261359454447493
4.291934260128778 0.867390220986358 0.007289885394309185
4.941713361323833 0.8646160526265316 0.007497621322821615
5.689866029018293 0.886887465439139 0.007254972433109916
6.551285568595509 0.899401032535573 0.006785527127348816
7.543120063354615 0.9174864092298335 0.006125274472748796
8.68511373751352 0.9172444921892878 0.006415215587893843
10.0 0.9243655241780877 0.005922126857257919
