0.01 0.01115278037484312 0.00027147439216703036
0.011513953993264475 0.012912119980737857 0.00032258671775989105
0.013257113655901088 0.014624977393978573 0.0003645083344068542
0.015264179671752334 0.016488433007905434 0.0004179922012114717
0.017575106248547922 0.0199218861637326 0.0004937199743039499
0.020235896477251575 0.023542045109718992 0.0005855712160328753
0.023299518105153717 0.02610360203912174 0.0006554599869159497
0.02682695795279726 0.030714300030534658 0.0007434613392167985
0.030888435964774818 0.03559463561016598 0.0008749153432728658
0.03556480306223128 0.03974667005676614 0.0009645978999207481
0.040949150623804255 0.04391654178632889 0.0011074606133467428
0.04714866363457394 0.05077191337425592 0.0012393835235875999
0.054286754393238594 0.055574048927407846 0.0013824382719711996
0.06250551925273973 0.06716187239250354 0.0015993691433496423
0.07196856730011521 0.07247202402193867 0.0018235434736381098
0.08286427728546843 0.08921872570396155 0.002217654867012346
0.09540954763499938 0.09988766510974346 0.0023716295325555427
0.10985411419875583 0.11180495327472287 0.002687776220567261
0.12648552168552957 0.127609749704208 0.002994360767322612
0.14563484775012436 0.14715910024037931 0.003370361984155769
0.16768329368110083 0.16984848430584362 0.003805042241951699
0.19306977288832497 0.18746491681119068 0.004183645250038939
0.22229964825261944 0.20501441392575834 0.004625618560886939
0.2559547922699536 0.22580235888310565 0.005098415510367845
0.29470517025518095 0.26242855475076415 0.0056023575443490195
0.3393221771895328 0.28009703921749285 0.005951052863020221
0.3906939937054617 0.3210852195815177 0.00650341644747772
0.44984326689694465 0.34677165856741277 0.007045873985552412
0.517947467923121 0.39272760200272244 0.007573733299396762
0.5963623316594643 0.41264565686273885 0.008012303616314114
0.6866488450043002 0.45665468348220334 0.008147430815740143
0.7906043210907697 0.49215941766730237 0.008590704679959586
0.9102981779915218 0.5509994388671074 0.008763774548186604
1.0481131341546852 0.5653654262705973 0.009207578621983147
1.2067926406393288 0.6031991813099494 0.009391179215968892
1.3894954943731375 0.6333130978402424 0.009489366445497957
1.5998587196060574 0.6750051453676345 0.009545509035246522
1.8420699693267164 0.702589806515022 0.00925129811488388
2.1209508879201904 0.7327498292694752 0.00919147316789751
2.44205309454865 0.7653835256678744 0.00876449378965532
2.8117686979742307 0.7901725159572486 0.008426699989410959
3.2374575428176433 0.7928413776962905 0.008870345882181736
3.727593720314938 0.8209206391487973 0.008217175897978097
4.291934260128778 0.8283919905675025 0.008261174643806839
4.941713361323833 0.8465426500873159 0.007994245051707292
5.689866029018293 0.8796333104578163 0.007225384912053066
6.551285568595509 0.8898979520116961 0.007021772110767932
7.543120063354615 0.894287542213343 0.007014445901971194
8.68511373751352 0.9141057552720232 0.0061921592102056056
10.0 0.9134306039257437 0.006211363663101599
