0.01 0.011752892006538748 0.0002950579990897217
0.011513953993264475 0.01479797874633439 0.0003533865456933034
0.013257113655901088 0.016440193824026596 0.0003957233889965381
0.015264179671752334 0.018864030926897507 0.0004593307941775426
0.017575106248547922 0.020698288037925665 0.0005242317604691701
0.020235896477251575 0.02593708652723295 0.0006108651596444197
0.023299518105153717 0.028201609265346515 0.0006730724405475685
0.02682695795279726 0.03177701713112391 0.0007911072075735812
0.030888435964774818 0.038214275590825984 0.0008981259797553066
0.03556480306223128 0.04203897939486186 0.0009723215424188032
0.040949150623804255 0.04808102348678702 0.0012159679144958984
0.04714866363457394 0.05486893010711219 0.0013309270754072898
0.054286754393238594 0.062093630209048956 0.0014941508859767606
0.06250551925273973 0.07229948759778446 0.0017373874220751291
0.07196856730011521 0.08345187205337527 0.001953329657037811
0.08286427728546843 0.0938126450413304 0.0022026908673212367
0.09540954763499938 0.10736892600644836 0.0025031491388815253
0.10985411419875583 0.12298026565126795 0.0028175728589990147
0.12648552168552957 0.1395280495102875 0.0031776269915723015
0.14563484775012436 0.1557128850097075 0.003668981509912868
0.16768329368110083 0.17901083542019883 0.003956486928933332
0.19306977288832497 0.19402107098599253 0.004276868638476587
0.22229964825261944 0.2283852000339333 0.004850204809525505
0.2559547922699536 0.24825458237914239 0.005423346410706119
0.29470517025518095 0.2715640591560377 0.00557729170267293
0.3393221771895328 0.29959116177312606 0.006216564490791407
0.3906939937054617 0.3371170718349173 0.006562716154519068
0.44984326689694465 0.37228833820149276 0.007229851101553209
0.517947467923121 0.41748019085827764 0.007688053141769075
0.5963623316594643 0.4478139987414831 0.007937864828324625
0.6866488450043002 0.48233888667324204 0.0083667875595124
0.7906043210907697 0.521687089548056 0.0089021121340761
0.9102981779915218 0.5711357515538598 0.008813971970170226
1.0481131341546852 0.5901930224854058 0.009212338030913689
1.2067926406393288 0.6345165851920521 0.00927657742412072
1.3894954943731375 0.676052418628886 0.009172237060914103
1.5998587196060574 0.7023198781166955 0.009203932280364445
1.8420699693267164 0.7111968970379846 0.009401555226781003
2.1209508879201904 0.7426650194892291 0.009243301712712707
2.44205309454865 0.7802977581949389 0.008730712202754563
2.8117686979742307 0.7955619244016598 0.008647273044458713
3.2374575428176433 0.819828452891268 0.008459967385382962
3.727593720314938 0.8357526897749264 0.007969180351298398
4.291934260128778 0.8694009441694148 0.007231447205966932
4.941713361323833 0.8794695342295131 0.0070268318569687875
5.689866029018293 0.8841810840551404 0.007244663690683097
6.551285568595509 0.898606909392768 0.006748077494947448
7.543120063354615 0.9066484595935351 0.006706340505786854
8.68511373751352 0.9292542881650032 0.005559644059690574
10.0 0.9382299112077767 0.005560713935277213
