0.01 0.011196920904330967 0.0002750803050799105
0.011513953993264475 0.0130173521838442 0.00031917822183829533
0.013257113655901088 0.01445809689116206 0.00037146501006864635
0.015264179671752334 0.017186204355095002 0.0004260800190965556
0.017575106248547922 0.019132140155158267 0.0004812426240190732
0.020235896477251575 0.022879674291611626 0.0005690044194994771
0.023299518105153717 0.026136703232605748 0.000654635765478851
0.02682695795279726 0.02951422685384756 0.0007336978228826253
0.030888435964774818 0.03532687503109747 0.0008312211338879476
0.03556480306223128 0.038951204116480724 0.000966963596057477
0.040949150623804255 0.045592668300349616 0.0011505616946200022
0.04714866363457394 0.05320121617768676 0.0012910078679447597
0.054286754393238594 0.0618537180565702 0.00147398631406766
0.06250551925273973 0.06997421798906973 0.0016911587647397788
0.07196856730011521 0.07630567031102167 0.0018685278964926935
0.08286427728546843 0.08788791257833461 0.002139747995233422
0.09540954763499938 0.10162600520341014 0.0023729015735421926
0.10985411419875583 0.11448750868917895 0.002704769801248175
0.12648552168552957 0.1284932361372037 0.0030630631272530713
0.14563484775012436 0.14900537112899326 0.0034684833929382944
0.16768329368110083 0.16944867672292394 0.0037706309688620597
0.19306977288832497 0.19339055133979807 0.004373238599582871
0.22229964825261944 0.2083330235678343 0.004646113796790291
0.2559547922699536 0.24338031560022705 0.005238785201595847
0.29470517025518095 0.2649980590255143 0.005671536358004617
0.3393221771895328 0.2890230954237291 0.005998657136704793
0.3906939937054617 0.3355516417957372 0.0066724077699669105
0.44984326689694465 0.36579414277463845 0.007344494962621958
0.517947467923121 0.3934993368665602 0.007537254045905182
0.5963623316594643 0.43644940223153345 0.00805692614606467
0.6866488450043002 0.4727640583115441 0.008234337925454584
0.7906043210907697 0.49984969325764594 0.00881388414848519
0.9102981779915218 0.5399313883932555 0.00887880858182426
1.0481131341546852 0.5493847503997504 0.009216858602448131
1.2067926406393288 0.6106797064687817 0.009408179137968558
1.3894954943731375 0.6537529565159954 0.009264204140676652
1.5998587196060574 0.691875869310324 0.009298671800492816
1.8420699693267164 0.6969380707104125 0.009461956948698651
2.1209508879201904 0.7337084225728113 0.009270454744988409
2.44205309454865 0.7596522052489936 0.009157478405089759
2.8117686979742307 0.7936846403060785 0.00856938498241548
3.2374575428176433 0.8175600447177858 0.008279449072172342
3.727593720314938 0.8410099276913775 0.007975203089141446
4.291934260128778 0.8358480913639771 0.00842135834520913
4.941713361323833 0.8696771512191728 0.007302849040163677
5.689866029018293 0.8799935641851797 0.007303599099531164
6.551285568595509 0.9005360758353065 0.006536428709977723
7.543120063354615 0.9116648404416766 0.006550265659803504
8.68511373751352 0.9080624102826915 0.006607238415785693
10.0 0.9206729338323539 0.006017446737103379
