0.01 0.012628348223463743 0.0003080948196404773
0.011513953993264475 0.01439713617578153 0.000351789823394647
0.013257113655901088 0.01691220119080413 0.00040368585229671794
0.015264179671752334 0.019604029138315708 0.00048609394748738493
0.017575106248547922 0.021958152867590768 0.0005260743904936703
0.020235896477251575 0.025556079246970335 0.0006205617426069144
0.023299518105153717 0.028774678040212363 0.0006989349281620672
0.02682695795279726 0.03440690809538306 0.0008325957663916783
0.030888435964774818 0.038293534924372125 0.0009195269775876163
0.03556480306223128 0.04477499137938592 0.0010645168587273513
0.040949150623804255 0.05144986826663859 0.0012384549703087378
0.04714866363457394 0.056565226089681384 0.0013754072506710314
0.054286754393238594 0.06546926152062932 0.0015146021307910207
0.06250551925273973 0.07532477320760098 0.0018244553559185561
0.07196856730011521 0.08601950934044313 0.002007135896042038
0.08286427728546843 0.09585537317793227 0.0022157739084817667
0.09540954763499938 0.11247068111407686 0.00260217935051996
0.10985411419875583 0.12693866687469155 0.0029315065349777617
0.12648552168552957 0.14410223177399764 0.003271735995353001
0.14563484775012436 0.15669379608949321 0.003595098436709923
0.16768329368110083 0.18368538940386372 0.004076943923411688
0.19306977288832497 0.20242819440874413 0.004459282301457253
0.22229964825261944 0.2300515389002735 0.004738424077542259
0.2559547922699536 0.2582847502901147 0.005470776768909205
0.29470517025518095 0.2924518853905581 0.005971546380060168
0.3393221771895328 0.3211766125881845 0.006391999498282082
0.3906939937054617 0.35906675502497276 0.006934755917379953
0.44984326689694465 0.37976873978044057 0.007551791563050461
0.517947467923121 0.4212923668791369 0.007747372885640093
0.5963623316594643 0.4684839711076519 0.007870285671097897
0.6866488450043002 0.48607681413332204 0.008515009744365568
0.7906043210907697 0.5224040934557183 0.008727320002514895
0.9102981779915218 0.567665556202951 0.008754947798707918
1.0481131341546852 0.6015724432842912 0.009325765524798572
1.2067926406393288 0.649991972365017 0.009221008851668055
1.3894954943731375 0.6803967337116424 0.009186679083708828
1.5998587196060574 0.7077170590502257 0.009104454120657671
1.8420699693267164 0.745859550058442 0.00865827690855081
2.1209508879201904 0.7716914665317174 0.008788100938016716
2.44205309454865 0.784276541740836 0.008765110206416168
2.8117686979742307 0.8083690047593816 0.008533983810508726
3.2374575428176433 0.8238673282747659 0.008254704090553908
3.727593720314938 0.8527576476095662 0.007738303290783353
4.291934260128778 0.8715001706616654 0.007186645094497891
4.941713361323833 0.8838600092936649 0.006914502026322218
5.689866029018293 0.8898307836400965 0.006904400341800463
6.551285568595509 0.9009766062225621 0.006754054675052912
7.543120063354615 0.9209201151997382 0.005949876916241543
8.68511373751352 0.9256580601487042 0.0057965494257398685
10.0 0.929044105152231 0.005785655072681636
