0.01 0.0006258601946764904 2.7192498288060627e-05
0.011513953993264475 0.0009196676457645919 3.826146657398641e-05
0.013257113655901088 0.0011640917207428334 4.743601728023263e-05
0.015264179671752334 0.00160364769218564 6.597377666161672e-05
0.017575106248547922 0.001962474018971399 8.31660666757495e-05
0.020235896477251575 0.0026445429295290654 0.00011196788941524376
0.023299518105153717 0.003480641488033003 0.00014293203534565413
0.02682695795279726 0.004612835758718074 0.0001820087165916589
0.030888435964774818 0.0060045531862902 0.00024658315606949254
0.03556480306223128 0.007190878397828175 0.00028966374011800384
0.040949150623804255 0.009173112301464177 0.0003770266902025402
0.04714866363457394 0.013012552361869522 0.0005247138520897436
0.054286754393238594 0.016863218925010314 0.0006638145259128467
0.06250551925273973 0.019587982515642206 0.0008056106667574513
0.07196856730011521 0.027076031826209497 0.0010626529770841214
0.08286427728546843 0.03419221368495513 0.0013218005691895017
0.09540954763499938 0.043612714874574396 0.0015854078535545923
0.10985411419875583 0.054204910301707473 0.0019541433326804225
0.12648552168552957 0.06881522122362023 0.002451095705354846
0.14563484775012436 0.08226369288735833 0.0028569194103872696
0.16768329368110083 0.10887166950206759 0.0036640957995857522
0.19306977288832497 0.12919833609538714 0.004237361150523891
0.22229964825261944 0.15581222644424136 0.005067708137797736
0.2559547922699536 0.18348856531349308 0.005941243344530176
0.29470517025518095 0.22201443532152548 0.006574492961328559
0.3393221771895328 0.24173731363667164 0.007225313402953787
0.3906939937054617 0.3069861982130325 0.008250252038829215
0.44984326689694465 0.34324493216604507 0.008817229679878176
0.517947467923121 0.39622271155981614 0.0097519751043818
0.5963623316594643 0.43438761485354926 0.009996249272828765
0.6866488450043002 0.4622801117199568 0.010553642308144304
0.7906043210907697 0.49284385363303673 0.010840500363864327
0.9102981779915218 0.5481359929982684 0.011161865665679947
1.0481131341546852 0.6002714672868515 0.011231977517537557
1.2067926406393288 0.636303961208029 0.011261080590605295
1.3894954943731375 0.6699822689476141 0.010998256771656443
1.5998587196060574 0.7068499516868182 0.010858790667026018
1.8420699693267164 0.7552134204558146 0.010079688118322036
2.1209508879201904 0.771191322274169 0.009907405454667022
2.44205309454865 0.7991273344726246 0.009788887380279563
2.8117686979742307 0.7890702602521974 0.01015206069722532
3.2374575428176433 0.8381312880936971 0.009059336972228304
3.727593720314938 0.8493380922859682 0.00898592609378001
4.291934260128778 0.8572286385127429 0.008892645067554748
4.941713361323833 0.8770143351838756 0.008379752094703426
5.689866029018293 0.906066284576018 0.007191841101942612
6.551285568595509 0.908192969089745 0.0072304716015410215
7.543120063354615 0.9117209245012844 0.007279299623147549
8.68511373751352 0.9232566642425303 0.006671074858828555
10.0 0.9455169756224975 0.005435265643936966
