0.01 0.0007485224271078362 3.082581800496424e-05
0.011513953993264475 0.0008958361243081681 3.758880546215429e-05
0.013257113655901088 0.001165186058457139 4.837683155170669e-05
0.015264179671752334 0.0015192682448577147 6.000709016857242e-05
0.017575106248547922 0.002110751254055455 8.545743722748003e-05
0.020235896477251575 0.0029569383513584845 0.00011517413803597171
0.023299518105153717 0.003676068173500263 0.00015279521882140626
0.02682695795279726 0.004655751981739909 0.00019445484387497
0.030888435964774818 0.005545614964871059 0.00023177460952734949
0.03556480306223128 0.007486131199012503 0.00030580017188244925
0.040949150623804255 0.01003672096004693 0.0004112760681598468
0.04714866363457394 0.013209524744018417 0.0005026060714245711
0.054286754393238594 0.0161163952263237 0.0006720813928537199
0.06250551925273973 0.02338709000782314 0.000897933775650038
0.07196856730011521 0.027694988295501963 0.001061589745054103
0.08286427728546843 0.03310768775376113 0.0012578931802502678
0.09540954763499938 0.04506185418380305 0.0016716907637258176
0.10985411419875583 0.05806517262822551 0.0020920673372947156
0.12648552168552957 0.07247793784237305 0.002577785992045883
0.14563484775012436 0.09357266778125314 0.0031980474403243355
0.16768329368110083 0.10944124092476806 0.0038842542618967827
0.19306977288832497 0.13488942988269406 0.0045147550703701364
0.22229964825261944 0.16135406751721507 0.005061360222811305
0.2559547922699536 0.1935242512800669 0.005957871629968673
0.29470517025518095 0.2275085554970515 0.0067757733652702625
0.3393221771895328 0.2704763668917984 0.007524324521245482
0.3906939937054617 0.3063886211073721 0.008341002061759887
0.44984326689694465 0.3581281737594705 0.009066284115154708
0.517947467923121 0.40701666478397375 0.009695858542787855
0.5963623316594643 0.4465581437948661 0.01024091075553461
0.6866488450043002 0.48983563490140536 0.01072726956862509
0.7906043210907697 0.5144578612358036 0.01099225085026103
0.9102981779915218 0.5710598071157226 0.010912381500870563
1.0481131341546852 0.6223625984805855 0.010941258706810685
1.2067926406393288 0.6645030298920022 0.010850763485204095
1.3894954943731375 0.6991409543894964 0.010627395932366867
1.5998587196060574 0.7206667254388849 0.010777172737641737
1.8420699693267164 0.7426342200923859 0.010625080881110706
2.1209508879201904 0.7958422788050294 0.00953276465410716
2.44205309454865 0.8066659679017 0.009380538647442012
2.8117686979742307 0.8139241698123322 0.00936299757007643
3.2374575428176433 0.8353200792362077 0.009103737580451899
3.727593720314938 0.8758460491577085 0.008176621008504196
4.291934260128778 0.8640676995954154 0.00860812755594566
4.941713361323833 0.8804762651895184 0.008149316627365642
5.689866029018293 0.9072345628455097 0.0070697719820164324
6.551285568595509 0.9131809157727152 0.00719530936966629
7.543120063354615 0.9242087400633374 0.006604011855964274
8.68511373751352 0.9485801242335304 0.005386466391088448
10.0 0.9430542813477356 0.005763892077857174
