0.01 0.0006591304116710741 2.8221392471918015e-05
0.011513953993264475 0.0008146498334487381 3.4136641455051964e-05
0.013257113655901088 0.001000498296339107 4.298962603583679e-05
0.015264179671752334 0.001340439744001182 5.955416810042965e-05
0.017575106248547922 0.001840029650012874 7.732920091943254e-05
0.020235896477251575 0.002325804602270784 9.70331312292492e-05
0.023299518105153717 0.002940403809068544 0.00012741164178426903
0.02682695795279726 0.004037242969712709 0.0001798118240231333
0.030888435964774818 0.004934173096816363 0.0001995140103121996
0.03556480306223128 0.00729707454761056 0.00029729055415898104
0.040949150623804255 0.009090985171054094 0.00037625394541939956
0.04714866363457394 0.011861770642585725 0.0004807972640161346
0.054286754393238594 0.014438775945667004 0.000595420682297295
0.06250551925273973 0.01926943181469874 0.0007743940863730839
0.07196856730011521 0.023770399778176597 0.0009460504180510786
0.08286427728546843 0.031627444413775616 0.0012269531984993916
0.09540954763499938 0.03934858306479648 0.0015420128167819922
0.10985411419875583 0.052243467940408746 0.0018799848911498992
0.12648552168552957 0.0605034556820585 0.002275072513886194
0.14563484775012436 0.07994320914173558 0.002835424901205881
0.16768329368110083 0.10190029114421935 0.0036190650030578867
0.19306977288832497 0.11823235428105354 0.004088746592997643
0.22229964825261944 0.15344882792561534 0.005085005895108489
0.2559547922699536 0.1617476337343138 0.005281059094187293
0.29470517025518095 0.19836477951063425 0.006226802004955639
0.3393221771895328 0.23005744439230136 0.00695089846075775
0.3906939937054617 0.2830876846684559 0.007880593476191685
0.44984326689694465 0.3313228807408443 0.00855127732814741
0.517947467923121 0.378256155831654 0.009671991596257104
0.5963623316594643 0.4238178922296255 0.009923467686827532
0.6866488450043002 0.45646209066915383 0.010337817168687934
0.7906043210907697 0.5002923167962277 0.010672708375738433
0.9102981779915218 0.5530815092258865 0.010951437216443833
1.0481131341546852 0.5577359307139157 0.011369568754443856
1.2067926406393288 0.6437581222212123 0.010817616800357959
1.3894954943731375 0.6816814866579093 0.010745396896250599
1.5998587196060574 0.6956979655295206 0.010917617309599167
1.8420699693267164 0.7061567784768665 0.011088467329098989
2.1209508879201904 0.7600097821477213 0.010111235475221567
2.44205309454865 0.7869991846267982 0.009776512942842383
2.8117686979742307 0.8058669676858458 0.00950206510982774
3.2374575428176433 0.830476528758454 0.009216238297136829
3.727593720314938 0.8342482829193033 0.009250587887120116
4.291934260128778 0.8547406246501009 0.008902812627327812
4.941713361323833 0.885895372358677 0.007690409718485207
5.689866029018293 0.8819796981240682 0.008184276026340026
6.551285568595509 0.8993893264719013 0.007474286444083333
7.543120063354615 0.9094297138869588 0.007089683505469428
8.68511373751352 0.9154719427621267 0.007117717828337615
10.0 0.945401898047186 0.005468538478893386
