0.01 0.0007318098195230012 2.923793372891913e-05
0.011513953993264475 0.0009414867033217859 3.7737071233226255e-05
0.013257113655901088 0.0014789589846317367 6.213080234034662e-05
0.015264179671752334 0.001671390953465395 7.05462457951264e-05
0.017575106248547922 0.0022407556636090406 9.257125011140897e-05
0.020235896477251575 0.002905525738710489 0.00011894332063066624
0.023299518105153717 0.0038852012516069627 0.00016059971732137413
0.02682695795279726 0.0050830520041422085 0.00020682293090359274
0.030888435964774818 0.006509027882701357 0.0002627076213695038
0.03556480306223128 0.008734879675123746 0.00036658689610411644
0.040949150623804255 0.010780654240884353 0.0004329678910436859
0.04714866363457394 0.013769020392641615 0.0005369463309563086
0.054286754393238594 0.01780102831276518 0.0006879502385383063
0.06250551925273973 0.02380745537969539 0.0009146300529446626
0.07196856730011521 0.029167473017087494 0.0010967547788926354
0.08286427728546843 0.03996716250065161 0.0015140900683441067
0.09540954763499938 0.04924043322203219 0.0017896387338066648
0.10985411419875583 0.06451181773180333 0.002273887182137684
0.12648552168552957 0.0732051451143131 0.0026184783666195295
0.14563484775012436 0.09421183108142847 0.0031026892385128506
0.16768329368110083 0.1107666527925895 0.0038330668366935955
0.19306977288832497 0.14288905471193925 0.0045677433057708435
0.22229964825261944 0.1738617887314694 0.005376129930967811
0.2559547922699536 0.20264128723770378 0.006276169465879967
0.29470517025518095 0.2387550622064285 0.006900570001603168
0.3393221771895328 0.28946739064591875 0.007747725419143123
0.3906939937054617 0.33319717825273265 0.008560036049639893
0.44984326689694465 0.3584249250770024 0.008831568836285041
0.517947467923121 0.41250145584939846 0.009847957490365555
0.5963623316594643 0.4633424000129015 0.010095869422644977
0.6866488450043002 0.49532134377532394 0.01049946668743064
0.7906043210907697 0.5290796792661404 0.010688769127949293
0.9102981779915218 0.5791215458292869 0.011000924240144193
1.0481131341546852 0.6397512023620344 0.010821854025129814
1.2067926406393288 0.6628986183479851 0.01105635879210934
1.3894954943731375 0.7094139316448794 0.010684182425860363
1.5998587196060574 0.7269301099616423 0.010542338096732329
1.8420699693267164 0.7585710071379285 0.010245570344662884
2.1209508879201904 0.7834760839373371 0.009900686132566653
2.44205309454865 0.8023014174310841 0.009537741248092564
2.8117686979742307 0.8275048570984077 0.009409559592933272
3.2374575428176433 0.852196791755293 0.008631976733864465
3.727593720314938 0.8665693691653304 0.008510478132975174
4.291934260128778 0.8687420320464471 0.008636904531103043
4.941713361323833 0.9064040859382398 0.0074112134825467645
5.689866029018293 0.9044521106658988 0.007495351641551118
6.551285568595509 0.9216127600790937 0.006788385041402751
7.543120063354615 0.9267513898539689 0.006415404242886059
8.68511373751352 0.9391870874382812 0.005996372702586044
10.0 0.9483609863439731 0.0052723538184489705
