0.001 0.0011675441442269988 9.23283800726671e-06
0.0010473708979594498 0.0012109915087991827 9.579603369767014e-06
0.001096985797892384 0.0012683111770049086 1.0119906145009909e-05
0.0011489510001873086 0.0013110781496697016 1.0494792782152688e-05
0.0012033778407775893 0.0013842508826394993 1.105049894864312e-05
0.0012603829296797275 0.0014470572025559513 1.1529781150339777e-05
0.001320088400831418 0.001511044360796026 1.227993948446542e-05
0.0013826221737646563 0.0015915201033363414 1.2648787349474897e-05
0.001448118227674533 0.0016592523737452634 1.3134008399860909e-05
0.0015167168884709225 0.001754303163449792 1.3708430485590805e-05
0.0015885651294280528 0.0018250935237588333 1.4618867141916306e-05
0.001663816886076129 0.0019406894619659197 1.5353861354511544e-05
0.0017426333860096508 0.002031657782567696 1.6016705519148827e-05
0.0018251834943190425 0.0021134524986468626 1.6697966441444026e-05
0.0019116440753857017 0.0021659106976870466 1.7404337710436602e-05
0.0020022003718155844 0.0022984908642668333 1.8357216070713378e-05
0.002097046401323233 0.002420384625120617 1.9277680124182262e-05
0.002196385372416547 0.002527079885470739 1.9953344528102892e-05
0.002300430119772917 0.002622799167797445 2.0874091644118123e-05
0.0024094035602395245 0.0027434963863784915 2.1616000856277588e-05
0.0025235391704347657 0.0028994627598645352 2.27799741007882e-05
0.0026430814869741054 0.0030263264011849297 2.3807470568001422e-05
0.0027682866303920667 0.0032364577202425382 2.5631349801887433e-05
0.002899422853882875 0.003303953498965709 2.628763504770996e-05
0.0030367711180354575 0.0035263328338458683 2.7533792135412774e-05
0.0031806256927941192 0.003705555568284781 2.917047258247017e-05
0.0033312947879346735 0.003828920677705238 3.0160945417097805e-05
0.0034891012134067737 0.004022176245155366 3.1784303910392226e-05
0.0036543830709572546 0.004182426981032189 3.336810687306554e-05
0.003827494478516311 0.004422809420587879 3.5012784935709634e-05
0.004008806328898464 0.004646433533221733 3.6590436081518125e-05
0.00419870708444391 0.0048803270655472806 3.834298243081511e-05
0.004397603609302721 0.0051094117148900945 4.0431263771006406e-05
0.004605922041145104 0.005364505702026141 4.1862881860533226e-05
0.004824108704165369 0.005550857527288038 4.367402135505e-05
0.00505263106533568 0.0058085379418916895 4.591302385594575e-05
0.005291978735958442 0.006147610807445896 4.828490916893083e-05
0.005542664520663107 0.006466737153131687 5.0701527220512285e-05
0.005805225516094896 0.006768668167824285 5.3115276359530335e-05
0.006080224261649427 0.007024147866476109 5.565582895241375e-05
0.006368249944718587 0.0074508292635707225 5.891163453838445e-05
0.006669919663030122 0.007772419657917881 6.084592417156893e-05
0.0069858797467852495 0.008032439884662278 6.353536222580906e-05
0.007316807143427192 0.008388604385128012 6.591977494427686e-05
0.007663410868007463 0.00888976399496982 7.018550936148389e-05
0.008026433522257174 0.009271732881391093 7.253977529652775e-05
0.008406652885618326 0.009712233518313958 7.64697776924267e-05
0.008804883581643464 0.010161558916271301 8.073768719333613e-05
0.009221978823334321 0.010530822449367573 8.339794246289122e-05
0.009658832241158708 0.010979836196531556 8.660988500407068e-05
0.01011637979766207 0.011573236690811789 9.08627244070233e-05
0.010595601792776159 0.012346773504293274 9.694383693250615e-05
0.011097524964120722 0.01264896517720168 9.906639682166597e-05
0.011623224686798524 0.013232607119408294 0.0001050837690541746
0.012173827277396614 0.014074389739671123 0.000111311973442232
0.012750512407130135 0.014476422949386352 0.00011601260026604827
0.013354515629298987 0.015198189938276357 0.00011979122768202744
0.013987131026472387 0.015811600507518713 0.00012495693773614035
0.014649713983072856 0.016853631710907438 0.00013242684346547305
0.015343684089300124 0.017252302595817556 0.0001355515473050566
0.01607052818261639 0.018540211688954648 0.00014551322499653958
0.016831803533309566 0.0192769769177164 0.0001491829580017666
0.01762914118095948 0.020327397799524964 0.00016035979181168843
0.018464249428955436 0.021044468625242896 0.00016504112238106098
0.01933891750455231 0.021979878189119607 0.0001711632146505023
0.020255019392306676 0.023190116534439385 0.00018171418251838702
0.021214517849106298 0.02416604294789589 0.00019066683650673214
0.02221946860939524 0.025394624501134427 0.00019940666580492956
0.023272024789604086 0.026338791422841554 0.0002047858929694139
0.024374441501222206 0.02733637420176714 0.0002127747015291257
0.025529080682395178 0.028878562269673388 0.00022469897885911476
0.026738416158399468 0.030245931125083458 0.00023465819433509592
0.02800503894183631 0.031672674406782855 0.00024517262472625016
0.02933166278390044 0.03304484445709297 0.0002581869562079193
0.030721129988617576 0.03475523823104659 0.0002675209236793833
0.03217641750250737 0.03606216281665105 0.00027856563598873996
0.03370064329271928 0.03812029238508244 0.00029597679729619796
0.0352970730273065 0.03963263284275529 0.00030767356436805506
0.036969127071950283 0.04154908964737959 0.0003212842168894795
0.03872038781812555 0.042830390820632815 0.00033442252704615565
0.040554607358408296 0.04492102226985569 0.00034899455198418377
0.04247571552536898 0.04835740067761595 0.0003751045034265861
0.04448782831127585 0.04987368035632254 0.0003842472276013165
0.046595256686646824 0.0516385400363348 0.00039888748180959705
0.04880251583654431 0.05409132817833281 0.00041479369802493234
0.051114334834401684 0.056580338554227685 0.0004371420408673015
0.053535666774107246 0.058540985105699134 0.0004513253661919099
0.05607169938205458 0.06211570716013418 0.00048317577143538787
0.05872786613189483 0.06458355052696342 0.0004919401912024098
0.061509857885805014 0.06661296194583297 0.0005139865504836833
0.06442363508721373 0.06948152414913544 0.0005414530842393065
0.06747544053110693 0.07422562450888756 0.0005587535912155296
0.07067181273927492 0.07721681366278343 0.0005865122907438344
0.07401959996915644 0.07996933639620146 0.0006063699931816803
0.0775259748862946 0.0841907441179969 0.0006291653888854332
0.08119844993184012 0.08749251610147739 0.0006616855281314564
0.08504489341802678 0.09107559836969698 0.0006881690758094518
0.0890735463861044 0.0941604043846404 0.0007125808816000362
0.09329304026284686 0.09951696511183653 0.0007427921584613581
0.09771241535346496 0.10264443496645213 0.0007676019958937292
0.10234114021054527 0.10796043942134542 0.0008112011518796712
0.10718913192051276 0.1115168553177308 0.0008414614105668618
0.11226677735108136 0.11824946020514758 0.0008712771284413473
0.1175849554052157 0.12197641752443733 0.0009007279492834484
0.12315506032928261 0.12632391597914672 0.0009364910982974739
0.1289890261253308 0.13226139939608222 0.0009742576317544283
0.13509935211980265 0.13711050259137825 0.0010087903044106968
0.1414991297434576 0.14480700416975267 0.0010478311614777163
0.14820207057988585 0.15201372317940845 0.0011028420085279476
0.1552225357427048 0.15524416929713838 0.001140373471638473
0.1625755666443795 0.16370465303012724 0.0011823760544572759
0.17027691722258995 0.16975765878219554 0.001205585041212141
0.17834308769319093 0.17600364131554405 0.0012458536390194648
0.1867913599020783 0.1816743531173412 0.0013006445081449474
0.19563983435170648 0.1941354993317157 0.0013660646772940882
0.20490746898158482 0.19630049107921982 0.0014035218616885435
0.21461411978584036 0.20454834846838124 0.0014520154546777144
0.22478058335487253 0.21197905156147817 0.0014917543714498681
0.2354286414322418 0.2216039906947101 0.0015399528590608902
0.2465811075822604 0.23132077105708146 0.001590222953704442
0.2582618760682677 0.2417057365001898 0.0016556228888891047
0.27049597304631345 0.245280911783012 0.0016880768100296032
0.2833096101839324 0.25798772575457857 0.0017488336437205606
0.29673024081888694 0.2670254815608157 0.0018009970259627616
0.3107866187782014 0.27461398320120606 0.00185425917827216
0.325508859983506 0.28520085201060946 0.0018957876235392273
0.3409285069746811 0.29416389396365855 0.0019350066709642151
0.35707859649004625 0.30441908242886784 0.002012523038525432
0.3739937302478798 0.3201772049278987 0.002064736383681321
0.39171014908092605 0.3295603172160116 0.0021134748314771508
0.41026581058271944 0.3372865166354036 0.0021587818551516208
0.4297004704320839 0.3484726191696279 0.0022109191120034647
0.4500557675700497 0.36027886109938745 0.0022336672702734646
0.4713753134116724 0.37018082598726854 0.002307420326797013
0.4937047852839004 0.38390761414419805 0.002342819553903693
0.517092024289676 0.396757661806776 0.002382841713806776
0.5415871378079471 0.408110137439735 0.002447741587866041
0.5672426068491978 0.4221845756957637 0.002494098369256259
0.5941133984965034 0.43495595196006936 0.0025537133362263835
0.6222570836730231 0.4403601875243405 0.0025628775580114967
0.6517339604882427 0.45570630722768846 0.00261653508630189
0.6826071834272386 0.4673398565377834 0.0026429786635002077
0.7149428986597577 0.4762383235787857 0.002697249314602135
0.7488103857590023 0.49012663416188934 0.0027231491147668586
0.7842822061337682 0.5032507162106789 0.0027829507681962507
0.821434358491943 0.5116557567423241 0.0027845802071417517
0.8603464416684501 0.5293263891422575 0.00280628128678665
0.9011018251665018 0.5358237031854499 0.0028557768147603195
0.9437878277775381 0.5527030767587426 0.00287922340949103
0.9884959046625587 0.5645611797735819 0.0028756227655837335
1.0353218432956626 0.5751279620162322 0.0029177864149981764
1.0843659686896108 0.5830220920111402 0.0029035741549574244
1.135733358343105 0.5936751369877756 0.002937283355404606
1.1895340673703196 0.6118859833204535 0.002932382181931085
1.2458833642950082 0.6200534760530141 0.0029541439456817037
1.3049019780144029 0.634557158203755 0.0029717577579932075
1.3667163564620073 0.6453065401160337 0.0029424079983734557
1.4314589375234785 0.6574353606908762 0.0029438333139940103
1.4992684327860455 0.6587870388258558 0.0029919660240696256
1.5702901247293775 0.6752404990993736 0.0029687444192672847
1.6446761779946644 0.6893180257881594 0.002934510757617077
1.7225859653987874 0.6989717175006477 0.0029433971330440965
1.8041864093920719 0.6992943749179473 0.002964410268657049
1.8896523396912097 0.7159138826716478 0.0029329188733666733
1.9791668678535574 0.7223713812932631 0.002930915384428846
2.072921779595372 0.7357438821525478 0.002921160175720637
2.171117945694505 0.7437315817376506 0.0028811832060612447
2.2739657523579275 0.757173233105916 0.0028100837864489243
2.381685551976158 0.7599204393010326 0.002857119492405889
2.4945081352303164 0.7673539214631993 0.0028525836911481666
2.612675225563329 0.780385859931398 0.002771890847189738
2.736439997074672 0.7845673187965156 0.002775436063252944
2.8660676169482504 0.7924226231866176 0.002731030020183975
3.001835813575589 0.7990300431064403 0.0027401774472797426
3.1440354715915 0.8058061882668611 0.0027088734048648245
3.2929712550971515 0.8121768142542726 0.002673127144711563
3.44896226040576 0.8205116848597117 0.002630299979076783
3.6123426997094303 0.8274267601512376 0.0025980592065717057
3.7834626171319288 0.8328568432149341 0.002583535560257622
3.9626886387014784 0.8426052106966803 0.0025339498925054656
4.150404757850477 0.8477807997046464 0.0024926151667040842
4.347013158125026 0.8537424593149628 0.002450540319972709
4.552935074866948 0.8591099870915461 0.0024223678421053645
4.768611697714469 0.8633648190502401 0.002398346409114694
4.99450511585514 0.8647153536803671 0.0024206413514982735
5.2310993080562636 0.8741266015599264 0.0023250288752330503
5.478901179593945 0.8774125892451994 0.0023124799796206035
5.738441648302393 0.8808187300752787 0.0022899822880290827
6.010276782070382 0.8862579007125152 0.0022335543803467957
6.294988990221888 0.8879187937934659 0.002246713087277702
6.593188271333548 0.8966350168131343 0.0021614875321377103
6.905513520162331 0.9014706116907745 0.0020880912539033725
7.2326338964835335 0.9025635680221936 0.0021039685536209936
7.575250258771913 0.9072139344409521 0.0020603024644945335
7.934096665797492 0.9129331643326939 0.002000258531832352
8.309941949353396 0.9141029067490046 0.0019824134572078173
8.703591361485167 0.9174217550824749 0.0019488212329186033
9.115888299750829 0.9195241995121624 0.0019464729699268952
9.547716114208056 0.9230822711540948 0.001896178911398399
10.0 0.9257470523842932 0.0018620316769140258
