0.01 0.012812941815829511 0.0003064956018188835
0.011513953993264475 0.0147944156312512 0.0003563581826667809
0.013257113655901088 0.017009094042527522 0.000411382493159812
0.015264179671752334 0.01987286193805562 0.0004515205562609996
0.017575106248547922 0.022523833404953876 0.0005271853124611548
0.020235896477251575 0.025496047376077493 0.0006094135330770761
0.023299518105153717 0.028979671658462634 0.0007048582173949606
0.02682695795279726 0.0318356000358092 0.0007609897736315133
0.030888435964774818 0.03918511812897961 0.0009337288873436476
0.03556480306223128 0.044615387589348375 0.0010522688309550956
0.040949150623804255 0.0502113361312703 0.001181724170459085
0.04714866363457394 0.05925910532449015 0.0013551607502029757
0.054286754393238594 0.06447724852987684 0.001515713282173379
0.06250551925273973 0.07369493798045652 0.0017645625425826445
0.07196856730011521 0.08902862465449542 0.0020374643845080427
0.08286427728546843 0.09557375383251093 0.0022156135635082353
0.09540954763499938 0.1098930526744307 0.0025269601224420187
0.10985411419875583 0.13008505939556347 0.0028976620043353386
0.12648552168552957 0.14144843689929057 0.0032103388361594625
0.14563484775012436 0.16318451924645763 0.003588502542582386
0.16768329368110083 0.18339180413005227 0.004046309339500282
0.19306977288832497 0.2046264391035204 0.004344133172716076
0.22229964825261944 0.23272101917110016 0.00488888956404196
0.2559547922699536 0.258496087184914 0.005391061967682462
0.29470517025518095 0.28209474810302276 0.005775519514146922
0.3393221771895328 0.31865586991631484 0.006237778832961667
0.3906939937054617 0.35693613328929835 0.006670528266566878
0.44984326689694465 0.39938796068111804 0.007456011128672198
0.517947467923121 0.42433820992456944 0.007482908214898434
0.5963623316594643 0.45469542581137445 0.008473297859019013
0.6866488450043002 0.49822080856550793 0.008693243288361534
0.7906043210907697 0.533723986657007 0.00887564783823079
0.9102981779915218 0.5669510220546687 0.00887599637281872
1.0481131341546852 0.6022653253658543 0.009343755538995909
1.2067926406393288 0.6419199742092864 0.009228801517874103
1.3894954943731375 0.6820147914602622 0.009190633047775724
1.5998587196060574 0.7070943663823399 0.009282822842501695
1.8420699693267164 0.7395636826690102 0.008879272393624486
2.1209508879201904 0.7527986501426988 0.008761763753023809
2.44205309454865 0.8070747933376449 0.00811401311911848
2.8117686979742307 0.8085301503910814 0.008200152214226937
3.2374575428176433 0.8416637472014872 0.007748626209910172
3.727593720314938 0.8603940316850952 0.007507321663714753
4.291934260128778 0.8711117572002705 0.007364483485595365
4.941713361323833 0.8840760239490174 0.007184745317989882
5.689866029018293 0.8891062635010216 0.006920380876907014
6.551285568595509 0.9015837770564646 0.006853275400049513
7.543120063354615 0.9147977564040685 0.006396434072433814
8.68511373751352 0.9263933039620781 0.005838436809580757
10.0 0.939791659328316 0.005323733806497173
