0.01 0.011438747743269912 0.00028469674919772494
0.011513953993264475 0.014059478781417934 0.0003385481298984139
0.013257113655901088 0.01584491965978291 0.00038088466833970005
0.015264179671752334 0.018475412617758577 0.00045441139871447636
0.017575106248547922 0.020419376507578333 0.0005055103434278966
0.020235896477251575 0.023512768330051597 0.0005980475912180248
0.023299518105153717 0.027303908525283246 0.0006768826480400235
0.02682695795279726 0.032046410365262255 0.0007587687021952638
0.030888435964774818 0.03627745803214488 0.0008863293513641349
0.03556480306223128 0.040173655104036664 0.0009557275080487125
0.040949150623804255 0.045039899304290205 0.0011055049215908858
0.04714866363457394 0.05421022331442798 0.0013145216275007965
0.054286754393238594 0.06195391925339896 0.0015072569994851494
0.06250551925273973 0.06657598401891518 0.001653628310822446
0.07196856730011521 0.07919409920978702 0.0019471374756345322
0.08286427728546843 0.0898900372592357 0.0021942928339454865
0.09540954763499938 0.10460305418267479 0.002393005774805201
0.10985411419875583 0.1177549217805044 0.0026897847753194286
0.12648552168552957 0.13393079857373208 0.003080549223091706
0.14563484775012436 0.14906078749700907 0.0033429148618555533
0.16768329368110083 0.17490566341328498 0.003899284889604686
0.19306977288832497 0.19430249973972938 0.0042391090681544
0.22229964825261944 0.21596865678795193 0.004800902458130016
0.2559547922699536 0.23758530259389546 0.005375258864856993
0.29470517025518095 0.2721793225421027 0.005680575947405556
0.3393221771895328 0.2862959491809978 0.0061340722103300285
0.3906939937054617 0.33685028038939335 0.006826240509506679
0.44984326689694465 0.36822503494744374 0.007143969130426145
0.517947467923121 0.4070753119790661 0.007881277726845385
0.5963623316594643 0.44050226020578087 0.007999230848346299
0.6866488450043002 0.4629831954643453 0.008553224747354673
0.7906043210907697 0.4893447757869545 0.008829632407809351
0.9102981779915218 0.535666039390006 0.009183280435224424
1.0481131341546852 0.5833156270650799 0.009445670669286681
1.2067926406393288 0.6176150435759367 0.009515611515673483
1.3894954943731375 0.6472688224764188 0.009381319004041964
1.5998587196060574 0.6844963466715864 0.00943743177404825
1.8420699693267164 0.7299236619463966 0.00884480927970018
2.1209508879201904 0.7456906575019024 0.00881997252430758
2.44205309454865 0.7790536167819531 0.008775939209187372
2.8117686979742307 0.7735979171083714 0.009149503143901786
3.2374575428176433 0.81849959190673 0.008257745084402086
3.727593720314938 0.8329315812073365 0.00823157266608662
4.291934260128778 0.843878115375752 0.008213289346241737
4.941713361323833 0.8629242367208974 0.007744197041117131
5.689866029018293 0.8921002982791814 0.0067846264174618
6.551285568595509 0.8960928458021553 0.0067796880963277815
7.543120063354615 0.9020847271148078 0.006838119613684299
8.68511373751352 0.91421980853678 0.006243318290703923
10.0 0.9345330642624685 0.0052560349554814445
