0.01 0.01232342087845955 0.0002983645499201548
0.011513953993264475 0.01451856424257305 0.0003451311968583715
0.013257113655901088 0.015081220074310791 0.00037036613888026467
0.015264179671752334 0.019183480024308544 0.00046045914152211567
0.017575106248547922 0.02187736872632607 0.000531763227743609
0.020235896477251575 0.024755833322361462 0.0006105312113239949
0.023299518105153717 0.028975132269583936 0.0006956892668665733
0.02682695795279726 0.03256155743629468 0.0007911465964737095
0.030888435964774818 0.037752705433182536 0.0009392946100323321
0.03556480306223128 0.04302981306291365 0.0010314206541080055
0.040949150623804255 0.04760460080213568 0.0011438452914131392
0.04714866363457394 0.053483517800699605 0.0012752670499964632
0.054286754393238594 0.06351490409355266 0.0014929050150786322
0.06250551925273973 0.07127016940169917 0.0017104520180118835
0.07196856730011521 0.08503792430214241 0.0019419900181992388
0.08286427728546843 0.0947598017984536 0.0022106389931055353
0.09540954763499938 0.10590026813850852 0.0024001084044474297
0.10985411419875583 0.12542688083932535 0.00291224316734861
0.12648552168552957 0.13803949196751666 0.003207925417671153
0.14563484775012436 0.1552838283298446 0.003568823287319781
0.16768329368110083 0.1741803146093568 0.0041351491304791885
0.19306977288832497 0.19725389518747435 0.004289437873418854
0.22229964825261944 0.2202977816005426 0.004659761226805113
0.2559547922699536 0.2501735704391821 0.005173902117319214
0.29470517025518095 0.2858097056106087 0.005740437883132722
0.3393221771895328 0.31218395483531525 0.006213333244354433
0.3906939937054617 0.3408803082273691 0.006798603251545264
0.44984326689694465 0.37779227713269364 0.007198990398707541
0.517947467923121 0.39666775830275014 0.007675471069357574
0.5963623316594643 0.4598187992170902 0.007978287518194585
0.6866488450043002 0.49718618786088403 0.008438571835772056
0.7906043210907697 0.5433301021260736 0.008712446066637347
0.9102981779915218 0.5626543574506527 0.009130930598962882
1.0481131341546852 0.5900432233173504 0.009091486511703233
1.2067926406393288 0.6415439443614248 0.009297392902781072
1.3894954943731375 0.68103645784647 0.009142078042244357
1.5998587196060574 0.7142540284466137 0.0090193318032793
1.8420699693267164 0.7447391070373853 0.00881090962933231
2.1209508879201904 0.7665350850299217 0.008604048441560956
2.44205309454865 0.7695476252750681 0.008811798364752004
2.8117686979742307 0.8026539212683704 0.008711565103057095
3.2374575428176433 0.838697400913426 0.007946978247372415
3.727593720314938 0.8401517587631703 0.007826192493293077
4.291934260128778 0.8631642558762922 0.007507678397441647
4.941713361323833 0.8738662418578436 0.007239724302703647
5.689866029018293 0.8875284990044222 0.007082830009493579
6.551285568595509 0.9044391217876613 0.006499526437494072
7.543120063354615 0.9181715327723341 0.006213036398867738
8.68511373751352 0.9189746533938978 0.006084793591213368
10.0 0.9286750738608209 0.0061655558497253895
