0.01 6.262652402470277e-06 3.604042249339793e-07
0.011513953993264475 8.298029443676917e-06 5.000300889196641e-07
0.013257113655901088 1.2314516643915769e-05 7.186725095924571e-07
0.015264179671752334 1.786261199414844e-05 1.0122484003118691e-06
0.017575106248547922 2.9972918634508737e-05 1.7076611903539503e-06
0.020235896477251575 4.904731957460098e-05 2.670840877274972e-06
0.023299518105153717 7.110274449061596e-05 4.200200996916924e-06
0.02682695795279726 0.00010261215325367464 6.057223281595237e-06
0.030888435964774818 0.0001338729159555823 8.180112661697943e-06
0.03556480306223128 0.00020993560366613549 1.2522175347351313e-05
0.040949150623804255 0.00033320644312473093 1.9249409898411357e-05
0.04714866363457394 0.00048646966424349816 2.6994471468795058e-05
0.054286754393238594 0.0007076758611966117 4.282530699953354e-05
0.06250551925273973 0.0012085118101807962 6.751811571736737e-05
0.07196856730011521 0.001583453839692996 8.840472382103837e-05
0.08286427728546843 0.0021036751187308426 0.0001144681730382087
0.09540954763499938 0.0034159844423024147 0.00018899587628711697
0.10985411419875583 0.005097569227964418 0.00026707281854615813
0.12648552168552957 0.0073390704705931994 0.00037666548334918065
0.14563484775012436 0.011055846488101697 0.0005430698214112121
0.16768329368110083 0.015053177947061161 0.0007922766820416924
0.19306977288832497 0.020886731556724315 0.0010426832940901114
0.22229964825261944 0.027532589797612906 0.0012911568436689605
0.2559547922699536 0.03836817918393292 0.0017783228126442144
0.29470517025518095 0.05134589227448212 0.0023153389802821655
0.3393221771895328 0.06912927325211111 0.0030054125714074416
0.3906939937054617 0.08853717524621166 0.003717773577033948
0.44984326689694465 0.11617052141788944 0.004462379908262841
0.517947467923121 0.1487674644544019 0.005459681856482613
0.5963623316594643 0.18035383436171565 0.006304626500677625
0.6866488450043002 0.22255841044968555 0.007555308698127271
0.7906043210907697 0.2476592601057745 0.008096677941227546
0.9102981779915218 0.2963722270118049 0.008828604326489272
1.0481131341546852 0.3540598510940084 0.009699546008071908
1.2067926406393288 0.4123575659439817 0.010612365287994049
1.3894954943731375 0.4518033785296626 0.010715318544131588
1.5998587196060574 0.4986434118633574 0.011312101890473611
1.8420699693267164 0.5350514646400062 0.011551817413760568
2.1209508879201904 0.6008896964820977 0.011389743161977543
2.44205309454865 0.6243874982029313 0.011516411127741736
2.8117686979742307 0.6423138253084432 0.011553087957429308
3.2374575428176433 0.6882875421558238 0.011475543605670721
3.727593720314938 0.7474007292627876 0.010534719529173297
4.291934260128778 0.7461413301507402 0.011064003285181282
4.941713361323833 0.76920901296031 0.01060959154713857
5.689866029018293 0.813095196584728 0.009915112658406588
6.551285568595509 0.8319805977339159 0.009558795484447574
7.543120063354615 0.850541656059029 0.00920270599205797
8.68511373751352 0.8866275111905136 0.007903395635439563
10.0 0.8845041876775851 0.008244670436106848
