0.001 5.583265003776147e-09 1.0650854586506575e-10
0.0010473708979594498 6.546342568304381e-09 1.219526884378766e-10
0.001096985797892384 7.3537859677988436e-09 1.3958260582262628e-10
0.0011489510001873086 8.465852258909028e-09 1.60796504579846e-10
0.0012033778407775893 9.608964882025417e-09 1.8103048889310147e-10
0.0012603829296797275 1.1079009950040112e-08 2.0929029985908146e-10
0.001320088400831418 1.2681755547640998e-08 2.39303020447895e-10
0.0013826221737646563 1.466962248739609e-08 2.771333997181067e-10
0.001448118227674533 1.6701130741308075e-08 3.1671623703821247e-10
0.0015167168884709225 1.9306235442049706e-08 3.726467224164062e-10
0.0015885651294280528 2.154890449307157e-08 4.078219760637505e-10
0.001663816886076129 2.5172536437300136e-08 4.847948132244492e-10
0.0017426333860096508 2.9958172534718464e-08 5.727514117775531e-10
0.0018251834943190425 3.26986621667963e-08 6.305131146818778e-10
0.0019116440753857017 3.732203218647143e-08 7.164898349942197e-10
0.0020022003718155844 4.34529051112578e-08 8.371964490705871e-10
0.002097046401323233 5.027364795114154e-08 9.566249429486137e-10
0.002196385372416547 5.5954129545848245e-08 1.0821325509365856e-09
0.002300430119772917 6.565380226009999e-08 1.2362505753421332e-09
0.0024094035602395245 7.407075531994502e-08 1.4227097288016084e-09
0.0025235391704347657 8.786496104427229e-08 1.6862565233451127e-09
0.0026430814869741054 1.0401017156566732e-07 1.97767651759268e-09
0.0027682866303920667 1.1647224509359843e-07 2.2321474423364723e-09
0.002899422853882875 1.3128470422180612e-07 2.4459930119716567e-09
0.0030367711180354575 1.5005196664340557e-07 2.908602109874047e-09
0.0031806256927941192 1.7749604697112333e-07 3.3531138008478798e-09
0.0033312947879346735 2.0056874944991213e-07 3.7324396763609395e-09
0.0034891012134067737 2.3182014879205948e-07 4.4361344479953996e-09
0.0036543830709572546 2.658127545215797e-07 5.025563048637127e-09
0.003827494478516311 3.0507680499358344e-07 5.719004037417259e-09
0.004008806328898464 3.486840269626928e-07 6.690027173955301e-09
0.00419870708444391 3.97749267173666e-07 7.570556471203785e-09
0.004397603609302721 4.7535032520098434e-07 9.10689932604094e-09
0.004605922041145104 5.558438244067903e-07 1.0592978440946301e-08
0.004824108704165369 6.127400351163745e-07 1.1515733589245403e-08
0.00505263106533568 7.13996944553876e-07 1.3708513478215409e-08
0.005291978735958442 7.792296938917221e-07 1.4803554829898559e-08
0.005542664520663107 9.12566075941919e-07 1.743719531493975e-08
0.005805225516094896 1.0670146014810904e-06 2.0556458088483112e-08
0.006080224261649427 1.206877746127523e-06 2.3039702922118802e-08
0.006368249944718587 1.359234278354942e-06 2.5773001397114197e-08
0.006669919663030122 1.6228129410855344e-06 3.057700969103867e-08
0.0069858797467852495 1.860962817190924e-06 3.5190733610285907e-08
0.007316807143427192 2.0635354296940053e-06 3.905207676333379e-08
0.007663410868007463 2.4387501212671407e-06 4.6137364715819777e-08
0.008026433522257174 2.8034010712146414e-06 5.327424745673939e-08
0.008406652885618326 3.1802872729355147e-06 5.974760446746934e-08
0.008804883581643464 3.6599489188822277e-06 6.828951811155798e-08
0.009221978823334321 4.322653499374236e-06 8.102859724372427e-08
0.009658832241158708 4.721255320494301e-06 8.955762559824283e-08
0.01011637979766207 5.646210757840634e-06 1.0642245962498425e-07
0.010595601792776159 6.331979125901621e-06 1.1940790927495078e-07
0.011097524964120722 7.339005287187275e-06 1.3906090042139184e-07
0.011623224686798524 8.48343287751228e-06 1.5799932330941117e-07
0.012173827277396614 9.725965942672309e-06 1.8305812256444877e-07
0.012750512407130135 1.0931272950667847e-05 2.0395559974139653e-07
0.013354515629298987 1.2541140386109973e-05 2.315873262837122e-07
0.013987131026472387 1.4424319522678664e-05 2.680004479530111e-07
0.014649713983072856 1.6675016468178657e-05 3.1202225333777184e-07
0.015343684089300124 1.9236661592810287e-05 3.63101099779316e-07
0.01607052818261639 2.2346223125007507e-05 4.1523302340754286e-07
0.016831803533309566 2.4964170033866805e-05 4.627820742902425e-07
0.01762914118095948 2.8324377561098822e-05 5.300798191569254e-07
0.018464249428955436 3.2119062196822476e-05 5.964383588688314e-07
0.01933891750455231 3.744667444064686e-05 7.009472875047565e-07
0.020255019392306676 4.1671306524638294e-05 7.851389807433273e-07
0.021214517849106298 4.9885928245049335e-05 9.131408933867786e-07
0.02221946860939524 5.653023680600027e-05 1.0505768729380537e-06
0.023272024789604086 6.39163161265556e-05 1.1812937383562163e-06
0.024374441501222206 7.384801793010766e-05 1.3613652985470477e-06
0.025529080682395178 8.231939196053483e-05 1.4994654352544617e-06
0.026738416158399468 9.320820840249122e-05 1.7078238815858468e-06
0.02800503894183631 0.00010621437418124268 1.952745788556053e-06
0.02933166278390044 0.00012725232649820158 2.329894476686593e-06
0.030721129988617576 0.00014917991845895355 2.7224124248902326e-06
0.03217641750250737 0.00016262395417949974 3.0206720062147657e-06
0.03370064329271928 0.00018883835859740902 3.430314472486213e-06
0.0352970730273065 0.0002156694520234212 3.972065465408768e-06
0.036969127071950283 0.00024618991012907357 4.5256359314551255e-06
0.03872038781812555 0.0002801431302058058 4.993507587040575e-06
0.040554607358408296 0.0003229354053864554 5.843541702551574e-06
0.04247571552536898 0.00035008033477557424 6.4580543072667565e-06
0.04448782831127585 0.00040637523186881896 7.360039984969402e-06
0.046595256686646824 0.0004685210638887039 8.498010284782228e-06
0.04880251583654431 0.0005282777311087006 9.519983530449949e-06
0.051114334834401684 0.0006197394689144378 1.1088719454008572e-05
0.053535666774107246 0.0006933118372097289 1.2567779117728096e-05
0.05607169938205458 0.0007957471448162296 1.415648081228229e-05
0.05872786613189483 0.0008886443312009657 1.5935311072862357e-05
0.061509857885805014 0.0009978819642839716 1.793654685038867e-05
0.06442363508721373 0.0011723110684699258 2.068276427918992e-05
0.06747544053110693 0.0013414109840906635 2.3359941428005886e-05
0.07067181273927492 0.0014955128593848097 2.5981373831521237e-05
0.07401959996915644 0.0016879240645270607 2.9419963765392695e-05
0.0775259748862946 0.0019171482602497825 3.345664567107415e-05
0.08119844993184012 0.0021535557536953645 3.7599608409626374e-05
0.08504489341802678 0.002466088758858759 4.3284990015178264e-05
0.0890735463861044 0.0027820100464232725 4.832689724220426e-05
0.09329304026284686 0.003191510719372022 5.3895758306806004e-05
0.09771241535346496 0.0035287963619543682 6.025793195927009e-05
0.10234114021054527 0.004044683427977486 6.893813443440122e-05
0.10718913192051276 0.004493604892298287 7.640565602295403e-05
0.11226677735108136 0.004818315378713122 8.191903051748435e-05
0.1175849554052157 0.00577782566644375 9.90060910030217e-05
0.12315506032928261 0.006512292454934193 0.00010950890247221765
0.1289890261253308 0.007079381493173091 0.00011960706621584659
0.13509935211980265 0.00815571040193699 0.0001354645341760727
0.1414991297434576 0.00917597949589449 0.00015120895837262448
0.14820207057988585 0.010196624018960987 0.00016597779251760443
0.1552225357427048 0.011399263480220394 0.0001860995104271152
0.1625755666443795 0.01255852874262774 0.00020349718823755675
0.17027691722258995 0.014456445455768525 0.00022981089019472948
0.17834308769319093 0.01612006339616108 0.00025285593603494136
0.1867913599020783 0.017964663224290415 0.0002818515155247779
0.19563983435170648 0.02032526485957653 0.0003128470256954193
0.20490746898158482 0.022130638171155893 0.00034223195404791264
0.21461411978584036 0.025340226522411562 0.0003836215875118937
0.22478058335487253 0.02638874097166355 0.00040583364322196834
0.2354286414322418 0.030560487344011233 0.00046075535570334647
0.2465811075822604 0.033412390962376984 0.00048742307195771167
0.2582618760682677 0.036588695177898284 0.0005387328850902536
0.27049597304631345 0.04008052699932616 0.0005937691748028748
0.2833096101839324 0.04542028495365088 0.0006535833355004441
0.29673024081888694 0.04985829285721279 0.0007083271832453378
0.3107866187782014 0.05464995257142449 0.0007701145727312396
0.325508859983506 0.05947404056609812 0.0008273974343183789
0.3409285069746811 0.06540871289500108 0.0008918637209360506
0.35707859649004625 0.07212709174684769 0.0009748243406244365
0.3739937302478798 0.07737456644472215 0.0010409924929296386
0.39171014908092605 0.08344032177167533 0.0011090366592753664
0.41026581058271944 0.09146536467658825 0.0011877622863878184
0.4297004704320839 0.10085860105152701 0.0012761408867319331
0.4500557675700497 0.11005737563073963 0.0013826629117470004
0.4713753134116724 0.12028894937728742 0.0014728306013179742
0.4937047852839004 0.12809438717472413 0.0015735501927433481
0.517092024289676 0.13914194136221816 0.001674694260067887
0.5415871378079471 0.14875575751239561 0.0017658953128611822
0.5672426068491978 0.15918796504882793 0.0018437811569344826
0.5941133984965034 0.16870185087789477 0.001941130473056401
0.6222570836730231 0.1805850830177693 0.0020337196099606044
0.6517339604882427 0.19165574277036782 0.0021430674184065527
0.6826071834272386 0.2070292292982767 0.002244713968205884
0.7149428986597577 0.2212557473863927 0.0023425398471806015
0.7488103857590023 0.23483969716808561 0.0024318840432576536
0.7842822061337682 0.2464101883127115 0.0025027524681803426
0.821434358491943 0.264855857766517 0.002627942770105349
0.8603464416684501 0.27760844674478297 0.0027109589570434404
0.9011018251665018 0.2962759371842673 0.002812481282656782
0.9437878277775381 0.30407323902474176 0.0028803270904021816
0.9884959046625587 0.3200741951847591 0.002956274346064606
1.0353218432956626 0.33690365266965955 0.003022587612525185
1.0843659686896108 0.3532956093302934 0.00311008353424094
1.135733358343105 0.36862522347055876 0.0031586470596827398
1.1895340673703196 0.386013818883889 0.003251107100090679
1.2458833642950082 0.4043392990150206 0.0033200977766327856
1.3049019780144029 0.4159544322260801 0.0033739651787448688
1.3667163564620073 0.4367619219779266 0.0034271877800350946
1.4314589375234785 0.4566320625368964 0.0034692136412565306
1.4992684327860455 0.46284804374774285 0.0035064215230249185
1.5702901247293775 0.47979341641400813 0.003546923402600673
1.6446761779946644 0.49321233858590974 0.003580281070888015
1.7225859653987874 0.5130623953933293 0.0035731260839526814
1.8041864093920719 0.5241020046615643 0.0036153990784859326
1.8896523396912097 0.5411343132011732 0.0036274258266966453
1.9791668678535574 0.5581396733725386 0.00365182098118555
2.072921779595372 0.5778731358436573 0.003666377640272337
2.171117945694505 0.5822287380125529 0.003676438579622021
2.2739657523579275 0.5990421835499106 0.0036620494496598225
2.381685551976158 0.6107701453223046 0.0037010459932223013
2.4945081352303164 0.6284968870586934 0.0036342134406666814
2.612675225563329 0.6331170586607029 0.0036800109774837416
2.736439997074672 0.6464754574805265 0.0036360140666100286
2.8660676169482504 0.6634891480150878 0.003630649811306385
3.001835813575589 0.6715826062147776 0.003639660593663375
3.1440354715915 0.6833642937206464 0.003605191263567523
3.2929712550971515 0.7037830638756807 0.0035444824042981616
3.44896226040576 0.7091374289837833 0.00352716409972267
3.6123426997094303 0.7218349942077567 0.003489932037442765
3.7834626171319288 0.727300581488966 0.003521443430626665
3.9626886387014784 0.7350504683382755 0.0034839734916076196
4.150404757850477 0.7502596766868724 0.003416597478618711
4.347013158125026 0.7613194122339533 0.0033858788553412238
4.552935074866948 0.7638952650954147 0.0033609891242282314
4.768611697714469 0.7699672516594166 0.003344145488024292
4.99450511585514 0.7830079683695327 0.0032755891243554155
5.2310993080562636 0.7917966024610587 0.0032575930041807317
5.478901179593945 0.7973111376812702 0.003231707565220147
5.738441648302393 0.8051555128644924 0.003188148740477295
6.010276782070382 0.8101788012500085 0.0031746340811137845
6.294988990221888 0.817671844666056 0.0031173608100164146
6.593188271333548 0.8215181168141651 0.003101793297098756
6.905513520162331 0.8322431417054779 0.003025150319553279
7.2326338964835335 0.8396869244729033 0.002986993891086174
7.575250258771913 0.8445026324328632 0.002954680482873278
7.934096665797492 0.8535759041860347 0.0028762374765086045
8.309941949353396 0.8547027586800141 0.002893638488479027
8.703591361485167 0.8640825440566691 0.002794581793424477
9.115888299750829 0.8708727160343226 0.002730924450761063
9.547716114208056 0.8726104329453066 0.00271792058788629
10.0 0.8765787824280035 0.0026792408672499882
