0.01 4.8787270017965705e-06 2.8504896086476867e-07
0.011513953993264475 7.130338398040303e-06 4.2771418626368093e-07
0.013257113655901088 1.1573017603960011e-05 6.886640289524873e-07
0.015264179671752334 1.8443087730847868e-05 9.89115223675736e-07
0.017575106248547922 2.5993671525798083e-05 1.4767536955531755e-06
0.020235896477251575 4.006598913371474e-05 2.422685017449107e-06
0.023299518105153717 5.7120441471572625e-05 3.3413225378944643e-06
0.02682695795279726 9.685831657411123e-05 5.524339889398298e-06
0.030888435964774818 0.00012324885448648928 7.361874960135137e-06
0.03556480306223128 0.00020533621574559958 1.1940592702309755e-05
0.040949150623804255 0.0003160785972818039 1.8729363769639092e-05
0.04714866363457394 0.0004566773335520622 2.673696974332763e-05
0.054286754393238594 0.0005831172445518369 3.343492987558499e-05
0.06250551925273973 0.0009152590493546056 5.327772631632588e-05
0.07196856730011521 0.0015617367051889686 8.625497852644259e-05
0.08286427728546843 0.0022331162927497236 0.00011895199307712945
0.09540954763499938 0.0029344752057744983 0.0001626654212492232
0.10985411419875583 0.004259280896228526 0.00021679337523682133
0.12648552168552957 0.006594537020587497 0.00035373348583251003
0.14563484775012436 0.009371760980663297 0.0004990009360142933
0.16768329368110083 0.013110963310592656 0.0006647672674342915
0.19306977288832497 0.016968074072104707 0.0008842581754396285
0.22229964825261944 0.025212535583943714 0.001224311029618379
0.2559547922699536 0.035909525995272445 0.0016967960343888143
0.29470517025518095 0.04910128428666445 0.0021857634008791175
0.3393221771895328 0.06360879034593316 0.0027584473033230705
0.3906939937054617 0.07674860366448351 0.003247937558301234
0.44984326689694465 0.10465186924329456 0.004238732627862689
0.517947467923121 0.13097157976417523 0.005076692753080398
0.5963623316594643 0.16532654015249376 0.0061219559526651595
0.6866488450043002 0.20901762737631624 0.00710270329316147
0.7906043210907697 0.2620388062533067 0.008084856463532086
0.9102981779915218 0.274155294730742 0.008651887417601943
1.0481131341546852 0.3250152804104348 0.009488803725483646
1.2067926406393288 0.36841012163260695 0.010138288591641023
1.3894954943731375 0.43732507788564134 0.010856328068968317
1.5998587196060574 0.4885756533027262 0.011182203076894598
1.8420699693267164 0.5039245383337685 0.011585725744433879
2.1209508879201904 0.5534164090622071 0.011593287634705221
2.44205309454865 0.6062341099817932 0.011807249008755558
2.8117686979742307 0.6151184148339999 0.011785830731374302
3.2374575428176433 0.675433700050495 0.011541640504403252
3.727593720314938 0.6917409127599735 0.011490866329110175
4.291934260128778 0.7390908866441462 0.011154965225032197
4.941713361323833 0.75775580251768 0.010928196095822252
5.689866029018293 0.797524224896715 0.010213899898787406
6.551285568595509 0.8118320983258333 0.009818743830363899
7.543120063354615 0.8517971937863883 0.009043074737296208
8.68511373751352 0.861624004530097 0.00894868512424253
10.0 0.8684773493273731 0.00857597511539027
