0.01 6.404090964589003e-06 3.7413779585438163e-07
0.011513953993264475 1.000511585243874e-05 5.92586259306784e-07
0.013257113655901088 1.5073955944693907e-05 8.227663650194464e-07
0.015264179671752334 2.1954600294949037e-05 1.2068874264675638e-06
0.017575106248547922 3.362524557293943e-05 1.9870313406232095e-06
0.020235896477251575 4.99596638695383e-05 2.8174821337890358e-06
0.023299518105153717 7.55535879426384e-05 4.336180832516671e-06
0.02682695795279726 9.822176874850877e-05 5.7153596387233414e-06
0.030888435964774818 0.0001827633113214843 1.0684353272199901e-05
0.03556480306223128 0.0002628151825964254 1.4540546438636415e-05
0.040949150623804255 0.00037298922122716886 2.0885428233951247e-05
0.04714866363457394 0.000586423372527739 3.172486002557315e-05
0.054286754393238594 0.0007927686287585296 4.5430327569533324e-05
0.06250551925273973 0.001215989311025739 6.919273999333577e-05
0.07196856730011521 0.001986801096132652 0.00010526309577168348
0.08286427728546843 0.002521922435090694 0.00014028966682356865
0.09540954763499938 0.0037777212734321475 0.00020492359718839528
0.10985411419875583 0.005945039019114672 0.00030943307455136266
0.12648552168552957 0.007795894250224998 0.00039337073291117005
0.14563484775012436 0.011335868998956063 0.0005533102022676375
0.16768329368110083 0.016129941406569707 0.0007696548064600612
0.19306977288832497 0.02122881441615754 0.000996317041027221
0.22229964825261944 0.03067480728135441 0.001413053546014408
0.2559547922699536 0.041626336099731334 0.0018665601020830943
0.29470517025518095 0.052506861862434716 0.0023141327956914164
0.3393221771895328 0.0710416231776834 0.002940888812029223
0.3906939937054617 0.09458719739056934 0.003764620318429403
0.44984326689694465 0.13090739419279968 0.004883475387112275
0.517947467923121 0.1470796908071135 0.005231034084371204
0.5963623316594643 0.19192896870027135 0.0068824011598143595
0.6866488450043002 0.23321092393913978 0.007658215372677961
0.7906043210907697 0.27217259691568185 0.008441833690032692
0.9102981779915218 0.30677800282450846 0.008895872843956196
1.0481131341546852 0.3631405435542642 0.009983592576038095
1.2067926406393288 0.41338725511911484 0.010635626863558713
1.3894954943731375 0.46848913363129496 0.010811504139136273
1.5998587196060574 0.5137896171181439 0.011452971106910279
1.8420699693267164 0.5542254850338942 0.011166380707040109
2.1209508879201904 0.5750381265343897 0.011298996839362299
2.44205309454865 0.6594937067947494 0.01109330312502631
2.8117686979742307 0.6670522449333509 0.011504133346678436
3.2374575428176433 0.7220982285473622 0.010947436156229133
3.727593720314938 0.7558749215323334 0.010569587825419868
4.291934260128778 0.7760370842407704 0.010454023562212325
4.941713361323833 0.8003821197126137 0.010063105914287362
5.689866029018293 0.8067948077955297 0.010087845030615295
6.551285568595509 0.8334098611182987 0.009582821879377656
7.543120063354615 0.8539772279128922 0.009089593856491518
8.68511373751352 0.8707018454020703 0.008684781383097024
10.0 0.8935958654771805 0.00798086703454947
